6005.692400000002	0.44	0.6	1
6009.705800000002	0.33	0.9	1
6014.792600000002	0.47	0.4	1
6020.686100000002	0.47	0.3	1
6028.719600000001	0.4	0.8	1
6037.559800000001	0.49	0.3	1
6047.473400000001	0.5	0.4	1
6058.193700000001	0.44	0.3	1
6069.720700000001	0.61	0.3	1
6082.587700000001	0.48	0.5	1
6096.261400000001	0.55	0.3	1
6111.541800000001	0.43	0.6	1
6129.495600000001	0.32	1.0	1
6149.856100000001	0.45	0.9	1
6171.290000000001	0.47	0.4	1
6194.330600000001	0.43	0.6	1
6219.777900000001	0.35	0.9	1
6246.031900000001	0.57	0.3	1
6273.092600000001	0.57	0.3	1
6302.560000000001	0.35	0.9	1
6334.700800000001	0.33	1.0	1
6367.3816000000015	0.53	0.2	1
6402.469100000001	0.35	0.9	1
6437.830000000001	0.51	0.1	1
6475.864300000001	0.31	1.0	1
6514.972000000001	0.45	0.4	1
6556.219700000001	0.39	0.8	1
6598.0074	0.36	0.2	1
6640.8685000000005	0.38	0.4	1
6686.403	0.35	1.0	1
6733.8109	0.36	0.7	1
6783.6255	0.37	0.9	1
6835.8468	0.38	0.9	1
6889.674800000001	0.32	0.6	1
6945.6428000000005	0.4	0.8	1
7002.9508000000005	0.55	0.5	1
7061.598800000001	0.56	0.5	1
7121.053500000001	0.5	0.3	1
7182.1149000000005	0.36	0.6	1
7245.5830000000005	0.33	0.9	1
7309.591100000001	0.64	0.2	1
7374.672600000001	0.39	0.4	1
7441.3608	0.46	0.6	1
7510.189	0.39	0.8	1
7581.6906	0.3	1.0	1
7654.2656	0.36	0.4	1
7728.4473	0.32	0.6	1
7804.2357	0.44	0.6	1
7881.8975	0.39	0.7	1
7961.6993	0.43	0.8	1
8043.9078	0.39	0.9	1
8126.6563	0.6	0.2	1
8210.4782	0.5	0.4	1
8296.7068	0.34	0.9	1
8385.0754	0.34	0.8	1
8475.583999999999	0.34	0.8	1
8567.432599999998	0.37	0.5	1
8660.354599999999	0.56	0.4	1
8754.083299999998	0.57	0.3	1
8850.218699999998	0.4	0.9	1
8947.694099999997	0.42	0.5	1
9047.309499999998	0.32	0.8	1
9149.064899999998	0.47	0.8	1
9251.626999999997	0.58	0.3	1
9356.595799999997	0.35	0.9	1
9463.971299999997	0.32	0.9	1
9574.020199999997	0.37	1.0	1
9685.142499999998	0.44	0.4	1
9798.938199999999	0.33	1.0	1
9914.3406	0.39	0.6	1
10030.5497	0.56	0.3	1
10149.1655	0.32	0.9	1
10270.454699999998	0.32	1.0	1
10392.817299999999	0.4	0.4	1
10515.986599999998	0.59	0.3	1
10639.962599999999	0.51	0.3	1
10765.811999999998	0.4	0.7	1
10894.068099999999	0.31	0.9	1
11024.464199999999	0.37	0.8	1
11157.266999999998	0.37	0.9	1
11291.143199999999	0.45	0.4	1
11425.826099999998	0.51	0.3	1
11562.648999999998	0.35	0.8	1
11702.145299999998	0.31	1.0	1
11842.714999999998	0.37	0.4	1
11985.424699999998	0.4	0.8	1
12130.541099999999	0.41	0.9	1
12277.530899999998	0.4	0.7	1
12427.194099999999	0.31	1.0	1
12579.264	0.34	0.9	1
12732.407299999999	0.5	0.4	1
12887.157299999999	0.33	0.6	1
13043.7807	0.4	0.7	1
13202.8108	0.32	0.9	1
13363.1809	0.41	0.5	1
13526.2244	0.35	1.0	1
13690.0746	0.53	0.3	1
13854.7315	0.52	0.3	1
14021.5284	0.36	0.8	1
14190.9987	0.31	1.0	1
14363.1424	0.34	1.0	1
14537.6928	0.36	0.9	1
14713.3166	0.4	0.4	1
14890.5471	0.41	0.6	1
15069.3843	0.44	0.6	1
15249.028199999999	0.43	0.3	1
15431.3455	0.32	1.0	1
15614.2028	0.42	0.2	1
15797.8668	0.52	0.3	1
15983.9375	0.37	0.9	1
16171.3482	0.48	0.5	1
16361.4323	0.32	1.0	1
16553.3898	0.3	0.7	1
16748.0207	0.3	1.0	1
16944.525	0.47	0.7	1
17141.836000000003	0.48	0.3	1
17339.953700000002	0.55	0.3	1
17539.6781	0.31	0.6	1
17741.5425	0.35	0.8	1
17944.2136	0.81	0.3	1
18149.5581	0.37	1.0	1
18357.309299999997	0.38	0.9	1
18565.600499999997	0.57	0.2	1
18776.031699999996	0.43	0.8	1
18987.802899999995	0.59	0.5	1
19200.914099999995	0.43	0.5	1
19415.898699999994	0.34	0.7	1
19632.756699999994	0.38	0.7	1
19850.421399999996	0.48	0.3	1
20070.226099999996	0.39	0.8	1
20291.904199999997	0.49	0.7	1
20515.189	0.5	0.6	1
20739.280499999997	0.49	0.3	1
20964.711999999996	0.35	0.5	1
21192.816899999994	0.38	1.0	1
21423.328499999996	0.34	0.9	1
21655.713499999994	0.39	0.7	1
21889.705199999993	0.36	0.6	1
22125.036899999992	0.51	0.5	1
22361.17529999999	0.56	0.3	1
22598.387099999993	0.47	0.4	1
22836.138899999994	0.68	0.2	1
23076.297399999996	0.38	0.9	1
23318.862599999997	0.33	0.9	1
23563.834499999997	0.32	0.9	1
23811.479799999997	0.3	1.0	1
24061.531799999997	0.36	0.9	1
24313.990499999996	0.38	0.9	1
24568.322599999996	0.41	0.7	1
24823.994699999996	0.39	0.5	1
25080.206799999996	0.56	0.2	1
25337.225599999998	0.52	0.3	1
25595.051099999997	0.48	0.3	1
25855.016599999995	0.39	0.8	1
26115.788799999995	0.53	0.3	1
26378.967699999994	0.33	0.9	1
26643.219999999994	0.41	0.4	1
26908.812299999994	0.39	0.5	1
27175.477999999996	0.35	0.4	1
27444.550399999996	0.32	0.9	1
27716.029499999997	0.38	0.9	1
27989.915299999997	0.32	0.9	1
28264.607799999998	0.55	0.3	1
28541.707	0.34	0.9	1
28819.8796	0.5	0.4	1
29099.9256	0.39	0.7	1
29381.045	0.42	0.4	1
29664.304399999997	0.42	0.8	1
29948.370499999997	0.55	0.3	1
30234.309999999998	0.38	0.7	1
30520.7895	0.58	0.2	1
30809.6757	0.33	0.9	1
31099.368599999998	0.69	0.3	1
31390.401499999996	0.5	0.5	1
31682.241099999996	0.42	0.3	1
31975.154099999996	0.44	0.4	1
32270.473799999996	0.36	0.9	1
32567.933499999996	0.41	0.8	1
32867.7999	0.37	0.9	1
33170.3397	0.34	1.0	1
33473.6862	0.48	0.3	1
33778.3727	0.39	0.5	1
34084.3992	0.35	0.5	1
34393.0991	0.34	1.0	1
34702.8724	0.42	0.4	1
35015.3191	0.32	1.0	1
35329.1058	0.27	0.5	1
35643.1659	0.59	0.1	1
35959.6327	0.37	0.9	1
36277.9729	0.38	0.7	1
36598.4531	0.35	0.8	1
36919.74	0.49	0.3	1
37242.1003	0.41	0.4	1
37565.534	0.37	0.4	1
37889.7744	0.45	0.3	1
38216.421500000004	0.32	0.9	1
38545.475300000006	0.32	0.9	1
38876.93580000001	0.32	0.9	1
39208.93630000001	0.42	0.2	1
39543.61020000001	0.32	1.0	1
39879.09080000001	0.55	0.3	1
40216.978100000015	0.31	0.9	1
40557.53880000002	0.32	1.0	1
40898.90620000002	0.5	0.3	1
41241.347000000016	0.49	0.4	1
41585.66120000002	0.37	0.7	1
41932.38210000002	0.33	0.9	1
42280.976400000014	0.35	0.7	1
42632.24410000001	0.28	1.0	1
42985.38520000001	0.41	0.7	1
43340.13300000001	0.41	0.6	1
43695.95420000001	0.46	0.4	1
44052.58210000001	0.51	0.3	1
44411.08340000001	0.4	0.7	1
44771.99140000001	0.35	0.9	1
45133.70610000001	0.51	0.3	1
45496.49420000001	0.43	0.4	1
45860.88900000001	0.5	0.6	1
46227.42380000001	0.43	0.8	1
46596.36530000001	0.38	0.9	1
46967.98020000001	0.34	1.0	1
47341.73510000001	0.35	0.8	1
47717.89670000001	0.36	0.9	1
48094.59830000001	0.49	0.2	1
48473.70660000001	0.28	0.9	1
48854.95490000001	0.37	0.8	1
49237.00990000001	0.47	0.3	1
49619.87160000001	0.53	0.3	1
50003.540000000015	0.5	0.3	1
50389.88180000002	0.33	1.0	1
50777.03030000002	0.52	0.3	1
51166.05220000002	0.37	0.7	1
51557.48080000002	0.36	0.9	1
51951.31610000002	0.38	0.9	1
52346.75810000002	0.46	0.6	1
52744.34010000002	0.37	0.8	1
53143.79550000002	0.38	0.7	1
53545.39090000002	0.35	0.8	1
53949.12630000002	0.34	0.8	1
54354.73510000002	0.4	0.7	1
54761.95060000002	0.45	0.6	1
55171.306100000016	0.39	0.8	1
55583.335000000014	0.34	1.0	1
55998.03730000001	0.32	1.0	1
56415.14630000001	0.38	0.9	1
56834.12870000001	0.4	0.7	1
57254.18450000001	0.45	0.4	1
57676.38030000001	0.41	0.8	1
58100.98280000001	0.34	0.9	1
58527.72530000001	0.34	0.8	1
58955.80780000001	0.42	0.5	1
59384.43030000001	0.59	0.2	1
59814.65950000001	0.43	0.6	1
60247.29540000001	0.36	0.9	1
60680.47130000001	0.85	0.2	1
61115.25390000001	0.48	0.6	1
61551.10990000001	0.47	0.4	1
61987.77260000001	0.64	0.3	1
62425.24200000001	0.4	0.3	1
62864.31810000001	0.48	0.6	1
63305.267600000014	0.28	0.7	1
63748.357100000016	0.4	0.8	1
64193.85330000002	0.35	0.9	1
64640.15620000002	0.45	0.3	1
65087.26580000002	0.46	0.3	1
65535.18210000002	0.57	0.3	1
65985.77180000002	0.33	1.0	1
66437.43490000002	0.44	0.4	1
66890.97140000002	0.4	0.7	1
67345.84790000002	0.44	0.5	1
67802.06440000002	0.56	0.5	1
68259.35430000002	0.47	0.4	1
68717.18420000002	0.63	0.2	1
69176.88750000001	0.45	0.7	1
69636.86420000001	0.55	0.1	1
70097.9143	0.42	0.4	1
70559.7711	0.45	0.3	1
71023.76789999999	0.32	0.8	1
71488.57139999999	0.48	0.3	1
71955.24829999999	0.28	0.7	1
72424.0652	0.39	0.8	1
72894.48879999999	0.43	0.6	1
73366.51909999999	0.42	0.6	1
73841.22279999999	0.3	1.0	1
74316.73319999999	0.51	0.3	1
74794.6503	0.38	0.9	1
75273.1074	0.67	0.2	1
75754.2379	0.31	1.0	1
76237.24179999999	0.36	0.7	1
76721.3191	0.45	0.4	1
77207.2698	0.41	0.7	1
77695.62719999999	0.36	0.9	1
78185.59129999999	0.56	0.6	1
78677.42879999998	0.46	0.7	1
79170.60629999998	0.55	0.5	1
79666.45719999999	0.34	1.0	1
80163.1148	0.49	0.3	1
80661.6458	0.32	0.7	1
81162.5835	0.37	0.9	1
81666.19459999999	0.35	1.0	1
82170.87909999999	0.55	0.4	1
82678.237	0.32	1.0	1
83187.2016	0.43	0.6	1
83698.8396	0.36	1.0	1
84212.8843	0.36	0.9	1
84727.46900000001	0.76	0.2	1
85243.12710000001	0.5	0.4	1
85759.8586	0.4	0.4	1
86277.3968	0.53	0.3	1
86797.6084	0.27	1.0	1
87319.16	0.43	0.5	1
87843.1183	0.36	0.9	1
88369.4833	0.34	0.9	1
88897.98830000001	0.36	0.8	1
89427.83330000001	0.44	0.5	1
89960.35170000001	0.28	1.0	1
90495.01010000001	0.34	0.8	1
91031.80850000001	0.46	0.8	1
91569.94690000001	0.31	0.5	1
92109.15870000001	0.44	0.4	1
92650.51050000002	0.38	0.8	1
93194.53570000002	0.28	1.0	1
93740.43430000002	0.42	0.7	1
94289.00630000002	0.29	1.0	1
94839.18500000003	0.57	0.6	1
95391.77040000002	0.43	0.9	1
95947.02920000002	0.36	1.0	1
96503.62800000003	0.38	0.5	1
97061.30020000003	0.36	0.4	1
97620.04580000002	0.42	0.4	1
98180.93140000002	0.4	0.8	1
98743.15700000002	0.35	0.5	1
99307.78930000002	0.32	0.9	1
99874.82830000002	0.34	0.9	1
100443.47400000002	0.47	0.6	1
101014.25970000001	0.36	0.8	1
101586.38540000001	0.45	0.5	1
102159.58450000001	0.47	0.4	1
102733.59030000001	0.46	0.3	1
103308.40280000001	0.47	0.3	1
103885.35530000001	0.41	0.8	1
104464.98120000001	0.35	1.0	1
105046.74710000001	0.36	0.8	1
105629.58640000001	0.49	0.4	1
106213.49910000002	0.48	0.4	1
106797.95180000001	0.64	0.2	1
107383.47790000001	0.39	0.4	1
107969.81070000002	0.54	0.3	1
108558.01690000002	0.38	0.7	1
109148.36310000002	0.36	0.8	1
109739.51600000002	0.55	0.3	1
110332.00890000002	0.36	0.5	1
110925.04180000002	0.55	0.2	1
111519.41470000002	0.5	0.5	1
112115.12760000002	0.32	0.5	1
112712.44720000002	0.41	0.6	1
113310.57350000003	0.48	0.3	1
113909.50650000003	0.49	0.3	1
114509.24620000004	0.53	0.3	1
115110.32590000004	0.48	0.5	1
115712.47900000004	0.71	0.4	1
116317.30550000003	0.3	1.0	1
116922.93870000003	0.51	0.3	1
117529.64530000003	0.4	0.4	1
118137.15860000004	0.51	0.3	1
118746.54530000004	0.44	0.7	1
119358.07200000004	0.41	0.8	1
119970.67210000004	0.49	0.4	1
120584.34560000004	0.47	0.4	1
121199.09250000004	0.38	0.4	1
121816.51280000004	0.34	1.0	1
122435.80650000004	0.37	0.7	1
123056.97360000004	0.39	0.7	1
123678.68070000004	0.51	0.2	1
124302.79450000005	0.35	0.9	1
124927.71500000004	0.56	0.3	1
125553.44220000003	0.54	0.3	1
126179.97610000003	0.55	0.3	1
126807.58340000003	0.39	0.4	1
127437.06410000003	0.42	0.7	1
128067.35150000003	0.54	0.3	1
128698.44560000004	0.58	0.3	1
129331.94640000003	0.4	0.9	1
129966.25390000003	0.47	0.3	1
130602.70140000002	0.41	0.8	1
131241.0223	0.39	0.7	1
131880.41660000003	0.43	0.4	1
132521.68430000002	0.4	0.7	1
133165.09200000003	0.35	0.8	1
133809.83970000004	0.41	0.5	1
134455.39410000003	0.71	0.3	1
135101.48850000004	0.56	0.2	1
135749.98960000003	0.39	0.9	1
136400.63070000004	0.28	0.8	1
137053.67850000004	0.34	0.9	1
137708.06630000003	0.49	0.5	1
138365.12750000003	0.32	1.0	1
139022.99540000004	0.48	0.3	1
139682.73670000004	0.41	0.7	1
140343.55140000003	0.44	0.4	1
141007.0395	0.35	1.0	1
141672.66760000002	0.34	0.8	1
142339.3691	0.37	0.4	1
143008.4773	0.32	0.9	1
143678.3922	0.54	0.3	1
144349.3805	0.48	0.4	1
145021.4422	0.41	0.4	1
145695.6439	0.38	0.8	1
146372.2523	0.4	0.9	1
147051.5341	0.36	1.0	1
147732.15589999998	0.34	0.5	1
148414.11769999997	0.35	0.5	1
149098.21949999998	0.39	0.8	1
149783.66129999998	0.56	0.5	1
150471.77649999998	0.31	1.0	1
151160.69839999996	0.52	0.3	1
151852.02699999997	0.33	0.9	1
152545.76229999997	0.36	0.9	1
153240.83759999997	0.49	0.5	1
153937.51959999997	0.33	0.6	1
154635.00829999996	0.49	0.3	1
155334.90369999997	0.36	0.9	1
156037.20579999997	0.37	0.9	1
156741.38129999998	0.42	0.7	1
157447.16349999997	0.44	0.6	1
158155.35239999997	0.38	0.9	1
158865.148	0.46	0.6	1
159577.08359999998	0.32	0.8	1
160291.1592	0.37	0.8	1
161007.6415	0.35	0.9	1
161725.1972	0.54	0.4	1
162445.15959999998	0.38	0.9	1
163167.79539999997	0.27	1.0	1
163893.10459999996	0.32	1.0	1
164618.68719999996	0.74	0.1	1
165346.94319999995	0.34	1.0	1
166076.80589999995	0.42	0.6	1
166808.80859999996	0.35	0.8	1
167541.88469999997	0.44	0.4	1
168277.36749999996	0.34	0.9	1
169014.72369999997	0.4	0.7	1
169753.95329999996	0.39	0.7	1
170495.85629999996	0.34	1.0	1
171240.16599999997	0.34	0.9	1
171986.61569999997	0.39	0.8	1
172733.87209999998	0.48	0.3	1
173483.53519999998	0.4	0.9	1
174235.33829999997	0.43	0.8	1
174989.54809999999	0.36	0.9	1
175746.1646	0.35	0.9	1
176503.58779999998	0.58	0.3	1
177262.35099999997	0.48	0.5	1
178022.72089999996	0.33	0.6	1
178784.16419999997	0.43	0.4	1
179546.14749999996	0.6	0.2	1
180308.93749999997	0.52	0.3	1
181073.86749999996	0.32	0.8	1
181840.13749999995	0.49	0.5	1
182608.01419999995	0.42	0.6	1
183378.56429999994	0.33	1.0	1
184149.92109999995	0.55	0.3	1
184922.61789999995	0.46	0.5	1
185697.45469999994	0.38	0.8	1
186473.89819999994	0.27	0.6	1
187251.41509999993	0.41	0.4	1
188030.53869999992	0.37	0.6	1
188809.9356999999	0.6	0.1	1
189591.7393999999	0.31	0.9	1
190375.4164999999	0.38	0.7	1
191161.7669999999	0.31	1.0	1
191949.1908999999	0.43	0.4	1
192737.4214999999	0.34	0.3	1
193528.32549999992	0.35	1.0	1
194320.03619999991	0.46	0.3	1
195112.8202999999	0.44	0.4	1
195907.2110999999	0.41	0.6	1
196704.2752999999	0.34	1.0	1
197503.4794999999	0.43	0.8	1
198305.0903999999	0.41	0.9	1
199107.7746999999	0.44	0.4	1
199912.0656999999	0.32	0.6	1
200718.2300999999	0.32	0.7	1
201527.0678999999	0.34	1.0	1
202338.3123999999	0.32	0.9	1
203151.1635999999	0.48	0.6	1
203965.8881999999	0.42	0.7	1
204781.4194999999	0.51	0.3	1
205599.0907999999	0.37	0.8	1
206417.8354999999	0.46	0.4	1
207238.1868999999	0.39	0.6	1
208060.6782999999	0.4	0.8	1
208883.97639999993	0.5	0.3	1
209709.68119999993	0.37	0.9	1
210536.72599999994	0.37	0.5	1
211364.57749999993	0.53	0.3	1
212193.50239999994	0.43	0.4	1
213023.50069999995	0.48	0.4	1
213855.63899999994	0.36	0.8	1
214689.65069999994	0.31	0.7	1
215525.80239999993	0.44	0.8	1
216362.76079999993	0.55	0.3	1
217202.12589999993	0.36	0.9	1
218043.63099999994	0.34	0.8	1
218887.27609999993	0.4	0.8	1
219731.99459999992	0.43	0.4	1
220579.11979999993	0.37	0.9	1
221428.91839999994	0.34	1.0	1
222281.12369999994	0.38	0.9	1
223135.46899999992	0.43	0.8	1
223992.22099999993	0.33	0.9	1
224851.11299999992	0.36	0.8	1
225712.14499999993	0.41	0.8	1
226575.31699999992	0.42	0.8	1
227440.62899999993	0.37	0.8	1
228306.74769999992	0.55	0.3	1
229175.27309999993	0.37	0.9	1
230044.87189999994	0.49	0.4	1
230915.27739999993	0.51	0.3	1
231788.08959999992	0.42	0.9	1
232662.77519999992	0.36	0.7	1
233538.5341999999	0.4	0.4	1
234416.9665999999	0.33	1.0	1
235297.0056999999	0.42	0.6	1
236177.8514999999	0.54	0.3	1
237061.1039999999	0.35	0.9	1
237947.0298999999	0.28	1.0	1
238835.6291999999	0.33	1.0	1
239726.9018999999	0.3	1.0	1
240620.5812999999	0.41	0.9	1
241516.9340999999	0.35	1.0	1
242415.9602999999	0.3	1.0	1
243317.3931999999	0.35	0.9	1
244220.4327999999	0.47	0.6	1
245125.6123999999	0.37	0.8	1
246031.5986999999	0.52	0.3	1
246940.25839999988	0.35	1.0	1
247849.72479999988	0.54	0.3	1
248760.53119999988	0.35	0.5	1
249672.14429999987	0.55	0.3	1
250584.56409999987	0.68	0.3	1
251498.59059999988	0.27	0.6	1
252413.69049999988	0.4	0.4	1
253330.6637999999	0.38	0.7	1
254248.9770999999	0.36	0.5	1
255168.6303999999	0.49	0.5	1
256089.0903999999	0.37	0.3	1
257011.4237999999	0.41	0.7	1
257936.1638999999	0.34	0.9	1
258861.7106999999	0.5	0.3	1
259788.0641999999	0.51	0.3	1
260716.55769999992	0.38	0.8	1
261646.39119999993	0.34	0.5	1
262578.6313999999	0.33	0.9	1
263513.2782999999	0.34	0.9	1
264449.2651999999	0.46	0.5	1
265386.0587999999	0.62	0.3	1
266324.9923999999	0.36	0.8	1
267264.7326999999	0.49	0.3	1
268205.81299999985	0.41	0.5	1
269149.03329999984	0.38	0.8	1
270093.3269999998	0.44	0.4	1
271037.8940999998	0.84	0.1	1
271984.6011999998	0.39	0.8	1
272932.9149999998	0.47	0.6	1
273882.3021999998	0.33	0.4	1
274832.4960999998	0.48	0.3	1
275785.0966999998	0.37	0.9	1
276739.83729999984	0.37	0.8	1
277695.65129999985	0.47	0.4	1
278652.2719999999	0.45	0.3	1
279610.49939999986	0.43	0.6	1
280570.86679999984	0.39	0.8	1
281532.3075999998	0.46	0.4	1
282494.5550999998	0.57	0.3	1
283459.2092999998	0.28	0.9	1
284426.0034999998	0.33	0.8	1
285394.93769999983	0.39	0.8	1
286365.2118999998	0.49	0.5	1
287337.8927999998	0.33	0.9	1
288311.9136999998	0.57	0.5	1
289288.3412999998	0.31	0.9	1
290267.1755999998	0.41	0.9	1
291247.08329999977	0.45	0.4	1
292229.39769999974	0.36	0.9	1
293212.5187999997	0.54	0.3	1
294197.5132999997	0.42	0.7	1
295184.9144999997	0.34	0.9	1
296174.9890999997	0.34	1.0	1
297165.6036999997	0.67	0.2	1
298157.2916999997	0.46	0.4	1
299150.3196999997	0.4	0.5	1
300143.88769999973	0.54	0.2	1
301139.86239999975	0.33	0.9	1
302136.6437999997	0.61	0.3	1
303134.2318999997	0.59	0.3	1
304134.49339999974	0.34	1.0	1
305136.8948999997	0.35	0.8	1
306141.70309999975	0.37	0.9	1
307147.31799999974	0.54	0.3	1
308155.3395999997	0.42	0.9	1
309163.90119999973	0.66	0.2	1
310175.1361999997	0.36	1.0	1
311187.1778999997	0.53	0.3	1
312201.6262999997	0.35	0.9	1
313218.2146999997	0.34	0.8	1
314237.2097999997	0.33	0.9	1
315258.6115999997	0.34	0.9	1
316282.4200999997	0.35	0.9	1
317308.3685999997	0.37	0.8	1
318335.3904999997	0.44	0.4	1
319364.5523999997	0.35	0.8	1
320394.5209999997	0.51	0.3	1
321425.2962999997	0.51	0.3	1
322458.2115999997	0.39	0.8	1
323493.2668999997	0.36	0.8	1
324530.1955999997	0.32	0.7	1
325569.2642999997	0.36	0.8	1
326609.4063999997	0.49	0.4	1
327651.6884999997	0.38	0.8	1
328695.3105999997	0.56	0.5	1
329740.53939999966	0.35	0.6	1
330786.3081999997	0.64	0.2	1
331834.75039999967	0.38	1.0	1
332883.9992999997	0.48	0.3	1
333934.0548999997	0.49	0.3	1
334985.4504999997	0.5	0.5	1
336039.5194999997	0.34	1.0	1
337095.9951999997	0.34	0.9	1
338154.3442999997	0.46	0.7	1
339213.7667999997	0.49	0.4	1
340275.3292999997	0.33	0.8	1
341339.2984999997	0.34	0.9	1
342405.4076999997	0.41	0.8	1
343472.85689999966	0.37	0.5	1
344542.1794999997	0.39	0.7	1
345613.3754999997	0.41	0.7	1
346685.64489999966	0.4	0.4	1
347758.4542999997	0.6	0.2	1
348833.4036999997	0.44	0.8	1
349909.6930999997	0.33	0.5	1
350988.3891999997	0.36	0.9	1
352068.1586999997	0.55	0.4	1
353148.7348999997	0.47	0.3	1
354231.9844999997	0.31	1.0	1
355317.1074999997	0.33	0.7	1
356404.9038999997	0.34	1.0	1
357495.10699999967	0.32	0.9	1
358586.38349999965	0.46	0.4	1
359679.53339999967	0.4	0.7	1
360773.48999999964	0.53	0.3	1
361869.85329999967	0.4	0.9	1
362968.6232999997	0.36	0.9	1
364068.19999999966	0.55	0.3	1
365170.45009999967	0.33	1.0	1
366273.5068999997	0.5	0.3	1
367378.9703999997	0.36	0.9	1
368486.5738999997	0.37	0.8	1
369595.25079999975	0.5	0.4	1
370705.80109999975	0.36	0.7	1
371819.0247999997	0.31	1.0	1
372934.3884999997	0.39	0.8	1
374050.8255999997	0.44	0.4	1
375169.66939999966	0.37	0.9	1
376291.18659999967	0.36	1.0	1
377414.8437999997	0.33	0.8	1
378540.64099999965	0.45	0.8	1
379668.31159999967	0.39	0.7	1
380798.38889999967	0.45	0.9	1
381930.33959999966	0.38	0.7	1
383063.36369999964	0.46	0.4	1
384198.52779999963	0.37	0.8	1
385335.5652999996	0.44	0.7	1
386474.7427999996	0.43	0.8	1
387616.3269999996	0.35	0.9	1
388760.5845999996	0.35	1.0	1
389905.6488999996	0.3	0.3	1
391052.58659999963	0.37	0.7	1
392201.3976999996	0.39	0.7	1
393351.2821999996	0.41	0.4	1
394501.9733999996	0.49	0.3	1
395653.7379999996	0.46	0.4	1
396808.1759999996	0.31	1.0	1
397965.02069999964	0.32	0.9	1
399124.53879999963	0.31	1.0	1
400284.86359999963	0.57	0.3	1
401446.26179999963	0.38	0.4	1
402608.7333999996	0.41	0.4	1
403772.54499999963	0.4	0.5	1
404938.76329999964	0.3	0.9	1
406107.38829999964	0.35	0.9	1
407278.6866999997	0.33	1.0	1
408451.0584999997	0.4	0.4	1
409625.5702999997	0.35	0.8	1
410800.88879999967	0.48	0.3	1
411977.81399999966	0.44	0.6	1
413156.61259999964	0.41	0.7	1
414336.4845999996	0.48	0.4	1
415517.1632999996	0.62	0.3	1
416700.5153999996	0.33	1.0	1
417885.2074999996	0.44	0.5	1
419071.2395999996	0.46	0.5	1
420259.41169999965	0.4	0.8	1
421449.45719999966	0.42	0.7	1
422641.6426999997	0.38	0.8	1
423835.16819999967	0.36	0.5	1
425030.83369999967	0.39	0.8	1
426227.57259999966	0.42	0.4	1
427426.71819999965	0.34	0.9	1
428627.20379999967	0.54	0.5	1
429828.49609999964	0.44	0.3	1
431031.9283999996	0.37	0.8	1
432237.7673999996	0.36	0.9	1
433445.4797999996	0.32	0.7	1
434654.26559999964	0.41	0.4	1
435864.65809999965	0.47	0.6	1
437076.12399999966	0.47	0.4	1
438289.1965999997	0.32	0.6	1
439503.07589999965	0.54	0.3	1
440718.82859999966	0.39	0.7	1
441936.1879999997	0.31	0.6	1
443156.22079999966	0.31	1.0	1
444377.5935999997	0.36	0.5	1
445601.3730999997	0.42	0.9	1
446826.2259999997	0.46	0.4	1
448053.7522999997	0.32	1.0	1
449282.0852999997	0.67	0.3	1
450511.2249999997	0.62	0.3	1
451742.7713999997	0.33	0.9	1
452976.19119999965	0.4	0.7	1
454212.0176999997	0.35	0.9	1
455448.3841999997	0.61	0.2	1
456686.62409999967	0.41	0.7	1
457927.27069999964	0.35	0.9	1
459170.3239999997	0.34	0.9	1
460414.18399999966	0.5	0.3	1
461659.38399999967	0.49	0.5	1
462906.1906999997	0.51	0.6	1
464155.4040999997	0.36	0.9	1
465406.7574999997	0.36	0.8	1
466658.9175999997	0.65	0.3	1
467913.2176999997	0.26	0.8	1
469169.1244999997	0.46	0.6	1
470427.4379999997	0.34	0.9	1
471688.15819999966	0.33	0.9	1
472951.01839999965	0.37	0.8	1
474214.95199999964	0.46	0.4	1
475479.69229999965	0.48	0.3	1
476746.83929999964	0.39	0.9	1
478015.05969999963	0.58	0.4	1
479284.3534999996	0.46	0.4	1
480556.32069999963	0.36	1.0	1
481829.6278999996	0.49	0.5	1
483105.0750999996	0.34	0.8	1
484381.5956999996	0.43	0.4	1
485659.7229999996	0.35	0.6	1
486939.4569999996	0.48	0.6	1
488219.9976999996	0.6	0.3	1
489502.6783999996	0.38	0.8	1
490787.4990999996	0.39	0.8	1
492074.9931999996	0.31	1.0	1
493363.29399999965	0.56	0.3	1
494654.26819999964	0.34	1.0	1
495947.1157999996	0.36	0.7	1
497241.0367999996	0.62	0.4	1
498537.6311999996	0.35	1.0	1
499836.0989999996	0.32	0.7	1
501136.17349999957	0.47	0.6	1
502438.1213999996	0.39	0.7	1
503742.4759999996	0.36	0.9	1
505049.5039999996	0.33	1.0	1
506358.6719999996	0.43	0.8	1
507670.2466999996	0.34	0.9	1
508984.49479999964	0.3	1.0	1
510301.41629999963	0.33	1.0	1
511620.2111999996	0.37	0.7	1
512941.6794999996	0.27	1.0	1
514263.6877999996	0.43	0.2	1
515587.56949999963	0.38	0.7	1
516914.12459999963	0.37	1.0	1
518242.81969999964	0.36	0.8	1
519573.65479999967	0.42	0.8	1
520905.5632999997	0.37	0.4	1
522238.27849999967	0.53	0.3	1
523572.8670999997	0.43	0.7	1
524909.0623999997	0.41	0.6	1
526246.3310999997	0.44	0.4	1
527584.9397999997	0.48	0.5	1
528925.9551999997	0.35	0.9	1
530267.7772999997	0.46	0.3	1
531611.2060999997	0.35	0.6	1
532957.3082999997	0.32	1.0	1
534304.7504999997	0.36	0.5	1
535654.8660999998	0.33	1.0	1
537006.3216999997	0.31	0.5	1
538359.3839999997	0.31	0.6	1
539715.1196999997	0.32	1.0	1
541071.6620999997	0.53	0.3	1
542429.0111999997	0.54	0.3	1
543788.2336999997	0.38	0.7	1
545149.8628999997	0.34	0.9	1
546512.5654999997	0.46	0.4	1
547877.6747999997	0.34	0.9	1
549243.3240999997	0.55	0.2	1
550611.6467999998	0.31	1.0	1
551981.8428999997	0.4	0.7	1
553353.9123999997	0.4	0.7	1
554728.1218999997	0.39	0.8	1
556103.4047999997	0.37	0.4	1
557480.2943999997	0.38	0.6	1
558859.3239999997	0.4	0.8	1
560239.1602999996	0.49	0.3	1
561621.6699999997	0.32	1.0	1
563006.5863999997	0.35	0.9	1
564392.8427999996	0.41	0.5	1
565779.9058999997	0.53	0.3	1
567167.7756999996	0.5	0.3	1
568556.7188999996	0.44	0.4	1
569947.8020999996	0.37	0.8	1
571339.9586999996	0.43	0.4	1
572733.1886999996	0.51	0.4	1
574127.2253999996	0.62	0.3	1
575523.6687999996	0.39	0.9	1
576921.1855999996	0.51	0.4	1
578320.8423999996	0.42	0.8	1
579722.6391999996	0.34	0.8	1
581124.9759999997	0.5	0.2	1
582528.3861999997	0.54	0.4	1
583934.2030999997	0.31	0.9	1
585342.4266999997	0.37	0.9	1
586751.1902999997	0.55	0.2	1
588162.6272999997	0.42	1.0	1
589576.2042999998	0.4	0.8	1
590992.1879999997	0.42	0.9	1
592410.5783999998	0.32	0.9	1
593831.3754999997	0.35	0.9	1
595254.5792999998	0.37	0.9	1
596678.5897999997	0.56	0.3	1
598104.4736999997	0.34	0.7	1
599530.8975999998	0.65	0.2	1
600958.1281999998	0.72	0.3	1
602386.9654999998	0.33	0.6	1
603816.6094999998	0.52	0.3	1
605247.8601999998	0.46	0.6	1
606681.2508999998	0.4	0.8	1
608115.7149999997	0.51	0.4	1
609552.3190999997	0.42	0.8	1
610991.3298999998	0.37	0.9	1
612432.2140999998	0.41	0.7	1
613875.2382999997	0.27	0.8	1
615320.6691999998	0.31	0.9	1
616768.7734999998	0.32	1.0	1
618219.2844999998	0.38	0.9	1
619671.4021999998	0.4	0.6	1
621126.1932999998	0.34	1.0	1
622582.8577999998	0.51	0.7	1
624041.3956999998	0.45	0.7	1
625501.0069999998	0.4	0.4	1
626961.6916999997	0.46	0.4	1
628424.5163999997	0.41	0.8	1
629889.7477999998	0.33	0.9	1
631357.3858999998	0.35	0.9	1
632827.1639999998	0.38	0.8	1
634299.0820999998	0.45	0.8	1
635773.1401999998	0.38	0.8	1
637249.3382999998	0.4	0.8	1
638726.8763999998	0.49	0.5	1
640205.2211999998	0.5	0.3	1
641686.2393999998	0.27	1.0	1
643169.3975999998	0.4	0.8	1
644654.6957999998	0.26	0.8	1
646142.6673999998	0.33	1.0	1
647631.4456999998	0.55	0.3	1
649122.8973999998	0.33	1.0	1
650615.1557999998	0.54	0.3	1
652110.0875999999	0.34	1.0	1
653605.8260999998	0.5	0.3	1
655104.2379999998	0.29	1.0	1
656605.0565999998	0.38	0.9	1
658106.6818999997	0.44	0.3	1
659609.9138999997	0.3	0.6	1
661115.5525999997	0.37	0.9	1
662623.3312999997	0.32	0.8	1
664133.7833999997	0.34	1.0	1
665646.9088999997	0.34	1.0	1
667162.4410999997	0.36	0.9	1
668680.6466999997	0.33	1.0	1
670200.7256999997	0.47	0.7	1
671721.6113999997	0.45	0.3	1
673243.3037999998	0.65	0.3	1
674766.3361999998	0.38	0.5	1
676291.7752999997	0.37	0.9	1
677818.2877999997	0.38	0.4	1
679345.8736999996	0.45	0.4	1
680875.0662999996	0.36	0.6	1
682405.0655999996	0.54	0.3	1
683937.4715999996	0.37	0.9	1
685470.9509999995	0.54	0.4	1
687006.8370999995	0.32	0.9	1
688543.5298999995	0.57	0.3	1
690080.7626999995	0.57	0.2	1
691620.4021999995	0.32	0.9	1
693162.1816999995	0.4	0.8	1
694705.0345999995	0.39	0.4	1
696250.2941999995	0.4	0.9	1
697795.8271999996	0.55	0.1	1
699342.4335999996	0.4	0.4	1
700891.4466999996	0.36	0.9	1
702442.8664999997	0.34	0.9	1
703994.8262999996	0.57	0.2	1
705547.5927999996	0.56	0.3	1
707101.4326999997	0.37	0.4	1
708656.0792999996	0.49	0.3	1
710211.5325999997	0.54	0.3	1
711769.6592999997	0.3	1.0	1
713329.3926999997	0.34	0.6	1
714891.2660999998	0.38	0.8	1
716455.0128999997	0.44	0.7	1
718021.4330999998	0.31	1.0	1
719589.1932999998	0.51	0.5	1
721159.0934999998	0.37	0.8	1
722731.4003999998	0.35	0.9	1
724304.7806999998	0.42	0.4	1
725879.7676999997	0.45	0.6	1
727455.8280999997	0.53	0.4	1
729032.6951999997	0.67	0.3	1
730610.6356999998	0.45	0.4	1
732191.2495999997	0.34	1.0	1
733772.9368999997	0.41	0.4	1
735355.6975999997	0.45	0.4	1
736938.9982999997	0.62	0.2	1
738524.9723999997	0.33	1.0	1
740113.6198999997	0.3	1.0	1
741703.0740999997	0.48	0.3	1
743293.8682999997	0.38	0.5	1
744887.0691999998	0.38	0.9	1
746482.9434999998	0.32	1.0	1
748079.6244999998	0.52	0.3	1
749678.7121999998	0.35	0.9	1
751278.8732999999	0.48	0.4	1
752881.1743999999	0.43	0.8	1
754484.8154999999	0.4	0.5	1
756089.5299999999	0.4	0.4	1
757696.6512	0.37	0.9	1
759305.9123999999	0.34	0.8	1
760915.9802999999	0.5	0.3	1
762528.4548999999	0.36	0.9	1
764143.0694999999	0.32	0.8	1
765760.0907999999	0.34	0.9	1
767377.9187999999	0.42	0.3	1
768997.8867999999	0.38	0.8	1
770620.2614999999	0.34	0.9	1
772245.0428999999	0.34	0.9	1
773870.8976999999	0.47	0.4	1
775497.8258999998	0.47	0.4	1
777126.0940999999	0.33	0.5	1
778756.5022999998	0.35	0.8	1
780387.9838999999	0.37	0.4	1
782020.5388999999	0.41	0.4	1
783653.6338999999	0.64	0.2	1
785287.5356	0.42	0.3	1
786922.5107	0.43	0.4	1
788558.2925	0.54	0.3	1
790196.7477	0.32	1.0	1
791837.3428999999	0.35	0.8	1
793478.7448	0.5	0.3	1
795120.4201	0.58	0.1	1
796763.9688	0.41	0.7	1
798408.5909000001	0.45	0.4	1
800055.8864000001	0.33	1.0	1
801704.2553000001	0.45	0.4	1
803355.2976	0.32	1.0	1
805008.7466000001	0.32	0.9	1
806663.2690000001	0.42	0.4	1
808319.3981000001	0.48	0.6	1
809977.9339000001	0.35	0.9	1
811638.0764	0.4	0.6	1
813299.0256	0.5	0.3	1
814961.0482000001	0.54	0.4	1
816623.8775000001	0.52	0.3	1
818288.5802000001	0.32	0.7	1
819954.0896000001	0.55	0.3	1
821621.2057	0.35	0.6	1
823290.7285000001	0.36	0.9	1
824960.7913	0.66	0.2	1
826631.3941	0.56	0.2	1
828303.0703	0.51	0.4	1
829976.8865	0.38	0.8	1
831652.3094	0.38	0.6	1
833330.1390000001	0.24	0.9	1
835008.5086000001	0.46	0.2	1
836688.7516000001	0.42	0.7	1
838371.4013	0.39	0.9	1
840054.8577	0.46	0.3	1
841740.1875	0.41	0.7	1
843426.0573	0.75	0.2	1
845114.0671	0.37	0.8	1
846804.2169	0.35	0.8	1
848494.6401	0.7	0.1	1
850186.1366999999	0.5	0.4	1
851878.44	0.6	0.3	1
853571.8167	0.44	0.4	1
855265.7333999999	0.52	0.2	1
856960.1900999999	0.57	0.2	1
858657.0534999999	0.33	0.9	1
860355.2568999999	0.37	0.5	1
862054.2669999999	0.45	0.3	1
863755.9504999999	0.31	1.0	1
865458.9739999999	0.37	0.5	1
867163.3374999999	0.38	0.5	1
868868.5077	0.52	0.3	1
870575.0179	0.4	0.5	1
872284.2015	0.3	1.0	1
873995.7918	0.38	0.9	1
875709.2555	0.43	0.7	1
877423.7925999999	0.38	0.4	1
879139.4030999999	0.37	0.4	1
880857.1535999998	0.38	0.8	1
882575.9774999998	0.47	0.4	1
884297.2080999998	0.32	0.9	1
886019.2453999998	0.48	0.3	1
887742.8893999998	0.46	0.6	1
889468.1400999997	0.45	0.6	1
891194.1974999998	0.41	0.3	1
892921.3282999998	0.46	0.4	1
894649.7990999998	0.47	0.5	1
896380.4098999999	0.37	0.8	1
898113.4273999998	0.35	0.9	1
899848.8515999998	0.33	0.9	1
901586.4157999998	0.36	0.8	1
903324.7866999998	0.49	0.3	1
905065.0309999998	0.43	0.7	1
906806.0819999998	0.62	0.3	1
908549.2729999998	0.36	0.8	1
910293.8039999998	0.35	0.5	1
912040.7416999998	0.35	0.9	1
913788.7527999998	0.5	0.4	1
915538.6372999998	0.45	0.7	1
917290.9284999998	0.37	0.9	1
919045.6263999998	0.39	0.9	1
920802.4642999999	0.34	0.8	1
922560.9088999999	0.46	0.6	1
924322.0268999999	0.3	1.0	1
926085.0183	0.39	0.7	1
927849.0831	0.48	0.4	1
929613.9546	0.34	0.3	1
931381.2328	0.39	0.9	1
933149.5844	0.47	0.4	1
934920.3427	0.39	0.9	1
936691.6410000001	0.42	0.2	1
938465.346	0.35	0.9	1
940241.191	0.35	0.8	1
942017.8427	0.56	0.3	1
943795.5678000001	0.4	0.4	1
945575.9663000001	0.31	1.0	1
947358.5048000001	0.41	0.8	1
949141.5833	0.44	0.2	1
950927.0685	0.31	0.9	1
952714.4271000001	0.4	0.7	1
954504.4591000001	0.3	1.0	1
956296.3645000001	0.42	0.7	1
958090.6766000001	0.38	0.9	1
959885.5287000001	0.61	0.2	1
961681.4542000002	0.41	0.4	1
963478.7197000001	0.54	0.5	1
965278.6586000001	0.33	1.0	1
967081.2709000001	0.33	1.0	1
968886.0232000002	0.37	0.8	1
970691.8489000002	0.37	0.4	1
972498.7480000003	0.47	0.4	1
974306.4538000003	0.49	0.3	1
976116.2996000003	0.36	0.8	1
977927.7521000003	0.39	0.6	1
979740.2780000003	0.44	0.4	1
981554.9439000003	0.36	0.8	1
983370.6832000003	0.52	0.4	1
985188.5625000003	0.37	0.8	1
987007.5152000004	0.42	0.4	1
988829.1413000004	0.36	1.0	1
990651.8408000004	0.34	0.4	1
