6035.618699999999	0.29	1.1	1
6041.765399999999	0.33	1.2	1
6050.852099999999	0.29	1.1	1
6062.8787999999995	0.29	1.1	1
6078.3789	0.27	1.3	1
6096.8189999999995	0.33	1.1	1
6118.4658	0.34	1.2	1
6143.586	0.28	1.3	1
6171.6462	0.34	1.1	1
6203.7131	0.25	1.5	1
6238.72	0.3	1.1	1
6276.6669	0.31	1.1	1
6317.8205	0.27	1.2	1
6365.6475	0.22	2.5	1
6416.4145	0.31	1.1	1
6470.6548999999995	0.26	1.3	1
6527.8353	0.3	1.1	1
6587.9556999999995	0.33	1.1	1
6651.549499999999	0.3	1.3	1
6718.083299999999	0.32	1.1	1
6787.557099999999	0.31	1.1	1
6859.970899999999	0.31	1.1	1
6935.591399999999	0.29	1.2	1
7014.151899999999	0.3	1.1	1
7099.652399999999	0.18	2.6	1
7188.359599999999	0.3	1.2	1
7280.006799999999	0.3	1.1	1
7374.593999999999	0.32	1.1	1
7472.1212	0.33	1.1	1
7573.1218	0.29	1.3	1
7677.3291	0.31	1.2	1
7785.5431	0.28	1.5	1
7896.697099999999	0.32	1.1	1
8010.7910999999995	0.34	1.1	1
8127.825099999999	0.34	1.1	1
8251.799099999998	0.16	2.6	1
8378.713099999999	0.32	1.1	1
8509.100499999999	0.29	1.3	1
8642.427899999999	0.3	1.1	1
8778.962	0.31	1.2	1
8918.436099999999	0.32	1.1	1
9060.850199999999	0.32	1.1	1
9210.7377	0.19	2.8	1
9363.5652	0.3	1.1	1
9519.332699999999	0.35	1.1	1
9678.0402	0.32	1.1	1
9839.687699999999	0.3	1.1	1
10004.541899999998	0.28	1.2	1
10175.802799999998	0.19	2.4	1
10350.003699999997	0.32	1.1	1
10527.144599999998	0.35	1.1	1
10707.225499999999	0.33	1.1	1
10890.513099999998	0.3	1.2	1
11080.740699999998	0.17	2.6	1
11273.9083	0.35	1.1	1
11470.015899999999	0.31	1.1	1
11669.063499999998	0.27	1.1	1
11875.317799999999	0.2	2.7	1
12084.512099999998	0.28	1.1	1
12297.446399999999	0.33	1.4	1
12513.320699999998	0.33	1.1	1
12732.668399999999	0.27	1.3	1
12954.9561	0.3	1.1	1
13180.450499999999	0.31	1.2	1
13409.1516	0.28	1.2	1
13641.0594	0.32	1.2	1
13875.9072	0.34	1.1	1
14113.9617	0.29	1.2	1
14354.9562	0.33	1.1	1
14598.8907	0.32	1.1	1
14845.7652	0.31	1.1	1
15095.5797	0.33	1.1	1
15348.6009	0.31	1.2	1
15605.0955	0.26	1.3	1
15864.5301	0.33	1.1	1
16127.4381	0.27	1.3	1
16393.2861	0.3	1.1	1
16662.0741	0.35	1.1	1
16934.0688	0.32	1.2	1
17209.5369	0.29	1.3	1
17488.4784	0.27	1.3	1
17774.3599	0.18	2.6	1
18064.2481	0.25	1.5	1
18357.8763	0.27	1.4	1
18654.4445	0.31	1.1	1
18954.2194	0.28	1.2	1
19256.9343	0.31	1.1	1
19562.855900000002	0.3	1.2	1
19871.984200000003	0.31	1.2	1
20184.0525	0.33	1.1	1
20502.7942	0.18	2.5	1
20824.7426	0.3	1.2	1
21149.8977	0.3	1.2	1
21478.792800000003	0.3	1.4	1
21810.894600000003	0.28	1.2	1
22146.203100000002	0.28	1.2	1
22484.451600000004	0.38	1.1	1
22825.906800000004	0.23	1.2	1
23170.568700000003	0.27	1.2	1
23519.504000000004	0.26	1.6	1
23871.379300000004	0.29	1.1	1
24226.194600000003	0.32	1.1	1
24583.949900000003	0.34	1.1	1
24944.645200000003	0.33	1.1	1
25308.280500000004	0.31	1.1	1
25674.855800000005	0.28	1.1	1
26044.637800000004	0.31	1.2	1
26417.359800000006	0.33	1.1	1
26793.021800000006	0.34	1.1	1
27172.690500000004	0.29	1.5	1
27555.832600000005	0.24	1.3	1
27941.914700000005	0.27	1.1	1
28331.470200000003	0.28	1.3	1
28723.965700000004	0.32	1.1	1
29119.667900000004	0.29	1.2	1
29518.310100000002	0.37	1.1	1
29919.892300000003	0.32	1.1	1
30328.947900000003	0.2	2.8	1
30740.9435	0.34	1.1	1
31155.879100000002	0.33	1.1	1
31573.7547	0.3	1.1	1
31995.1037	0.27	1.3	1
32419.3927	0.3	1.1	1
32846.6217	0.3	1.1	1
33276.790700000005	0.32	1.1	1
33709.8997	0.35	1.1	1
34145.9487	0.3	1.1	1
34584.9377	0.32	1.1	1
35026.8667	0.33	1.1	1
35472.0024	0.27	1.2	1
35920.0781	0.31	1.1	1
36371.360499999995	0.32	1.2	1
36825.849599999994	0.36	1.2	1
37283.278699999995	0.3	1.1	1
37743.6478	0.31	1.1	1
38207.2236	0.3	1.2	1
38674.2728	0.3	1.3	1
39144.795399999995	0.24	1.3	1
39618.524699999994	0.29	1.2	1
40095.727399999996	0.24	1.3	1
40575.87009999999	0.3	1.1	1
41058.95279999999	0.31	1.1	1
41544.97549999999	0.3	1.1	1
42038.20489999999	0.18	2.7	1
42534.37429999999	0.31	1.1	1
43033.48369999999	0.32	1.1	1
43536.066499999986	0.27	1.3	1
44041.855999999985	0.3	1.2	1
44550.58549999999	0.29	1.1	1
45062.52169999998	0.3	1.2	1
45577.66459999998	0.32	1.2	1
46095.74749999998	0.29	1.1	1
46616.77039999999	0.33	1.1	1
47141.53329999999	0.3	1.4	1
47669.502899999985	0.33	1.2	1
48204.945899999984	0.19	2.8	1
48743.328899999986	0.32	1.1	1
49287.318599999984	0.13	2.1	1
49834.248299999985	0.34	1.1	1
50384.38469999999	0.28	1.2	1
50937.461099999986	0.31	1.1	1
51493.477499999986	0.31	1.1	1
52052.43389999999	0.33	1.1	1
52614.33029999999	0.3	1.1	1
53179.16669999999	0.33	1.1	1
53747.20979999999	0.3	1.2	1
54318.19289999999	0.35	1.1	1
54894.78269999999	0.15	2.1	1
55474.312499999985	0.3	1.1	1
56056.782299999984	0.29	1.1	1
56642.192099999986	0.35	1.1	1
57231.07529999998	0.28	1.3	1
57822.89849999998	0.35	1.1	1
58417.92839999998	0.29	1.2	1
59016.43169999998	0.27	1.3	1
59618.14169999998	0.31	1.2	1
60222.79169999998	0.35	1.1	1
60830.91509999998	0.29	1.3	1
61441.978499999976	0.34	1.1	1
62055.98189999998	0.29	1.1	1
62673.19199999997	0.31	1.2	1
63297.07549999998	0.17	2.5	1
63924.165699999976	0.3	1.2	1
64554.19589999998	0.29	1.1	1
65187.43279999998	0.28	1.2	1
65824.14309999999	0.28	1.3	1
66463.79339999998	0.28	1.1	1
67106.38369999998	0.3	1.1	1
67755.91399999998	0.21	2.6	1
68408.38429999998	0.31	1.1	1
69063.79459999998	0.3	1.1	1
69722.14489999998	0.29	1.1	1
70384.23519999998	0.25	1.4	1
71049.26549999998	0.34	1.1	1
71717.50249999997	0.34	1.2	1
72388.67949999997	0.29	1.1	1
73063.06319999998	0.32	1.2	1
73740.38689999997	0.33	1.1	1
74420.91729999997	0.28	1.2	1
75104.65439999997	0.31	1.2	1
