1729384	9000.0	0	500.0	0.9	0	18.0	18.9
1742054	10000.0	0	500.0	1.0	18.9	20.0	39.9
1728973	7000.0	0	500.0	0.7	39.9	14.0	54.6
1725922	8000.0	0	500.0	0.8	54.6	16.0	71.4
1767552	10000.0	0	500.0	1.0	71.4	20.0	92.4
1711557	7000.0	0	500.0	0.7	92.4	14.0	107.10000000000001
1824960	10000.0	0	500.0	1.0	107.1	20.0	128.1
1746664	12000.0	0	500.0	1.2	128.1	24.0	153.29999999999998
1682176	9000.0	0	500.0	0.9	153.3	18.0	172.20000000000002
1663684	8000.0	0	500.0	0.8	172.2	16.0	189.0
1689278	11000.0	0	500.0	1.1	189.0	22.0	212.1
1805683	11000.0	0	500.0	1.1	212.1	22.0	235.2
1755566	12000.0	0	500.0	1.2	235.2	24.0	260.4
1648684	8000.0	0	500.0	0.8	260.4	16.0	277.2
1648629	10000.0	0	500.0	1.0	277.2	20.0	298.2
1685839	7000.0	0	500.0	0.7	298.2	14.0	312.9
1765690	13000.0	0	500.0	1.3	312.9	26.0	340.2
1729296	10000.0	0	500.0	1.0	340.2	20.0	361.2
1725211	9000.0	0	500.0	0.9	361.2	18.0	380.09999999999997
1773834	9000.0	0	500.0	0.9	380.1	18.0	399.0
1686673	8000.0	0	500.0	0.8	399.0	16.0	415.8
1813546	9000.0	0	500.0	0.9	415.8	18.0	434.7
1710222	10000.0	0	500.0	1.0	434.7	20.0	455.7
1638496	11000.0	0	500.0	1.1	455.7	22.0	478.8
1835893	7000.0	0	500.0	0.7	478.8	14.0	493.5
1715817	12000.0	0	500.0	1.2	493.5	24.0	518.7
1765326	11000.0	0	500.0	1.1	518.7	22.0	541.8000000000001
1788752	9000.0	0	500.0	0.9	541.8	18.0	560.6999999999999
1670358	9000.0	0	500.0	0.9	560.7	18.0	579.6
1650061	8000.0	0	500.0	0.8	579.6	16.0	596.4
1667453	11000.0	0	500.0	1.1	596.4	22.0	619.5
1842863	8000.0	0	500.0	0.8	619.5	16.0	636.3
1788210	11000.0	0	500.0	1.1	636.3	22.0	659.4
1744454	8000.0	0	500.0	0.8	659.4	16.0	676.1999999999999
1797008	9000.0	0	500.0	0.9	676.2	18.0	695.1
1766277	9000.0	0	500.0	0.9	695.1	18.0	714.0
1744963	10000.0	0	500.0	1.0	714.0	20.0	735.0
1797973	8000.0	0	500.0	0.8	735.0	16.0	751.8
1667829	11000.0	0	500.0	1.1	751.8	22.0	774.9
1652345	7000.0	0	500.0	0.7	774.9	14.0	789.6
1798907	15000.0	0	500.0	1.5	789.6	30.0	821.1
1849509	10000.0	0	500.0	1.0	821.1	20.0	842.1
1714269	8000.0	0	500.0	0.8	842.1	16.0	858.9
1731478	12000.0	0	500.0	1.2	858.9	24.0	884.1
1680306	12000.0	0	500.0	1.2	884.1	24.0	909.3000000000001
1700963	13000.0	0	500.0	1.3	909.3	26.0	936.5999999999999
1739570	9000.0	0	500.0	0.9	936.6	18.0	955.5
1655490	10000.0	0	500.0	1.0	955.5	20.0	976.5
1692338	8000.0	0	500.0	0.8	976.5	16.0	993.3
1738843	9000.0	0	500.0	0.9	993.3	18.0	1012.1999999999999
1772549	9000.0	0	500.0	0.9	1012.2	18.0	1031.1
1821180	9000.0	0	500.0	0.9	1031.1	18.0	1050.0
1783672	9000.0	0	500.0	0.9	1050.0	18.0	1068.9
1774735	8000.0	0	500.0	0.8	1068.9	16.0	1085.7
1798983	9000.0	0	500.0	0.9	1085.7	18.0	1104.6000000000001
1784081	10000.0	0	500.0	1.0	1104.6	20.0	1125.6
1759988	9000.0	0	500.0	0.9	1125.6	18.0	1144.5
1844490	9000.0	0	500.0	0.9	1144.5	18.0	1163.4
1658382	11000.0	0	500.0	1.1	1163.4	22.0	1186.5
1782741	9000.0	0	500.0	0.9	1186.5	18.0	1205.4
1640994	11000.0	1	500.0	1.1	0	22.0	23.1
1798513	11000.0	1	500.0	1.1	23.1	22.0	46.2
1796552	9000.0	1	500.0	0.9	46.2	18.0	65.1
1730071	12000.0	1	500.0	1.2	65.1	24.0	90.3
1683372	10000.0	1	500.0	1.0	90.3	20.0	111.3
1736271	12000.0	1	500.0	1.2	111.3	24.0	136.5
1843570	8000.0	1	500.0	0.8	136.5	16.0	153.3
1683649	12000.0	1	500.0	1.2	153.3	24.0	178.5
1666511	11000.0	1	500.0	1.1	178.5	22.0	201.6
1756016	9000.0	1	500.0	0.9	201.6	18.0	220.5
1714714	12000.0	1	500.0	1.2	220.5	24.0	245.7
1712222	11000.0	1	500.0	1.1	245.7	22.0	268.79999999999995
1805270	11000.0	1	500.0	1.1	268.8	22.0	291.90000000000003
1681973	12000.0	1	500.0	1.2	291.9	24.0	317.09999999999997
1805471	9000.0	1	500.0	0.9	317.1	18.0	336.0
1637631	9000.0	1	500.0	0.9	336.0	18.0	354.9
1815724	7000.0	1	500.0	0.7	354.9	14.0	369.59999999999997
1651330	6000.0	1	500.0	0.6	369.6	12.0	382.20000000000005
1754959	12000.0	1	500.0	1.2	382.2	24.0	407.4
1703017	11000.0	1	500.0	1.1	407.4	22.0	430.5
1642192	11000.0	1	500.0	1.1	430.5	22.0	453.6
1659239	12000.0	1	500.0	1.2	453.6	24.0	478.8
1841458	11000.0	1	500.0	1.1	478.8	22.0	501.90000000000003
1688410	10000.0	1	500.0	1.0	501.9	20.0	522.9
1695688	8000.0	1	500.0	0.8	522.9	16.0	539.6999999999999
1684705	12000.0	1	500.0	1.2	539.7	24.0	564.9000000000001
1660220	11000.0	1	500.0	1.1	564.9	22.0	588.0
1794731	11000.0	1	500.0	1.1	588.0	22.0	611.1
1680110	11000.0	1	500.0	1.1	611.1	22.0	634.2
1820915	11000.0	1	500.0	1.1	634.2	22.0	657.3000000000001
1737645	9000.0	1	500.0	0.9	657.3	18.0	676.1999999999999
1646766	10000.0	1	500.0	1.0	676.2	20.0	697.2
1693395	14000.0	1	500.0	1.4	697.2	28.0	726.6
1828203	8000.0	1	500.0	0.8	726.6	16.0	743.4
1834308	9000.0	1	500.0	0.9	743.4	18.0	762.3
1794559	8000.0	1	500.0	0.8	762.3	16.0	779.0999999999999
1827546	15000.0	1	500.0	1.5	779.1	30.0	810.6
1750408	10000.0	1	500.0	1.0	810.6	20.0	831.6
1759053	8000.0	1	500.0	0.8	831.6	16.0	848.4
1713218	9000.0	1	500.0	0.9	848.4	18.0	867.3
1783935	10000.0	1	500.0	1.0	867.3	20.0	888.3
1760252	9000.0	1	500.0	0.9	888.3	18.0	907.1999999999999
1844087	12000.0	1	500.0	1.2	907.2	24.0	932.4000000000001
1750110	10000.0	1	500.0	1.0	932.4	20.0	953.4
1728560	7000.0	1	500.0	0.7	953.4	14.0	968.1
1739263	10000.0	1	500.0	1.0	968.1	20.0	989.1
1772088	8000.0	1	500.0	0.8	989.1	16.0	1005.9
1690594	10000.0	1	500.0	1.0	1005.9	20.0	1026.9
1737209	10000.0	1	500.0	1.0	1026.9	20.0	1047.9
1662967	7000.0	1	500.0	0.7	1047.9	14.0	1062.6000000000001
1665828	11000.0	1	500.0	1.1	1062.6	22.0	1085.6999999999998
1639295	12000.0	1	500.0	1.2	1085.7	24.0	1110.9
1647751	9000.0	1	500.0	0.9	1110.9	18.0	1129.8000000000002
1769489	15000.0	1	500.0	1.5	1129.8	30.0	1161.3
1690881	10000.0	1	500.0	1.0	1161.3	20.0	1182.3
1647831	8000.0	1	500.0	0.8	1182.3	16.0	1199.1
1828406	8000.0	1	500.0	0.8	1199.1	16.0	1215.8999999999999
1649177	10000.0	2	1000.0	1.0	0	10.0	11.0
1768033	10000.0	2	1000.0	1.0	11.0	10.0	22.0
1824856	6000.0	2	1000.0	0.6	22.0	6.0	28.6
1733473	9000.0	2	1000.0	0.9	28.6	9.0	38.5
1688965	12000.0	2	1000.0	1.2	38.5	12.0	51.7
1656674	9000.0	2	1000.0	0.9	51.7	9.0	61.6
1649641	10000.0	2	1000.0	1.0	61.6	10.0	72.6
1688801	12000.0	2	1000.0	1.2	72.6	12.0	85.8
1774429	5000.0	2	1000.0	0.5	85.8	5.0	91.3
1690116	10000.0	2	1000.0	1.0	91.3	10.0	102.3
1736802	11000.0	2	1000.0	1.1	102.3	11.0	114.39999999999999
1834872	11000.0	2	1000.0	1.1	114.4	11.0	126.5
1647978	10000.0	2	1000.0	1.0	126.5	10.0	137.5
1802680	8000.0	2	1000.0	0.8	137.5	8.0	146.3
1805714	8000.0	2	1000.0	0.8	146.3	8.0	155.10000000000002
1732969	7000.0	2	1000.0	0.7	155.1	7.0	162.79999999999998
1762632	11000.0	2	1000.0	1.1	162.8	11.0	174.9
1732949	10000.0	2	1000.0	1.0	174.9	10.0	185.9
1752629	10000.0	2	1000.0	1.0	185.9	10.0	196.9
1764301	7000.0	2	1000.0	0.7	196.9	7.0	204.6
1657953	13000.0	2	1000.0	1.3	204.6	13.0	218.9
1754057	11000.0	2	1000.0	1.1	218.9	11.0	231.0
1829794	11000.0	2	1000.0	1.1	231.0	11.0	243.1
1813414	9000.0	2	1000.0	0.9	243.1	9.0	253.0
1800580	11000.0	2	1000.0	1.1	253.0	11.0	265.1
1765949	11000.0	2	1000.0	1.1	265.1	11.0	277.20000000000005
1697140	9000.0	2	1000.0	0.9	277.2	9.0	287.09999999999997
1797711	9000.0	2	1000.0	0.9	287.1	9.0	297.0
1669201	11000.0	2	1000.0	1.1	297.0	11.0	309.1
1825874	10000.0	2	1000.0	1.0	309.1	10.0	320.1
1725114	10000.0	2	1000.0	1.0	320.1	10.0	331.1
1807445	9000.0	2	1000.0	0.9	331.1	9.0	341.0
1638356	9000.0	2	1000.0	0.9	341.0	9.0	350.9
1657770	10000.0	2	1000.0	1.0	350.9	10.0	361.9
1725034	9000.0	2	1000.0	0.9	361.9	9.0	371.79999999999995
1742983	9000.0	2	1000.0	0.9	371.8	9.0	381.7
1653558	18000.0	2	1000.0	1.8	381.7	18.0	401.5
1777266	10000.0	2	1000.0	1.0	401.5	10.0	412.5
1751558	10000.0	2	1000.0	1.0	412.5	10.0	423.5
1670893	8000.0	2	1000.0	0.8	423.5	8.0	432.3
1763309	10000.0	2	1000.0	1.0	432.3	10.0	443.3
1650423	11000.0	2	1000.0	1.1	443.3	11.0	455.40000000000003
1847243	10000.0	2	1000.0	1.0	455.4	10.0	466.4
1766545	11000.0	2	1000.0	1.1	466.4	11.0	478.5
1844841	12000.0	2	1000.0	1.2	478.5	12.0	491.7
1704293	8000.0	2	1000.0	0.8	491.7	8.0	500.5
1786490	11000.0	2	1000.0	1.1	500.5	11.0	512.6
1760509	7000.0	2	1000.0	0.7	512.6	7.0	520.3000000000001
1827251	11000.0	2	1000.0	1.1	520.3	11.0	532.4
1850459	8000.0	2	1000.0	0.8	532.4	8.0	541.1999999999999
1812141	7000.0	2	1000.0	0.7	541.2	7.0	548.9000000000001
1691495	12000.0	2	1000.0	1.2	548.9	12.0	562.1
1749232	8000.0	2	1000.0	0.8	562.1	8.0	570.9
1643653	9000.0	2	1000.0	0.9	570.9	9.0	580.8
1665997	7000.0	2	1000.0	0.7	580.8	7.0	588.5
1816793	10000.0	2	1000.0	1.0	588.5	10.0	599.5
1691328	10000.0	2	1000.0	1.0	599.5	10.0	610.5
1760279	8000.0	2	1000.0	0.8	610.5	8.0	619.3
1723672	10000.0	2	1000.0	1.0	619.3	10.0	630.3
1783773	10000.0	2	1000.0	1.0	630.3	10.0	641.3
1783391	10000.0	2	1000.0	1.0	641.3	10.0	652.3
1777915	9000.0	2	1000.0	0.9	652.3	9.0	662.1999999999999
1726887	9000.0	2	1000.0	0.9	662.2	9.0	672.1
1673853	9000.0	2	1000.0	0.9	672.1	9.0	682.0
1700102	10000.0	2	1000.0	1.0	682.0	10.0	693.0
1731888	9000.0	2	1000.0	0.9	693.0	9.0	702.9
1843944	7000.0	2	1000.0	0.7	702.9	7.0	710.6
1778907	12000.0	2	1000.0	1.2	710.6	12.0	723.8000000000001
1693706	8000.0	2	1000.0	0.8	723.8	8.0	732.5999999999999
1736367	9000.0	3	1000.0	0.9	0	9.0	9.9
1711293	11000.0	3	1000.0	1.1	9.9	11.0	22.0
1741206	11000.0	3	1000.0	1.1	22.0	11.0	34.1
1762059	11000.0	3	1000.0	1.1	34.1	11.0	46.2
1799674	10000.0	3	1000.0	1.0	46.2	10.0	57.2
1845579	10000.0	3	1000.0	1.0	57.2	10.0	68.2
1682922	9000.0	3	1000.0	0.9	68.2	9.0	78.10000000000001
1798737	8000.0	3	1000.0	0.8	78.1	8.0	86.89999999999999
1818087	12000.0	3	1000.0	1.2	86.9	12.0	100.10000000000001
1682570	11000.0	3	1000.0	1.1	100.1	11.0	112.19999999999999
1682574	10000.0	3	1000.0	1.0	112.2	10.0	123.2
1698145	9000.0	3	1000.0	0.9	123.2	9.0	133.10000000000002
1638212	10000.0	3	1000.0	1.0	133.1	10.0	144.1
1668709	12000.0	3	1000.0	1.2	144.1	12.0	157.29999999999998
1704487	11000.0	3	1000.0	1.1	157.3	11.0	169.4
1651413	11000.0	3	1000.0	1.1	169.4	11.0	181.5
1825618	7000.0	3	1000.0	0.7	181.5	7.0	189.2
1686580	8000.0	3	1000.0	0.8	189.2	8.0	198.0
1838891	11000.0	3	1000.0	1.1	198.0	11.0	210.1
1850048	9000.0	3	1000.0	0.9	210.1	9.0	220.0
1843447	9000.0	3	1000.0	0.9	220.0	9.0	229.9
1683974	5000.0	3	1000.0	0.5	229.9	5.0	235.4
1733675	11000.0	3	1000.0	1.1	235.4	11.0	247.5
1695463	10000.0	3	1000.0	1.0	247.5	10.0	258.5
1735742	13000.0	3	1000.0	1.3	258.5	13.0	272.8
1653089	6000.0	3	1000.0	0.6	272.8	6.0	279.40000000000003
1744748	7000.0	3	1000.0	0.7	279.4	7.0	287.09999999999997
1734020	12000.0	3	1000.0	1.2	287.1	12.0	300.3
1830733	9000.0	3	1000.0	0.9	300.3	9.0	310.2
1837199	10000.0	3	1000.0	1.0	310.2	10.0	321.2
1776424	10000.0	3	1000.0	1.0	321.2	10.0	332.2
1827322	11000.0	3	1000.0	1.1	332.2	11.0	344.3
1640260	11000.0	3	1000.0	1.1	344.3	11.0	356.40000000000003
1790271	26000.0	3	1000.0	2.6	356.4	26.0	385.0
1760885	12000.0	3	1000.0	1.2	385.0	12.0	398.2
1714274	9000.0	3	1000.0	0.9	398.2	9.0	408.09999999999997
1659638	9000.0	3	1000.0	0.9	408.1	9.0	418.0
1693502	8000.0	3	1000.0	0.8	418.0	8.0	426.8
1822745	8000.0	3	1000.0	0.8	426.8	8.0	435.6
1776531	9000.0	3	1000.0	0.9	435.6	9.0	445.5
1665428	13000.0	3	1000.0	1.3	445.5	13.0	459.8
1644399	8000.0	3	1000.0	0.8	459.8	8.0	468.6
1738635	8000.0	3	1000.0	0.8	468.6	8.0	477.40000000000003
1713494	9000.0	3	1000.0	0.9	477.4	9.0	487.29999999999995
1799176	12000.0	3	1000.0	1.2	487.3	12.0	500.5
1771666	9000.0	3	1000.0	0.9	500.5	9.0	510.4
1661021	12000.0	3	1000.0	1.2	510.4	12.0	523.5999999999999
1728226	9000.0	3	1000.0	0.9	523.6	9.0	533.5
1643038	12000.0	3	1000.0	1.2	533.5	12.0	546.7
1779320	11000.0	3	1000.0	1.1	546.7	11.0	558.8000000000001
1770315	12000.0	3	1000.0	1.2	558.8	12.0	572.0
1658325	8000.0	3	1000.0	0.8	572.0	8.0	580.8
1647373	7000.0	3	1000.0	0.7	580.8	7.0	588.5
1707067	9000.0	3	1000.0	0.9	588.5	9.0	598.4
1810174	12000.0	3	1000.0	1.2	598.4	12.0	611.6
1699822	12000.0	3	1000.0	1.2	611.6	12.0	624.8000000000001
1839963	11000.0	3	1000.0	1.1	624.8	11.0	636.9
1850722	11000.0	3	1000.0	1.1	636.9	11.0	649.0
1647777	5000.0	3	1000.0	0.5	649.0	5.0	654.5
1815923	7000.0	3	1000.0	0.7	654.5	7.0	662.2
1689057	12000.0	4	4000.0	1.2038	0	3.0	4.2038
1698576	16000.0	4	4000.0	1.6038	4.2038	4.0	9.8076
1711657	9000.0	4	4000.0	0.9038	9.8076	2.25	12.961400000000001
1733482	10000.0	4	4000.0	1.0038	12.9614	2.5	16.4652
1845470	12000.0	4	4000.0	1.2038	16.4652	3.0	20.669
1683558	10000.0	4	4000.0	1.0038	20.669	2.5	24.172800000000002
1813119	10000.0	4	4000.0	1.0038	24.1728	2.5	27.6766
1698273	9000.0	4	4000.0	0.9038	27.6766	2.25	30.8304
1805449	8000.0	4	4000.0	0.8038	30.8304	2.0	33.6342
1778676	10000.0	4	4000.0	1.0038	33.6342	2.5	37.138
1689930	12000.0	4	4000.0	1.2038	37.138	3.0	41.3418
1850081	9000.0	4	4000.0	0.9038	41.3418	2.25	44.495599999999996
1768865	10000.0	4	4000.0	1.0038	44.4956	2.5	47.9994
1798614	9000.0	4	4000.0	0.9038	47.9994	2.25	51.1532
1720217	9000.0	4	4000.0	0.9038	51.1532	2.25	54.306999999999995
1736504	9000.0	4	4000.0	0.9038	54.307	2.25	57.4608
1689265	9000.0	4	4000.0	0.9038	57.4608	2.25	60.614599999999996
1838152	8000.0	4	4000.0	0.8038	60.6146	2.0	63.418400000000005
1689585	10000.0	4	4000.0	1.0038	63.4184	2.5	66.9222
1708862	10000.0	4	4000.0	1.0038	66.9222	2.5	70.426
1695954	9000.0	4	4000.0	0.9038	70.426	2.25	73.5798
1657423	9000.0	4	4000.0	0.9038	73.5798	2.25	76.73360000000001
1652912	11000.0	4	4000.0	1.1038	76.7336	2.75	80.5874
1638343	12000.0	4	4000.0	1.2038	80.5874	3.0	84.7912
1826028	10000.0	4	4000.0	1.0038	84.7912	2.5	88.295
1811851	9000.0	4	4000.0	0.9038	88.295	2.25	91.4488
1765180	9000.0	4	4000.0	0.9038	91.4488	2.25	94.60260000000001
1669119	12000.0	4	4000.0	1.2038	94.6026	3.0	98.8064
1725567	10000.0	4	4000.0	1.0038	98.8064	2.5	102.3102
1711035	8000.0	4	4000.0	0.8038	102.3102	2.0	105.11399999999999
1697805	10000.0	4	4000.0	1.0038	105.114	2.5	108.6178
1736082	9000.0	4	4000.0	0.9038	108.6178	2.25	111.7716
1849166	8000.0	4	4000.0	0.8038	111.7716	2.0	114.5754
1836264	13000.0	4	4000.0	1.3038	114.5754	3.25	119.1292
1766482	12000.0	4	4000.0	1.2038	119.1292	3.0	123.333
1791922	12000.0	4	4000.0	1.2038	123.333	3.0	127.5368
1709884	4000.0	4	4000.0	0.4038	127.5368	1.0	128.94060000000002
1845320	9000.0	4	4000.0	0.9038	128.9406	2.25	132.09439999999998
1847602	12000.0	4	4000.0	1.2038	132.0944	3.0	136.2982
1812433	10000.0	4	4000.0	1.0038	136.2982	2.5	139.80200000000002
1656019	10000.0	4	4000.0	1.0038	139.802	2.5	143.3058
1739661	7000.0	4	4000.0	0.7038	143.3058	1.75	145.7596
1727540	9000.0	4	4000.0	0.9038	145.7596	2.25	148.9134
1656113	7000.0	4	4000.0	0.7038	148.9134	1.75	151.3672
1665858	9000.0	4	4000.0	0.9038	151.3672	2.25	154.521
1731713	10000.0	4	4000.0	1.0038	154.521	2.5	158.0248
1680686	9000.0	4	4000.0	0.9038	158.0248	2.25	161.1786
1809182	10000.0	4	4000.0	1.0038	161.1786	2.5	164.6824
1757988	11000.0	4	4000.0	1.1038	164.6824	2.75	168.5362
1844406	11000.0	4	4000.0	1.1038	168.5362	2.75	172.39000000000001
1655422	9000.0	4	4000.0	0.9038	172.39	2.25	175.54379999999998
1678147	10000.0	4	4000.0	1.0038	175.5438	2.5	179.04760000000002
1692480	8000.0	4	4000.0	0.8038	179.0476	2.0	181.85139999999998
1777975	9000.0	4	4000.0	0.9038	181.8514	2.25	185.0052
1692392	9000.0	4	4000.0	0.9038	185.0052	2.25	188.159
1678739	14000.0	4	4000.0	1.4038	188.159	3.5	193.06279999999998
1833728	10000.0	4	4000.0	1.0038	193.0628	2.5	196.56660000000002
1848861	6000.0	4	4000.0	0.6038	196.5666	1.5	198.6704
1789477	9000.0	4	4000.0	0.9038	198.6704	2.25	201.8242
1679426	7000.0	4	4000.0	0.7038	201.8242	1.75	204.278
1713766	10000.0	4	4000.0	1.0038	204.278	2.5	207.7818
1849408	10000.0	4	4000.0	1.0038	207.7818	2.5	211.28560000000002
1818859	11000.0	4	4000.0	1.1038	211.2856	2.75	215.1394
1784907	14000.0	4	4000.0	1.4038	215.1394	3.5	220.04319999999998
1712474	11000.0	4	4000.0	1.1038	220.0432	2.75	223.89700000000002
1756526	11000.0	4	4000.0	1.1038	223.897	2.75	227.7508
1812839	9000.0	4	4000.0	0.9038	227.7508	2.25	230.9046
1784981	11000.0	4	4000.0	1.1038	230.9046	2.75	234.7584
1663342	11000.0	4	4000.0	1.1038	234.7584	2.75	238.6122
1662802	10000.0	4	4000.0	1.0038	238.6122	2.5	242.116
1683729	9000.0	5	4000.0	0.9038	0	2.25	3.1538
1777632	7000.0	5	4000.0	0.7038	3.1538	1.75	5.6076
1672078	10000.0	5	4000.0	1.0038	5.6076	2.5	9.1114
1667305	12000.0	5	4000.0	1.2038	9.1114	3.0	13.315199999999999
1811462	9000.0	5	4000.0	0.9038	13.3152	2.25	16.469
1649445	11000.0	5	4000.0	1.1038	16.469	2.75	20.3228
1806370	10000.0	5	4000.0	1.0038	20.3228	2.5	23.8266
1698330	7000.0	5	4000.0	0.7038	23.8266	1.75	26.2804
1683522	9000.0	5	4000.0	0.9038	26.2804	2.25	29.4342
1746268	10000.0	5	4000.0	1.0038	29.4342	2.5	32.938
1736722	14000.0	5	4000.0	1.4038	32.938	3.5	37.8418
1672971	9000.0	5	4000.0	0.9038	37.8418	2.25	40.995599999999996
1778732	5000.0	5	4000.0	0.5038	40.9956	1.25	42.7494
1768508	8000.0	5	4000.0	0.8038	42.7494	2.0	45.553200000000004
1711989	10000.0	5	4000.0	1.0038	45.5532	2.5	49.056999999999995
1659407	8000.0	5	4000.0	0.8038	49.057	2.0	51.860800000000005
1817255	7000.0	5	4000.0	0.7038	51.8608	1.75	54.3146
1688482	11000.0	5	4000.0	1.1038	54.3146	2.75	58.1684
1710137	9000.0	5	4000.0	0.9038	58.1684	2.25	61.322199999999995
1825619	8000.0	5	4000.0	0.8038	61.3222	2.0	64.126
1851463	13000.0	5	4000.0	1.3038	64.126	3.25	68.6798
1695872	10000.0	5	4000.0	1.0038	68.6798	2.5	72.1836
1786738	9000.0	5	4000.0	0.9038	72.1836	2.25	75.3374
1802369	12000.0	5	4000.0	1.2038	75.3374	3.0	79.5412
1847093	13000.0	5	4000.0	1.3038	79.5412	3.25	84.095
1715929	11000.0	5	4000.0	1.1038	84.095	2.75	87.9488
1743527	8000.0	5	4000.0	0.8038	87.9488	2.0	90.7526
1720995	9000.0	5	4000.0	0.9038	90.7526	2.25	93.9064
1851139	10000.0	5	4000.0	1.0038	93.9064	2.5	97.4102
1733558	13000.0	5	4000.0	1.3038	97.4102	3.25	101.964
1667520	12000.0	5	4000.0	1.2038	101.964	3.0	106.1678
1637956	7000.0	5	4000.0	0.7038	106.1678	1.75	108.6216
1734259	9000.0	5	4000.0	0.9038	108.6216	2.25	111.7754
1820022	8000.0	5	4000.0	0.8038	111.7754	2.0	114.5792
1791914	10000.0	5	4000.0	1.0038	114.5792	2.5	118.083
1843284	8000.0	5	4000.0	0.8038	118.083	2.0	120.8868
1788434	9000.0	5	4000.0	0.9038	120.8868	2.25	124.0406
1774144	9000.0	5	4000.0	0.9038	124.0406	2.25	127.1944
1744726	9000.0	5	4000.0	0.9038	127.1944	2.25	130.3482
1744749	12000.0	5	4000.0	1.2038	130.3482	3.0	134.552
1751333	10000.0	5	4000.0	1.0038	134.552	2.5	138.0558
1700988	11000.0	5	4000.0	1.1038	138.0558	2.75	141.9096
1739857	10000.0	5	4000.0	1.0038	141.9096	2.5	145.41340000000002
1819393	11000.0	5	4000.0	1.1038	145.4134	2.75	149.2672
1691598	8000.0	5	4000.0	0.8038	149.2672	2.0	152.071
1646696	13000.0	5	4000.0	1.3038	152.071	3.25	156.6248
1660983	9000.0	5	4000.0	0.9038	156.6248	2.25	159.77859999999998
1665944	10000.0	5	4000.0	1.0038	159.7786	2.5	163.28240000000002
1844116	10000.0	5	4000.0	1.0038	163.2824	2.5	166.7862
1644704	10000.0	5	4000.0	1.0038	166.7862	2.5	170.29000000000002
1661654	9000.0	5	4000.0	0.9038	170.29	2.25	173.44379999999998
1655044	11000.0	5	4000.0	1.1038	173.4438	2.75	177.29760000000002
1738777	11000.0	5	4000.0	1.1038	177.2976	2.75	181.1514
1833913	11000.0	5	4000.0	1.1038	181.1514	2.75	185.0052
1771726	7000.0	5	4000.0	0.7038	185.0052	1.75	187.459
1750055	7000.0	5	4000.0	0.7038	187.459	1.75	189.9128
1789708	10000.0	5	4000.0	1.0038	189.9128	2.5	193.41660000000002
1723749	8000.0	5	4000.0	0.8038	193.4166	2.0	196.22039999999998
1771279	11000.0	5	4000.0	1.1038	196.2204	2.75	200.07420000000002
1681095	9000.0	5	4000.0	0.9038	200.0742	2.25	203.22799999999998
1732183	9000.0	5	4000.0	0.9038	203.228	2.25	206.3818
1756822	9000.0	5	4000.0	0.9038	206.3818	2.25	209.5356
1834701	8000.0	5	4000.0	0.8038	209.5356	2.0	212.33939999999998
1796153	7000.0	5	4000.0	0.7038	212.3394	1.75	214.7932
1690322	11000.0	5	4000.0	1.1038	214.7932	2.75	218.64700000000002
1736971	9000.0	5	4000.0	0.9038	218.647	2.25	221.80079999999998
1646883	6000.0	5	4000.0	0.6038	221.8008	1.5	223.90460000000002
1779370	9000.0	5	4000.0	0.9038	223.9046	2.25	227.05839999999998
1642554	12000.0	6	5000.0	1.2038	0	2.4	3.6037999999999997
1850948	10000.0	6	5000.0	1.0038	3.6038	2.0	6.6076
1801320	8000.0	6	5000.0	0.8038	6.6076	1.6	9.0114
1806546	11000.0	6	5000.0	1.1038	9.0114	2.2	12.3152
1688505	10000.0	6	5000.0	1.0038	12.3152	2.0	15.319
1802613	9000.0	6	5000.0	0.9038	15.319	1.8	18.0228
1811641	8000.0	6	5000.0	0.8038	18.0228	1.6	20.4266
1774426	13000.0	6	5000.0	1.3038	20.4266	2.6	24.3304
1842675	9000.0	6	5000.0	0.9038	24.3304	1.8	27.034200000000002
1819651	11000.0	6	5000.0	1.1038	27.0342	2.2	30.337999999999997
1724352	10000.0	6	5000.0	1.0038	30.338	2.0	33.3418
1773480	12000.0	6	5000.0	1.2038	33.3418	2.4	36.9456
1722351	10000.0	6	5000.0	1.0038	36.9456	2.0	39.9494
1720602	12000.0	6	5000.0	1.2038	39.9494	2.4	43.5532
1721673	10000.0	6	5000.0	1.0038	43.5532	2.0	46.556999999999995
1817944	11000.0	6	5000.0	1.1038	46.557	2.2	49.860800000000005
1846961	11000.0	6	5000.0	1.1038	49.8608	2.2	53.1646
1725297	10000.0	6	5000.0	1.0038	53.1646	2.0	56.1684
1787212	9000.0	6	5000.0	0.9038	56.1684	1.8	58.87219999999999
1696522	11000.0	6	5000.0	1.1038	58.8722	2.2	62.176
1765376	11000.0	6	5000.0	1.1038	62.176	2.2	65.4798
1669146	11000.0	6	5000.0	1.1038	65.4798	2.2	68.7836
1851892	9000.0	6	5000.0	0.9038	68.7836	1.8	71.48740000000001
1821784	9000.0	6	5000.0	0.9038	71.4874	1.8	74.1912
1806876	9000.0	6	5000.0	0.9038	74.1912	1.8	76.895
1742670	10000.0	6	5000.0	1.0038	76.895	2.0	79.8988
1793322	12000.0	6	5000.0	1.2038	79.8988	2.4	83.5026
1670448	7000.0	6	5000.0	0.7038	83.5026	1.4	85.60640000000001
1704694	9000.0	6	5000.0	0.9038	85.6064	1.8	88.3102
1842862	12000.0	6	5000.0	1.2038	88.3102	2.4	91.914
1667825	7000.0	6	5000.0	0.7038	91.914	1.4	94.01780000000001
1834174	9000.0	6	5000.0	0.9038	94.0178	1.8	96.7216
1658661	10000.0	6	5000.0	1.0038	96.7216	2.0	99.7254
1783057	13000.0	6	5000.0	1.3038	99.7254	2.6	103.62919999999998
1723841	10000.0	6	5000.0	1.0038	103.6292	2.0	106.633
1845944	8000.0	6	5000.0	0.8038	106.633	1.6	109.03679999999999
1656309	11000.0	6	5000.0	1.1038	109.0368	2.2	112.34060000000001
1832486	12000.0	6	5000.0	1.2038	112.3406	2.4	115.9444
1770908	12000.0	6	5000.0	1.2038	115.9444	2.4	119.54820000000001
1675332	12000.0	6	5000.0	1.2038	119.5482	2.4	123.152
1827193	11000.0	6	5000.0	1.1038	123.152	2.2	126.45580000000001
1809084	10000.0	6	5000.0	1.0038	126.4558	2.0	129.4596
1828337	9000.0	6	5000.0	0.9038	129.4596	1.8	132.1634
1827721	10000.0	6	5000.0	1.0038	132.1634	2.0	135.1672
1821923	12000.0	6	5000.0	1.2038	135.1672	2.4	138.77100000000002
1655257	8000.0	6	5000.0	0.8038	138.771	1.6	141.17479999999998
1812179	13000.0	6	5000.0	1.3038	141.1748	2.6	145.0786
1713768	10000.0	6	5000.0	1.0038	145.0786	2.0	148.0824
1840633	8000.0	6	5000.0	0.8038	148.0824	1.6	150.4862
1722670	11000.0	6	5000.0	1.1038	150.4862	2.2	153.79
1785118	9000.0	6	5000.0	0.9038	153.79	1.8	156.4938
1712436	8000.0	6	5000.0	0.8038	156.4938	1.6	158.89759999999998
1832276	15000.0	6	5000.0	1.5038	158.8976	3.0	163.40140000000002
1693938	8000.0	6	5000.0	0.8038	163.4014	1.6	165.80519999999999
1747697	10000.0	6	5000.0	1.0038	165.8052	2.0	168.80900000000003
1705037	8000.0	6	5000.0	0.8038	168.809	1.6	171.2128
1791456	9000.0	7	5000.0	0.9038	0	1.8	2.7038
1661402	7000.0	7	5000.0	0.7038	2.7038	1.4	4.807600000000001
1706116	11000.0	7	5000.0	1.1038	4.8076	2.2	8.1114
1806489	9000.0	7	5000.0	0.9038	8.1114	1.8	10.8152
1845489	14000.0	7	5000.0	1.4038	10.8152	2.8	15.019000000000002
1793372	14000.0	7	5000.0	1.4038	15.019	2.8	19.2228
1649667	9000.0	7	5000.0	0.9038	19.2228	1.8	21.9266
1752516	9000.0	7	5000.0	0.9038	21.9266	1.8	24.6304
1799615	10000.0	7	5000.0	1.0038	24.6304	2.0	27.6342
1642923	8000.0	7	5000.0	0.8038	27.6342	1.6	30.038
1664059	11000.0	7	5000.0	1.1038	30.038	2.2	33.3418
1785794	9000.0	7	5000.0	0.9038	33.3418	1.8	36.04559999999999
1698888	8000.0	7	5000.0	0.8038	36.0456	1.6	38.449400000000004
1708792	11000.0	7	5000.0	1.1038	38.4494	2.2	41.7532
1732778	10000.0	7	5000.0	1.0038	41.7532	2.0	44.757
1682621	10000.0	7	5000.0	1.0038	44.757	2.0	47.760799999999996
1742716	11000.0	7	5000.0	1.1038	47.7608	2.2	51.064600000000006
1696998	9000.0	7	5000.0	0.9038	51.0646	1.8	53.76839999999999
1817880	11000.0	7	5000.0	1.1038	53.7684	2.2	57.0722
1651739	12000.0	7	5000.0	1.2038	57.0722	2.4	60.676
1669252	14000.0	7	5000.0	1.4038	60.676	2.8	64.8798
1788051	10000.0	7	5000.0	1.0038	64.8798	2.0	67.8836
1818039	13000.0	7	5000.0	1.3038	67.8836	2.6	71.78739999999999
1652277	13000.0	7	5000.0	1.3038	71.7874	2.6	75.6912
1786964	11000.0	7	5000.0	1.1038	75.6912	2.2	78.995
1696794	11000.0	7	5000.0	1.1038	78.995	2.2	82.29880000000001
1822975	9000.0	7	5000.0	0.9038	82.2988	1.8	85.0026
1830928	9000.0	7	5000.0	0.9038	85.0026	1.8	87.7064
1825112	13000.0	7	5000.0	1.3038	87.7064	2.6	91.61019999999999
1688449	9000.0	7	5000.0	0.9038	91.6102	1.8	94.31400000000001
1688421	7000.0	7	5000.0	0.7038	94.314	1.4	96.4178
1847180	8000.0	7	5000.0	0.8038	96.4178	1.6	98.82159999999999
1844855	11000.0	7	5000.0	1.1038	98.8216	2.2	102.12540000000001
1819993	11000.0	7	5000.0	1.1038	102.1254	2.2	105.42920000000001
1839098	11000.0	7	5000.0	1.1038	105.4292	2.2	108.733
1664691	10000.0	7	5000.0	1.0038	108.733	2.0	111.7368
1739752	10000.0	7	5000.0	1.0038	111.7368	2.0	114.7406
1801632	9000.0	7	5000.0	0.9038	114.7406	1.8	117.4444
1757777	9000.0	7	5000.0	0.9038	117.4444	1.8	120.1482
1731629	8000.0	7	5000.0	0.8038	120.1482	1.6	122.55199999999999
1691021	13000.0	7	5000.0	1.3038	122.552	2.6	126.4558
1757629	11000.0	7	5000.0	1.1038	126.4558	2.2	129.7596
1640202	15000.0	7	5000.0	1.5038	129.7596	3.0	134.26340000000002
1731506	10000.0	7	5000.0	1.0038	134.2634	2.0	137.2672
1692619	8000.0	7	5000.0	0.8038	137.2672	1.6	139.671
1821921	10000.0	7	5000.0	1.0038	139.671	2.0	142.6748
1819330	9000.0	7	5000.0	0.9038	142.6748	1.8	145.3786
1814254	7000.0	7	5000.0	0.7038	145.3786	1.4	147.4824
1758824	9000.0	7	5000.0	0.9038	147.4824	1.8	150.1862
1692515	15000.0	7	5000.0	1.5038	150.1862	3.0	154.69000000000003
1701275	10000.0	7	5000.0	1.0038	154.69	2.0	157.6938
1783275	9000.0	7	5000.0	0.9038	157.6938	1.8	160.3976
1784079	9000.0	7	5000.0	0.9038	160.3976	1.8	163.1014
1718355	10000.0	7	5000.0	1.0038	163.1014	2.0	166.10520000000002
1845752	10000.0	7	5000.0	1.0038	166.1052	2.0	169.109
1757186	9000.0	7	5000.0	0.9038	169.109	1.8	171.8128
1699698	12000.0	7	5000.0	1.2038	171.8128	2.4	175.41660000000002
1674717	11000.0	7	5000.0	1.1038	175.4166	2.2	178.72039999999998
1756749	9000.0	7	5000.0	0.9038	178.7204	1.8	181.4242
1681438	9000.0	7	5000.0	0.9038	181.4242	1.8	184.12800000000001
1663100	11000.0	7	5000.0	1.1038	184.128	2.2	187.43179999999998
1658377	10000.0	7	5000.0	1.0038	187.4318	2.0	190.43560000000002
1756910	9000.0	7	5000.0	0.9038	190.4356	1.8	193.1394
1809039	9000.0	7	5000.0	0.9038	193.1394	1.8	195.8432
1708161	11000.0	7	5000.0	1.1038	195.8432	2.2	199.147
1703911	9000.0	7	5000.0	0.9038	199.147	1.8	201.8508
1662743	10000.0	7	5000.0	1.0038	201.8508	2.0	204.8546
1741119	9000.0	7	5000.0	0.9038	204.8546	1.8	207.5584
1800370	12000.0	7	5000.0	1.2038	207.5584	2.4	211.1622
1845799	8000.0	7	5000.0	0.8038	211.1622	1.6	213.566
1649081	9000.0	8	5000.0	0.9067	0	1.8	2.7067
1796557	3000.0	8	5000.0	0.3067	2.7067	0.6	3.6134
1849280	12000.0	8	5000.0	1.2067	3.6134	2.4	7.2201
1722155	10000.0	8	5000.0	1.0067	7.2201	2.0	10.2268
1806175	10000.0	8	5000.0	1.0067	10.2268	2.0	13.233500000000001
1793475	7000.0	8	5000.0	0.7067	13.2335	1.4	15.3402
1741908	8000.0	8	5000.0	0.8067	15.3402	1.6	17.7469
1769106	12000.0	8	5000.0	1.2067	17.7469	2.4	21.3536
1821627	9000.0	8	5000.0	0.9067	21.3536	1.8	24.0603
1705729	9000.0	8	5000.0	0.9067	24.0603	1.8	26.767000000000003
1741515	8000.0	8	5000.0	0.8067	26.767	1.6	29.1737
1785491	10000.0	8	5000.0	1.0067	29.1737	2.0	32.1804
1808459	6000.0	8	5000.0	0.6067	32.1804	1.2	33.9871
1810960	7000.0	8	5000.0	0.7067	33.9871	1.4	36.093799999999995
1829023	12000.0	8	5000.0	1.2067	36.0938	2.4	39.7005
1798758	11000.0	8	5000.0	1.1067	39.7005	2.2	43.0072
1705769	9000.0	8	5000.0	0.9067	43.0072	1.8	45.713899999999995
1830306	9000.0	8	5000.0	0.9067	45.7139	1.8	48.4206
1727886	9000.0	8	5000.0	0.9067	48.4206	1.8	51.1273
1753557	10000.0	8	5000.0	1.0067	51.1273	2.0	54.134
1641891	10000.0	8	5000.0	1.0067	54.134	2.0	57.1407
1658957	7000.0	8	5000.0	0.7067	57.1407	1.4	59.2474
1781863	8000.0	8	5000.0	0.8067	59.2474	1.6	61.6541
1781820	9000.0	8	5000.0	0.9067	61.6541	1.8	64.3608
1807492	10000.0	8	5000.0	1.0067	64.3608	2.0	67.36749999999999
1706839	9000.0	8	5000.0	0.9067	67.3675	1.8	70.0742
1670516	13000.0	8	5000.0	1.3067	70.0742	2.6	73.9809
1724739	8000.0	8	5000.0	0.8067	73.9809	1.6	76.3876
1820106	12000.0	8	5000.0	1.2067	76.3876	2.4	79.99430000000001
1695386	12000.0	8	5000.0	1.2067	79.9943	2.4	83.601
1763852	14000.0	8	5000.0	1.4067	83.601	2.8	87.8077
1704311	10000.0	8	5000.0	1.0067	87.8077	2.0	90.81439999999999
1830619	11000.0	8	5000.0	1.1067	90.8144	2.2	94.12110000000001
1844815	9000.0	8	5000.0	0.9067	94.1211	1.8	96.8278
1714016	9000.0	8	5000.0	0.9067	96.8278	1.8	99.5345
1731233	9000.0	8	5000.0	0.9067	99.5345	1.8	102.24119999999999
1666000	10000.0	8	5000.0	1.0067	102.2412	2.0	105.2479
1803004	9000.0	8	5000.0	0.9067	105.2479	1.8	107.9546
1776465	9000.0	8	5000.0	0.9067	107.9546	1.8	110.6613
1840242	11000.0	8	5000.0	1.1067	110.6613	2.2	113.968
1834341	11000.0	8	5000.0	1.1067	113.968	2.2	117.27470000000001
1659773	9000.0	8	5000.0	0.9067	117.2747	1.8	119.9814
1801093	9000.0	8	5000.0	0.9067	119.9814	1.8	122.68809999999999
1660989	10000.0	8	5000.0	1.0067	122.6881	2.0	125.6948
1821074	9000.0	8	5000.0	0.9067	125.6948	1.8	128.4015
1783623	13000.0	8	5000.0	1.3067	128.4015	2.6	132.3082
1783569	9000.0	8	5000.0	0.9067	132.3082	1.8	135.0149
1702338	13000.0	8	5000.0	1.3067	135.0149	2.6	138.9216
1840286	11000.0	8	5000.0	1.1067	138.9216	2.2	142.2283
1832984	9000.0	8	5000.0	0.9067	142.2283	1.8	144.935
1679574	11000.0	8	5000.0	1.1067	144.935	2.2	148.24169999999998
1800948	9000.0	8	5000.0	0.9067	148.2417	1.8	150.94840000000002
1727117	9000.0	8	5000.0	0.9067	150.9484	1.8	153.6551
1659565	9000.0	8	5000.0	0.9067	153.6551	1.8	156.36180000000002
1839989	9000.0	8	5000.0	0.9067	156.3618	1.8	159.0685
1719822	10000.0	8	5000.0	1.0067	159.0685	2.0	162.0752
1674738	11000.0	8	5000.0	1.1067	162.0752	2.2	165.38189999999997
1700185	11000.0	8	5000.0	1.1067	165.3819	2.2	168.68859999999998
1708326	9000.0	8	5000.0	0.9067	168.6886	1.8	171.39530000000002
1660789	13000.0	8	5000.0	1.3067	171.3953	2.6	175.302
1693809	7000.0	8	5000.0	0.7067	175.302	1.4	177.4087
1757503	7000.0	8	5000.0	0.7067	177.4087	1.4	179.51540000000003
1804652	10000.0	8	5000.0	1.0067	179.5154	2.0	182.5221
1690142	12000.0	8	5000.0	1.2067	182.5221	2.4	186.1288
1762804	11000.0	9	6000.0	1.1067	0	1.8333	2.94
1746364	8000.0	9	6000.0	0.8067	2.94	1.3333	5.08
1698596	9000.0	9	6000.0	0.9067	5.08	1.5	7.4867
1806046	9000.0	9	6000.0	0.9067	7.4867	1.5	9.8934
1688585	9000.0	9	6000.0	0.9067	9.8934	1.5	12.3001
1688683	12000.0	9	6000.0	1.2067	12.3001	2.0	15.5068
1667168	11000.0	9	6000.0	1.1067	15.5068	1.8333	18.446800000000003
1671808	11000.0	9	6000.0	1.1067	18.4468	1.8333	21.3868
1813123	13000.0	9	6000.0	1.3067	21.3868	2.1667	24.8602
1688537	12000.0	9	6000.0	1.2067	24.8602	2.0	28.0669
1689830	11000.0	9	6000.0	1.1067	28.0669	1.8333	31.0069
1755760	10000.0	9	6000.0	1.0067	31.0069	1.6667	33.6803
1846590	11000.0	9	6000.0	1.1067	33.6803	1.8333	36.62030000000001
1682086	13000.0	9	6000.0	1.3067	36.6203	2.1667	40.0937
1663795	10000.0	9	6000.0	1.0067	40.0937	1.6667	42.7671
1835817	9000.0	9	6000.0	0.9067	42.7671	1.5	45.1738
1651682	12000.0	9	6000.0	1.2067	45.1738	2.0	48.3805
1838602	12000.0	9	6000.0	1.2067	48.3805	2.0	51.587199999999996
1697164	10000.0	9	6000.0	1.0067	51.5872	1.6667	54.260600000000004
1685356	9000.0	9	6000.0	0.9067	54.2606	1.5	56.6673
1744156	11000.0	9	6000.0	1.1067	56.6673	1.8333	59.6073
1686919	4000.0	9	6000.0	0.4067	59.6073	0.6667	60.6807
1840862	9000.0	9	6000.0	0.9067	60.6807	1.5	63.0874
1851575	8000.0	9	6000.0	0.8067	63.0874	1.3333	65.2274
1753289	7000.0	9	6000.0	0.7067	65.2274	1.1667	67.1008
1815108	11000.0	9	6000.0	1.1067	67.1008	1.8333	70.0408
1706750	10000.0	9	6000.0	1.0067	70.0408	1.6667	72.7142
1670479	11000.0	9	6000.0	1.1067	72.7142	1.8333	75.6542
1650383	9000.0	9	6000.0	0.9067	75.6542	1.5	78.0609
1786331	11000.0	9	6000.0	1.1067	78.0609	1.8333	81.0009
1763495	8000.0	9	6000.0	0.8067	81.0009	1.3333	83.1409
1730329	10000.0	9	6000.0	1.0067	83.1409	1.6667	85.8143
1667386	11000.0	9	6000.0	1.1067	85.8143	1.8333	88.7543
1814928	9000.0	9	6000.0	0.9067	88.7543	1.5	91.161
1766683	9000.0	9	6000.0	0.9067	91.161	1.5	93.5677
1709784	11000.0	9	6000.0	1.1067	93.5677	1.8333	96.5077
1712388	12000.0	9	6000.0	1.2067	96.5077	2.0	99.7144
1800808	9000.0	9	6000.0	0.9067	99.7144	1.5	102.1211
1794737	11000.0	9	6000.0	1.1067	102.1211	1.8333	105.0611
1726739	11000.0	9	6000.0	1.1067	105.0611	1.8333	108.0011
1665562	10000.0	9	6000.0	1.0067	108.0011	1.6667	110.6745
1666325	10000.0	9	6000.0	1.0067	110.6745	1.6667	113.3479
1749421	7000.0	9	6000.0	0.7067	113.3479	1.1667	115.2213
1760347	11000.0	9	6000.0	1.1067	115.2213	1.8333	118.1613
1802992	11000.0	9	6000.0	1.1067	118.1613	1.8333	121.1013
1760863	10000.0	9	6000.0	1.0067	121.1013	1.6667	123.7747
1790337	10000.0	9	6000.0	1.0067	123.7747	1.6667	126.4481
1675030	8000.0	9	6000.0	0.8067	126.4481	1.3333	128.5881
1708052	8000.0	9	6000.0	0.8067	128.5881	1.3333	130.7281
1737618	9000.0	9	6000.0	0.9067	130.7281	1.5	133.1348
1680370	10000.0	9	6000.0	1.0067	133.1348	1.6667	135.8082
1719453	9000.0	9	6000.0	0.9067	135.8082	1.5	138.2149
1760797	8000.0	9	6000.0	0.8067	138.2149	1.3333	140.35490000000001
1750757	9000.0	9	6000.0	0.9067	140.3549	1.5	142.7616
1801743	13000.0	9	6000.0	1.3067	142.7616	2.1667	146.23499999999999
1795590	11000.0	9	6000.0	1.1067	146.235	1.8333	149.175
1702350	12000.0	9	6000.0	1.2067	149.175	2.0	152.38170000000002
1757151	11000.0	9	6000.0	1.1067	152.3817	1.8333	155.3217
1782641	9000.0	9	6000.0	0.9067	155.3217	1.5	157.7284
1681551	11000.0	9	6000.0	1.1067	157.7284	1.8333	160.6684
1647029	9000.0	9	6000.0	0.9067	160.6684	1.5	163.0751
1761273	12000.0	9	6000.0	1.2067	163.0751	2.0	166.2818
1794171	8000.0	9	6000.0	0.8067	166.2818	1.3333	168.42180000000002
1681384	11000.0	9	6000.0	1.1067	168.4218	1.8333	171.3618
1812363	12000.0	9	6000.0	1.2067	171.3618	2.0	174.5685
1756905	9000.0	9	6000.0	0.9067	174.5685	1.5	176.9752
1814512	15000.0	9	6000.0	1.5067	176.9752	2.5	180.9819
1666697	9000.0	10	6000.0	0.9067	0	1.5	2.4067
1762726	7000.0	10	6000.0	0.7067	2.4067	1.1667	4.2801
1640847	6000.0	10	6000.0	0.6067	4.2801	1.0	5.8868
1694897	7000.0	10	6000.0	0.7067	5.8868	1.1667	7.760199999999999
1649123	10000.0	10	6000.0	1.0067	7.7602	1.6667	10.4336
1839443	10000.0	10	6000.0	1.0067	10.4336	1.6667	13.107000000000001
1831422	10000.0	10	6000.0	1.0067	13.107	1.6667	15.7804
1671851	9000.0	10	6000.0	0.9067	15.7804	1.5	18.1871
1810619	10000.0	10	6000.0	1.0067	18.1871	1.6667	20.8605
1689823	7000.0	10	6000.0	0.7067	20.8605	1.1667	22.7339
1714800	12000.0	10	6000.0	1.2067	22.7339	2.0	25.9406
1776140	8000.0	10	6000.0	0.8067	25.9406	1.3333	28.0806
1805150	10000.0	10	6000.0	1.0067	28.0806	1.6667	30.753999999999998
1773378	10000.0	10	6000.0	1.0067	30.754	1.6667	33.4274
1648749	8000.0	10	6000.0	0.8067	33.4274	1.3333	35.5674
1642576	9000.0	10	6000.0	0.9067	35.5674	1.5	37.9741
1664060	10000.0	10	6000.0	1.0067	37.9741	1.6667	40.6475
1656451	10000.0	10	6000.0	1.0067	40.6475	1.6667	43.3209
1729954	12000.0	10	6000.0	1.2067	43.3209	2.0	46.5276
1722457	10000.0	10	6000.0	1.0067	46.5276	1.6667	49.201
1648567	9000.0	10	6000.0	0.9067	49.201	1.5	51.6077
1792879	7000.0	10	6000.0	0.7067	51.6077	1.1667	53.4811
1715777	12000.0	10	6000.0	1.2067	53.4811	2.0	56.687799999999996
1781864	12000.0	10	6000.0	1.2067	56.6878	2.0	59.8945
1641555	9000.0	10	6000.0	0.9067	59.8945	1.5	62.3012
1845087	12000.0	10	6000.0	1.2067	62.3012	2.0	65.5079
1657625	8000.0	10	6000.0	0.8067	65.5079	1.3333	67.6479
1835639	10000.0	10	6000.0	1.0067	67.6479	1.6667	70.32130000000001
1791581	11000.0	10	6000.0	1.1067	70.3213	1.8333	73.26129999999999
1733833	10000.0	10	6000.0	1.0067	73.2613	1.6667	75.9347
1818436	7000.0	10	6000.0	0.7067	75.9347	1.1667	77.80810000000001
1660428	7000.0	10	6000.0	0.7067	77.8081	1.1667	79.6815
1826455	6000.0	10	6000.0	0.6067	79.6815	1.0	81.2882
1670761	9000.0	10	6000.0	0.9067	81.2882	1.5	83.6949
1842011	9000.0	10	6000.0	0.9067	83.6949	1.5	86.1016
1702906	11000.0	10	6000.0	1.1067	86.1016	1.8333	89.0416
1791675	13000.0	10	6000.0	1.3067	89.0416	2.1667	92.51500000000001
1782239	11000.0	10	6000.0	1.1067	92.515	1.8333	95.455
1832708	10000.0	10	6000.0	1.0067	95.455	1.6667	98.1284
1723081	13000.0	10	6000.0	1.3067	98.1284	2.1667	101.60180000000001
1728263	10000.0	10	6000.0	1.0067	101.6018	1.6667	104.2752
1819479	9000.0	10	6000.0	0.9067	104.2752	1.5	106.6819
1759766	8000.0	10	6000.0	0.8067	106.6819	1.3333	108.8219
1759404	9000.0	10	6000.0	0.9067	108.8219	1.5	111.2286
1713911	11000.0	10	6000.0	1.1067	111.2286	1.8333	114.1686
1798999	10000.0	10	6000.0	1.0067	114.1686	1.6667	116.842
1713164	11000.0	10	6000.0	1.1067	116.842	1.8333	119.782
1818790	14000.0	10	6000.0	1.4067	119.782	2.3333	123.52199999999999
1681602	10000.0	10	6000.0	1.0067	123.522	1.6667	126.1954
1662817	8000.0	10	6000.0	0.8067	126.1954	1.3333	128.33540000000002
1800331	9000.0	10	6000.0	0.9067	128.3354	1.5	130.7421
1705007	10000.0	10	6000.0	1.0067	130.7421	1.6667	133.41549999999998
1683012	10000.0	11	6000.0	1.0067	0	1.6667	2.6734
1688502	8000.0	11	6000.0	0.8067	2.6734	1.3333	4.8134
1689083	9000.0	11	6000.0	0.9067	4.8134	1.5	7.2200999999999995
1709271	9000.0	11	6000.0	0.9067	7.2201	1.5	9.626800000000001
1831389	9000.0	11	6000.0	0.9067	9.6268	1.5	12.0335
1798301	9000.0	11	6000.0	0.9067	12.0335	1.5	14.4402
1839397	13000.0	11	6000.0	1.3067	14.4402	2.1667	17.9136
1842817	9000.0	11	6000.0	0.9067	17.9136	1.5	20.3203
1779586	9000.0	11	6000.0	0.9067	20.3203	1.5	22.727
1720054	11000.0	11	6000.0	1.1067	22.727	1.8333	25.667
1796301	11000.0	11	6000.0	1.1067	25.667	1.8333	28.607000000000003
1714637	10000.0	11	6000.0	1.0067	28.607	1.6667	31.280399999999997
1762046	9000.0	11	6000.0	0.9067	31.2804	1.5	33.6871
1747467	11000.0	11	6000.0	1.1067	33.6871	1.8333	36.627100000000006
1642616	8000.0	11	6000.0	0.8067	36.6271	1.3333	38.7671
1793710	8000.0	11	6000.0	0.8067	38.7671	1.3333	40.9071
1831758	8000.0	11	6000.0	0.8067	40.9071	1.3333	43.0471
1648666	10000.0	11	6000.0	1.0067	43.0471	1.6667	45.7205
1685878	10000.0	11	6000.0	1.0067	45.7205	1.6667	48.3939
1799798	11000.0	11	6000.0	1.1067	48.3939	1.8333	51.33390000000001
1735471	11000.0	11	6000.0	1.1067	51.3339	1.8333	54.273900000000005
1825562	13000.0	11	6000.0	1.3067	54.2739	2.1667	57.747299999999996
1710475	10000.0	11	6000.0	1.0067	57.7473	1.6667	60.420700000000004
1754524	11000.0	11	6000.0	1.1067	60.4207	1.8333	63.3607
1843108	7000.0	11	6000.0	0.7067	63.3607	1.1667	65.23410000000001
1766958	9000.0	11	6000.0	0.9067	65.2341	1.5	67.6408
1667688	10000.0	11	6000.0	1.0067	67.6408	1.6667	70.3142
1846790	11000.0	11	6000.0	1.1067	70.3142	1.8333	73.2542
1831033	11000.0	11	6000.0	1.1067	73.2542	1.8333	76.1942
1705830	13000.0	11	6000.0	1.3067	76.1942	2.1667	79.66760000000001
1766488	11000.0	11	6000.0	1.1067	79.6676	1.8333	82.60759999999999
1744493	10000.0	11	6000.0	1.0067	82.6076	1.6667	85.281
1720606	10000.0	11	6000.0	1.0067	85.281	1.6667	87.9544
1642083	8000.0	11	6000.0	0.8067	87.9544	1.3333	90.09440000000001
1670142	7000.0	11	6000.0	0.7067	90.0944	1.1667	91.9678
1710723	7000.0	11	6000.0	0.7067	91.9678	1.1667	93.8412
1795667	7000.0	11	6000.0	0.7067	93.8412	1.1667	95.7146
1679987	11000.0	11	6000.0	1.1067	95.7146	1.8333	98.6546
1645995	10000.0	11	6000.0	1.0067	98.6546	1.6667	101.328
1702382	10000.0	11	6000.0	1.0067	101.328	1.6667	104.0014
1784306	9000.0	11	6000.0	0.9067	104.0014	1.5	106.4081
1837225	9000.0	11	6000.0	0.9067	106.4081	1.5	108.8148
1757713	9000.0	11	6000.0	0.9067	108.8148	1.5	111.2215
1770603	10000.0	11	6000.0	1.0067	111.2215	1.6667	113.8949
1750384	14000.0	11	6000.0	1.4067	113.8949	2.3333	117.6349
1729786	7000.0	11	6000.0	0.7067	117.6349	1.1667	119.5083
1677668	10000.0	11	6000.0	1.0067	119.5083	1.6667	122.1817
1833302	11000.0	11	6000.0	1.1067	122.1817	1.8333	125.1217
1728422	11000.0	11	6000.0	1.1067	125.1217	1.8333	128.0617
1636564	11000.0	11	6000.0	1.1067	128.0617	1.8333	131.0017
1692460	10000.0	11	6000.0	1.0067	131.0017	1.6667	133.6751
1738756	8000.0	11	6000.0	0.8067	133.6751	1.3333	135.8151
1702259	10000.0	11	6000.0	1.0067	135.8151	1.6667	138.4885
1789474	11000.0	11	6000.0	1.1067	138.4885	1.8333	141.42849999999999
1760110	10000.0	11	6000.0	1.0067	141.4285	1.6667	144.1019
1758606	11000.0	11	6000.0	1.1067	144.1019	1.8333	147.0419
1795619	12000.0	11	6000.0	1.2067	147.0419	2.0	150.2486
1760200	12000.0	11	6000.0	1.2067	150.2486	2.0	153.45530000000002
1666023	8000.0	11	6000.0	0.8067	153.4553	1.3333	155.5953
1747774	9000.0	11	6000.0	0.9067	155.5953	1.5	158.002
1673799	13000.0	11	6000.0	1.3067	158.002	2.1667	161.4754
1674068	11000.0	11	6000.0	1.1067	161.4754	1.8333	164.4154
1747886	12000.0	11	6000.0	1.2067	164.4154	2.0	167.62210000000002
1674006	7000.0	11	6000.0	0.7067	167.6221	1.1667	169.4955
1708107	11000.0	11	6000.0	1.1067	169.4955	1.8333	172.4355
1724072	11000.0	11	6000.0	1.1067	172.4355	1.8333	175.3755
1805986	13000.0	12	6000.0	1.3	0	2.1667	3.4667000000000003
1811212	11000.0	12	6000.0	1.1	3.4667	1.8333	6.4
1845461	12000.0	12	6000.0	1.2	6.4	2.0	9.600000000000001
1720390	10000.0	12	6000.0	1.0	9.6	1.6667	12.2667
1681919	14000.0	12	6000.0	1.4	12.2667	2.3333	16.0
1642900	11000.0	12	6000.0	1.1	16.0	1.8333	18.933300000000003
1682014	11000.0	12	6000.0	1.1	18.9333	1.8333	21.866600000000002
1689333	10000.0	12	6000.0	1.0	21.8666	1.6667	24.533299999999997
1790813	10000.0	12	6000.0	1.0	24.5333	1.6667	27.2
1682414	8000.0	12	6000.0	0.8	27.2	1.3333	29.3333
1817219	10000.0	12	6000.0	1.0	29.3333	1.6667	32.0
1687256	11000.0	12	6000.0	1.1	32.0	1.8333	34.9333
1734838	8000.0	12	6000.0	0.8	34.9333	1.3333	37.0666
1753647	10000.0	12	6000.0	1.0	37.0666	1.6667	39.7333
1651276	9000.0	12	6000.0	0.9	39.7333	1.5	42.1333
1715704	10000.0	12	6000.0	1.0	42.1333	1.6667	44.8
1787208	8000.0	12	6000.0	0.8	44.8	1.3333	46.933299999999996
1743142	8000.0	12	6000.0	0.8	46.9333	1.3333	49.0666
1721453	9000.0	12	6000.0	0.9	49.0666	1.5	51.4666
1669347	9000.0	12	6000.0	0.9	51.4666	1.5	53.8666
1711241	10000.0	12	6000.0	1.0	53.8666	1.6667	56.5333
1733540	9000.0	12	6000.0	0.9	56.5333	1.5	58.933299999999996
1699559	10000.0	12	6000.0	1.0	58.9333	1.6667	61.6
1819694	9000.0	12	6000.0	0.9	61.6	1.5	64.0
1638600	8000.0	12	6000.0	0.8	64.0	1.3333	66.13329999999999
1669404	9000.0	12	6000.0	0.9	66.1333	1.5	68.53330000000001
1641984	10000.0	12	6000.0	1.0	68.5333	1.6667	71.2
1731252	7000.0	12	6000.0	0.7	71.2	1.1667	73.06670000000001
1643568	9000.0	12	6000.0	0.9	73.0667	1.5	75.4667
1701065	8000.0	12	6000.0	0.8	75.4667	1.3333	77.6
1804179	9000.0	12	6000.0	0.9	77.6	1.5	80.0
1758400	12000.0	12	6000.0	1.2	80.0	2.0	83.2
1837251	10000.0	12	6000.0	1.0	83.2	1.6667	85.86670000000001
1656305	5000.0	12	6000.0	0.5	85.8667	0.8333	87.19999999999999
1809398	12000.0	12	6000.0	1.2	87.2	2.0	90.4
1722993	8000.0	12	6000.0	0.8	90.4	1.3333	92.5333
1708045	11000.0	12	6000.0	1.1	92.5333	1.8333	95.46659999999999
1794600	10000.0	12	6000.0	1.0	95.4666	1.6667	98.1333
1774567	8000.0	12	6000.0	0.8	98.1333	1.3333	100.2666
1655427	9000.0	12	6000.0	0.9	100.2666	1.5	102.6666
1718496	11000.0	12	6000.0	1.1	102.6666	1.8333	105.59989999999999
1816363	13000.0	12	6000.0	1.3	105.5999	2.1667	109.06660000000001
1772893	10000.0	12	6000.0	1.0	109.0666	1.6667	111.7333
1645022	11000.0	12	6000.0	1.1	111.7333	1.8333	114.66659999999999
1822765	9000.0	12	6000.0	0.9	114.6666	1.5	117.06660000000001
1783240	11000.0	12	6000.0	1.1	117.0666	1.8333	119.99989999999998
1800261	7000.0	12	6000.0	0.7	119.9999	1.1667	121.8666
1679744	12000.0	12	6000.0	1.2	121.8666	2.0	125.06660000000001
1679691	12000.0	12	6000.0	1.2	125.0666	2.0	128.26659999999998
1718437	10000.0	12	6000.0	1.0	128.2666	1.6667	130.9333
1645124	9000.0	12	6000.0	0.9	130.9333	1.5	133.3333
1761732	10000.0	12	6000.0	1.0	133.3333	1.6667	136.0
1769596	9000.0	12	6000.0	0.9	136.0	1.5	138.4
1690348	11000.0	12	6000.0	1.1	138.4	1.8333	141.3333
1708314	10000.0	12	6000.0	1.0	141.3333	1.6667	144.0
1726431	9000.0	12	6000.0	0.9	144.0	1.5	146.4
1763198	10000.0	13	8000.0	1.0	0	1.25	2.25
1720365	11000.0	13	8000.0	1.1	2.25	1.375	4.725
1683085	8000.0	13	8000.0	0.8	4.725	1.0	6.5249999999999995
1671178	9000.0	13	8000.0	0.9	6.525	1.125	8.55
1746005	11000.0	13	8000.0	1.1	8.55	1.375	11.025
1736257	10000.0	13	8000.0	1.0	11.025	1.25	13.275
1840790	9000.0	13	8000.0	0.9	13.275	1.125	15.3
1688974	12000.0	13	8000.0	1.2	15.3	1.5	18.0
1791143	8000.0	13	8000.0	0.8	18.0	1.0	19.8
1736293	9000.0	13	8000.0	0.9	19.8	1.125	21.825
1703446	9000.0	13	8000.0	0.9	21.825	1.125	23.849999999999998
1699208	7000.0	13	8000.0	0.7	23.85	0.875	25.425
1761971	8000.0	13	8000.0	0.8	25.425	1.0	27.225
1690057	8000.0	13	8000.0	0.8	27.225	1.0	29.025000000000002
1778746	11000.0	13	8000.0	1.1	29.025	1.375	31.5
1708524	8000.0	13	8000.0	0.8	31.5	1.0	33.3
1704967	15000.0	13	8000.0	1.5	33.3	1.875	36.675
1726198	10000.0	13	8000.0	1.0	36.675	1.25	38.925
1698852	10000.0	13	8000.0	1.0	38.925	1.25	41.175
1712030	9000.0	13	8000.0	0.9	41.175	1.125	43.199999999999996
1659024	8000.0	13	8000.0	0.8	43.2	1.0	45.0
1687317	10000.0	13	8000.0	1.0	45.0	1.25	47.25
1811905	7000.0	13	8000.0	0.7	47.25	0.875	48.825
1651159	10000.0	13	8000.0	1.0	48.825	1.25	51.075
1657406	9000.0	13	8000.0	0.9	51.075	1.125	53.1
1686537	12000.0	13	8000.0	1.2	53.1	1.5	55.800000000000004
1765126	9000.0	13	8000.0	0.9	55.8	1.125	57.824999999999996
1781745	12000.0	13	8000.0	1.2	57.825	1.5	60.525000000000006
1836039	9000.0	13	8000.0	0.9	60.525	1.125	62.55
1735416	10000.0	13	8000.0	1.0	62.55	1.25	64.8
1735348	10000.0	13	8000.0	1.0	64.8	1.25	67.05
1835947	9000.0	13	8000.0	0.9	67.05	1.125	69.075
1705967	8000.0	13	8000.0	0.8	69.075	1.0	70.875
1727860	9000.0	13	8000.0	0.9	70.875	1.125	72.9
1683915	7000.0	13	8000.0	0.7	72.9	0.875	74.47500000000001
1715377	9000.0	13	8000.0	0.9	74.475	1.125	76.5
1698032	11000.0	13	8000.0	1.1	76.5	1.375	78.975
1729107	14000.0	13	8000.0	1.4	78.975	1.75	82.125
1735741	10000.0	13	8000.0	1.0	82.125	1.25	84.375
1781173	12000.0	13	8000.0	1.2	84.375	1.5	87.075
1839080	9000.0	13	8000.0	0.9	87.075	1.125	89.10000000000001
1849627	8000.0	13	8000.0	0.8	89.1	1.0	90.89999999999999
1846853	9000.0	13	8000.0	0.9	90.9	1.125	92.92500000000001
1851833	9000.0	13	8000.0	0.9	92.925	1.125	94.95
1668209	10000.0	13	8000.0	1.0	94.95	1.25	97.2
1843266	7000.0	13	8000.0	0.7	97.2	0.875	98.775
1837193	9000.0	13	8000.0	0.9	98.775	1.125	100.80000000000001
1737976	7000.0	13	8000.0	0.7	100.8	0.875	102.375
1812690	6000.0	13	8000.0	0.6	102.375	0.75	103.725
1760285	8000.0	13	8000.0	0.8	103.725	1.0	105.52499999999999
1700619	7000.0	13	8000.0	0.7	105.525	0.875	107.10000000000001
1818964	8000.0	13	8000.0	0.8	107.1	1.0	108.89999999999999
1801578	11000.0	13	8000.0	1.1	108.9	1.375	111.375
1846416	10000.0	13	8000.0	1.0	111.375	1.25	113.625
1738987	10000.0	13	8000.0	1.0	113.625	1.25	115.875
1692497	9000.0	13	8000.0	0.9	115.875	1.125	117.9
1840483	10000.0	13	8000.0	1.0	117.9	1.25	120.15
1701359	12000.0	13	8000.0	1.2	120.15	1.5	122.85000000000001
1654614	9000.0	13	8000.0	0.9	122.85	1.125	124.875
1636727	10000.0	13	8000.0	1.0	124.875	1.25	127.125
1784970	11000.0	13	8000.0	1.1	127.125	1.375	129.6
1663028	13000.0	13	8000.0	1.3	129.6	1.625	132.525
1849906	8000.0	13	8000.0	0.8	132.525	1.0	134.32500000000002
1722711	11000.0	13	8000.0	1.1	134.325	1.375	136.79999999999998
1808684	8000.0	13	8000.0	0.8	136.8	1.0	138.60000000000002
1794210	9000.0	13	8000.0	0.9	138.6	1.125	140.625
1673973	10000.0	13	8000.0	1.0	140.625	1.25	142.875
1690557	9000.0	13	8000.0	0.9	142.875	1.125	144.9
1761139	9000.0	13	8000.0	0.9	144.9	1.125	146.925
1683850	9000.0	14	12000.0	0.9	0	0.75	1.65
1724539	10000.0	14	12000.0	1.0	1.65	0.8333	3.4833
1704225	10000.0	14	12000.0	1.0	3.4833	0.8333	5.3166
1786084	9000.0	14	12000.0	0.9	5.3166	0.75	6.966600000000001
1742318	8000.0	14	12000.0	0.8	6.9666	0.6667	8.4333
1798418	10000.0	14	12000.0	1.0	8.4333	0.8333	10.266599999999999
1845480	9000.0	14	12000.0	0.9	10.2666	0.75	11.9166
1844563	9000.0	14	12000.0	0.9	11.9166	0.75	13.566600000000001
1714784	9000.0	14	12000.0	0.9	13.5666	0.75	15.2166
1796253	11000.0	14	12000.0	1.1	15.2166	0.9167	17.2333
1672709	8000.0	14	12000.0	0.8	17.2333	0.6667	18.7
1639069	12000.0	14	12000.0	1.2	18.7	1.0	20.9
1820472	7000.0	14	12000.0	0.7	20.9	0.5833	22.1833
1762474	8000.0	14	12000.0	0.8	22.1833	0.6667	23.65
1752707	11000.0	14	12000.0	1.1	23.65	0.9167	25.6667
1841378	11000.0	14	12000.0	1.1	25.6667	0.9167	27.6834
1787985	13000.0	14	12000.0	1.3	27.6834	1.0833	30.0667
1685383	15000.0	14	12000.0	1.5	30.0667	1.25	32.8167
1668552	13000.0	14	12000.0	1.3	32.8167	1.0833	35.199999999999996
1695876	12000.0	14	12000.0	1.2	35.2	1.0	37.400000000000006
1696545	7000.0	14	12000.0	0.7	37.4	0.5833	38.6833
1844997	12000.0	14	12000.0	1.2	38.6833	1.0	40.883300000000006
1686924	9000.0	14	12000.0	0.9	40.8833	0.75	42.5333
1696466	10000.0	14	12000.0	1.0	42.5333	0.8333	44.3666
1753117	11000.0	14	12000.0	1.1	44.3666	0.9167	46.3833
1641624	10000.0	14	12000.0	1.0	46.3833	0.8333	48.2166
1743617	9000.0	14	12000.0	0.9	48.2166	0.75	49.8666
1650142	9000.0	14	12000.0	0.9	49.8666	0.75	51.5166
1835659	9000.0	14	12000.0	0.9	51.5166	0.75	53.166599999999995
1670343	10000.0	14	12000.0	1.0	53.1666	0.8333	54.999900000000004
1729043	9000.0	14	12000.0	0.9	54.9999	0.75	56.649899999999995
1688423	13000.0	14	12000.0	1.3	56.6499	1.0833	59.0332
1720692	11000.0	14	12000.0	1.1	59.0332	0.9167	61.0499
1780611	11000.0	14	12000.0	1.1	61.0499	0.9167	63.0666
1767285	5000.0	14	12000.0	0.5	63.0666	0.4167	63.9833
1650853	8000.0	14	12000.0	0.8	63.9833	0.6667	65.45
1766531	9000.0	14	12000.0	0.9	65.45	0.75	67.10000000000001
1687689	10000.0	14	12000.0	1.0	67.1	0.8333	68.93329999999999
1734079	10000.0	14	12000.0	1.0	68.9333	0.8333	70.7666
1729340	9000.0	14	12000.0	0.9	70.7666	0.75	72.4166
1684901	6000.0	14	12000.0	0.6	72.4166	0.5	73.5166
1716906	10000.0	14	12000.0	1.0	73.5166	0.8333	75.34989999999999
1832892	9000.0	14	12000.0	0.9	75.3499	0.75	76.99990000000001
1714225	6000.0	14	12000.0	0.6	76.9999	0.5	78.09989999999999
1824060	10000.0	14	12000.0	1.0	78.0999	0.8333	79.9332
1665591	7000.0	14	12000.0	0.7	79.9332	0.5833	81.2165
1665862	7000.0	14	12000.0	0.7	81.2165	0.5833	82.4998
1740285	13000.0	14	12000.0	1.3	82.4998	1.0833	84.88309999999998
1680385	12000.0	14	12000.0	1.2	84.8831	1.0	87.0831
1677710	13000.0	14	12000.0	1.3	87.0831	1.0833	89.4664
1738879	10000.0	14	12000.0	1.0	89.4664	0.8333	91.29969999999999
1644019	13000.0	14	12000.0	1.3	91.2997	1.0833	93.68299999999999
1723392	6000.0	14	12000.0	0.6	93.683	0.5	94.783
1726963	9000.0	14	12000.0	0.9	94.783	0.75	96.433
1702098	8000.0	14	12000.0	0.8	96.433	0.6667	97.89970000000001
1803259	10000.0	14	12000.0	1.0	97.8997	0.8333	99.73299999999999
1676689	11000.0	14	12000.0	1.1	99.733	0.9167	101.7497
1749496	9000.0	14	12000.0	0.9	101.7497	0.75	103.39970000000001
1705382	9000.0	14	12000.0	0.9	103.3997	0.75	105.0497
1645131	10000.0	14	12000.0	1.0	105.0497	0.8333	106.883
1717491	9000.0	14	12000.0	0.9	106.883	0.75	108.533
1719820	13000.0	14	12000.0	1.3	108.533	1.0833	110.91629999999999
1740406	11000.0	14	12000.0	1.1	110.9163	0.9167	112.933
1790463	8000.0	14	12000.0	0.8	112.933	0.6667	114.39970000000001
1643316	8000.0	14	12000.0	0.8	114.3997	0.6667	115.8664
1740477	10000.0	14	12000.0	1.0	115.8664	0.8333	117.69969999999999
1850740	9000.0	14	12000.0	0.9	117.6997	0.75	119.34970000000001
1795976	11000.0	14	12000.0	1.1	119.3497	0.9167	121.3664
1722319	10000.0	15	16000.0	1.0	0	0.625	1.625
1791404	9000.0	15	16000.0	0.9	1.625	0.5625	3.0875
1683787	11000.0	15	16000.0	1.1	3.0875	0.6875	4.875
1720493	7000.0	15	16000.0	0.7	4.875	0.4375	6.0125
1746226	11000.0	15	16000.0	1.1	6.0125	0.6875	7.800000000000001
1777629	10000.0	15	16000.0	1.0	7.8	0.625	9.425
1839448	9000.0	15	16000.0	0.9	9.425	0.5625	10.887500000000001
1695134	11000.0	15	16000.0	1.1	10.8875	0.6875	12.674999999999999
1689889	10000.0	15	16000.0	1.0	12.675	0.625	14.3
1673156	7000.0	15	16000.0	0.7	14.3	0.4375	15.4375
1815751	10000.0	15	16000.0	1.0	15.4375	0.625	17.0625
1831891	11000.0	15	16000.0	1.1	17.0625	0.6875	18.85
1805385	12000.0	15	16000.0	1.2	18.85	0.75	20.8
1824560	5000.0	15	16000.0	0.5	20.8	0.3125	21.6125
1839637	10000.0	15	16000.0	1.0	21.6125	0.625	23.2375
1764243	10000.0	15	16000.0	1.0	23.2375	0.625	24.8625
1696089	10000.0	15	16000.0	1.0	24.8625	0.625	26.4875
1743807	11000.0	15	16000.0	1.1	26.4875	0.6875	28.275000000000002
1657896	10000.0	15	16000.0	1.0	28.275	0.625	29.9
1685423	10000.0	15	16000.0	1.0	29.9	0.625	31.525
1668558	10000.0	15	16000.0	1.0	31.525	0.625	33.15
1687270	7000.0	15	16000.0	0.7	33.15	0.4375	34.2875
1657464	9000.0	15	16000.0	0.9	34.2875	0.5625	35.75
1765936	5000.0	15	16000.0	0.5	35.75	0.3125	36.5625
1825876	11000.0	15	16000.0	1.1	36.5625	0.6875	38.35
1638386	10000.0	15	16000.0	1.0	38.35	0.625	39.975
1755276	10000.0	15	16000.0	1.0	39.975	0.625	41.6
1753218	9000.0	15	16000.0	0.9	41.6	0.5625	43.0625
1669110	8000.0	15	16000.0	0.8	43.0625	0.5	44.3625
1844766	12000.0	15	16000.0	1.2	44.3625	0.75	46.3125
1684289	10000.0	15	16000.0	1.0	46.3125	0.625	47.9375
1660433	13000.0	15	16000.0	1.3	47.9375	0.8125	50.05
1767145	9000.0	15	16000.0	0.9	50.05	0.5625	51.512499999999996
1683999	7000.0	15	16000.0	0.7	51.5125	0.4375	52.650000000000006
1774110	7000.0	15	16000.0	0.7	52.65	0.4375	53.7875
1685255	8000.0	15	16000.0	0.8	53.7875	0.5	55.0875
1788536	10000.0	15	16000.0	1.0	55.0875	0.625	56.7125
1780940	10000.0	15	16000.0	1.0	56.7125	0.625	58.3375
1766637	9000.0	15	16000.0	0.9	58.3375	0.5625	59.8
1710729	10000.0	15	16000.0	1.0	59.8	0.625	61.425
1814351	11000.0	15	16000.0	1.1	61.425	0.6875	63.2125
1798853	10000.0	15	16000.0	1.0	63.2125	0.625	64.8375
1739654	11000.0	15	16000.0	1.1	64.8375	0.6875	66.625
1731154	11000.0	15	16000.0	1.1	66.625	0.6875	68.4125
1654198	13000.0	15	16000.0	1.3	68.4125	0.8125	70.52499999999999
1837210	13000.0	15	16000.0	1.3	70.525	0.8125	72.6375
1719393	7000.0	15	16000.0	0.7	72.6375	0.4375	73.775
1665867	8000.0	15	16000.0	0.8	73.775	0.5	75.075
1790246	11000.0	15	16000.0	1.1	75.075	0.6875	76.8625
1662297	12000.0	15	16000.0	1.2	76.8625	0.75	78.8125
1809227	14000.0	15	16000.0	1.4	78.8125	0.875	81.0875
1783792	8000.0	15	16000.0	0.8	81.0875	0.5	82.3875
1783787	12000.0	15	16000.0	1.2	82.3875	0.75	84.3375
1772765	8000.0	15	16000.0	0.8	84.3375	0.5	85.6375
1678070	13000.0	15	16000.0	1.3	85.6375	0.8125	87.75
1819226	10000.0	15	16000.0	1.0	87.75	0.625	89.375
1800907	10000.0	15	16000.0	1.0	89.375	0.625	91.0
1844202	14000.0	15	16000.0	1.4	91.0	0.875	93.275
1727125	13000.0	15	16000.0	1.3	93.275	0.8125	95.3875
1771738	9000.0	15	16000.0	0.9	95.3875	0.5625	96.85000000000001
1679054	10000.0	15	16000.0	1.0	96.85	0.625	98.475
1795512	6000.0	15	16000.0	0.6	98.475	0.375	99.44999999999999
1639606	8000.0	15	16000.0	0.8	99.45	0.5	100.75
1772095	11000.0	15	16000.0	1.1	100.75	0.6875	102.5375
1773196	9000.0	15	16000.0	0.9	102.5375	0.5625	104.0
1727674	10000.0	15	16000.0	1.0	104.0	0.625	105.625
1693881	10000.0	15	16000.0	1.0	105.625	0.625	107.25
1761474	10000.0	15	16000.0	1.0	107.25	0.625	108.875
1662728	10000.0	15	16000.0	1.0	108.875	0.625	110.5
1821888	9000.0	15	16000.0	0.9	110.5	0.5625	111.9625
1742015	10000.0	16	18000.0	1.0058	0	0.5556	1.5614
1839478	11000.0	16	18000.0	1.1058	1.5614	0.6111	3.2782999999999998
1642514	8000.0	16	18000.0	0.8058	3.2783	0.4444	4.5285
1768254	13000.0	16	18000.0	1.3058	4.5285	0.7222	6.556500000000001
1736148	9000.0	16	18000.0	0.9058	6.5565	0.5	7.9623
1698627	12000.0	16	18000.0	1.2058	7.9623	0.6667	9.8348
1702777	8000.0	16	18000.0	0.8058	9.8348	0.4444	11.084999999999999
1656617	10000.0	16	18000.0	1.0058	11.085	0.5556	12.646400000000002
1822274	10000.0	16	18000.0	1.0058	12.6464	0.5556	14.2078
1793499	10000.0	16	18000.0	1.0058	14.2078	0.5556	15.769200000000001
1836314	8000.0	16	18000.0	0.8058	15.7692	0.4444	17.0194
1836581	11000.0	16	18000.0	1.1058	17.0194	0.6111	18.7363
1841004	8000.0	16	18000.0	0.8058	18.7363	0.4444	19.986500000000003
1672945	9000.0	16	18000.0	0.9058	19.9865	0.5	21.3923
1762043	12000.0	16	18000.0	1.2058	21.3923	0.6667	23.264799999999997
1848005	12000.0	16	18000.0	1.2058	23.2648	0.6667	25.1373
1839623	9000.0	16	18000.0	0.9058	25.1373	0.5	26.5431
1762570	8000.0	16	18000.0	0.8058	26.5431	0.4444	27.793300000000002
1714993	9000.0	16	18000.0	0.9058	27.7933	0.5	29.199099999999998
1726006	8000.0	16	18000.0	0.8058	29.1991	0.4444	30.449300000000004
1836435	9000.0	16	18000.0	0.9058	30.4493	0.5	31.8551
1699103	10000.0	16	18000.0	1.0058	31.8551	0.5556	33.4165
1835118	10000.0	16	18000.0	1.0058	33.4165	0.5556	34.9779
1657847	8000.0	16	18000.0	0.8058	34.9779	0.4444	36.2281
1657855	13000.0	16	18000.0	1.3058	36.2281	0.7222	38.256099999999996
1792254	9000.0	16	18000.0	0.9058	38.2561	0.5	39.6619
1766045	8000.0	16	18000.0	0.8058	39.6619	0.4444	40.9121
1652918	12000.0	16	18000.0	1.2058	40.9121	0.6667	42.784600000000005
1812532	10000.0	16	18000.0	1.0058	42.7846	0.5556	44.346
1734960	7000.0	16	18000.0	0.7058	44.346	0.3889	45.4407
1743644	10000.0	16	18000.0	1.0058	45.4407	0.5556	47.0021
1742888	12000.0	16	18000.0	1.2058	47.0021	0.6667	48.874599999999994
1696831	9000.0	16	18000.0	0.9058	48.8746	0.5	50.2804
1792997	12000.0	16	18000.0	1.2058	50.2804	0.6667	52.152899999999995
1778545	9000.0	16	18000.0	0.9058	52.1529	0.5	53.5587
1745316	10000.0	16	18000.0	1.0058	53.5587	0.5556	55.1201
1653663	8000.0	16	18000.0	0.8058	55.1201	0.4444	56.3703
1683931	11000.0	16	18000.0	1.1058	56.3703	0.6111	58.0872
1703203	8000.0	16	18000.0	0.8058	58.0872	0.4444	59.3374
1669859	13000.0	16	18000.0	1.3058	59.3374	0.7222	61.3654
1820060	10000.0	16	18000.0	1.0058	61.3654	0.5556	62.9268
1843273	9000.0	16	18000.0	0.9058	62.9268	0.5	64.3326
1675863	6000.0	16	18000.0	0.6058	64.3326	0.3333	65.2717
1675907	11000.0	16	18000.0	1.1058	65.2717	0.6111	66.98859999999999
1653971	9000.0	16	18000.0	0.9058	66.9886	0.5	68.3944
1760670	9000.0	16	18000.0	0.9058	68.3944	0.5	69.8002
1665952	10000.0	16	18000.0	1.0058	69.8002	0.5556	71.3616
1758279	10000.0	16	18000.0	1.0058	71.3616	0.5556	72.92299999999999
1758335	10000.0	16	18000.0	1.0058	72.923	0.5556	74.4844
1700473	9000.0	16	18000.0	0.9058	74.4844	0.5	75.8902
1691036	9000.0	16	18000.0	0.9058	75.8902	0.5	77.29599999999999
1712932	10000.0	16	18000.0	1.0058	77.296	0.5556	78.8574
1700816	11000.0	16	18000.0	1.1058	78.8574	0.6111	80.5743
1750347	10000.0	16	18000.0	1.0058	80.5743	0.5556	82.13569999999999
1739061	8000.0	16	18000.0	0.8058	82.1357	0.4444	83.3859
1837577	5000.0	16	18000.0	0.5058	83.3859	0.2778	84.1695
1645528	12000.0	16	18000.0	1.2058	84.1695	0.6667	86.042
1833977	11000.0	16	18000.0	1.1058	86.042	0.6111	87.7589
1827905	10000.0	16	18000.0	1.0058	87.7589	0.5556	89.32029999999999
1701294	6000.0	16	18000.0	0.6058	89.3203	0.3333	90.2594
1727611	9000.0	16	18000.0	0.9058	90.2594	0.5	91.6652
1713763	10000.0	16	18000.0	1.0058	91.6652	0.5556	93.22659999999999
1750151	8000.0	16	18000.0	0.8058	93.2266	0.4444	94.47680000000001
1816579	7000.0	16	18000.0	0.7058	94.4768	0.3889	95.5715
1719036	12000.0	16	18000.0	1.2058	95.5715	0.6667	97.444
1756538	11000.0	16	18000.0	1.1058	97.444	0.6111	99.1609
1832355	13000.0	16	18000.0	1.3058	99.1609	0.7222	101.1889
1785137	12000.0	16	18000.0	1.2058	101.1889	0.6667	103.0614
1782688	6000.0	16	18000.0	0.6058	103.0614	0.3333	104.0005
1848697	8000.0	16	18000.0	0.8058	104.0005	0.4444	105.25070000000001
1643130	11000.0	16	18000.0	1.1058	105.2507	0.6111	106.96759999999999
1681531	8000.0	16	18000.0	0.8058	106.9676	0.4444	108.21780000000001
1699787	9000.0	16	18000.0	0.9058	108.2178	0.5	109.6236
1756692	10000.0	16	18000.0	1.0058	109.6236	0.5556	111.18499999999999
1782509	8000.0	16	18000.0	0.8058	111.185	0.4444	112.43520000000001
1640340	10000.0	16	18000.0	1.0058	112.4352	0.5556	113.99659999999999
1662759	10000.0	16	18000.0	1.0058	113.9966	0.5556	115.55799999999999
1845502	9000.0	17	24000.0	0.9058	0	0.375	1.2808000000000002
1664120	10000.0	17	24000.0	1.0058	1.2808	0.4167	2.7033
1711520	8000.0	17	24000.0	0.8058	2.7033	0.3333	3.8424
1791262	12000.0	17	24000.0	1.2058	3.8424	0.5	5.5482
1673071	11000.0	17	24000.0	1.1058	5.5482	0.4583	7.1123
1726171	11000.0	17	24000.0	1.1058	7.1123	0.4583	8.6764
1769314	10000.0	17	24000.0	1.0058	8.6764	0.4167	10.0989
1694367	10000.0	17	24000.0	1.0058	10.0989	0.4167	11.521400000000002
1775958	10000.0	17	24000.0	1.0058	11.5214	0.4167	12.943900000000001
1822929	9000.0	17	24000.0	0.9058	12.9439	0.375	14.224699999999999
1755581	8000.0	17	24000.0	0.8058	14.2247	0.3333	15.3638
1747005	10000.0	17	24000.0	1.0058	15.3638	0.4167	16.786299999999997
1843733	8000.0	17	24000.0	0.8058	16.7863	0.3333	17.925400000000003
1828908	8000.0	17	24000.0	0.8058	17.9254	0.3333	19.064500000000002
1685637	9000.0	17	24000.0	0.9058	19.0645	0.375	20.345299999999998
1697103	10000.0	17	24000.0	1.0058	20.3453	0.4167	21.7678
1638348	8000.0	17	24000.0	0.8058	21.7678	0.3333	22.906900000000004
1825964	10000.0	17	24000.0	1.0058	22.9069	0.4167	24.3294
1710400	7000.0	17	24000.0	0.7058	24.3294	0.2917	25.3269
1753317	10000.0	17	24000.0	1.0058	25.3269	0.4167	26.749399999999998
1775278	7000.0	17	24000.0	0.7058	26.7494	0.2917	27.7469
1774001	11000.0	17	24000.0	1.1058	27.7469	0.4583	29.311
1797466	9000.0	17	24000.0	0.9058	29.311	0.375	30.5918
1773672	12000.0	17	24000.0	1.2058	30.5918	0.5	32.2976
1766911	13000.0	17	24000.0	1.3058	32.2976	0.5417	34.1451
1813191	8000.0	17	24000.0	0.8058	34.1451	0.3333	35.2842
1705833	9000.0	17	24000.0	0.9058	35.2842	0.375	36.565
1745510	10000.0	17	24000.0	1.0058	36.565	0.4167	37.9875
1642102	9000.0	17	24000.0	0.9058	37.9875	0.375	39.268299999999996
1709863	8000.0	17	24000.0	0.8058	39.2683	0.3333	40.4074
1697399	10000.0	17	24000.0	1.0058	40.4074	0.4167	41.8299
1705871	9000.0	17	24000.0	0.9058	41.8299	0.375	43.1107
1751282	10000.0	17	24000.0	1.0058	43.1107	0.4167	44.5332
1733944	12000.0	17	24000.0	1.2058	44.5332	0.5	46.239000000000004
1850409	11000.0	17	24000.0	1.1058	46.239	0.4583	47.8031
1718144	10000.0	17	24000.0	1.0058	47.8031	0.4167	49.2256
1723877	10000.0	17	24000.0	1.0058	49.2256	0.4167	50.6481
1655905	10000.0	17	24000.0	1.0058	50.6481	0.4167	52.0706
1822852	12000.0	17	24000.0	1.2058	52.0706	0.5	53.776399999999995
1814446	8000.0	17	24000.0	0.8058	53.7764	0.3333	54.9155
1646611	9000.0	17	24000.0	0.9058	54.9155	0.375	56.1963
1827187	12000.0	17	24000.0	1.2058	56.1963	0.5	57.902100000000004
1804327	13000.0	17	24000.0	1.3058	57.9021	0.5417	59.749599999999994
1809270	7000.0	17	24000.0	0.7058	59.7496	0.2917	60.747099999999996
1809246	11000.0	17	24000.0	1.1058	60.7471	0.4583	62.31120000000001
1819158	13000.0	17	24000.0	1.3058	62.3112	0.5417	64.1587
1701853	9000.0	17	24000.0	0.9058	64.1587	0.375	65.4395
1833786	10000.0	17	24000.0	1.0058	65.4395	0.4167	66.862
1850334	9000.0	17	24000.0	0.9058	66.862	0.375	68.1428
1837293	10000.0	17	24000.0	1.0058	68.1428	0.4167	69.5653
1794038	11000.0	17	24000.0	1.1058	69.5653	0.4583	71.12939999999999
1740535	7000.0	17	24000.0	0.7058	71.1294	0.2917	72.1269
1726436	9000.0	17	24000.0	0.9058	72.1269	0.375	73.4077
1812861	9000.0	17	24000.0	0.9058	73.4077	0.375	74.6885
1637339	11000.0	17	24000.0	1.1058	74.6885	0.4583	76.2526
1663328	10000.0	17	24000.0	1.0058	76.2526	0.4167	77.6751
1711686	9000.0	18	30000.0	0.9058	0	0.3	1.2058
1698565	9000.0	18	30000.0	0.9058	1.2058	0.3	2.4116
1683031	10000.0	18	30000.0	1.0058	2.4116	0.3333	3.7506999999999997
1689115	10000.0	18	30000.0	1.0058	3.7507	0.3333	5.0898
1709122	10000.0	18	30000.0	1.0058	5.0898	0.3333	6.4289000000000005
1845428	9000.0	18	30000.0	0.9058	6.4289	0.3	7.6347
1780341	9000.0	18	30000.0	0.9058	7.6347	0.3	8.8405
1763068	9000.0	18	30000.0	0.9058	8.8405	0.3	10.0463
1767764	9000.0	18	30000.0	0.9058	10.0463	0.3	11.2521
1838343	10000.0	18	30000.0	1.0058	11.2521	0.3333	12.5912
1711584	12000.0	18	30000.0	1.2058	12.5912	0.4	14.197000000000001
1767899	13000.0	18	30000.0	1.3058	14.197	0.4333	15.9361
1800715	9000.0	18	30000.0	0.9058	15.9361	0.3	17.1419
1845630	5000.0	18	30000.0	0.5058	17.1419	0.1667	17.8144
1663586	10000.0	18	30000.0	1.0058	17.8144	0.3333	19.1535
1663438	12000.0	18	30000.0	1.2058	19.1535	0.4	20.7593
1805115	7000.0	18	30000.0	0.7058	20.7593	0.2333	21.6984
1729500	9000.0	18	30000.0	0.9058	21.6984	0.3	22.9042
1777091	12000.0	18	30000.0	1.2058	22.9042	0.4	24.509999999999998
1756154	9000.0	18	30000.0	0.9058	24.51	0.3	25.7158
1790741	12000.0	18	30000.0	1.2058	25.7158	0.4	27.3216
1711880	10000.0	18	30000.0	1.0058	27.3216	0.3333	28.660700000000002
1793750	11000.0	18	30000.0	1.1058	28.6607	0.3667	30.1332
1720161	7000.0	18	30000.0	0.7058	30.1332	0.2333	31.0723
1768699	12000.0	18	30000.0	1.2058	31.0723	0.4	32.67809999999999
1714878	11000.0	18	30000.0	1.1058	32.6781	0.3667	34.150600000000004
1835826	8000.0	18	30000.0	0.8058	34.1506	0.2667	35.223099999999995
1651742	9000.0	18	30000.0	0.9058	35.2231	0.3	36.4289
1753349	12000.0	18	30000.0	1.2058	36.4289	0.4	38.034699999999994
1813418	8000.0	18	30000.0	0.8058	38.0347	0.2667	39.1072
1710575	10000.0	18	30000.0	1.0058	39.1072	0.3333	40.4463
1826219	16000.0	18	30000.0	1.6058	40.4463	0.5333	42.5854
1721014	13000.0	18	30000.0	1.3058	42.5854	0.4333	44.3245
1710037	10000.0	18	30000.0	1.0058	44.3245	0.3333	45.6636
1830422	11000.0	18	30000.0	1.1058	45.6636	0.3667	47.136100000000006
1787376	10000.0	18	30000.0	1.0058	47.1361	0.3333	48.4752
1743067	11000.0	18	30000.0	1.1058	48.4752	0.3667	49.947700000000005
1754498	10000.0	18	30000.0	1.0058	49.9477	0.3333	51.2868
1753335	8000.0	18	30000.0	0.8058	51.2868	0.2667	52.3593
1641417	12000.0	18	30000.0	1.2058	52.3593	0.4	53.9651
1849715	9000.0	18	30000.0	0.9058	53.9651	0.3	55.170899999999996
1774173	12000.0	18	30000.0	1.2058	55.1709	0.4	56.7767
1851376	8000.0	18	30000.0	0.8058	56.7767	0.2667	57.849199999999996
1687583	11000.0	18	30000.0	1.1058	57.8492	0.3667	59.32170000000001
1791924	10000.0	18	30000.0	1.0058	59.3217	0.3333	60.6608
1839086	10000.0	18	30000.0	1.0058	60.6608	0.3333	61.999900000000004
1735702	6000.0	18	30000.0	0.6058	61.9999	0.2	62.8057
1780869	8000.0	18	30000.0	0.8058	62.8057	0.2667	63.8782
1687995	10000.0	18	30000.0	1.0058	63.8782	0.3333	65.2173
1667879	10000.0	18	30000.0	1.0058	65.2173	0.3333	66.55639999999998
1766599	8000.0	18	30000.0	0.8058	66.5564	0.2667	67.6289
1749418	10000.0	18	30000.0	1.0058	67.6289	0.3333	68.96799999999999
1726775	10000.0	18	30000.0	1.0058	68.968	0.3333	70.30709999999999
1842416	10000.0	18	30000.0	1.0058	70.3071	0.3333	71.6462
1760845	11000.0	18	30000.0	1.1058	71.6462	0.3667	73.11869999999999
1795815	10000.0	18	30000.0	1.0058	73.1187	0.3333	74.45779999999999
1816486	5000.0	18	30000.0	0.5058	74.4578	0.1667	75.1303
1783540	10000.0	18	30000.0	1.0058	75.1303	0.3333	76.4694
1759662	6000.0	18	30000.0	0.6058	76.4694	0.2	77.2752
1846164	8000.0	18	30000.0	0.8058	77.2752	0.2667	78.3477
1692925	12000.0	18	30000.0	1.2058	78.3477	0.4	79.9535
1739449	14000.0	18	30000.0	1.4058	79.9535	0.4667	81.82600000000001
1654465	10000.0	18	30000.0	1.0058	81.826	0.3333	83.16509999999998
1801808	10000.0	18	30000.0	1.0058	83.1651	0.3333	84.50419999999998
1679600	10000.0	18	30000.0	1.0058	84.5042	0.3333	85.84329999999999
1665068	12000.0	18	30000.0	1.2058	85.8433	0.4	87.4491
1691975	9000.0	18	30000.0	0.9058	87.4491	0.3	88.6549
1799086	10000.0	18	30000.0	1.0058	88.6549	0.3333	89.99399999999999
1701477	8000.0	18	30000.0	0.8058	89.994	0.2667	91.0665
1821011	10000.0	18	30000.0	1.0058	91.0665	0.3333	92.40559999999999
1708437	10000.0	18	30000.0	1.0058	92.4056	0.3333	93.7447
1756546	11000.0	18	30000.0	1.1058	93.7447	0.3667	95.21719999999999
1848729	13000.0	18	30000.0	1.3058	95.2172	0.4333	96.95630000000001
1816967	8000.0	18	30000.0	0.8058	96.9563	0.2667	98.0288
1777017	9000.0	18	30000.0	0.9058	98.0288	0.3	99.2346
1834669	9000.0	18	30000.0	0.9058	99.2346	0.3	100.4404
1747921	7000.0	18	30000.0	0.7058	100.4404	0.2333	101.3795
1850649	8000.0	18	30000.0	0.8058	101.3795	0.2667	102.452
1642982	11000.0	18	30000.0	1.1058	102.452	0.3667	103.9245
1804709	10000.0	18	30000.0	1.0058	103.9245	0.3333	105.26359999999998
1725857	8000.0	19	30000.0	0.8058	0	0.2667	1.0725
1649091	13000.0	19	30000.0	1.3058	1.0725	0.4333	2.8116000000000003
1642518	9000.0	19	30000.0	0.9058	2.8116	0.3	4.0174
1671553	11000.0	19	30000.0	1.1058	4.0174	0.3667	5.4899000000000004
1811459	10000.0	19	30000.0	1.0058	5.4899	0.3333	6.829
1728039	9000.0	19	30000.0	0.9058	6.829	0.3	8.0348
1683568	9000.0	19	30000.0	0.9058	8.0348	0.3	9.2406
1725769	14000.0	19	30000.0	1.4058	9.2406	0.4667	11.1131
1705794	9000.0	19	30000.0	0.9058	11.1131	0.3	12.3189
1683656	9000.0	19	30000.0	0.9058	12.3189	0.3	13.5247
1725847	11000.0	19	30000.0	1.1058	13.5247	0.3667	14.9972
1640976	8000.0	19	30000.0	0.8058	14.9972	0.2667	16.069699999999997
1705715	8000.0	19	30000.0	0.8058	16.0697	0.2667	17.142200000000003
1769080	8000.0	19	30000.0	0.8058	17.1422	0.2667	18.2147
1694522	9000.0	19	30000.0	0.9058	18.2147	0.3	19.4205
1747189	10000.0	19	30000.0	1.0058	19.4205	0.3333	20.759600000000002
1747397	11000.0	19	30000.0	1.1058	20.7596	0.3667	22.2321
1673489	12000.0	19	30000.0	1.2058	22.2321	0.4	23.837899999999998
1699529	5000.0	19	30000.0	0.5058	23.8379	0.1667	24.5104
1639161	9000.0	19	30000.0	0.9058	24.5104	0.3	25.7162
1724340	10000.0	19	30000.0	1.0058	25.7162	0.3333	27.055300000000003
1810978	10000.0	19	30000.0	1.0058	27.0553	0.3333	28.3944
1793674	11000.0	19	30000.0	1.1058	28.3944	0.3667	29.8669
1839631	10000.0	19	30000.0	1.0058	29.8669	0.3333	31.206000000000003
1813047	9000.0	19	30000.0	0.9058	31.206	0.3	32.4118
1845522	5000.0	19	30000.0	0.5058	32.4118	0.1667	33.0843
1777146	11000.0	19	30000.0	1.1058	33.0843	0.3667	34.5568
1648865	11000.0	19	30000.0	1.1058	34.5568	0.3667	36.029300000000006
1805920	9000.0	19	30000.0	0.9058	36.0293	0.3	37.235099999999996
1648493	11000.0	19	30000.0	1.1058	37.2351	0.3667	38.707600000000006
1640687	10000.0	19	30000.0	1.0058	38.7076	0.3333	40.0467
1682724	9000.0	19	30000.0	0.9058	40.0467	0.3	41.2525
1801381	11000.0	19	30000.0	1.1058	41.2525	0.3667	42.725
1721684	11000.0	19	30000.0	1.1058	42.725	0.3667	44.197500000000005
1829738	10000.0	19	30000.0	1.0058	44.1975	0.3333	45.5366
1764369	8000.0	19	30000.0	0.8058	45.5366	0.2667	46.6091
1814942	12000.0	19	30000.0	1.2058	46.6091	0.4	48.21489999999999
1838556	10000.0	19	30000.0	1.0058	48.2149	0.3333	49.554
1734667	10000.0	19	30000.0	1.0058	49.554	0.3333	50.893100000000004
1753110	10000.0	19	30000.0	1.0058	50.8931	0.3333	52.2322
1641480	9000.0	19	30000.0	0.9058	52.2322	0.3	53.437999999999995
1781647	12000.0	19	30000.0	1.2058	53.438	0.4	55.0438
1807594	10000.0	19	30000.0	1.0058	55.0438	0.3333	56.3829
1650275	10000.0	19	30000.0	1.0058	56.3829	0.3333	57.722
1670590	11000.0	19	30000.0	1.1058	57.722	0.3667	59.194500000000005
1842042	10000.0	19	30000.0	1.0058	59.1945	0.3333	60.5336
1844851	10000.0	19	30000.0	1.0058	60.5336	0.3333	61.8727
1704299	7000.0	19	30000.0	0.7058	61.8727	0.2333	62.811800000000005
1697679	7000.0	19	30000.0	0.7058	62.8118	0.2333	63.7509
1703841	12000.0	19	30000.0	1.2058	63.7509	0.4	65.3567
1707741	10000.0	19	30000.0	1.0058	65.3567	0.3333	66.69579999999999
1643588	11000.0	19	30000.0	1.1058	66.6958	0.3667	68.1683
1643677	9000.0	19	30000.0	0.9058	68.1683	0.3	69.3741
1784266	12000.0	19	30000.0	1.2058	69.3741	0.4	70.9799
1639517	9000.0	19	30000.0	0.9058	70.9799	0.3	72.1857
1832825	8000.0	19	30000.0	0.8058	72.1857	0.2667	73.2582
1700875	8000.0	19	30000.0	0.8058	73.2582	0.2667	74.33070000000001
1639703	9000.0	19	30000.0	0.9058	74.3307	0.3	75.53649999999999
1751875	11000.0	19	30000.0	1.1058	75.5365	0.3667	77.009
1840514	8000.0	19	30000.0	0.8058	77.009	0.2667	78.0815
1644617	10000.0	19	30000.0	1.0058	78.0815	0.3333	79.4206
1758811	11000.0	19	30000.0	1.1058	79.4206	0.3667	80.89309999999999
1771792	10000.0	19	30000.0	1.0058	80.8931	0.3333	82.23219999999999
1803509	10000.0	19	30000.0	1.0058	82.2322	0.3333	83.5713
1701655	11000.0	19	30000.0	1.1058	83.5713	0.3667	85.04379999999999
1760020	13000.0	19	30000.0	1.3058	85.0438	0.4333	86.78290000000001
1804797	10000.0	19	30000.0	1.0058	86.7829	0.3333	88.12199999999999
1707046	11000.0	19	30000.0	1.1058	88.122	0.3667	89.5945
1815912	11000.0	19	30000.0	1.1058	89.5945	0.3667	91.067
1681463	10000.0	19	30000.0	1.0058	91.067	0.3333	92.40609999999998
1826979	10000.0	19	30000.0	1.0058	92.4061	0.3333	93.74519999999998
1815864	9000.0	19	30000.0	0.9058	93.7452	0.3	94.951
1769895	12000.0	19	30000.0	1.2058	94.951	0.4	96.5568
1659575	7000.0	19	30000.0	0.7058	96.5568	0.2333	97.49589999999999
1681163	9000.0	19	30000.0	0.9058	97.4959	0.3	98.7017
1761865	12000.0	19	30000.0	1.2058	98.7017	0.4	100.3075
