8358778	30000.0	0	500.0	3.0	0	60.0	63.0
8410327	23000.0	0	500.0	2.3	63.0	46.0	111.3
8373958	28000.0	0	500.0	2.8	111.3	56.0	170.1
8332669	20000.0	0	500.0	2.0	170.1	40.0	212.1
8400714	28000.0	0	500.0	2.8	212.1	56.0	270.9
8362416	28000.0	0	500.0	2.8	270.9	56.0	329.7
8380809	30000.0	0	500.0	3.0	329.7	60.0	392.7
8349710	30000.0	0	500.0	3.0	392.7	60.0	455.7
8386604	25000.0	0	500.0	2.5	455.7	50.0	508.2
8328248	29000.0	0	500.0	2.9	508.2	58.0	569.0999999999999
8345264	31000.0	0	500.0	3.1	569.1	62.0	634.2
8391353	26000.0	0	500.0	2.6	634.2	52.0	688.8000000000001
8383386	28000.0	0	500.0	2.8	688.8	56.0	747.5999999999999
8328258	29000.0	0	500.0	2.9	747.6	58.0	808.5
8409348	26000.0	0	500.0	2.6	808.5	52.0	863.1
8352347	24000.0	0	500.0	2.4	863.1	48.0	913.5
8331805	29000.0	0	500.0	2.9	913.5	58.0	974.4
8331094	26000.0	0	500.0	2.6	974.4	52.0	1029.0
8399594	26000.0	0	500.0	2.6	1029.0	52.0	1083.6
8404346	28000.0	0	500.0	2.8	1083.6	56.0	1142.3999999999999
8336227	27000.0	0	500.0	2.7	1142.4	54.0	1199.1000000000001
8392723	23000.0	0	500.0	2.3	1199.1	46.0	1247.3999999999999
8334902	30000.0	0	500.0	3.0	1247.4	60.0	1310.4
8366427	29000.0	0	500.0	2.9	1310.4	58.0	1371.3000000000002
8360365	27000.0	0	500.0	2.7	1371.3	54.0	1428.0
8367617	19000.0	0	500.0	1.9	1428.0	38.0	1467.9
8360414	24000.0	0	500.0	2.4	1467.9	48.0	1518.3000000000002
8352753	26000.0	0	500.0	2.6	1518.3	52.0	1572.8999999999999
8367382	22000.0	0	500.0	2.2	1572.9	44.0	1619.1000000000001
8392893	30000.0	0	500.0	3.0	1619.1	60.0	1682.1
8323312	25000.0	0	500.0	2.5	1682.1	50.0	1734.6
8370685	23000.0	0	500.0	2.3	1734.6	46.0	1782.8999999999999
8389549	20000.0	0	500.0	2.0	1782.9	40.0	1824.9
8390373	21000.0	0	500.0	2.1	1824.9	42.0	1869.0
8345012	28000.0	0	500.0	2.8	1869.0	56.0	1927.8
8336008	25000.0	0	500.0	2.5	1927.8	50.0	1980.3
8386689	24000.0	0	500.0	2.4	1980.3	48.0	2030.7
8358944	28000.0	0	500.0	2.8	2030.7	56.0	2089.5
8403373	22000.0	0	500.0	2.2	2089.5	44.0	2135.7
8398113	22000.0	0	500.0	2.2	2135.7	44.0	2181.8999999999996
8394479	29000.0	0	500.0	2.9	2181.9	58.0	2242.8
8408812	22000.0	0	500.0	2.2	2242.8	44.0	2289.0
8366723	24000.0	0	500.0	2.4	2289.0	48.0	2339.4
8346654	24000.0	0	500.0	2.4	2339.4	48.0	2389.8
8344692	27000.0	0	500.0	2.7	2389.8	54.0	2446.5
8344910	20000.0	0	500.0	2.0	2446.5	40.0	2488.5
8334344	33000.0	0	500.0	3.3	2488.5	66.0	2557.8
8401736	29000.0	0	500.0	2.9	2557.8	58.0	2618.7000000000003
8407456	29000.0	0	500.0	2.9	2618.7	58.0	2679.6
8387642	26000.0	0	500.0	2.6	2679.6	52.0	2734.2
8336309	23000.0	0	500.0	2.3	2734.2	46.0	2782.5
8366945	26000.0	0	500.0	2.6	2782.5	52.0	2837.1
8335696	23000.0	1	500.0	2.3	0	46.0	48.3
8363070	30000.0	1	500.0	3.0	48.3	60.0	111.3
8407071	28000.0	1	500.0	2.8	111.3	56.0	170.1
8381623	29000.0	1	500.0	2.9	170.1	58.0	231.0
8405224	26000.0	1	500.0	2.6	231.0	52.0	285.6
8362092	25000.0	1	500.0	2.5	285.6	50.0	338.1
8390286	26000.0	1	500.0	2.6	338.1	52.0	392.70000000000005
8373567	21000.0	1	500.0	2.1	392.7	42.0	436.8
8332033	24000.0	1	500.0	2.4	436.8	48.0	487.2
8354476	23000.0	1	500.0	2.3	487.2	46.0	535.5
8358798	22000.0	1	500.0	2.2	535.5	44.0	581.7
8401721	29000.0	1	500.0	2.9	581.7	58.0	642.6
8403865	21000.0	1	500.0	2.1	642.6	42.0	686.7
8409837	24000.0	1	500.0	2.4	686.7	48.0	737.1
8364765	23000.0	1	500.0	2.3	737.1	46.0	785.4
8336099	26000.0	1	500.0	2.6	785.4	52.0	840.0
8347622	31000.0	1	500.0	3.1	840.0	62.0	905.1
8389928	29000.0	1	500.0	2.9	905.1	58.0	966.0
8345504	25000.0	1	500.0	2.5	966.0	50.0	1018.5
8327680	27000.0	1	500.0	2.7	1018.5	54.0	1075.2
8376522	25000.0	1	500.0	2.5	1075.2	50.0	1127.7
8338459	23000.0	1	500.0	2.3	1127.7	46.0	1176.0
8396471	25000.0	1	500.0	2.5	1176.0	50.0	1228.5
8356981	27000.0	1	500.0	2.7	1228.5	54.0	1285.2
8352549	27000.0	1	500.0	2.7	1285.2	54.0	1341.9
8362174	24000.0	1	500.0	2.4	1341.9	48.0	1392.3000000000002
8389421	27000.0	1	500.0	2.7	1392.3	54.0	1449.0
8383881	23000.0	1	500.0	2.3	1449.0	46.0	1497.3
8370139	23000.0	1	500.0	2.3	1497.3	46.0	1545.6
8407117	24000.0	1	500.0	2.4	1545.6	48.0	1596.0
8411302	22000.0	1	500.0	2.2	1596.0	44.0	1642.2
8347482	33000.0	1	500.0	3.3	1642.2	66.0	1711.5
8405549	28000.0	1	500.0	2.8	1711.5	56.0	1770.3
8386135	23000.0	1	500.0	2.3	1770.3	46.0	1818.6
8353190	23000.0	1	500.0	2.3	1818.6	46.0	1866.8999999999999
8386721	23000.0	1	500.0	2.3	1866.9	46.0	1915.2
8395302	28000.0	1	500.0	2.8	1915.2	56.0	1974.0
8362826	24000.0	1	500.0	2.4	1974.0	48.0	2024.4
8332937	25000.0	1	500.0	2.5	2024.4	50.0	2076.9
8398131	30000.0	1	500.0	3.0	2076.9	60.0	2139.9
8403631	27000.0	1	500.0	2.7	2139.9	54.0	2196.6
8407601	26000.0	1	500.0	2.6	2196.6	52.0	2251.2
8330250	30000.0	1	500.0	3.0	2251.2	60.0	2314.2
8373622	23000.0	1	500.0	2.3	2314.2	46.0	2362.5
8337498	23000.0	1	500.0	2.3	2362.5	46.0	2410.8
8411878	24000.0	1	500.0	2.4	2410.8	48.0	2461.2000000000003
8342129	25000.0	1	500.0	2.5	2461.2	50.0	2513.7
8399981	28000.0	1	500.0	2.8	2513.7	56.0	2572.5
8339027	24000.0	2	1000.0	2.4	0	24.0	26.4
8376704	25000.0	2	1000.0	2.5	26.4	25.0	53.9
8392428	30000.0	2	1000.0	3.0	53.9	30.0	86.9
8348043	26000.0	2	1000.0	2.6	86.9	26.0	115.5
8346445	28000.0	2	1000.0	2.8	115.5	28.0	146.3
8361687	24000.0	2	1000.0	2.4	146.3	24.0	172.70000000000002
8408203	28000.0	2	1000.0	2.8	172.7	28.0	203.5
8358552	28000.0	2	1000.0	2.8	203.5	28.0	234.3
8355547	24000.0	2	1000.0	2.4	234.3	24.0	260.70000000000005
8393912	33000.0	2	1000.0	3.3	260.7	33.0	297.0
8404646	27000.0	2	1000.0	2.7	297.0	27.0	326.7
8369058	24000.0	2	1000.0	2.4	326.7	24.0	353.09999999999997
8333257	26000.0	2	1000.0	2.6	353.1	26.0	381.70000000000005
8375735	26000.0	2	1000.0	2.6	381.7	26.0	410.3
8362632	21000.0	2	1000.0	2.1	410.3	21.0	433.40000000000003
8404736	32000.0	2	1000.0	3.2	433.4	32.0	468.59999999999997
8335504	29000.0	2	1000.0	2.9	468.6	29.0	500.5
8357232	29000.0	2	1000.0	2.9	500.5	29.0	532.4
8396581	22000.0	2	1000.0	2.2	532.4	22.0	556.6
8319988	23000.0	2	1000.0	2.3	556.6	23.0	581.9
8368405	25000.0	2	1000.0	2.5	581.9	25.0	609.4
8353901	28000.0	2	1000.0	2.8	609.4	28.0	640.1999999999999
8385473	25000.0	2	1000.0	2.5	640.2	25.0	667.7
8333714	26000.0	2	1000.0	2.6	667.7	26.0	696.3000000000001
8352565	22000.0	2	1000.0	2.2	696.3	22.0	720.5
8326507	24000.0	2	1000.0	2.4	720.5	24.0	746.9
8349643	27000.0	2	1000.0	2.7	746.9	27.0	776.6
8376461	25000.0	2	1000.0	2.5	776.6	25.0	804.1
8345373	22000.0	2	1000.0	2.2	804.1	22.0	828.3000000000001
8404222	24000.0	2	1000.0	2.4	828.3	24.0	854.6999999999999
8406189	27000.0	2	1000.0	2.7	854.7	27.0	884.4000000000001
8356201	26000.0	2	1000.0	2.6	884.4	26.0	913.0
8323590	25000.0	2	1000.0	2.5	913.0	25.0	940.5
8374883	29000.0	2	1000.0	2.9	940.5	29.0	972.4
8397870	24000.0	2	1000.0	2.4	972.4	24.0	998.8
8359296	25000.0	2	1000.0	2.5	998.8	25.0	1026.3
8329898	30000.0	2	1000.0	3.0	1026.3	30.0	1059.3
8326713	25000.0	2	1000.0	2.5	1059.3	25.0	1086.8
8372122	24000.0	2	1000.0	2.4	1086.8	24.0	1113.2
8370006	23000.0	2	1000.0	2.3	1113.2	23.0	1138.5
8389043	25000.0	2	1000.0	2.5	1138.5	25.0	1166.0
8382711	23000.0	2	1000.0	2.3	1166.0	23.0	1191.3
8382958	28000.0	2	1000.0	2.8	1191.3	28.0	1222.1
8348404	24000.0	2	1000.0	2.4	1222.1	24.0	1248.5
8359043	22000.0	2	1000.0	2.2	1248.5	22.0	1272.7
8395596	28000.0	2	1000.0	2.8	1272.7	28.0	1303.5
8355301	33000.0	2	1000.0	3.3	1303.5	33.0	1339.8
8398501	29000.0	2	1000.0	2.9	1339.8	29.0	1371.7
8380545	26000.0	2	1000.0	2.6	1371.7	26.0	1400.3
8355155	24000.0	2	1000.0	2.4	1400.3	24.0	1426.7
8345700	34000.0	2	1000.0	3.4	1426.7	34.0	1464.1000000000001
8359631	30000.0	2	1000.0	3.0	1464.1	30.0	1497.1
8325185	24000.0	2	1000.0	2.4	1497.1	24.0	1523.5
8384388	29000.0	2	1000.0	2.9	1523.5	29.0	1555.4
8368657	25000.0	2	1000.0	2.5	1555.4	25.0	1582.9
8374088	25000.0	2	1000.0	2.5	1582.9	25.0	1610.4
8374089	30000.0	2	1000.0	3.0	1610.4	30.0	1643.4
8378408	26000.0	3	1000.0	2.6	0	26.0	28.6
8387164	22000.0	3	1000.0	2.2	28.6	22.0	52.8
8396058	28000.0	3	1000.0	2.8	52.8	28.0	83.6
8334624	29000.0	3	1000.0	2.9	83.6	29.0	115.5
8354386	33000.0	3	1000.0	3.3	115.5	33.0	151.8
8344373	26000.0	3	1000.0	2.6	151.8	26.0	180.4
8354426	29000.0	3	1000.0	2.9	180.4	29.0	212.3
8404551	32000.0	3	1000.0	3.2	212.3	32.0	247.5
8401319	24000.0	3	1000.0	2.4	247.5	24.0	273.9
8349965	27000.0	3	1000.0	2.7	273.9	27.0	303.59999999999997
8396724	30000.0	3	1000.0	3.0	303.6	30.0	336.6
8383715	26000.0	3	1000.0	2.6	336.6	26.0	365.20000000000005
8406106	27000.0	3	1000.0	2.7	365.2	27.0	394.9
8328147	27000.0	3	1000.0	2.7	394.9	27.0	424.59999999999997
8379859	29000.0	3	1000.0	2.9	424.6	29.0	456.5
8384780	23000.0	3	1000.0	2.3	456.5	23.0	481.8
8343859	27000.0	3	1000.0	2.7	481.8	27.0	511.5
8346729	27000.0	3	1000.0	2.7	511.5	27.0	541.2
8407291	30000.0	3	1000.0	3.0	541.2	30.0	574.2
8326460	26000.0	3	1000.0	2.6	574.2	26.0	602.8000000000001
8385942	29000.0	3	1000.0	2.9	602.8	29.0	634.6999999999999
8329044	23000.0	3	1000.0	2.3	634.7	23.0	660.0
8343185	25000.0	3	1000.0	2.5	660.0	25.0	687.5
8347573	26000.0	3	1000.0	2.6	687.5	26.0	716.1
8390586	20000.0	3	1000.0	2.0	716.1	20.0	738.1
8355782	24000.0	3	1000.0	2.4	738.1	24.0	764.5
8359553	22000.0	3	1000.0	2.2	764.5	22.0	788.7
8337095	21000.0	3	1000.0	2.1	788.7	21.0	811.8000000000001
8386432	21000.0	3	1000.0	2.1	811.8	21.0	834.9
8338705	24000.0	3	1000.0	2.4	834.9	24.0	861.3
8390968	29000.0	3	1000.0	2.9	861.3	29.0	893.1999999999999
8355339	24000.0	3	1000.0	2.4	893.2	24.0	919.6
8344712	22000.0	3	1000.0	2.2	919.6	22.0	943.8000000000001
8319364	23000.0	3	1000.0	2.3	943.8	23.0	969.0999999999999
8360838	22000.0	3	1000.0	2.2	969.1	22.0	993.3000000000001
8353111	23000.0	3	1000.0	2.3	993.3	23.0	1018.5999999999999
8386892	25000.0	3	1000.0	2.5	1018.6	25.0	1046.1
8331591	21000.0	3	1000.0	2.1	1046.1	21.0	1069.1999999999998
8352202	24000.0	3	1000.0	2.4	1069.2	24.0	1095.6000000000001
8338332	27000.0	3	1000.0	2.7	1095.6	27.0	1125.3
8375436	27000.0	4	4000.0	2.7038	0	6.75	9.453800000000001
8337232	27000.0	4	4000.0	2.7038	9.4538	6.75	18.9076
8391515	26000.0	4	4000.0	2.6038	18.9076	6.5	28.0114
8333820	24000.0	4	4000.0	2.4038	28.0114	6.0	36.4152
8364848	24000.0	4	4000.0	2.4038	36.4152	6.0	44.818999999999996
8333142	22000.0	4	4000.0	2.2038	44.819	5.5	52.522800000000004
8380554	21000.0	4	4000.0	2.1038	52.5228	5.25	59.876599999999996
8320291	35000.0	4	4000.0	3.5038	59.8766	8.75	72.13040000000001
8408212	26000.0	4	4000.0	2.6038	72.1304	6.5	81.2342
8345240	30000.0	4	4000.0	3.0038	81.2342	7.5	91.738
8347089	29000.0	4	4000.0	2.9038	91.738	7.25	101.8918
8380723	20000.0	4	4000.0	2.0038	101.8918	5.0	108.8956
8395883	27000.0	4	4000.0	2.7038	108.8956	6.75	118.3494
8356089	24000.0	4	4000.0	2.4038	118.3494	6.0	126.7532
8389728	25000.0	4	4000.0	2.5038	126.7532	6.25	135.507
8400962	25000.0	4	4000.0	2.5038	135.507	6.25	144.26080000000002
8374730	30000.0	4	4000.0	3.0038	144.2608	7.5	154.7646
8343709	29000.0	4	4000.0	2.9038	154.7646	7.25	164.9184
8396591	24000.0	4	4000.0	2.4038	164.9184	6.0	173.32219999999998
8350067	29000.0	4	4000.0	2.9038	173.3222	7.25	183.476
8326359	28000.0	4	4000.0	2.8038	183.476	7.0	193.2798
8343299	18000.0	4	4000.0	1.8038	193.2798	4.5	199.5836
8393287	20000.0	4	4000.0	2.0038	199.5836	5.0	206.5874
8370840	27000.0	4	4000.0	2.7038	206.5874	6.75	216.0412
8371632	27000.0	4	4000.0	2.7038	216.0412	6.75	225.495
8345985	22000.0	4	4000.0	2.2038	225.495	5.5	233.1988
8371017	25000.0	4	4000.0	2.5038	233.1988	6.25	241.95260000000002
8360799	26000.0	4	4000.0	2.6038	241.9526	6.5	251.0564
8367823	26000.0	4	4000.0	2.6038	251.0564	6.5	260.16020000000003
8390911	21000.0	4	4000.0	2.1038	260.1602	5.25	267.51399999999995
8366921	21000.0	4	4000.0	2.1038	267.514	5.25	274.8678
8373525	28000.0	4	4000.0	2.8038	274.8678	7.0	284.6716
8407726	31000.0	4	4000.0	3.1038	284.6716	7.75	295.5254
8320988	19000.0	4	4000.0	1.9038	295.5254	4.75	302.1792
8320851	31000.0	4	4000.0	3.1038	302.1792	7.75	313.03299999999996
8356506	22000.0	4	4000.0	2.2038	313.033	5.5	320.7368
8345154	23000.0	4	4000.0	2.3038	320.7368	5.75	328.79060000000004
8372148	25000.0	4	4000.0	2.5038	328.7906	6.25	337.5444
8332811	30000.0	4	4000.0	3.0038	337.5444	7.5	348.0482
8365928	29000.0	4	4000.0	2.9038	348.0482	7.25	358.202
8373400	23000.0	4	4000.0	2.3038	358.202	5.75	366.2558
8376312	24000.0	4	4000.0	2.4038	366.2558	6.0	374.6596
8368267	25000.0	4	4000.0	2.5038	374.6596	6.25	383.4134
8374577	31000.0	4	4000.0	3.1038	383.4134	7.75	394.2672
8347789	26000.0	5	4000.0	2.6038	0	6.5	9.1038
8399487	24000.0	5	4000.0	2.4038	9.1038	6.0	17.5076
8346448	21000.0	5	4000.0	2.1038	17.5076	5.25	24.8614
8342820	24000.0	5	4000.0	2.4038	24.8614	6.0	33.2652
8363104	34000.0	5	4000.0	3.4038	33.2652	8.5	45.169
8347138	24000.0	5	4000.0	2.4038	45.169	6.0	53.572799999999994
8325654	22000.0	5	4000.0	2.2038	53.5728	5.5	61.2766
8340472	32000.0	5	4000.0	3.2038	61.2766	8.0	72.4804
8354412	23000.0	5	4000.0	2.3038	72.4804	5.75	80.5342
8337740	24000.0	5	4000.0	2.4038	80.5342	6.0	88.938
8407146	24000.0	5	4000.0	2.4038	88.938	6.0	97.3418
8389953	23000.0	5	4000.0	2.3038	97.3418	5.75	105.3956
8362977	28000.0	5	4000.0	2.8038	105.3956	7.0	115.1994
8328113	23000.0	5	4000.0	2.3038	115.1994	5.75	123.25319999999999
8387993	28000.0	5	4000.0	2.8038	123.2532	7.0	133.05700000000002
8350099	24000.0	5	4000.0	2.4038	133.057	6.0	141.46079999999998
8383823	28000.0	5	4000.0	2.8038	141.4608	7.0	151.2646
8401012	19000.0	5	4000.0	1.9038	151.2646	4.75	157.9184
8355886	30000.0	5	4000.0	3.0038	157.9184	7.5	168.4222
8351620	28000.0	5	4000.0	2.8038	168.4222	7.0	178.226
8404134	30000.0	5	4000.0	3.0038	178.226	7.5	188.7298
8401489	24000.0	5	4000.0	2.4038	188.7298	6.0	197.1336
8334698	30000.0	5	4000.0	3.0038	197.1336	7.5	207.6374
8345573	27000.0	5	4000.0	2.7038	207.6374	6.75	217.09120000000001
8365196	24000.0	5	4000.0	2.4038	217.0912	6.0	225.49499999999998
8354638	26000.0	5	4000.0	2.6038	225.495	6.5	234.5988
8356205	26000.0	5	4000.0	2.6038	234.5988	6.5	243.70260000000002
8387842	28000.0	5	4000.0	2.8038	243.7026	7.0	253.50639999999999
8377333	27000.0	5	4000.0	2.7038	253.5064	6.75	262.9602
8398983	27000.0	5	4000.0	2.7038	262.9602	6.75	272.414
8385969	26000.0	5	4000.0	2.6038	272.414	6.5	281.51779999999997
8410356	31000.0	5	4000.0	3.1038	281.5178	7.75	292.3716
8373731	22000.0	5	4000.0	2.2038	292.3716	5.5	300.0754
8398109	24000.0	5	4000.0	2.4038	300.0754	6.0	308.4792
8363806	29000.0	5	4000.0	2.9038	308.4792	7.25	318.633
8319018	33000.0	5	4000.0	3.3038	318.633	8.25	330.1868
8402827	31000.0	5	4000.0	3.1038	330.1868	7.75	341.0406
8394879	30000.0	5	4000.0	3.0038	341.0406	7.5	351.5444
8411898	24000.0	5	4000.0	2.4038	351.5444	6.0	359.9482
8370012	25000.0	5	4000.0	2.5038	359.9482	6.25	368.702
8329463	21000.0	5	4000.0	2.1038	368.702	5.25	376.0558
8409256	32000.0	5	4000.0	3.2038	376.0558	8.0	387.2596
8374623	29000.0	5	4000.0	2.9038	387.2596	7.25	397.41339999999997
8370292	29000.0	5	4000.0	2.9038	397.4134	7.25	407.5672
8394257	27000.0	5	4000.0	2.7038	407.5672	6.75	417.021
8390132	27000.0	5	4000.0	2.7038	417.021	6.75	426.4748
8395627	23000.0	5	4000.0	2.3038	426.4748	5.75	434.52860000000004
8376227	20000.0	5	4000.0	2.0038	434.5286	5.0	441.5324
8352464	22000.0	6	5000.0	2.2038	0	4.4	6.603800000000001
8320131	21000.0	6	5000.0	2.1038	6.6038	4.2	12.907599999999999
8398718	26000.0	6	5000.0	2.6038	12.9076	5.2	20.7114
8375677	28000.0	6	5000.0	2.8038	20.7114	5.6	29.1152
8356932	23000.0	6	5000.0	2.3038	29.1152	4.6	36.019
8365299	29000.0	6	5000.0	2.9038	36.019	5.8	44.72279999999999
8353796	25000.0	6	5000.0	2.5038	44.7228	5.0	52.2266
8358104	27000.0	6	5000.0	2.7038	52.2266	5.4	60.3304
8332797	26000.0	6	5000.0	2.6038	60.3304	5.2	68.13419999999999
8410158	31000.0	6	5000.0	3.1038	68.1342	6.2	77.43800000000002
8407017	21000.0	6	5000.0	2.1038	77.438	4.2	83.74180000000001
8319869	24000.0	6	5000.0	2.4038	83.7418	4.8	90.9456
8332864	28000.0	6	5000.0	2.8038	90.9456	5.6	99.34939999999999
8352781	23000.0	6	5000.0	2.3038	99.3494	4.6	106.25319999999999
8388137	26000.0	6	5000.0	2.6038	106.2532	5.2	114.05700000000002
8353467	30000.0	6	5000.0	3.0038	114.057	6.0	123.0608
8405882	24000.0	6	5000.0	2.4038	123.0608	4.8	130.2646
8352764	27000.0	6	5000.0	2.7038	130.2646	5.4	138.3684
8351769	25000.0	6	5000.0	2.5038	138.3684	5.0	145.87220000000002
8350419	21000.0	6	5000.0	2.1038	145.8722	4.2	152.176
8355801	25000.0	6	5000.0	2.5038	152.176	5.0	159.6798
8356204	23000.0	6	5000.0	2.3038	159.6798	4.6	166.5836
8323073	26000.0	6	5000.0	2.6038	166.5836	5.2	174.38739999999999
8354087	20000.0	6	5000.0	2.0038	174.3874	4.0	180.39120000000003
8338484	25000.0	6	5000.0	2.5038	180.3912	5.0	187.895
8322225	25000.0	6	5000.0	2.5038	187.895	5.0	195.39880000000002
8355366	25000.0	6	5000.0	2.5038	195.3988	5.0	202.9026
8341977	24000.0	6	5000.0	2.4038	202.9026	4.8	210.1064
8353560	28000.0	6	5000.0	2.8038	210.1064	5.6	218.5102
8369403	23000.0	6	5000.0	2.3038	218.5102	4.6	225.414
8381919	22000.0	6	5000.0	2.2038	225.414	4.4	232.0178
8400077	25000.0	6	5000.0	2.5038	232.0178	5.0	239.5216
8359244	24000.0	6	5000.0	2.4038	239.5216	4.8	246.7254
8380210	22000.0	6	5000.0	2.2038	246.7254	4.4	253.32920000000001
8349831	27000.0	6	5000.0	2.7038	253.3292	5.4	261.43299999999994
8335416	31000.0	6	5000.0	3.1038	261.433	6.2	270.73679999999996
8378752	27000.0	6	5000.0	2.7038	270.7368	5.4	278.8406
8398454	26000.0	6	5000.0	2.6038	278.8406	5.2	286.64439999999996
8359144	18000.0	6	5000.0	1.8038	286.6444	3.6	292.04820000000007
8322866	28000.0	6	5000.0	2.8038	292.0482	5.6	300.45200000000006
8322625	32000.0	6	5000.0	3.2038	300.452	6.4	310.0558
8366569	28000.0	6	5000.0	2.8038	310.0558	5.6	318.4596
8392157	29000.0	6	5000.0	2.9038	318.4596	5.8	327.1634
8391608	21000.0	6	5000.0	2.1038	327.1634	4.2	333.4672
8347137	30000.0	7	5000.0	3.0038	0	6.0	9.0038
8405135	27000.0	7	5000.0	2.7038	9.0038	5.4	17.107599999999998
8357324	26000.0	7	5000.0	2.6038	17.1076	5.2	24.9114
8398755	21000.0	7	5000.0	2.1038	24.9114	4.2	31.2152
8339005	27000.0	7	5000.0	2.7038	31.2152	5.4	39.318999999999996
8351544	33000.0	7	5000.0	3.3038	39.319	6.6	49.22280000000001
8381232	33000.0	7	5000.0	3.3038	49.2228	6.6	59.1266
8384509	29000.0	7	5000.0	2.9038	59.1266	5.8	67.8304
8320295	28000.0	7	5000.0	2.8038	67.8304	5.6	76.23419999999999
8364753	32000.0	7	5000.0	3.2038	76.2342	6.4	85.83800000000001
8336105	24000.0	7	5000.0	2.4038	85.838	4.8	93.0418
8403942	23000.0	7	5000.0	2.3038	93.0418	4.6	99.94559999999998
8354454	27000.0	7	5000.0	2.7038	99.9456	5.4	108.0494
8398563	28000.0	7	5000.0	2.8038	108.0494	5.6	116.4532
8335798	27000.0	7	5000.0	2.7038	116.4532	5.4	124.557
8347802	33000.0	7	5000.0	3.3038	124.557	6.6	134.4608
8322078	21000.0	7	5000.0	2.1038	134.4608	4.2	140.7646
8396742	29000.0	7	5000.0	2.9038	140.7646	5.8	149.4684
8346045	23000.0	7	5000.0	2.3038	149.4684	4.6	156.3722
8404740	26000.0	7	5000.0	2.6038	156.3722	5.2	164.176
8382019	24000.0	7	5000.0	2.4038	164.176	4.8	171.3798
8386083	25000.0	7	5000.0	2.5038	171.3798	5.0	178.8836
8337744	24000.0	7	5000.0	2.4038	178.8836	4.8	186.0874
8366270	21000.0	7	5000.0	2.1038	186.0874	4.2	192.3912
8389432	21000.0	7	5000.0	2.1038	192.3912	4.2	198.695
8328690	22000.0	7	5000.0	2.2038	198.695	4.4	205.2988
8371439	25000.0	7	5000.0	2.5038	205.2988	5.0	212.8026
8362359	24000.0	7	5000.0	2.4038	212.8026	4.8	220.0064
8382992	24000.0	7	5000.0	2.4038	220.0064	4.8	227.21020000000001
8381958	21000.0	7	5000.0	2.1038	227.2102	4.2	233.51399999999998
8400113	25000.0	7	5000.0	2.5038	233.514	5.0	241.01780000000002
8391200	24000.0	7	5000.0	2.4038	241.0178	4.8	248.2216
8394395	23000.0	7	5000.0	2.3038	248.2216	4.6	255.12539999999998
8390997	31000.0	7	5000.0	3.1038	255.1254	6.2	264.4292
8357975	26000.0	7	5000.0	2.6038	264.4292	5.2	272.23299999999995
8326891	25000.0	7	5000.0	2.5038	272.233	5.0	279.7368
8358465	22000.0	7	5000.0	2.2038	279.7368	4.4	286.3406
8362547	30000.0	7	5000.0	3.0038	286.3406	6.0	295.3444
8333379	24000.0	7	5000.0	2.4038	295.3444	4.8	302.5482
8401895	30000.0	7	5000.0	3.0038	302.5482	6.0	311.552
8403829	24000.0	7	5000.0	2.4038	311.552	4.8	318.7558
8408774	23000.0	7	5000.0	2.3038	318.7558	4.6	325.65960000000007
8359454	26000.0	7	5000.0	2.6038	325.6596	5.2	333.4634
8374911	23000.0	7	5000.0	2.3038	333.4634	4.6	340.3672
8357829	30000.0	7	5000.0	3.0038	340.3672	6.0	349.37100000000004
8409878	21000.0	7	5000.0	2.1038	349.371	4.2	355.67479999999995
8335245	24000.0	7	5000.0	2.4038	355.6748	4.8	362.8786
8378989	29000.0	7	5000.0	2.9038	362.8786	5.8	371.5824
8363299	25000.0	7	5000.0	2.5038	371.5824	5.0	379.0862
8338796	25000.0	7	5000.0	2.5038	379.0862	5.0	386.59000000000003
8376195	25000.0	7	5000.0	2.5038	386.59	5.0	394.0938
8341466	27000.0	7	5000.0	2.7038	394.0938	5.4	402.19759999999997
8378722	29000.0	7	5000.0	2.9038	402.1976	5.8	410.9014
8368709	27000.0	7	5000.0	2.7038	410.9014	5.4	419.0052
8319382	24000.0	7	5000.0	2.4038	419.0052	4.8	426.209
8339736	25000.0	7	5000.0	2.5038	426.209	5.0	433.7128
8400404	24000.0	7	5000.0	2.4038	433.7128	4.8	440.9166
8354316	24000.0	8	5000.0	2.4067	0	4.8	7.2067
8333786	30000.0	8	5000.0	3.0067	7.2067	6.0	16.2134
8404009	23000.0	8	5000.0	2.3067	16.2134	4.6	23.1201
8385238	29000.0	8	5000.0	2.9067	23.1201	5.8	31.826800000000002
8367092	29000.0	8	5000.0	2.9067	31.8268	5.8	40.5335
8340479	27000.0	8	5000.0	2.7067	40.5335	5.4	48.64019999999999
8360632	28000.0	8	5000.0	2.8067	48.6402	5.6	57.0469
8393963	34000.0	8	5000.0	3.4067	57.0469	6.8	67.2536
8365574	29000.0	8	5000.0	2.9067	67.2536	5.8	75.9603
8354391	34000.0	8	5000.0	3.4067	75.9603	6.8	86.167
8323924	26000.0	8	5000.0	2.6067	86.167	5.2	93.97370000000001
8336116	24000.0	8	5000.0	2.4067	93.9737	4.8	101.18039999999999
8320104	25000.0	8	5000.0	2.5067	101.1804	5.0	108.6871
8378068	29000.0	8	5000.0	2.9067	108.6871	5.8	117.3938
8387872	23000.0	8	5000.0	2.3067	117.3938	4.6	124.3005
8335035	22000.0	8	5000.0	2.2067	124.3005	4.4	130.9072
8358681	30000.0	8	5000.0	3.0067	130.9072	6.0	139.91389999999998
8338103	35000.0	8	5000.0	3.5067	139.9139	7.0	150.4206
8405652	27000.0	8	5000.0	2.7067	150.4206	5.4	158.52730000000003
8378006	19000.0	8	5000.0	1.9067	158.5273	3.8	164.234
8354701	19000.0	8	5000.0	1.9067	164.234	3.8	169.94070000000002
8347565	24000.0	8	5000.0	2.4067	169.9407	4.8	177.1474
8385794	31000.0	8	5000.0	3.1067	177.1474	6.2	186.45409999999998
8402460	26000.0	8	5000.0	2.6067	186.4541	5.2	194.2608
8354200	33000.0	8	5000.0	3.3067	194.2608	6.6	204.1675
8360250	26000.0	8	5000.0	2.6067	204.1675	5.2	211.97419999999997
8400919	31000.0	8	5000.0	3.1067	211.9742	6.2	221.28089999999997
8351578	24000.0	8	5000.0	2.4067	221.2809	4.8	228.48760000000001
8322967	23000.0	8	5000.0	2.3067	228.4876	4.6	235.3943
8354650	27000.0	8	5000.0	2.7067	235.3943	5.4	243.501
8397287	35000.0	8	5000.0	3.5067	243.501	7.0	254.0077
8408156	25000.0	8	5000.0	2.5067	254.0077	5.0	261.5144
8351316	34000.0	8	5000.0	3.4067	261.5144	6.8	271.72110000000004
8324984	29000.0	8	5000.0	2.9067	271.7211	5.8	280.4278
8390910	27000.0	8	5000.0	2.7067	280.4278	5.4	288.5345
8331711	32000.0	8	5000.0	3.2067	288.5345	6.4	298.14119999999997
8351038	29000.0	8	5000.0	2.9067	298.1412	5.8	306.84790000000004
8395543	23000.0	8	5000.0	2.3067	306.8479	4.6	313.7546
8337510	28000.0	8	5000.0	2.8067	313.7546	5.6	322.1613
8368780	24000.0	8	5000.0	2.4067	322.1613	4.8	329.368
8368762	35000.0	8	5000.0	3.5067	329.368	7.0	339.8747
8409445	25000.0	8	5000.0	2.5067	339.8747	5.0	347.38140000000004
8378871	27000.0	8	5000.0	2.7067	347.3814	5.4	355.4881
8332556	26000.0	8	5000.0	2.6067	355.4881	5.2	363.29479999999995
8397333	28000.0	8	5000.0	2.8067	363.2948	5.6	371.7015
8353322	23000.0	8	5000.0	2.3067	371.7015	4.6	378.6082
8375547	26000.0	8	5000.0	2.6067	378.6082	5.2	386.4149
8326857	24000.0	8	5000.0	2.4067	386.4149	4.8	393.6216
8324618	25000.0	8	5000.0	2.5067	393.6216	5.0	401.1283
8345841	26000.0	8	5000.0	2.6067	401.1283	5.2	408.935
8400494	29000.0	8	5000.0	2.9067	408.935	5.8	417.6417
8398486	26000.0	8	5000.0	2.6067	417.6417	5.2	425.4484
8361581	33000.0	8	5000.0	3.3067	425.4484	6.6	435.3551
8401905	27000.0	8	5000.0	2.7067	435.3551	5.4	443.4618
8363873	22000.0	8	5000.0	2.2067	443.4618	4.4	450.0685
8366064	22000.0	8	5000.0	2.2067	450.0685	4.4	456.67519999999996
8402621	28000.0	8	5000.0	2.8067	456.6752	5.6	465.0819
8384402	31000.0	8	5000.0	3.1067	465.0819	6.2	474.3886
8337501	34000.0	8	5000.0	3.4067	474.3886	6.8	484.5953
8362849	25000.0	8	5000.0	2.5067	484.5953	5.0	492.10200000000003
8366088	21000.0	8	5000.0	2.1067	492.102	4.2	498.40869999999995
8358924	24000.0	8	5000.0	2.4067	498.4087	4.8	505.6154
8376790	31000.0	8	5000.0	3.1067	505.6154	6.2	514.9221
8335133	26000.0	9	6000.0	2.6067	0	4.3333	6.94
8365415	29000.0	9	6000.0	2.9067	6.94	4.8333	14.68
8342568	25000.0	9	6000.0	2.5067	14.68	4.1667	21.353399999999997
8380839	26000.0	9	6000.0	2.6067	21.3534	4.3333	28.293400000000002
8340162	30000.0	9	6000.0	3.0067	28.2934	5.0	36.3001
8323109	30000.0	9	6000.0	3.0067	36.3001	5.0	44.3068
8337298	21000.0	9	6000.0	2.1067	44.3068	3.5	49.9135
8410186	30000.0	9	6000.0	3.0067	49.9135	5.0	57.9202
8343765	24000.0	9	6000.0	2.4067	57.9202	4.0	64.3269
8406123	24000.0	9	6000.0	2.4067	64.3269	4.0	70.7336
8404730	26000.0	9	6000.0	2.6067	70.7336	4.3333	77.6736
8401150	21000.0	9	6000.0	2.1067	77.6736	3.5	83.2803
8351816	24000.0	9	6000.0	2.4067	83.2803	4.0	89.687
8340763	30000.0	9	6000.0	3.0067	89.687	5.0	97.69369999999999
8321522	21000.0	9	6000.0	2.1067	97.6937	3.5	103.30040000000001
8404928	24000.0	9	6000.0	2.4067	103.3004	4.0	109.7071
8384627	22000.0	9	6000.0	2.2067	109.7071	3.6667	115.5805
8343239	25000.0	9	6000.0	2.5067	115.5805	4.1667	122.2539
8350542	27000.0	9	6000.0	2.7067	122.2539	4.5	129.4606
8383516	30000.0	9	6000.0	3.0067	129.4606	5.0	137.4673
8408572	27000.0	9	6000.0	2.7067	137.4673	4.5	144.674
8412101	23000.0	9	6000.0	2.3067	144.674	3.8333	150.81400000000002
8382970	26000.0	9	6000.0	2.6067	150.814	4.3333	157.754
8398285	31000.0	9	6000.0	3.1067	157.754	5.1667	166.02739999999997
8372430	27000.0	9	6000.0	2.7067	166.0274	4.5	173.2341
8405044	24000.0	9	6000.0	2.4067	173.2341	4.0	179.6408
8366502	25000.0	9	6000.0	2.5067	179.6408	4.1667	186.3142
8327045	23000.0	9	6000.0	2.3067	186.3142	3.8333	192.45420000000001
8357978	25000.0	9	6000.0	2.5067	192.4542	4.1667	199.12759999999997
8355319	20000.0	9	6000.0	2.0067	199.1276	3.3333	204.4676
8409222	23000.0	9	6000.0	2.3067	204.4676	3.8333	210.60760000000002
8380118	26000.0	9	6000.0	2.6067	210.6076	4.3333	217.5476
8398462	23000.0	9	6000.0	2.3067	217.5476	3.8333	223.6876
8375906	28000.0	9	6000.0	2.8067	223.6876	4.6667	231.161
8386255	29000.0	9	6000.0	2.9067	231.161	4.8333	238.901
8319100	25000.0	9	6000.0	2.5067	238.901	4.1667	245.5744
8412277	30000.0	9	6000.0	3.0067	245.5744	5.0	253.5811
8408068	30000.0	9	6000.0	3.0067	253.5811	5.0	261.5878
8403083	26000.0	9	6000.0	2.6067	261.5878	4.3333	268.5278
8409797	32000.0	9	6000.0	3.2067	268.5278	5.3333	277.06780000000003
8334027	23000.0	9	6000.0	2.3067	277.0678	3.8333	283.20779999999996
8334059	27000.0	9	6000.0	2.7067	283.2078	4.5	290.41450000000003
8368518	38000.0	10	6000.0	3.8067	0	6.3333	10.14
8408294	21000.0	10	6000.0	2.1067	10.14	3.5	15.7467
8354317	17000.0	10	6000.0	1.7067	15.7467	2.8333	20.286700000000003
8377195	30000.0	10	6000.0	3.0067	20.2867	5.0	28.2934
8393795	25000.0	10	6000.0	2.5067	28.2934	4.1667	34.9668
8336974	22000.0	10	6000.0	2.2067	34.9668	3.6667	40.840199999999996
8361641	29000.0	10	6000.0	2.9067	40.8402	4.8333	48.580200000000005
8373825	23000.0	10	6000.0	2.3067	48.5802	3.8333	54.7202
8320189	26000.0	10	6000.0	2.6067	54.7202	4.3333	61.660199999999996
8324417	29000.0	10	6000.0	2.9067	61.6602	4.8333	69.4002
8349680	29000.0	10	6000.0	2.9067	69.4002	4.8333	77.1402
8406080	28000.0	10	6000.0	2.8067	77.1402	4.6667	84.6136
8400999	26000.0	10	6000.0	2.6067	84.6136	4.3333	91.5536
8399080	26000.0	10	6000.0	2.6067	91.5536	4.3333	98.4936
8378211	24000.0	10	6000.0	2.4067	98.4936	4.0	104.9003
8408473	20000.0	10	6000.0	2.0067	104.9003	3.3333	110.24029999999999
8411260	33000.0	10	6000.0	3.3067	110.2403	5.5	119.04700000000001
8377422	22000.0	10	6000.0	2.2067	119.047	3.6667	124.9204
8351988	30000.0	10	6000.0	3.0067	124.9204	5.0	132.9271
8330729	23000.0	10	6000.0	2.3067	132.9271	3.8333	139.0671
8389998	27000.0	10	6000.0	2.7067	139.0671	4.5	146.27380000000002
8400792	19000.0	10	6000.0	1.9067	146.2738	3.1667	151.3472
8404148	24000.0	10	6000.0	2.4067	151.3472	4.0	157.7539
8354208	32000.0	10	6000.0	3.2067	157.7539	5.3333	166.2939
8389613	27000.0	10	6000.0	2.7067	166.2939	4.5	173.50060000000002
8354055	22000.0	10	6000.0	2.2067	173.5006	3.6667	179.374
8354039	23000.0	10	6000.0	2.3067	179.374	3.8333	185.514
8371486	24000.0	10	6000.0	2.4067	185.514	4.0	191.9207
8320949	25000.0	10	6000.0	2.5067	191.9207	4.1667	198.5941
8386409	29000.0	10	6000.0	2.9067	198.5941	4.8333	206.3341
8401999	31000.0	10	6000.0	3.1067	206.3341	5.1667	214.6075
8355250	25000.0	10	6000.0	2.5067	214.6075	4.1667	221.28089999999997
8330980	24000.0	10	6000.0	2.4067	221.2809	4.0	227.6876
8341194	26000.0	10	6000.0	2.6067	227.6876	4.3333	234.6276
8330535	31000.0	10	6000.0	3.1067	234.6276	5.1667	242.90099999999998
8345158	22000.0	10	6000.0	2.2067	242.901	3.6667	248.7744
8328375	25000.0	10	6000.0	2.5067	248.7744	4.1667	255.4478
8395706	22000.0	10	6000.0	2.2067	255.4478	3.6667	261.3212
8392144	25000.0	10	6000.0	2.5067	261.3212	4.1667	267.9946
8381930	25000.0	10	6000.0	2.5067	267.9946	4.1667	274.668
8406430	28000.0	10	6000.0	2.8067	274.668	4.6667	282.1414
8334363	25000.0	10	6000.0	2.5067	282.1414	4.1667	288.8148
8409062	26000.0	10	6000.0	2.6067	288.8148	4.3333	295.7548
8408178	27000.0	10	6000.0	2.7067	295.7548	4.5	302.9615
8340072	31000.0	10	6000.0	3.1067	302.9615	5.1667	311.2349
8368180	24000.0	11	6000.0	2.4067	0	4.0	6.4067
8403894	24000.0	11	6000.0	2.4067	6.4067	4.0	12.8134
8388551	21000.0	11	6000.0	2.1067	12.8134	3.5	18.420099999999998
8338315	26000.0	11	6000.0	2.6067	18.4201	4.3333	25.360100000000003
8388457	22000.0	11	6000.0	2.2067	25.3601	3.6667	31.2335
8400614	24000.0	11	6000.0	2.4067	31.2335	4.0	37.6402
8375718	23000.0	11	6000.0	2.3067	37.6402	3.8333	43.7802
8340373	32000.0	11	6000.0	3.2067	43.7802	5.3333	52.3202
8404046	25000.0	11	6000.0	2.5067	52.3202	4.1667	58.9936
8396408	24000.0	11	6000.0	2.4067	58.9936	4.0	65.4003
8387353	26000.0	11	6000.0	2.6067	65.4003	4.3333	72.3403
8378179	29000.0	11	6000.0	2.9067	72.3403	4.8333	80.0803
8360296	29000.0	11	6000.0	2.9067	80.0803	4.8333	87.82029999999999
8366385	32000.0	11	6000.0	3.2067	87.8203	5.3333	96.3603
8336700	25000.0	11	6000.0	2.5067	96.3603	4.1667	103.0337
8361309	29000.0	11	6000.0	2.9067	103.0337	4.8333	110.77369999999999
8322959	20000.0	11	6000.0	2.0067	110.7737	3.3333	116.1137
8366298	20000.0	11	6000.0	2.0067	116.1137	3.3333	121.45369999999998
8360528	37000.0	11	6000.0	3.7067	121.4537	6.1667	131.3271
8367321	24000.0	11	6000.0	2.4067	131.3271	4.0	137.7338
8336444	25000.0	11	6000.0	2.5067	137.7338	4.1667	144.4072
8382487	27000.0	11	6000.0	2.7067	144.4072	4.5	151.6139
8354049	28000.0	11	6000.0	2.8067	151.6139	4.6667	159.0873
8344218	23000.0	11	6000.0	2.3067	159.0873	3.8333	165.2273
8381321	36000.0	11	6000.0	3.6067	165.2273	6.0	174.834
8379651	28000.0	11	6000.0	2.8067	174.834	4.6667	182.3074
8374602	27000.0	11	6000.0	2.7067	182.3074	4.5	189.5141
8391029	33000.0	11	6000.0	3.3067	189.5141	5.5	198.32080000000002
8319497	30000.0	11	6000.0	3.0067	198.3208	5.0	206.3275
8348403	24000.0	11	6000.0	2.4067	206.3275	4.0	212.7342
8398248	27000.0	11	6000.0	2.7067	212.7342	4.5	219.9409
8357911	23000.0	11	6000.0	2.3067	219.9409	3.8333	226.0809
8369527	29000.0	11	6000.0	2.9067	226.0809	4.8333	233.82090000000002
8374572	30000.0	11	6000.0	3.0067	233.8209	5.0	241.8276
8382868	22000.0	11	6000.0	2.2067	241.8276	3.6667	247.701
8356674	28000.0	11	6000.0	2.8067	247.701	4.6667	255.1744
8402144	25000.0	11	6000.0	2.5067	255.1744	4.1667	261.8478
8411877	28000.0	11	6000.0	2.8067	261.8478	4.6667	269.3212
8377197	26000.0	11	6000.0	2.6067	269.3212	4.3333	276.2612
8375058	25000.0	11	6000.0	2.5067	276.2612	4.1667	282.9346
8370595	23000.0	11	6000.0	2.3067	282.9346	3.8333	289.0746
8372967	28000.0	11	6000.0	2.8067	289.0746	4.6667	296.54799999999994
8367982	22000.0	11	6000.0	2.2067	296.548	3.6667	302.4214
8330524	21000.0	12	6000.0	2.1	0	3.5	5.6
8334662	29000.0	12	6000.0	2.9	5.6	4.8333	13.333300000000001
8342574	22000.0	12	6000.0	2.2	13.3333	3.6667	19.2
8355671	31000.0	12	6000.0	3.1	19.2	5.1667	27.4667
8349115	25000.0	12	6000.0	2.5	27.4667	4.1667	34.1334
8377356	29000.0	12	6000.0	2.9	34.1334	4.8333	41.8667
8381245	31000.0	12	6000.0	3.1	41.8667	5.1667	50.1334
8362022	23000.0	12	6000.0	2.3	50.1334	3.8333	56.2667
8324213	25000.0	12	6000.0	2.5	56.2667	4.1667	62.9334
8324232	28000.0	12	6000.0	2.8	62.9334	4.6667	70.40010000000001
8361691	26000.0	12	6000.0	2.6	70.4001	4.3333	77.33339999999998
8411496	23000.0	12	6000.0	2.3	77.3334	3.8333	83.46669999999999
8369140	24000.0	12	6000.0	2.4	83.4667	4.0	89.86670000000001
8368038	32000.0	12	6000.0	3.2	89.8667	5.3333	98.39999999999999
8403945	29000.0	12	6000.0	2.9	98.4	4.8333	106.1333
8345277	26000.0	12	6000.0	2.6	106.1333	4.3333	113.0666
8388493	27000.0	12	6000.0	2.7	113.0666	4.5	120.2666
8404339	30000.0	12	6000.0	3.0	120.2666	5.0	128.26659999999998
8329829	30000.0	12	6000.0	3.0	128.2666	5.0	136.2666
8388185	25000.0	12	6000.0	2.5	136.2666	4.1667	142.9333
8406092	29000.0	12	6000.0	2.9	142.9333	4.8333	150.66660000000002
8408433	29000.0	12	6000.0	2.9	150.6666	4.8333	158.3999
8388115	21000.0	12	6000.0	2.1	158.3999	3.5	163.9999
8338420	22000.0	12	6000.0	2.2	163.9999	3.6667	169.86659999999998
8399115	22000.0	12	6000.0	2.2	169.8666	3.6667	175.73329999999999
8340822	23000.0	12	6000.0	2.3	175.7333	3.8333	181.86660000000003
8385793	21000.0	12	6000.0	2.1	181.8666	3.5	187.4666
8355772	24000.0	12	6000.0	2.4	187.4666	4.0	193.8666
8397381	27000.0	12	6000.0	2.7	193.8666	4.5	201.0666
8333917	26000.0	12	6000.0	2.6	201.0666	4.3333	207.9999
8384368	23000.0	12	6000.0	2.3	207.9999	3.8333	214.13320000000002
8389059	24000.0	12	6000.0	2.4	214.1332	4.0	220.5332
8322601	25000.0	12	6000.0	2.5	220.5332	4.1667	227.19989999999999
8362490	26000.0	12	6000.0	2.6	227.1999	4.3333	234.13320000000002
8374002	25000.0	12	6000.0	2.5	234.1332	4.1667	240.79989999999998
8381923	22000.0	12	6000.0	2.2	240.7999	3.6667	246.6666
8403530	22000.0	12	6000.0	2.2	246.6666	3.6667	252.53329999999997
8403810	26000.0	12	6000.0	2.6	252.5333	4.3333	259.46659999999997
8392095	26000.0	12	6000.0	2.6	259.4666	4.3333	266.39990000000006
8374562	30000.0	12	6000.0	3.0	266.3999	5.0	274.3999
8395671	25000.0	12	6000.0	2.5	274.3999	4.1667	281.0666
8391066	19000.0	12	6000.0	1.9	281.0666	3.1667	286.13329999999996
8328430	28000.0	12	6000.0	2.8	286.1333	4.6667	293.6
8323216	24000.0	12	6000.0	2.4	293.6	4.0	300.0
8356558	23000.0	12	6000.0	2.3	300.0	3.8333	306.1333
8408179	23000.0	12	6000.0	2.3	306.1333	3.8333	312.26660000000004
8334046	24000.0	12	6000.0	2.4	312.2666	4.0	318.66659999999996
8340163	28000.0	12	6000.0	2.8	318.6666	4.6667	326.1333
8407506	22000.0	12	6000.0	2.2	326.1333	3.6667	332.0
8394169	25000.0	12	6000.0	2.5	332.0	4.1667	338.6667
8372203	27000.0	12	6000.0	2.7	338.6667	4.5	345.8667
8335749	19000.0	13	8000.0	1.9	0	2.375	4.275
8402389	25000.0	13	8000.0	2.5	4.275	3.125	9.9
8362073	25000.0	13	8000.0	2.5	9.9	3.125	15.525
8338996	23000.0	13	8000.0	2.3	15.525	2.875	20.7
8331765	21000.0	13	8000.0	2.1	20.7	2.625	25.425
8379410	25000.0	13	8000.0	2.5	25.425	3.125	31.05
8354475	27000.0	13	8000.0	2.7	31.05	3.375	37.125
8370472	29000.0	13	8000.0	2.9	37.125	3.625	43.65
8321185	28000.0	13	8000.0	2.8	43.65	3.5	49.949999999999996
8342346	23000.0	13	8000.0	2.3	49.95	2.875	55.125
8398641	20000.0	13	8000.0	2.0	55.125	2.5	59.625
8408742	26000.0	13	8000.0	2.6	59.625	3.25	65.475
8367927	23000.0	13	8000.0	2.3	65.475	2.875	70.64999999999999
8333517	23000.0	13	8000.0	2.3	70.65	2.875	75.825
8337862	26000.0	13	8000.0	2.6	75.825	3.25	81.675
8405922	25000.0	13	8000.0	2.5	81.675	3.125	87.3
8411326	23000.0	13	8000.0	2.3	87.3	2.875	92.475
8337940	21000.0	13	8000.0	2.1	92.475	2.625	97.19999999999999
8333190	27000.0	13	8000.0	2.7	97.2	3.375	103.275
8385775	24000.0	13	8000.0	2.4	103.275	3.0	108.67500000000001
8333092	26000.0	13	8000.0	2.6	108.675	3.25	114.52499999999999
8396781	23000.0	13	8000.0	2.3	114.525	2.875	119.7
8396760	29000.0	13	8000.0	2.9	119.7	3.625	126.22500000000001
8391950	24000.0	13	8000.0	2.4	126.225	3.0	131.625
8319468	35000.0	13	8000.0	3.5	131.625	4.375	139.5
8346600	28000.0	13	8000.0	2.8	139.5	3.5	145.8
8394615	27000.0	13	8000.0	2.7	145.8	3.375	151.875
8334106	29000.0	13	8000.0	2.9	151.875	3.625	158.4
8319486	26000.0	13	8000.0	2.6	158.4	3.25	164.25
8351036	27000.0	13	8000.0	2.7	164.25	3.375	170.325
8349257	22000.0	13	8000.0	2.2	170.325	2.75	175.27499999999998
8341899	23000.0	13	8000.0	2.3	175.275	2.875	180.45000000000002
8368652	26000.0	13	8000.0	2.6	180.45	3.25	186.29999999999998
8399963	27000.0	13	8000.0	2.7	186.3	3.375	192.375
8402086	26000.0	13	8000.0	2.6	192.375	3.25	198.225
8386842	24000.0	13	8000.0	2.4	198.225	3.0	203.625
8395155	21000.0	13	8000.0	2.1	203.625	2.625	208.35
8334304	25000.0	13	8000.0	2.5	208.35	3.125	213.975
8352288	30000.0	13	8000.0	3.0	213.975	3.75	220.725
8345852	22000.0	13	8000.0	2.2	220.725	2.75	225.67499999999998
8389164	24000.0	13	8000.0	2.4	225.675	3.0	231.07500000000002
8340096	26000.0	13	8000.0	2.6	231.075	3.25	236.92499999999998
8357768	23000.0	13	8000.0	2.3	236.925	2.875	242.10000000000002
8397885	25000.0	13	8000.0	2.5	242.1	3.125	247.725
8366531	28000.0	13	8000.0	2.8	247.725	3.5	254.025
8319132	32000.0	13	8000.0	3.2	254.025	4.0	261.225
8348976	27000.0	13	8000.0	2.7	261.225	3.375	267.3
8345921	30000.0	14	12000.0	3.0	0	2.5	5.5
8338531	22000.0	14	12000.0	2.2	5.5	1.8333	9.5333
8412181	28000.0	14	12000.0	2.8	9.5333	2.3333	14.6666
8382551	31000.0	14	12000.0	3.1	14.6666	2.5833	20.3499
8336136	26000.0	14	12000.0	2.6	20.3499	2.1667	25.116600000000002
8338554	29000.0	14	12000.0	2.9	25.1166	2.4167	30.433299999999996
8397068	29000.0	14	12000.0	2.9	30.4333	2.4167	35.75
8411805	26000.0	14	12000.0	2.6	35.75	2.1667	40.5167
8327320	26000.0	14	12000.0	2.6	40.5167	2.1667	45.2834
8389205	27000.0	14	12000.0	2.7	45.2834	2.25	50.2334
8321958	23000.0	14	12000.0	2.3	50.2334	1.9167	54.4501
8345352	25000.0	14	12000.0	2.5	54.4501	2.0833	59.0334
8383405	23000.0	14	12000.0	2.3	59.0334	1.9167	63.250099999999996
8347435	32000.0	14	12000.0	3.2	63.2501	2.6667	69.11680000000001
8390570	29000.0	14	12000.0	2.9	69.1168	2.4167	74.43350000000001
8381156	29000.0	14	12000.0	2.9	74.4335	2.4167	79.7502
8350019	22000.0	14	12000.0	2.2	79.7502	1.8333	83.7835
8333605	25000.0	14	12000.0	2.5	83.7835	2.0833	88.3668
8383750	31000.0	14	12000.0	3.1	88.3668	2.5833	94.05009999999999
8406084	23000.0	14	12000.0	2.3	94.0501	1.9167	98.2668
8379776	29000.0	14	12000.0	2.9	98.2668	2.4167	103.58350000000002
8321505	28000.0	14	12000.0	2.8	103.5835	2.3333	108.71679999999999
8353854	22000.0	14	12000.0	2.2	108.7168	1.8333	112.7501
8381562	33000.0	14	12000.0	3.3	112.7501	2.75	118.8001
8328164	25000.0	14	12000.0	2.5	118.8001	2.0833	123.3834
8401501	25000.0	14	12000.0	2.5	123.3834	2.0833	127.96669999999999
8380097	22000.0	14	12000.0	2.2	127.9667	1.8333	132.0
8389504	24000.0	14	12000.0	2.4	132.0	2.0	136.4
8384612	21000.0	14	12000.0	2.1	136.4	1.75	140.25
8398925	29000.0	14	12000.0	2.9	140.25	2.4167	145.5667
8371503	29000.0	14	12000.0	2.9	145.5667	2.4167	150.8834
8351023	26000.0	14	12000.0	2.6	150.8834	2.1667	155.65009999999998
8341527	22000.0	14	12000.0	2.2	155.6501	1.8333	159.6834
8399863	27000.0	14	12000.0	2.7	159.6834	2.25	164.6334
8351264	20000.0	14	12000.0	2.0	164.6334	1.6667	168.3001
8394930	29000.0	14	12000.0	2.9	168.3001	2.4167	173.61679999999998
8349030	23000.0	14	12000.0	2.3	173.6168	1.9167	177.83350000000002
8322466	31000.0	14	12000.0	3.1	177.8335	2.5833	183.5168
8402996	23000.0	14	12000.0	2.3	183.5168	1.9167	187.7335
8329888	21000.0	14	12000.0	2.1	187.7335	1.75	191.5835
8386782	26000.0	14	12000.0	2.6	191.5835	2.1667	196.35019999999997
8372293	23000.0	14	12000.0	2.3	196.3502	1.9167	200.5669
8368863	23000.0	14	12000.0	2.3	200.5669	1.9167	204.7836
8379288	24000.0	14	12000.0	2.4	204.7836	2.0	209.1836
8331665	29000.0	14	12000.0	2.9	209.1836	2.4167	214.5003
8366721	26000.0	14	12000.0	2.6	214.5003	2.1667	219.267
8359575	21000.0	14	12000.0	2.1	219.267	1.75	223.117
8394452	28000.0	14	12000.0	2.8	223.117	2.3333	228.2503
8384069	26000.0	14	12000.0	2.6	228.2503	2.1667	233.017
8380494	25000.0	14	12000.0	2.5	233.017	2.0833	237.6003
8359412	27000.0	14	12000.0	2.7	237.6003	2.25	242.5503
8407468	23000.0	14	12000.0	2.3	242.5503	1.9167	246.767
8329877	30000.0	14	12000.0	3.0	246.767	2.5	252.267
8409958	25000.0	14	12000.0	2.5	252.267	2.0833	256.8503
8407928	32000.0	14	12000.0	3.2	256.8503	2.6667	262.717
8384127	32000.0	14	12000.0	3.2	262.717	2.6667	268.58369999999996
8364612	33000.0	14	12000.0	3.3	268.5837	2.75	274.63370000000003
8365768	25000.0	14	12000.0	2.5	274.6337	2.0833	279.217
8380397	24000.0	14	12000.0	2.4	279.217	2.0	283.61699999999996
8390397	32000.0	14	12000.0	3.2	283.617	2.6667	289.4837
8330858	27000.0	14	12000.0	2.7	289.4837	2.25	294.4337
8409809	26000.0	14	12000.0	2.6	294.4337	2.1667	299.2004
8400762	23000.0	15	16000.0	2.3	0	1.4375	3.7375
8360550	27000.0	15	16000.0	2.7	3.7375	1.6875	8.125
8345942	25000.0	15	16000.0	2.5	8.125	1.5625	12.1875
8339873	32000.0	15	16000.0	3.2	12.1875	2.0	17.3875
8342314	27000.0	15	16000.0	2.7	17.3875	1.6875	21.775
8370478	22000.0	15	16000.0	2.2	21.775	1.375	25.349999999999998
8379384	23000.0	15	16000.0	2.3	25.35	1.4375	29.087500000000002
8357034	24000.0	15	16000.0	2.4	29.0875	1.5	32.9875
8409165	29000.0	15	16000.0	2.9	32.9875	1.8125	37.699999999999996
8335295	27000.0	15	16000.0	2.7	37.7	1.6875	42.087500000000006
8358166	26000.0	15	16000.0	2.6	42.0875	1.625	46.3125
8340407	20000.0	15	16000.0	2.0	46.3125	1.25	49.5625
8360325	25000.0	15	16000.0	2.5	49.5625	1.5625	53.625
8388212	23000.0	15	16000.0	2.3	53.625	1.4375	57.3625
8392753	25000.0	15	16000.0	2.5	57.3625	1.5625	61.425
8362723	23000.0	15	16000.0	2.3	61.425	1.4375	65.1625
8399136	24000.0	15	16000.0	2.4	65.1625	1.5	69.0625
8376460	22000.0	15	16000.0	2.2	69.0625	1.375	72.6375
8346758	27000.0	15	16000.0	2.7	72.6375	1.6875	77.025
8392928	27000.0	15	16000.0	2.7	77.025	1.6875	81.41250000000001
8331194	23000.0	15	16000.0	2.3	81.4125	1.4375	85.14999999999999
8403725	22000.0	15	16000.0	2.2	85.15	1.375	88.72500000000001
8319232	22000.0	15	16000.0	2.2	88.725	1.375	92.3
8326753	29000.0	15	16000.0	2.9	92.3	1.8125	97.0125
8373754	29000.0	15	16000.0	2.9	97.0125	1.8125	101.72500000000001
8363321	28000.0	15	16000.0	2.8	101.725	1.75	106.27499999999999
8394473	32000.0	15	16000.0	3.2	106.275	2.0	111.47500000000001
8365715	27000.0	15	16000.0	2.7	111.475	1.6875	115.8625
8327066	28000.0	15	16000.0	2.8	115.8625	1.75	120.4125
8341616	23000.0	15	16000.0	2.3	120.4125	1.4375	124.14999999999999
8376224	24000.0	15	16000.0	2.4	124.15	1.5	128.05
8397355	28000.0	15	16000.0	2.8	128.05	1.75	132.60000000000002
8333909	28000.0	15	16000.0	2.8	132.6	1.75	137.15
8391777	24000.0	15	16000.0	2.4	137.15	1.5	141.05
8359490	23000.0	15	16000.0	2.3	141.05	1.4375	144.78750000000002
8372536	30000.0	15	16000.0	3.0	144.7875	1.875	149.6625
8369010	30000.0	15	16000.0	3.0	149.6625	1.875	154.5375
8341727	30000.0	15	16000.0	3.0	154.5375	1.875	159.4125
8362614	26000.0	15	16000.0	2.6	159.4125	1.625	163.6375
8349816	24000.0	15	16000.0	2.4	163.6375	1.5	167.5375
8391734	26000.0	15	16000.0	2.6	167.5375	1.625	171.7625
8373260	30000.0	15	16000.0	3.0	171.7625	1.875	176.6375
8324961	20000.0	15	16000.0	2.0	176.6375	1.25	179.8875
8380144	23000.0	15	16000.0	2.3	179.8875	1.4375	183.625
8364411	25000.0	16	18000.0	2.5058	0	1.3889	3.8947
8385866	28000.0	16	18000.0	2.8058	3.8947	1.5556	8.2561
8335453	26000.0	16	18000.0	2.6058	8.2561	1.4444	12.3063
8342537	30000.0	16	18000.0	3.0058	12.3063	1.6667	16.9788
8358171	28000.0	16	18000.0	2.8058	16.9788	1.5556	21.340200000000003
8392306	37000.0	16	18000.0	3.7058	21.3402	2.0556	27.101599999999998
8365503	27000.0	16	18000.0	2.7058	27.1016	1.5	31.3074
8378067	35000.0	16	18000.0	3.5058	31.3074	1.9444	36.757600000000004
8327653	23000.0	16	18000.0	2.3058	36.7576	1.2778	40.34119999999999
8381566	24000.0	16	18000.0	2.4058	40.3412	1.3333	44.0803
8371029	28000.0	16	18000.0	2.8058	44.0803	1.5556	48.4417
8337962	27000.0	16	18000.0	2.7058	48.4417	1.5	52.647499999999994
8340725	22000.0	16	18000.0	2.2058	52.6475	1.2222	56.075500000000005
8343856	26000.0	16	18000.0	2.6058	56.0755	1.4444	60.1257
8377563	22000.0	16	18000.0	2.2058	60.1257	1.2222	63.553700000000006
8367591	29000.0	16	18000.0	2.9058	63.5537	1.6111	68.0706
8404706	29000.0	16	18000.0	2.9058	68.0706	1.6111	72.58749999999999
8339105	25000.0	16	18000.0	2.5058	72.5875	1.3889	76.4822
8408299	26000.0	16	18000.0	2.6058	76.4822	1.4444	80.53240000000001
8354111	31000.0	16	18000.0	3.1058	80.5324	1.7222	85.3604
8379699	25000.0	16	18000.0	2.5058	85.3604	1.3889	89.2551
8387444	33000.0	16	18000.0	3.3058	89.2551	1.8333	94.3942
8328922	24000.0	16	18000.0	2.4058	94.3942	1.3333	98.13329999999999
8318564	24000.0	16	18000.0	2.4058	98.1333	1.3333	101.8724
8381514	29000.0	16	18000.0	2.9058	101.8724	1.6111	106.38929999999999
8391126	23000.0	16	18000.0	2.3058	106.3893	1.2778	109.97290000000001
8340678	33000.0	16	18000.0	3.3058	109.9729	1.8333	115.112
8349054	28000.0	16	18000.0	2.8058	115.112	1.5556	119.4734
8400118	28000.0	16	18000.0	2.8058	119.4734	1.5556	123.8348
8338367	31000.0	16	18000.0	3.1058	123.8348	1.7222	128.6628
8369377	25000.0	16	18000.0	2.5058	128.6628	1.3889	132.5575
8318547	29000.0	16	18000.0	2.9058	132.5575	1.6111	137.0744
8374982	25000.0	16	18000.0	2.5058	137.0744	1.3889	140.9691
8382780	28000.0	16	18000.0	2.8058	140.9691	1.5556	145.3305
8373946	27000.0	16	18000.0	2.7058	145.3305	1.5	149.5363
8355330	28000.0	16	18000.0	2.8058	149.5363	1.5556	153.89770000000001
8372373	24000.0	16	18000.0	2.4058	153.8977	1.3333	157.6368
8373673	28000.0	16	18000.0	2.8058	157.6368	1.5556	161.9982
8334477	28000.0	16	18000.0	2.8058	161.9982	1.5556	166.3596
8337569	22000.0	16	18000.0	2.2058	166.3596	1.2222	169.7876
8356475	32000.0	16	18000.0	3.2058	169.7876	1.7778	174.77120000000002
8366139	24000.0	16	18000.0	2.4058	174.7712	1.3333	178.5103
8381938	27000.0	16	18000.0	2.7058	178.5103	1.5	182.7161
8349858	26000.0	16	18000.0	2.6058	182.7161	1.4444	186.7663
8354482	23000.0	16	18000.0	2.3058	186.7663	1.2778	190.34990000000002
8411053	33000.0	16	18000.0	3.3058	190.3499	1.8333	195.489
8405357	29000.0	17	24000.0	2.9058	0	1.2083	4.1141000000000005
8351529	22000.0	17	24000.0	2.2058	4.1141	0.9167	7.236599999999999
8392498	28000.0	17	24000.0	2.8058	7.2366	1.1667	11.209100000000001
8367255	28000.0	17	24000.0	2.8058	11.2091	1.1667	15.1816
8392236	18000.0	17	24000.0	1.8058	15.1816	0.75	17.7374
8388611	24000.0	17	24000.0	2.4058	17.7374	1.0	21.1432
8324173	25000.0	17	24000.0	2.5058	21.1432	1.0417	24.6907
8338882	24000.0	17	24000.0	2.4058	24.6907	1.0	28.0965
8412638	23000.0	17	24000.0	2.3058	28.0965	0.9583	31.3606
8393910	32000.0	17	24000.0	3.2058	31.3606	1.3333	35.8997
8340160	27000.0	17	24000.0	2.7058	35.8997	1.125	39.730500000000006
8376398	32000.0	17	24000.0	3.2058	39.7305	1.3333	44.269600000000004
8392769	26000.0	17	24000.0	2.6058	44.2696	1.0833	47.9587
8378173	27000.0	17	24000.0	2.7058	47.9587	1.125	51.789500000000004
8344068	24000.0	17	24000.0	2.4058	51.7895	1.0	55.195299999999996
8404959	24000.0	17	24000.0	2.4058	55.1953	1.0	58.6011
8333577	27000.0	17	24000.0	2.7058	58.6011	1.125	62.4319
8396602	29000.0	17	24000.0	2.9058	62.4319	1.2083	66.54599999999999
8337990	23000.0	17	24000.0	2.3058	66.546	0.9583	69.8101
8324729	28000.0	17	24000.0	2.8058	69.8101	1.1667	73.78260000000002
8396618	30000.0	17	24000.0	3.0058	73.7826	1.25	78.0384
8322038	25000.0	17	24000.0	2.5058	78.0384	1.0417	81.5859
8383544	27000.0	17	24000.0	2.7058	81.5859	1.125	85.41669999999999
8405483	31000.0	17	24000.0	3.1058	85.4167	1.2917	89.81420000000001
8396852	30000.0	17	24000.0	3.0058	89.8142	1.25	94.07
8337774	27000.0	17	24000.0	2.7058	94.07	1.125	97.90079999999999
8377734	22000.0	17	24000.0	2.2058	97.9008	0.9167	101.0233
8396127	25000.0	17	24000.0	2.5058	101.0233	1.0417	104.5708
8410544	26000.0	17	24000.0	2.6058	104.5708	1.0833	108.2599
8351645	25000.0	17	24000.0	2.5058	108.2599	1.0417	111.8074
8336158	26000.0	17	24000.0	2.6058	111.8074	1.0833	115.4965
8398896	29000.0	17	24000.0	2.9058	115.4965	1.2083	119.61059999999999
8351658	18000.0	17	24000.0	1.8058	119.6106	0.75	122.16640000000001
8406794	32000.0	17	24000.0	3.2058	122.1664	1.3333	126.70549999999999
8324942	27000.0	17	24000.0	2.7058	126.7055	1.125	130.5363
8326734	22000.0	17	24000.0	2.2058	130.5363	0.9167	133.6588
8398025	32000.0	17	24000.0	3.2058	133.6588	1.3333	138.19790000000003
8401998	29000.0	17	24000.0	2.9058	138.1979	1.2083	142.312
8357983	28000.0	17	24000.0	2.8058	142.312	1.1667	146.2845
8364025	27000.0	17	24000.0	2.7058	146.2845	1.125	150.11530000000002
8328500	25000.0	17	24000.0	2.5058	150.1153	1.0417	153.66279999999998
8394519	21000.0	17	24000.0	2.1058	153.6628	0.875	156.6436
8388962	22000.0	17	24000.0	2.2058	156.6436	0.9167	159.7661
8365744	22000.0	17	24000.0	2.2058	159.7661	0.9167	162.8886
8407659	34000.0	17	24000.0	3.4058	162.8886	1.4167	167.7111
8360768	26000.0	17	24000.0	2.6058	167.7111	1.0833	171.40019999999998
8339657	28000.0	17	24000.0	2.8058	171.4002	1.1667	175.3727
8357093	26000.0	17	24000.0	2.6058	175.3727	1.0833	179.0618
8363243	23000.0	17	24000.0	2.3058	179.0618	0.9583	182.32590000000002
8341288	26000.0	17	24000.0	2.6058	182.3259	1.0833	186.015
8322653	22000.0	17	24000.0	2.2058	186.015	0.9167	189.1375
8336361	22000.0	17	24000.0	2.2058	189.1375	0.9167	192.26
8410941	23000.0	17	24000.0	2.3058	192.26	0.9583	195.5241
8394077	28000.0	17	24000.0	2.8058	195.5241	1.1667	199.4966
8403417	22000.0	17	24000.0	2.2058	199.4966	0.9167	202.6191
8353332	31000.0	17	24000.0	3.1058	202.6191	1.2917	207.01659999999998
8394254	21000.0	17	24000.0	2.1058	207.0166	0.875	209.9974
8328530	21000.0	17	24000.0	2.1058	209.9974	0.875	212.9782
8409101	26000.0	17	24000.0	2.6058	212.9782	1.0833	216.66729999999998
8371985	30000.0	17	24000.0	3.0058	216.6673	1.25	220.9231
8377973	24000.0	18	30000.0	2.4058	0	0.8	3.2058
8361992	24000.0	18	30000.0	2.4058	3.2058	0.8	6.4116
8401560	21000.0	18	30000.0	2.1058	6.4116	0.7	9.2174
8355698	24000.0	18	30000.0	2.4058	9.2174	0.8	12.423200000000001
8362037	25000.0	18	30000.0	2.5058	12.4232	0.8333	15.762299999999998
8356418	26000.0	18	30000.0	2.6058	15.7623	0.8667	19.2348
8361708	25000.0	18	30000.0	2.5058	19.2348	0.8333	22.573900000000002
8411016	23000.0	18	30000.0	2.3058	22.5739	0.7667	25.6464
8347877	24000.0	18	30000.0	2.4058	25.6464	0.8	28.8522
8400589	29000.0	18	30000.0	2.9058	28.8522	0.9667	32.7247
8362930	17000.0	18	30000.0	1.7058	32.7247	0.5667	34.99719999999999
8375244	25000.0	18	30000.0	2.5058	34.9972	0.8333	38.3363
8408539	33000.0	18	30000.0	3.3058	38.3363	1.1	42.7421
8390569	25000.0	18	30000.0	2.5058	42.7421	0.8333	46.0812
8409638	23000.0	18	30000.0	2.3058	46.0812	0.7667	49.1537
8400924	25000.0	18	30000.0	2.5058	49.1537	0.8333	52.4928
8362441	29000.0	18	30000.0	2.9058	52.4928	0.9667	56.365300000000005
8401280	24000.0	18	30000.0	2.4058	56.3653	0.8	59.571099999999994
8343837	25000.0	18	30000.0	2.5058	59.5711	0.8333	62.9102
8353829	20000.0	18	30000.0	2.0058	62.9102	0.6667	65.5827
8350426	25000.0	18	30000.0	2.5058	65.5827	0.8333	68.92179999999999
8363068	29000.0	18	30000.0	2.9058	68.9218	0.9667	72.7943
8371444	28000.0	18	30000.0	2.8058	72.7943	0.9333	76.53340000000001
8401416	27000.0	18	30000.0	2.7058	76.5334	0.9	80.1392
8392158	28000.0	18	30000.0	2.8058	80.1392	0.9333	83.87830000000001
8360735	24000.0	18	30000.0	2.4058	83.8783	0.8	87.08409999999999
8395232	32000.0	18	30000.0	3.2058	87.0841	1.0667	91.3566
8390914	29000.0	18	30000.0	2.9058	91.3566	0.9667	95.2291
8368674	29000.0	18	30000.0	2.9058	95.2291	0.9667	99.1016
8363803	29000.0	18	30000.0	2.9058	99.1016	0.9667	102.9741
8344961	25000.0	18	30000.0	2.5058	102.9741	0.8333	106.3132
8391117	28000.0	18	30000.0	2.8058	106.3132	0.9333	110.0523
8321686	28000.0	18	30000.0	2.8058	110.0523	0.9333	113.79140000000001
8320852	28000.0	18	30000.0	2.8058	113.7914	0.9333	117.5305
8407808	24000.0	18	30000.0	2.4058	117.5305	0.8	120.7363
8359679	26000.0	18	30000.0	2.6058	120.7363	0.8667	124.2088
8358315	27000.0	18	30000.0	2.7058	124.2088	0.9	127.8146
8391795	22000.0	18	30000.0	2.2058	127.8146	0.7333	130.7537
8366800	22000.0	18	30000.0	2.2058	130.7537	0.7333	133.69280000000003
8372624	27000.0	18	30000.0	2.7058	133.6928	0.9	137.29860000000002
8368282	23000.0	18	30000.0	2.3058	137.2986	0.7667	140.37109999999998
8372487	19000.0	18	30000.0	1.9058	140.3711	0.6333	142.9102
8412299	22000.0	18	30000.0	2.2058	142.9102	0.7333	145.84930000000003
8398741	22000.0	19	30000.0	2.2058	0	0.7333	2.9391
8366260	26000.0	19	30000.0	2.6058	2.9391	0.8667	6.4116
8404031	17000.0	19	30000.0	1.7058	6.4116	0.5667	8.6841
8403995	28000.0	19	30000.0	2.8058	8.6841	0.9333	12.423200000000001
8379464	24000.0	19	30000.0	2.4058	12.4232	0.8	15.629000000000001
8375803	21000.0	19	30000.0	2.1058	15.629	0.7	18.4348
8400562	34000.0	19	30000.0	3.4058	18.4348	1.1333	22.973899999999997
8397082	31000.0	19	30000.0	3.1058	22.9739	1.0333	27.113
8410620	35000.0	19	30000.0	3.5058	27.113	1.1667	31.7855
8400555	27000.0	19	30000.0	2.7058	31.7855	0.9	35.391299999999994
8348776	31000.0	19	30000.0	3.1058	35.3913	1.0333	39.5304
8393613	25000.0	19	30000.0	2.5058	39.5304	0.8333	42.8695
8385206	28000.0	19	30000.0	2.8058	42.8695	0.9333	46.6086
8342357	30000.0	19	30000.0	3.0058	46.6086	1.0	50.6144
8370206	22000.0	19	30000.0	2.2058	50.6144	0.7333	53.5535
8322095	24000.0	19	30000.0	2.4058	53.5535	0.8	56.759299999999996
8364357	23000.0	19	30000.0	2.3058	56.7593	0.7667	59.8318
8340871	27000.0	19	30000.0	2.7058	59.8318	0.9	63.437599999999996
8343996	30000.0	19	30000.0	3.0058	63.4376	1.0	67.4434
8343057	21000.0	19	30000.0	2.1058	67.4434	0.7	70.2492
8330663	28000.0	19	30000.0	2.8058	70.2492	0.9333	73.98830000000001
8347170	25000.0	19	30000.0	2.5058	73.9883	0.8333	77.32739999999998
8354042	28000.0	19	30000.0	2.8058	77.3274	0.9333	81.0665
8319939	24000.0	19	30000.0	2.4058	81.0665	0.8	84.2723
8318663	24000.0	19	30000.0	2.4058	84.2723	0.8	87.4781
8375626	28000.0	19	30000.0	2.8058	87.4781	0.9333	91.2172
8385355	28000.0	19	30000.0	2.8058	91.2172	0.9333	94.95630000000001
8391948	23000.0	19	30000.0	2.3058	94.9563	0.7667	98.0288
8328370	31000.0	19	30000.0	3.1058	98.0288	1.0333	102.1679
8348065	32000.0	19	30000.0	3.2058	102.1679	1.0667	106.4404
8359827	23000.0	19	30000.0	2.3058	106.4404	0.7667	109.5129
8380349	33000.0	19	30000.0	3.3058	109.5129	1.1	113.9187
8360803	29000.0	19	30000.0	2.9058	113.9187	0.9667	117.7912
8329359	24000.0	19	30000.0	2.4058	117.7912	0.8	120.997
8401863	24000.0	19	30000.0	2.4058	120.997	0.8	124.2028
8328358	30000.0	19	30000.0	3.0058	124.2028	1.0	128.2086
8330421	23000.0	19	30000.0	2.3058	128.2086	0.7667	131.28109999999998
8348443	31000.0	19	30000.0	3.1058	131.2811	1.0333	135.4202
8359658	25000.0	19	30000.0	2.5058	135.4202	0.8333	138.7593
8391926	24000.0	19	30000.0	2.4058	138.7593	0.8	141.9651
8370073	24000.0	19	30000.0	2.4058	141.9651	0.8	145.17090000000002
8399970	24000.0	19	30000.0	2.4058	145.1709	0.8	148.3767
8350997	21000.0	19	30000.0	2.1058	148.3767	0.7	151.18249999999998
8356678	26000.0	19	30000.0	2.6058	151.1825	0.8667	154.655
8341355	24000.0	19	30000.0	2.4058	154.655	0.8	157.8608
8368685	26000.0	19	30000.0	2.6058	157.8608	0.8667	161.3333
8397618	32000.0	19	30000.0	3.2058	161.3333	1.0667	165.60580000000002
8330530	29000.0	19	30000.0	2.9058	165.6058	0.9667	169.4783
8409242	26000.0	19	30000.0	2.6058	169.4783	0.8667	172.9508
8372048	26000.0	19	30000.0	2.6058	172.9508	0.8667	176.42329999999998
8407969	21000.0	19	30000.0	2.1058	176.4233	0.7	179.2291
8403797	26000.0	19	30000.0	2.6058	179.2291	0.8667	182.70159999999998
