9220700	12000.0	0	500.0	1.2	0	24.0	25.2
9219907	9000.0	0	500.0	0.9	25.2	18.0	44.099999999999994
9224181	8000.0	0	500.0	0.8	44.1	16.0	60.9
9224025	9000.0	0	500.0	0.9	60.9	18.0	79.8
9219216	10000.0	0	500.0	1.0	79.8	20.0	100.8
9223675	9000.0	0	500.0	0.9	100.8	18.0	119.7
9221362	11000.0	0	500.0	1.1	119.7	22.0	142.8
9221682	9000.0	0	500.0	0.9	142.8	18.0	161.70000000000002
9219518	9000.0	0	500.0	0.9	161.7	18.0	180.6
9219510	10000.0	0	500.0	1.0	180.6	20.0	201.6
9223275	10000.0	0	500.0	1.0	201.6	20.0	222.6
9219760	8000.0	0	500.0	0.8	222.6	16.0	239.4
9221903	9000.0	0	500.0	0.9	239.4	18.0	258.3
9221438	11000.0	0	500.0	1.1	258.3	22.0	281.40000000000003
8583817	11000.0	0	500.0	1.1	281.4	22.0	304.5
9219478	10000.0	0	500.0	1.0	304.5	20.0	325.5
8577683	12000.0	0	500.0	1.2	325.5	24.0	350.7
9221530	9000.0	0	500.0	0.9	350.7	18.0	369.59999999999997
9221798	11000.0	0	500.0	1.1	369.6	22.0	392.70000000000005
9223214	10000.0	0	500.0	1.0	392.7	20.0	413.7
8586735	19000.0	0	500.0	1.9	413.7	38.0	453.59999999999997
9220555	10000.0	0	500.0	1.0	453.6	20.0	474.6
9222364	10000.0	0	500.0	1.0	474.6	20.0	495.6
9220341	12000.0	0	500.0	1.2	495.6	24.0	520.8
9220441	10000.0	0	500.0	1.0	520.8	20.0	541.8
9222506	12000.0	0	500.0	1.2	541.8	24.0	567.0
8578839	11000.0	0	500.0	1.1	567.0	22.0	590.1
9224904	10000.0	0	500.0	1.0	590.1	20.0	611.1
9222184	10000.0	0	500.0	1.0	611.1	20.0	632.1
9222828	9000.0	0	500.0	0.9	632.1	18.0	651.0
9220505	10000.0	0	500.0	1.0	651.0	20.0	672.0
8579792	10000.0	0	500.0	1.0	672.0	20.0	693.0
8597704	14000.0	0	500.0	1.4	693.0	28.0	722.4
8592288	13000.0	0	500.0	1.3	722.4	26.0	749.6999999999999
8596975	14000.0	0	500.0	1.4	749.7	28.0	779.1
9222667	10000.0	0	500.0	1.0	779.1	20.0	800.1
9222979	10000.0	0	500.0	1.0	800.1	20.0	821.1
9222714	10000.0	0	500.0	1.0	821.1	20.0	842.1
9222708	10000.0	0	500.0	1.0	842.1	20.0	863.1
9222696	12000.0	0	500.0	1.2	863.1	24.0	888.3000000000001
9224634	13000.0	0	500.0	1.3	888.3	26.0	915.5999999999999
9224633	11000.0	0	500.0	1.1	915.6	22.0	938.7
9222025	10000.0	0	500.0	1.0	938.7	20.0	959.7
9222049	13000.0	0	500.0	1.3	959.7	26.0	987.0
9224820	10000.0	0	500.0	1.0	987.0	20.0	1008.0
9221053	9000.0	1	500.0	0.9	0	18.0	18.9
9221078	10000.0	1	500.0	1.0	18.9	20.0	39.9
9221936	9000.0	1	500.0	0.9	39.9	18.0	58.8
9224184	10000.0	1	500.0	1.0	58.8	20.0	79.8
9223547	11000.0	1	500.0	1.1	79.8	22.0	102.89999999999999
9219237	9000.0	1	500.0	0.9	102.9	18.0	121.80000000000001
9223657	9000.0	1	500.0	0.9	121.8	18.0	140.7
9221345	10000.0	1	500.0	1.0	140.7	20.0	161.7
9223142	10000.0	1	500.0	1.0	161.7	20.0	182.7
9223807	10000.0	1	500.0	1.0	182.7	20.0	203.7
9223737	9000.0	1	500.0	0.9	203.7	18.0	222.6
9223174	9000.0	1	500.0	0.9	222.6	18.0	241.5
9223754	13000.0	1	500.0	1.3	241.5	26.0	268.8
9219628	9000.0	1	500.0	0.9	268.8	18.0	287.7
9221555	8000.0	1	500.0	0.8	287.7	16.0	304.5
9220955	11000.0	1	500.0	1.1	304.5	22.0	327.6
8590421	11000.0	1	500.0	1.1	327.6	22.0	350.70000000000005
8578096	11000.0	1	500.0	1.1	350.7	22.0	373.8
8594790	13000.0	1	500.0	1.3	373.8	26.0	401.1
9220356	9000.0	1	500.0	0.9	401.1	18.0	420.0
9222496	10000.0	1	500.0	1.0	420.0	20.0	441.0
9222468	10000.0	1	500.0	1.0	441.0	20.0	462.0
9220236	10000.0	1	500.0	1.0	462.0	20.0	483.0
8577013	12000.0	1	500.0	1.2	483.0	24.0	508.2
8595022	13000.0	1	500.0	1.3	508.2	26.0	535.5
9220273	10000.0	1	500.0	1.0	535.5	20.0	556.5
9222207	11000.0	1	500.0	1.1	556.5	22.0	579.6
9221305	10000.0	1	500.0	1.0	579.6	20.0	600.6
8586494	18000.0	1	500.0	1.8	600.6	36.0	638.4
8592207	12000.0	1	500.0	1.2	638.4	24.0	663.6
9222946	10000.0	1	500.0	1.0	663.6	20.0	684.6
9222970	11000.0	1	500.0	1.1	684.6	22.0	707.7
9224660	10000.0	1	500.0	1.0	707.7	20.0	728.7
9222041	12000.0	1	500.0	1.2	728.7	24.0	753.9000000000001
9224703	9000.0	1	500.0	0.9	753.9	18.0	772.8
9224847	11000.0	1	500.0	1.1	772.8	22.0	795.9
9224242	9000.0	1	500.0	0.9	795.9	18.0	814.8
9219292	13000.0	2	1000.0	1.3	0	13.0	14.3
9221068	10000.0	2	1000.0	1.0	14.3	10.0	25.3
9221365	9000.0	2	1000.0	0.9	25.3	9.0	35.2
9223429	10000.0	2	1000.0	1.0	35.2	10.0	46.2
9223487	9000.0	2	1000.0	0.9	46.2	9.0	56.1
8581369	12000.0	2	1000.0	1.2	56.1	12.0	69.30000000000001
9220024	10000.0	2	1000.0	1.0	69.3	10.0	80.3
9220665	10000.0	2	1000.0	1.0	80.3	10.0	91.3
9223625	11000.0	2	1000.0	1.1	91.3	11.0	103.39999999999999
9220708	10000.0	2	1000.0	1.0	103.4	10.0	114.4
9223824	9000.0	2	1000.0	0.9	114.4	9.0	124.30000000000001
8584470	19000.0	2	1000.0	1.9	124.3	19.0	145.2
9219691	9000.0	2	1000.0	0.9	145.2	9.0	155.1
9223084	9000.0	2	1000.0	0.9	155.1	9.0	165.0
9223039	9000.0	2	1000.0	0.9	165.0	9.0	174.9
9223077	13000.0	2	1000.0	1.3	174.9	13.0	189.20000000000002
8577819	12000.0	2	1000.0	1.2	189.2	12.0	202.39999999999998
9223041	9000.0	2	1000.0	0.9	202.4	9.0	212.3
9223884	10000.0	2	1000.0	1.0	212.3	10.0	223.3
9220709	12000.0	2	1000.0	1.2	223.3	12.0	236.5
9223318	9000.0	2	1000.0	0.9	236.5	9.0	246.4
9221775	9000.0	2	1000.0	0.9	246.4	9.0	256.3
9221761	11000.0	2	1000.0	1.1	256.3	11.0	268.40000000000003
9221538	11000.0	2	1000.0	1.1	268.4	11.0	280.5
9220923	11000.0	2	1000.0	1.1	280.5	11.0	292.6
9222420	8000.0	2	1000.0	0.8	292.6	8.0	301.40000000000003
8588045	19000.0	2	1000.0	1.9	301.4	19.0	322.29999999999995
9220338	10000.0	2	1000.0	1.0	322.3	10.0	333.3
9220424	8000.0	2	1000.0	0.8	333.3	8.0	342.1
9222438	11000.0	2	1000.0	1.1	342.1	11.0	354.20000000000005
9220221	11000.0	2	1000.0	1.1	354.2	11.0	366.3
9224909	10000.0	2	1000.0	1.0	366.3	10.0	377.3
8591280	13000.0	2	1000.0	1.3	377.3	13.0	391.6
8592244	12000.0	2	1000.0	1.2	391.6	12.0	404.8
8596664	15000.0	2	1000.0	1.5	404.8	15.0	421.3
9222718	12000.0	2	1000.0	1.2	421.3	12.0	434.5
9222722	11000.0	2	1000.0	1.1	434.5	11.0	446.6
8576196	14000.0	2	1000.0	1.4	446.6	14.0	462.0
9222742	11000.0	2	1000.0	1.1	462.0	11.0	474.1
9222859	9000.0	2	1000.0	0.9	474.1	9.0	484.0
9224340	10000.0	2	1000.0	1.0	484.0	10.0	495.0
9224443	10000.0	2	1000.0	1.0	495.0	10.0	506.0
9224229	11000.0	2	1000.0	1.1	506.0	11.0	518.1
9224558	11000.0	2	1000.0	1.1	518.1	11.0	530.2
9221949	12000.0	3	1000.0	1.2	0	12.0	13.2
9224190	10000.0	3	1000.0	1.0	13.2	10.0	24.2
9223451	10000.0	3	1000.0	1.0	24.2	10.0	35.2
9224096	9000.0	3	1000.0	0.9	35.2	9.0	45.1
9219253	10000.0	3	1000.0	1.0	45.1	10.0	56.1
9224039	9000.0	3	1000.0	0.9	56.1	9.0	66.0
9223598	12000.0	3	1000.0	1.2	66.0	12.0	79.2
9223394	10000.0	3	1000.0	1.0	79.2	10.0	90.2
9223945	9000.0	3	1000.0	0.9	90.2	9.0	100.10000000000001
9219983	10000.0	3	1000.0	1.0	100.1	10.0	111.1
9223832	13000.0	3	1000.0	1.3	111.1	13.0	125.39999999999999
8596009	22000.0	3	1000.0	2.2	125.4	22.0	149.60000000000002
9221732	12000.0	3	1000.0	1.2	149.6	12.0	162.79999999999998
9220861	9000.0	3	1000.0	0.9	162.8	9.0	172.70000000000002
9223116	8000.0	3	1000.0	0.8	172.7	8.0	181.5
9221631	9000.0	3	1000.0	0.9	181.5	9.0	191.4
9220896	10000.0	3	1000.0	1.0	191.4	10.0	202.4
9220751	10000.0	3	1000.0	1.0	202.4	10.0	213.4
9219841	11000.0	3	1000.0	1.1	213.4	11.0	225.5
9223194	10000.0	3	1000.0	1.0	225.5	10.0	236.5
9220768	11000.0	3	1000.0	1.1	236.5	11.0	248.6
9219749	10000.0	3	1000.0	1.0	248.6	10.0	259.6
8598397	13000.0	3	1000.0	1.3	259.6	13.0	273.90000000000003
9222388	9000.0	3	1000.0	0.9	273.9	9.0	283.79999999999995
9222328	11000.0	3	1000.0	1.1	283.8	11.0	295.90000000000003
8595896	12000.0	3	1000.0	1.2	295.9	12.0	309.09999999999997
9220386	11000.0	3	1000.0	1.1	309.1	11.0	321.20000000000005
9222320	9000.0	3	1000.0	0.9	321.2	9.0	331.09999999999997
8588511	13000.0	3	1000.0	1.3	331.1	13.0	345.40000000000003
8589298	13000.0	3	1000.0	1.3	345.4	13.0	359.7
9222278	10000.0	3	1000.0	1.0	359.7	10.0	370.7
9220253	11000.0	3	1000.0	1.1	370.7	11.0	382.8
8587382	13000.0	3	1000.0	1.3	382.8	13.0	397.1
9222825	11000.0	3	1000.0	1.1	397.1	11.0	409.20000000000005
8591399	13000.0	3	1000.0	1.3	409.2	13.0	423.5
8596418	11000.0	3	1000.0	1.1	423.5	11.0	435.6
8591989	13000.0	3	1000.0	1.3	435.6	13.0	449.90000000000003
8596665	20000.0	3	1000.0	2.0	449.9	20.0	471.9
9222567	11000.0	3	1000.0	1.1	471.9	11.0	484.0
9222962	9000.0	3	1000.0	0.9	484.0	9.0	493.9
9222699	8000.0	3	1000.0	0.8	493.9	8.0	502.7
9224791	9000.0	3	1000.0	0.9	502.7	9.0	512.5999999999999
9222039	10000.0	3	1000.0	1.0	512.6	10.0	523.6
9224380	12000.0	3	1000.0	1.2	523.6	12.0	536.8000000000001
9224458	9000.0	3	1000.0	0.9	536.8	9.0	546.6999999999999
9222021	9000.0	3	1000.0	0.9	546.7	9.0	556.6
9224600	9000.0	3	1000.0	0.9	556.6	9.0	566.5
9224588	10000.0	3	1000.0	1.0	566.5	10.0	577.5
9221408	9000.0	4	4000.0	0.9038	0	2.25	3.1538
9219222	10000.0	4	4000.0	1.0038	3.1538	2.5	6.6576
9221035	12000.0	4	4000.0	1.2038	6.6576	3.0	10.8614
9223969	10000.0	4	4000.0	1.0038	10.8614	2.5	14.3652
9220818	9000.0	4	4000.0	0.9038	14.3652	2.25	17.519
9221690	12000.0	4	4000.0	1.2038	17.519	3.0	21.7228
9221688	10000.0	4	4000.0	1.0038	21.7228	2.5	25.226599999999998
9223749	11000.0	4	4000.0	1.1038	25.2266	2.75	29.0804
9223863	9000.0	4	4000.0	0.9038	29.0804	2.25	32.2342
9220884	10000.0	4	4000.0	1.0038	32.2342	2.5	35.738
9219537	9000.0	4	4000.0	0.9038	35.738	2.25	38.891799999999996
8590197	18000.0	4	4000.0	1.8038	38.8918	4.5	45.195600000000006
9220368	9000.0	4	4000.0	0.9038	45.1956	2.25	48.349399999999996
9220327	10000.0	4	4000.0	1.0038	48.3494	2.5	51.8532
9222457	8000.0	4	4000.0	0.8038	51.8532	2.0	54.657000000000004
9220226	9000.0	4	4000.0	0.9038	54.657	2.25	57.81079999999999
9220234	9000.0	4	4000.0	0.9038	57.8108	2.25	60.9646
9220203	10000.0	4	4000.0	1.0038	60.9646	2.5	64.4684
8579000	19000.0	4	4000.0	1.9038	64.4684	4.75	71.1222
8595926	12000.0	4	4000.0	1.2038	71.1222	3.0	75.32600000000001
8591571	13000.0	4	4000.0	1.3038	75.326	3.25	79.87979999999999
9222595	10000.0	4	4000.0	1.0038	79.8798	2.5	83.3836
9220506	9000.0	4	4000.0	0.9038	83.3836	2.25	86.5374
8576510	14000.0	4	4000.0	1.4038	86.5374	3.5	91.44120000000001
9224521	9000.0	4	4000.0	0.9038	91.4412	2.25	94.595
9224330	9000.0	4	4000.0	0.9038	94.595	2.25	97.7488
9220104	10000.0	4	4000.0	1.0038	97.7488	2.5	101.2526
9224426	10000.0	4	4000.0	1.0038	101.2526	2.5	104.7564
9220147	10000.0	4	4000.0	1.0038	104.7564	2.5	108.2602
9222035	11000.0	4	4000.0	1.1038	108.2602	2.75	112.114
9224224	11000.0	4	4000.0	1.1038	112.114	2.75	115.96780000000001
9224217	9000.0	4	4000.0	0.9038	115.9678	2.25	119.1216
9224605	10000.0	4	4000.0	1.0038	119.1216	2.5	122.6254
9221317	10000.0	5	4000.0	1.0038	0	2.5	3.5038
9223371	10000.0	5	4000.0	1.0038	3.5038	2.5	7.0076
9224028	10000.0	5	4000.0	1.0038	7.0076	2.5	10.5114
9223431	11000.0	5	4000.0	1.1038	10.5114	2.75	14.3652
9219239	10000.0	5	4000.0	1.0038	14.3652	2.5	17.869
9223555	11000.0	5	4000.0	1.1038	17.869	2.75	21.7228
8595531	14000.0	5	4000.0	1.4038	21.7228	3.5	26.6266
9221472	12000.0	5	4000.0	1.2038	26.6266	3.0	30.8304
9223293	10000.0	5	4000.0	1.0038	30.8304	2.5	34.3342
9221477	9000.0	5	4000.0	0.9038	34.3342	2.25	37.488
8582427	12000.0	5	4000.0	1.2038	37.488	3.0	41.6918
9219725	10000.0	5	4000.0	1.0038	41.6918	2.5	45.1956
9220373	11000.0	5	4000.0	1.1038	45.1956	2.75	49.0494
9222366	11000.0	5	4000.0	1.1038	49.0494	2.75	52.9032
9220334	10000.0	5	4000.0	1.0038	52.9032	2.5	56.407
9222458	10000.0	5	4000.0	1.0038	56.407	2.5	59.910799999999995
9220525	9000.0	5	4000.0	0.9038	59.9108	2.25	63.0646
9220207	10000.0	5	4000.0	1.0038	63.0646	2.5	66.5684
9222119	10000.0	5	4000.0	1.0038	66.5684	2.5	70.0722
9222156	11000.0	5	4000.0	1.1038	70.0722	2.75	73.926
9220614	10000.0	5	4000.0	1.0038	73.926	2.5	77.4298
9220586	11000.0	5	4000.0	1.1038	77.4298	2.75	81.2836
8578946	11000.0	5	4000.0	1.1038	81.2836	2.75	85.13740000000001
9220245	12000.0	5	4000.0	1.2038	85.1374	3.0	89.3412
8597423	19000.0	5	4000.0	1.9038	89.3412	4.75	95.995
8579377	12000.0	5	4000.0	1.2038	95.995	3.0	100.1988
9222913	9000.0	5	4000.0	0.9038	100.1988	2.25	103.35260000000001
9222870	11000.0	5	4000.0	1.1038	103.3526	2.75	107.2064
9224747	9000.0	5	4000.0	0.9038	107.2064	2.25	110.3602
9224790	11000.0	5	4000.0	1.1038	110.3602	2.75	114.21400000000001
9224706	11000.0	5	4000.0	1.1038	114.214	2.75	118.0678
9220157	10000.0	5	4000.0	1.0038	118.0678	2.5	121.5716
9224353	9000.0	5	4000.0	0.9038	121.5716	2.25	124.72540000000001
9224623	11000.0	5	4000.0	1.1038	124.7254	2.75	128.57920000000001
9224846	10000.0	5	4000.0	1.0038	128.5792	2.5	132.083
9224617	12000.0	5	4000.0	1.2038	132.083	3.0	136.2868
9221912	10000.0	6	5000.0	1.0038	0	2.0	3.0038
9221312	11000.0	6	5000.0	1.1038	3.0038	2.2	6.3076
9220664	8000.0	6	5000.0	0.8038	6.3076	1.6	8.7114
9223585	10000.0	6	5000.0	1.0038	8.7114	2.0	11.7152
9224100	9000.0	6	5000.0	0.9038	11.7152	1.8	14.419
9223551	12000.0	6	5000.0	1.2038	14.419	2.4	18.0228
9220682	10000.0	6	5000.0	1.0038	18.0228	2.0	21.026600000000002
9221962	8000.0	6	5000.0	0.8038	21.0266	1.6	23.4304
9220825	10000.0	6	5000.0	1.0038	23.4304	2.0	26.434199999999997
9219521	9000.0	6	5000.0	0.9038	26.4342	1.8	29.138
9221710	8000.0	6	5000.0	0.8038	29.138	1.6	31.541800000000002
9221630	11000.0	6	5000.0	1.1038	31.5418	2.2	34.845600000000005
9223100	11000.0	6	5000.0	1.1038	34.8456	2.2	38.1494
9220947	13000.0	6	5000.0	1.3038	38.1494	2.6	42.053200000000004
9221466	11000.0	6	5000.0	1.1038	42.0532	2.2	45.357
9219839	10000.0	6	5000.0	1.0038	45.357	2.0	48.3608
9220734	11000.0	6	5000.0	1.1038	48.3608	2.2	51.6646
9219814	11000.0	6	5000.0	1.1038	51.6646	2.2	54.9684
9221430	12000.0	6	5000.0	1.2038	54.9684	2.4	58.5722
9220775	13000.0	6	5000.0	1.3038	58.5722	2.6	62.476000000000006
9221806	10000.0	6	5000.0	1.0038	62.476	2.0	65.4798
9220752	10000.0	6	5000.0	1.0038	65.4798	2.0	68.4836
8583786	18000.0	6	5000.0	1.8038	68.4836	3.6	73.88739999999999
9219561	11000.0	6	5000.0	1.1038	73.8874	2.2	77.19120000000001
9222417	12000.0	6	5000.0	1.2038	77.1912	2.4	80.795
9222490	10000.0	6	5000.0	1.0038	80.795	2.0	83.7988
8580346	11000.0	6	5000.0	1.1038	83.7988	2.2	87.10260000000001
8588714	13000.0	6	5000.0	1.3038	87.1026	2.6	91.00639999999999
8597438	12000.0	6	5000.0	1.2038	91.0064	2.4	94.6102
8596390	13000.0	6	5000.0	1.3038	94.6102	2.6	98.514
8596991	17000.0	6	5000.0	1.7038	98.514	3.4	103.6178
9222794	11000.0	6	5000.0	1.1038	103.6178	2.2	106.92160000000001
9222568	10000.0	6	5000.0	1.0038	106.9216	2.0	109.9254
8598765	20000.0	6	5000.0	2.0038	109.9254	4.0	115.9292
9222999	9000.0	6	5000.0	0.9038	115.9292	1.8	118.633
9221213	10000.0	6	5000.0	1.0038	118.633	2.0	121.6368
9222557	7000.0	6	5000.0	0.7038	121.6368	1.4	123.7406
9222559	9000.0	6	5000.0	0.9038	123.7406	1.8	126.4444
9222528	10000.0	6	5000.0	1.0038	126.4444	2.0	129.44819999999999
9222843	9000.0	6	5000.0	0.9038	129.4482	1.8	132.15200000000002
9222842	10000.0	6	5000.0	1.0038	132.152	2.0	135.1558
9221225	13000.0	6	5000.0	1.3038	135.1558	2.6	139.0596
8580171	17000.0	6	5000.0	1.7038	139.0596	3.4	144.1634
9221227	10000.0	6	5000.0	1.0038	144.1634	2.0	147.1672
9224477	10000.0	6	5000.0	1.0038	147.1672	2.0	150.17100000000002
9224392	14000.0	6	5000.0	1.4038	150.171	2.8	154.3748
9224405	10000.0	6	5000.0	1.0038	154.3748	2.0	157.3786
9220112	10000.0	6	5000.0	1.0038	157.3786	2.0	160.38240000000002
9220703	11000.0	7	5000.0	1.1038	0	2.2	3.3038
8595724	13000.0	7	5000.0	1.3038	3.3038	2.6	7.207599999999999
9219990	9000.0	7	5000.0	0.9038	7.2076	1.8	9.9114
9219951	8000.0	7	5000.0	0.8038	9.9114	1.6	12.3152
9222008	9000.0	7	5000.0	0.9038	12.3152	1.8	15.019000000000002
9219287	12000.0	7	5000.0	1.2038	15.019	2.4	18.622799999999998
9219260	11000.0	7	5000.0	1.1038	18.6228	2.2	21.9266
8589887	12000.0	7	5000.0	1.2038	21.9266	2.4	25.5304
9223172	9000.0	7	5000.0	0.9038	25.5304	1.8	28.2342
9223757	12000.0	7	5000.0	1.2038	28.2342	2.4	31.838
9223938	12000.0	7	5000.0	1.2038	31.838	2.4	35.4418
9219822	10000.0	7	5000.0	1.0038	35.4418	2.0	38.4456
9219857	10000.0	7	5000.0	1.0038	38.4456	2.0	41.4494
9221533	9000.0	7	5000.0	0.9038	41.4494	1.8	44.15319999999999
9220778	12000.0	7	5000.0	1.2038	44.1532	2.4	47.757
9220899	10000.0	7	5000.0	1.0038	47.757	2.0	50.760799999999996
9221512	9000.0	7	5000.0	0.9038	50.7608	1.8	53.4646
8585078	12000.0	7	5000.0	1.2038	53.4646	2.4	57.0684
9222409	10000.0	7	5000.0	1.0038	57.0684	2.0	60.072199999999995
9222367	11000.0	7	5000.0	1.1038	60.0722	2.2	63.376000000000005
8583211	13000.0	7	5000.0	1.3038	63.376	2.6	67.2798
9221191	8000.0	7	5000.0	0.8038	67.2798	1.6	69.68359999999998
9222473	12000.0	7	5000.0	1.2038	69.6836	2.4	73.2874
9222145	8000.0	7	5000.0	0.8038	73.2874	1.6	75.6912
9222154	10000.0	7	5000.0	1.0038	75.6912	2.0	78.695
9220205	9000.0	7	5000.0	0.9038	78.695	1.8	81.3988
8594821	13000.0	7	5000.0	1.3038	81.3988	2.6	85.30259999999998
9222759	9000.0	7	5000.0	0.9038	85.3026	1.8	88.0064
8592956	13000.0	7	5000.0	1.3038	88.0064	2.6	91.91019999999999
8586887	15000.0	7	5000.0	1.5038	91.9102	3.0	96.414
8597306	14000.0	7	5000.0	1.4038	96.414	2.8	100.6178
8593404	13000.0	7	5000.0	1.3038	100.6178	2.6	104.52159999999999
9222939	10000.0	7	5000.0	1.0038	104.5216	2.0	107.5254
9222904	10000.0	7	5000.0	1.0038	107.5254	2.0	110.5292
8598825	12000.0	7	5000.0	1.2038	110.5292	2.4	114.13300000000001
9224278	10000.0	7	5000.0	1.0038	114.133	2.0	117.1368
9224624	11000.0	7	5000.0	1.1038	117.1368	2.2	120.4406
9220103	9000.0	7	5000.0	0.9038	120.4406	1.8	123.1444
9224341	10000.0	7	5000.0	1.0038	123.1444	2.0	126.1482
9224349	10000.0	7	5000.0	1.0038	126.1482	2.0	129.152
9222043	12000.0	7	5000.0	1.2038	129.152	2.4	132.7558
9224856	13000.0	7	5000.0	1.3038	132.7558	2.6	136.65959999999998
9220128	12000.0	7	5000.0	1.2038	136.6596	2.4	140.26340000000002
9224182	10000.0	8	5000.0	1.0067	0	2.0	3.0067
9219895	10000.0	8	5000.0	1.0067	3.0067	2.0	6.0134
9224037	10000.0	8	5000.0	1.0067	6.0134	2.0	9.0201
9219224	11000.0	8	5000.0	1.1067	9.0201	2.2	12.326799999999999
9223637	9000.0	8	5000.0	0.9067	12.3268	1.8	15.033500000000002
9223823	11000.0	8	5000.0	1.1067	15.0335	2.2	18.3402
9221102	11000.0	8	5000.0	1.1067	18.3402	2.2	21.6469
8584660	13000.0	8	5000.0	1.3067	21.6469	2.6	25.5536
8584600	15000.0	8	5000.0	1.5067	25.5536	3.0	30.060299999999998
9221708	10000.0	8	5000.0	1.0067	30.0603	2.0	33.067
9219600	11000.0	8	5000.0	1.1067	33.067	2.2	36.3737
9221600	12000.0	8	5000.0	1.2067	36.3737	2.4	39.980399999999996
9221657	9000.0	8	5000.0	0.9067	39.9804	1.8	42.6871
8598254	11000.0	8	5000.0	1.1067	42.6871	2.2	45.99380000000001
9221855	9000.0	8	5000.0	0.9067	45.9938	1.8	48.7005
9221117	11000.0	8	5000.0	1.1067	48.7005	2.2	52.0072
8580980	20000.0	8	5000.0	2.0067	52.0072	4.0	58.0139
9223320	8000.0	8	5000.0	0.8067	58.0139	1.6	60.4206
9219799	9000.0	8	5000.0	0.9067	60.4206	1.8	63.1273
9221539	10000.0	8	5000.0	1.0067	63.1273	2.0	66.134
9223944	11000.0	8	5000.0	1.1067	66.134	2.2	69.4407
9220324	10000.0	8	5000.0	1.0067	69.4407	2.0	72.4474
9222355	11000.0	8	5000.0	1.1067	72.4474	2.2	75.75410000000001
9220390	10000.0	8	5000.0	1.0067	75.7541	2.0	78.76079999999999
8589269	11000.0	8	5000.0	1.1067	78.7608	2.2	82.06750000000001
9222117	11000.0	8	5000.0	1.1067	82.0675	2.2	85.3742
9222260	12000.0	8	5000.0	1.2067	85.3742	2.4	88.9809
9220289	9000.0	8	5000.0	0.9067	88.9809	1.8	91.6876
9223035	10000.0	8	5000.0	1.0067	91.6876	2.0	94.6943
8595036	11000.0	8	5000.0	1.1067	94.6943	2.2	98.001
8592607	11000.0	8	5000.0	1.1067	98.001	2.2	101.30770000000001
9222807	13000.0	8	5000.0	1.3067	101.3077	2.6	105.2144
9222969	8000.0	8	5000.0	0.8067	105.2144	1.6	107.6211
9222548	11000.0	8	5000.0	1.1067	107.6211	2.2	110.9278
9222031	10000.0	8	5000.0	1.0067	110.9278	2.0	113.9345
9224671	9000.0	8	5000.0	0.9067	113.9345	1.8	116.6412
9223575	9000.0	9	6000.0	0.9067	0	1.5	2.4067
9221379	9000.0	9	6000.0	0.9067	2.4067	1.5	4.8134
9219941	10000.0	9	6000.0	1.0067	4.8134	1.6667	7.486800000000001
9221993	8000.0	9	6000.0	0.8067	7.4868	1.3333	9.6268
9223620	11000.0	9	6000.0	1.1067	9.6268	1.8333	12.566799999999999
9223148	11000.0	9	6000.0	1.1067	12.5668	1.8333	15.5068
9221549	10000.0	9	6000.0	1.0067	15.5068	1.6667	18.1802
9223829	9000.0	9	6000.0	0.9067	18.1802	1.5	20.5869
8589920	15000.0	9	6000.0	1.5067	20.5869	2.5	24.5936
9223833	12000.0	9	6000.0	1.2067	24.5936	2.0	27.8003
9220827	11000.0	9	6000.0	1.1067	27.8003	1.8333	30.7403
9223809	10000.0	9	6000.0	1.0067	30.7403	1.6667	33.4137
8598333	13000.0	9	6000.0	1.3067	33.4137	2.1667	36.8871
9219562	10000.0	9	6000.0	1.0067	36.8871	1.6667	39.5605
9220830	9000.0	9	6000.0	0.9067	39.5605	1.5	41.9672
9221664	9000.0	9	6000.0	0.9067	41.9672	1.5	44.3739
9223111	10000.0	9	6000.0	1.0067	44.3739	1.6667	47.0473
9219645	10000.0	9	6000.0	1.0067	47.0473	1.6667	49.7207
8582123	14000.0	9	6000.0	1.4067	49.7207	2.3333	53.4607
8582647	15000.0	9	6000.0	1.5067	53.4607	2.5	57.467400000000005
9219368	10000.0	9	6000.0	1.0067	57.4674	1.6667	60.1408
9220715	9000.0	9	6000.0	0.9067	60.1408	1.5	62.5475
9219715	9000.0	9	6000.0	0.9067	62.5475	1.5	64.9542
9221485	11000.0	9	6000.0	1.1067	64.9542	1.8333	67.8942
9222386	9000.0	9	6000.0	0.9067	67.8942	1.5	70.3009
9220381	9000.0	9	6000.0	0.9067	70.3009	1.5	72.7076
8588518	11000.0	9	6000.0	1.1067	72.7076	1.8333	75.6476
8596533	11000.0	9	6000.0	1.1067	75.6476	1.8333	78.5876
8586634	13000.0	9	6000.0	1.3067	78.5876	2.1667	82.061
9222788	10000.0	9	6000.0	1.0067	82.061	1.6667	84.73440000000001
9221215	11000.0	9	6000.0	1.1067	84.7344	1.8333	87.67439999999999
9224470	10000.0	9	6000.0	1.0067	87.6744	1.6667	90.3478
9224259	10000.0	9	6000.0	1.0067	90.3478	1.6667	93.02120000000001
9224836	14000.0	9	6000.0	1.4067	93.0212	2.3333	96.76119999999999
8581403	12000.0	10	6000.0	1.2067	0	2.0	3.2067
9223453	11000.0	10	6000.0	1.1067	3.2067	1.8333	6.146699999999999
9224112	10000.0	10	6000.0	1.0067	6.1467	1.6667	8.8201
9223482	11000.0	10	6000.0	1.1067	8.8201	1.8333	11.7601
9221021	10000.0	10	6000.0	1.0067	11.7601	1.6667	14.4335
9223603	8000.0	10	6000.0	0.8067	14.4335	1.3333	16.5735
8584466	12000.0	10	6000.0	1.2067	16.5735	2.0	19.7802
8582115	13000.0	10	6000.0	1.3067	19.7802	2.1667	23.2536
9219703	10000.0	10	6000.0	1.0067	23.2536	1.6667	25.926999999999996
8598414	19000.0	10	6000.0	1.9067	25.927	3.1667	31.0004
9219852	8000.0	10	6000.0	0.8067	31.0004	1.3333	33.1404
9223291	10000.0	10	6000.0	1.0067	33.1404	1.6667	35.8138
9223722	12000.0	10	6000.0	1.2067	35.8138	2.0	39.0205
9223204	9000.0	10	6000.0	0.9067	39.0205	1.5	41.4272
9219724	12000.0	10	6000.0	1.2067	41.4272	2.0	44.6339
8585101	12000.0	10	6000.0	1.2067	44.6339	2.0	47.840599999999995
8583737	12000.0	10	6000.0	1.2067	47.8406	2.0	51.0473
9220919	10000.0	10	6000.0	1.0067	51.0473	1.6667	53.7207
8579146	13000.0	10	6000.0	1.3067	53.7207	2.1667	57.1941
9222400	11000.0	10	6000.0	1.1067	57.1941	1.8333	60.1341
9223007	10000.0	10	6000.0	1.0067	60.1341	1.6667	62.8075
9220517	11000.0	10	6000.0	1.1067	62.8075	1.8333	65.74749999999999
9220519	10000.0	10	6000.0	1.0067	65.7475	1.6667	68.4209
9220178	9000.0	10	6000.0	0.9067	68.4209	1.5	70.8276
9224921	9000.0	10	6000.0	0.9067	70.8276	1.5	73.2343
9222524	11000.0	10	6000.0	1.1067	73.2343	1.8333	76.1743
9220601	12000.0	10	6000.0	1.2067	76.1743	2.0	79.381
9220262	10000.0	10	6000.0	1.0067	79.381	1.6667	82.0544
8582087	14000.0	10	6000.0	1.4067	82.0544	2.3333	85.7944
8597952	13000.0	10	6000.0	1.3067	85.7944	2.1667	89.26780000000001
8591196	13000.0	10	6000.0	1.3067	89.2678	2.1667	92.7412
9221242	9000.0	10	6000.0	0.9067	92.7412	1.5	95.1479
8579595	14000.0	10	6000.0	1.4067	95.1479	2.3333	98.8879
8586693	12000.0	10	6000.0	1.2067	98.8879	2.0	102.0946
8591612	18000.0	10	6000.0	1.8067	102.0946	3.0	106.9013
9222943	9000.0	10	6000.0	0.9067	106.9013	1.5	109.308
9222983	10000.0	10	6000.0	1.0067	109.308	1.6667	111.98140000000001
9224862	10000.0	10	6000.0	1.0067	111.9814	1.6667	114.6548
9220650	8000.0	10	6000.0	0.8067	114.6548	1.3333	116.7948
9220102	11000.0	10	6000.0	1.1067	116.7948	1.8333	119.73479999999999
9224842	13000.0	10	6000.0	1.3067	119.7348	2.1667	123.20820000000002
9219291	12000.0	11	6000.0	1.2067	0	2.0	3.2067
9221943	10000.0	11	6000.0	1.0067	3.2067	1.6667	5.8801000000000005
8577427	14000.0	11	6000.0	1.4067	5.8801	2.3333	9.620099999999999
9224034	9000.0	11	6000.0	0.9067	9.6201	1.5	12.026800000000001
9223485	10000.0	11	6000.0	1.0067	12.0268	1.6667	14.7002
9220693	10000.0	11	6000.0	1.0067	14.7002	1.6667	17.3736
9220012	11000.0	11	6000.0	1.1067	17.3736	1.8333	20.3136
9219513	12000.0	11	6000.0	1.2067	20.3136	2.0	23.520300000000002
9221676	11000.0	11	6000.0	1.1067	23.5203	1.8333	26.4603
9219618	9000.0	11	6000.0	0.9067	26.4603	1.5	28.867
9220876	9000.0	11	6000.0	0.9067	28.867	1.5	31.2737
9223043	11000.0	11	6000.0	1.1067	31.2737	1.8333	34.2137
9219646	9000.0	11	6000.0	0.9067	34.2137	1.5	36.620400000000004
9219540	10000.0	11	6000.0	1.0067	36.6204	1.6667	39.2938
9220741	12000.0	11	6000.0	1.2067	39.2938	2.0	42.500499999999995
9221452	10000.0	11	6000.0	1.0067	42.5005	1.6667	45.1739
9219780	10000.0	11	6000.0	1.0067	45.1739	1.6667	47.847300000000004
8598519	14000.0	11	6000.0	1.4067	47.8473	2.3333	51.5873
9220724	11000.0	11	6000.0	1.1067	51.5873	1.8333	54.527300000000004
9221749	10000.0	11	6000.0	1.0067	54.5273	1.6667	57.2007
9220570	10000.0	11	6000.0	1.0067	57.2007	1.6667	59.8741
9224203	9000.0	11	6000.0	0.9067	59.8741	1.5	62.2808
9224906	9000.0	11	6000.0	0.9067	62.2808	1.5	64.6875
9224893	8000.0	11	6000.0	0.8067	64.6875	1.3333	66.8275
9222238	9000.0	11	6000.0	0.9067	66.8275	1.5	69.2342
8579701	11000.0	11	6000.0	1.1067	69.2342	1.8333	72.1742
8586838	13000.0	11	6000.0	1.3067	72.1742	2.1667	75.64760000000001
9222805	10000.0	11	6000.0	1.0067	75.6476	1.6667	78.321
9222654	13000.0	11	6000.0	1.3067	78.321	2.1667	81.79440000000001
9222617	11000.0	11	6000.0	1.1067	81.7944	1.8333	84.7344
9222960	9000.0	11	6000.0	0.9067	84.7344	1.5	87.1411
9222992	10000.0	11	6000.0	1.0067	87.1411	1.6667	89.8145
9222533	11000.0	11	6000.0	1.1067	89.8145	1.8333	92.7545
9224501	9000.0	11	6000.0	0.9067	92.7545	1.5	95.1612
9220109	11000.0	11	6000.0	1.1067	95.1612	1.8333	98.10119999999999
9222053	10000.0	11	6000.0	1.0067	98.1012	1.6667	100.7746
9224398	11000.0	11	6000.0	1.1067	100.7746	1.8333	103.7146
9224221	8000.0	11	6000.0	0.8067	103.7146	1.3333	105.8546
9224576	10000.0	11	6000.0	1.0067	105.8546	1.6667	108.528
9224844	10000.0	11	6000.0	1.0067	108.528	1.6667	111.2014
9221340	11000.0	12	6000.0	1.1	0	1.8333	2.9333
9223463	10000.0	12	6000.0	1.0	2.9333	1.6667	5.6
9224119	9000.0	12	6000.0	0.9	5.6	1.5	8.0
9224054	10000.0	12	6000.0	1.0	8.0	1.6667	10.6667
9223499	9000.0	12	6000.0	0.9	10.6667	1.5	13.0667
9219273	12000.0	12	6000.0	1.2	13.0667	2.0	16.2667
9219948	9000.0	12	6000.0	0.9	16.2667	1.5	18.6667
9223406	10000.0	12	6000.0	1.0	18.6667	1.6667	21.333399999999997
9221029	10000.0	12	6000.0	1.0	21.3334	1.6667	24.0001
9223849	10000.0	12	6000.0	1.0	24.0001	1.6667	26.6668
9221735	10000.0	12	6000.0	1.0	26.6668	1.6667	29.333499999999997
9219693	11000.0	12	6000.0	1.1	29.3335	1.8333	32.2668
9223152	11000.0	12	6000.0	1.1	32.2668	1.8333	35.200100000000006
9219637	10000.0	12	6000.0	1.0	35.2001	1.6667	37.8668
8577761	11000.0	12	6000.0	1.1	37.8668	1.8333	40.8001
9223108	11000.0	12	6000.0	1.1	40.8001	1.8333	43.7334
9221095	11000.0	12	6000.0	1.1	43.7334	1.8333	46.666700000000006
9221859	10000.0	12	6000.0	1.0	46.6667	1.6667	49.3334
8583656	13000.0	12	6000.0	1.3	49.3334	2.1667	52.80009999999999
9219817	9000.0	12	6000.0	0.9	52.8001	1.5	55.2001
8584954	13000.0	12	6000.0	1.3	55.2001	2.1667	58.666799999999995
8582389	12000.0	12	6000.0	1.2	58.6668	2.0	61.866800000000005
9220755	11000.0	12	6000.0	1.1	61.8668	1.8333	64.8001
9221508	9000.0	12	6000.0	0.9	64.8001	1.5	67.2001
8594770	13000.0	12	6000.0	1.3	67.2001	2.1667	70.66680000000001
9223034	11000.0	12	6000.0	1.1	70.6668	1.8333	73.60009999999998
9221195	10000.0	12	6000.0	1.0	73.6001	1.6667	76.2668
9220311	10000.0	12	6000.0	1.0	76.2668	1.6667	78.93350000000001
8587848	15000.0	12	6000.0	1.5	78.9335	2.5	82.9335
8594558	13000.0	12	6000.0	1.3	82.9335	2.1667	86.4002
9220218	9000.0	12	6000.0	0.9	86.4002	1.5	88.8002
9224891	11000.0	12	6000.0	1.1	88.8002	1.8333	91.73349999999999
9222203	10000.0	12	6000.0	1.0	91.7335	1.6667	94.40020000000001
9220592	10000.0	12	6000.0	1.0	94.4002	1.6667	97.0669
8591259	11000.0	12	6000.0	1.1	97.0669	1.8333	100.00019999999999
8586022	18000.0	12	6000.0	1.8	100.0002	3.0	104.8002
9221258	11000.0	12	6000.0	1.1	104.8002	1.8333	107.73349999999999
8586956	20000.0	12	6000.0	2.0	107.7335	3.3333	113.0668
9221273	8000.0	12	6000.0	0.8	113.0668	1.3333	115.20009999999999
8591972	13000.0	12	6000.0	1.3	115.2001	2.1667	118.66680000000001
8591858	12000.0	12	6000.0	1.2	118.6668	2.0	121.8668
8579899	14000.0	12	6000.0	1.4	121.8668	2.3333	125.6001
8599088	10000.0	12	6000.0	1.0	125.6001	1.6667	128.2668
9222912	10000.0	12	6000.0	1.0	128.2668	1.6667	130.93349999999998
9220158	10000.0	12	6000.0	1.0	130.9335	1.6667	133.6002
9220647	10000.0	12	6000.0	1.0	133.6002	1.6667	136.2669
9224830	14000.0	12	6000.0	1.4	136.2669	2.3333	140.0002
9224587	10000.0	12	6000.0	1.0	140.0002	1.6667	142.6669
9224858	10000.0	12	6000.0	1.0	142.6669	1.6667	145.3336
9220071	13000.0	12	6000.0	1.3	145.3336	2.1667	148.8003
9221935	11000.0	13	8000.0	1.1	0	1.375	2.475
9223368	12000.0	13	8000.0	1.2	2.475	1.5	5.175
9219871	12000.0	13	8000.0	1.2	5.175	1.5	7.875
8578235	19000.0	13	8000.0	1.9	7.875	2.375	12.15
8578381	13000.0	13	8000.0	1.3	12.15	1.625	15.075000000000001
9223494	9000.0	13	8000.0	0.9	15.075	1.125	17.1
8589484	20000.0	13	8000.0	2.0	17.1	2.5	21.6
8589909	13000.0	13	8000.0	1.3	21.6	1.625	24.525000000000002
8584721	15000.0	13	8000.0	1.5	24.525	1.875	27.9
9223158	11000.0	13	8000.0	1.1	27.9	1.375	30.375
9223855	10000.0	13	8000.0	1.0	30.375	1.25	32.625
9221610	13000.0	13	8000.0	1.3	32.625	1.625	35.55
9223050	9000.0	13	8000.0	0.9	35.55	1.125	37.574999999999996
8584758	14000.0	13	8000.0	1.4	37.575	1.75	40.725
9223263	10000.0	13	8000.0	1.0	40.725	1.25	42.975
9223292	10000.0	13	8000.0	1.0	42.975	1.25	45.225
9219456	10000.0	13	8000.0	1.0	45.225	1.25	47.475
9221110	10000.0	13	8000.0	1.0	47.475	1.25	49.725
9220934	12000.0	13	8000.0	1.2	49.725	1.5	52.425000000000004
9219374	9000.0	13	8000.0	0.9	52.425	1.125	54.449999999999996
9221494	10000.0	13	8000.0	1.0	54.45	1.25	56.7
9222325	11000.0	13	8000.0	1.1	56.7	1.375	59.175000000000004
9222425	12000.0	13	8000.0	1.2	59.175	1.5	61.875
9220298	10000.0	13	8000.0	1.0	61.875	1.25	64.125
9220214	13000.0	13	8000.0	1.3	64.125	1.625	67.05
9220263	10000.0	13	8000.0	1.0	67.05	1.25	69.3
9222256	12000.0	13	8000.0	1.2	69.3	1.5	72.0
9222305	9000.0	13	8000.0	0.9	72.0	1.125	74.025
9222286	10000.0	13	8000.0	1.0	74.025	1.25	76.275
9220602	9000.0	13	8000.0	0.9	76.275	1.125	78.30000000000001
8597769	12000.0	13	8000.0	1.2	78.3	1.5	81.0
8581688	12000.0	13	8000.0	1.2	81.0	1.5	83.7
8591833	13000.0	13	8000.0	1.3	83.7	1.625	86.625
8597163	12000.0	13	8000.0	1.2	86.625	1.5	89.325
9222802	9000.0	13	8000.0	0.9	89.325	1.125	91.35000000000001
9222701	8000.0	13	8000.0	0.8	91.35	1.0	93.14999999999999
9222705	11000.0	13	8000.0	1.1	93.15	1.375	95.625
9224491	10000.0	13	8000.0	1.0	95.625	1.25	97.875
9220137	11000.0	13	8000.0	1.1	97.875	1.375	100.35
9220654	11000.0	13	8000.0	1.1	100.35	1.375	102.82499999999999
9224444	9000.0	13	8000.0	0.9	102.825	1.125	104.85000000000001
9224709	10000.0	13	8000.0	1.0	104.85	1.25	107.1
9224256	10000.0	13	8000.0	1.0	107.1	1.25	109.35
9223708	9000.0	14	12000.0	0.9	0	0.75	1.65
9221987	10000.0	14	12000.0	1.0	1.65	0.8333	3.4833
9224036	13000.0	14	12000.0	1.3	3.4833	1.0833	5.8666
9219282	10000.0	14	12000.0	1.0	5.8666	0.8333	7.6999
9223407	11000.0	14	12000.0	1.1	7.6999	0.9167	9.716600000000001
9221354	11000.0	14	12000.0	1.1	9.7166	0.9167	11.7333
9223837	11000.0	14	12000.0	1.1	11.7333	0.9167	13.75
9220893	10000.0	14	12000.0	1.0	13.75	0.8333	15.5833
9220812	10000.0	14	12000.0	1.0	15.5833	0.8333	17.416600000000003
9219632	10000.0	14	12000.0	1.0	17.4166	0.8333	19.2499
9221566	9000.0	14	12000.0	0.9	19.2499	0.75	20.8999
9219668	9000.0	14	12000.0	0.9	20.8999	0.75	22.549899999999997
8595532	12000.0	14	12000.0	1.2	22.5499	1.0	24.7499
8589946	12000.0	14	12000.0	1.2	24.7499	1.0	26.9499
9219778	9000.0	14	12000.0	0.9	26.9499	0.75	28.599899999999998
9221850	8000.0	14	12000.0	0.8	28.5999	0.6667	30.0666
9221900	11000.0	14	12000.0	1.1	30.0666	0.9167	32.0833
8576778	12000.0	14	12000.0	1.2	32.0833	1.0	34.283300000000004
8594730	13000.0	14	12000.0	1.3	34.2833	1.0833	36.666599999999995
8583114	12000.0	14	12000.0	1.2	36.6666	1.0	38.866600000000005
8588254	12000.0	14	12000.0	1.2	38.8666	1.0	41.0666
9222505	10000.0	14	12000.0	1.0	41.0666	0.8333	42.8999
9222447	10000.0	14	12000.0	1.0	42.8999	0.8333	44.733200000000004
9222471	10000.0	14	12000.0	1.0	44.7332	0.8333	46.5665
9224892	10000.0	14	12000.0	1.0	46.5665	0.8333	48.3998
9220200	10000.0	14	12000.0	1.0	48.3998	0.8333	50.2331
9222312	10000.0	14	12000.0	1.0	50.2331	0.8333	52.0664
9221238	9000.0	14	12000.0	0.9	52.0664	0.75	53.7164
8590934	11000.0	14	12000.0	1.1	53.7164	0.9167	55.7331
9222808	10000.0	14	12000.0	1.0	55.7331	0.8333	57.5664
8581807	16000.0	14	12000.0	1.6	57.5664	1.3333	60.499700000000004
8593799	13000.0	14	12000.0	1.3	60.4997	1.0833	62.882999999999996
8576513	11000.0	14	12000.0	1.1	62.883	0.9167	64.89970000000001
9220470	9000.0	14	12000.0	0.9	64.8997	0.75	66.5497
9220107	10000.0	14	12000.0	1.0	66.5497	0.8333	68.383
9220090	11000.0	14	12000.0	1.1	68.383	0.9167	70.3997
9224538	12000.0	14	12000.0	1.2	70.3997	1.0	72.5997
9224307	10000.0	14	12000.0	1.0	72.5997	0.8333	74.43299999999999
9224760	9000.0	14	12000.0	0.9	74.433	0.75	76.08300000000001
9224712	9000.0	14	12000.0	0.9	76.083	0.75	77.733
9224861	8000.0	14	12000.0	0.8	77.733	0.6667	79.1997
9224609	10000.0	14	12000.0	1.0	79.1997	0.8333	81.033
9223561	10000.0	15	16000.0	1.0	0	0.625	1.625
8582773	13000.0	15	16000.0	1.3	1.625	0.8125	3.7375
8578399	13000.0	15	16000.0	1.3	3.7375	0.8125	5.85
9219364	10000.0	15	16000.0	1.0	5.85	0.625	7.475
8589913	13000.0	15	16000.0	1.3	7.475	0.8125	9.5875
9223093	14000.0	15	16000.0	1.4	9.5875	0.875	11.8625
9223092	9000.0	15	16000.0	0.9	11.8625	0.5625	13.325000000000001
9221580	9000.0	15	16000.0	0.9	13.325	0.5625	14.7875
9221666	11000.0	15	16000.0	1.1	14.7875	0.6875	16.575
9221559	9000.0	15	16000.0	0.9	16.575	0.5625	18.037499999999998
9221858	12000.0	15	16000.0	1.2	18.0375	0.75	19.9875
9221845	9000.0	15	16000.0	0.9	19.9875	0.5625	21.45
9221455	12000.0	15	16000.0	1.2	21.45	0.75	23.4
9221887	9000.0	15	16000.0	0.9	23.4	0.5625	24.862499999999997
9220964	10000.0	15	16000.0	1.0	24.8625	0.625	26.4875
9221537	11000.0	15	16000.0	1.1	26.4875	0.6875	28.275000000000002
9219378	21000.0	15	16000.0	2.1	28.275	1.3125	31.6875
9219438	9000.0	15	16000.0	0.9	31.6875	0.5625	33.15
8588031	12000.0	15	16000.0	1.2	33.15	0.75	35.1
9220323	11000.0	15	16000.0	1.1	35.1	0.6875	36.8875
9220330	9000.0	15	16000.0	0.9	36.8875	0.5625	38.35
9222482	9000.0	15	16000.0	0.9	38.35	0.5625	39.8125
9222489	10000.0	15	16000.0	1.0	39.8125	0.625	41.4375
9221183	7000.0	15	16000.0	0.7	41.4375	0.4375	42.575
9220247	11000.0	15	16000.0	1.1	42.575	0.6875	44.362500000000004
8586023	13000.0	15	16000.0	1.3	44.3625	0.8125	46.474999999999994
9221306	9000.0	15	16000.0	0.9	46.475	0.5625	47.9375
8592847	13000.0	15	16000.0	1.3	47.9375	0.8125	50.05
8579617	13000.0	15	16000.0	1.3	50.05	0.8125	52.162499999999994
8597165	14000.0	15	16000.0	1.4	52.1625	0.875	54.4375
9220487	11000.0	15	16000.0	1.1	54.4375	0.6875	56.225
9222636	11000.0	15	16000.0	1.1	56.225	0.6875	58.0125
8585623	12000.0	15	16000.0	1.2	58.0125	0.75	59.962500000000006
8596195	11000.0	15	16000.0	1.1	59.9625	0.6875	61.75
9222711	9000.0	15	16000.0	0.9	61.75	0.5625	63.2125
9224525	9000.0	15	16000.0	0.9	63.2125	0.5625	64.675
9224769	10000.0	15	16000.0	1.0	64.675	0.625	66.3
9224689	11000.0	15	16000.0	1.1	66.3	0.6875	68.08749999999999
9221075	12000.0	16	18000.0	1.2058	0	0.6667	1.8725
9221386	13000.0	16	18000.0	1.3058	1.8725	0.7222	3.9005
9219925	10000.0	16	18000.0	1.0058	3.9005	0.5556	5.4619
9219999	10000.0	16	18000.0	1.0058	5.4619	0.5556	7.0233
8578320	13000.0	16	18000.0	1.3058	7.0233	0.7222	9.051300000000001
9223470	8000.0	16	18000.0	0.8058	9.0513	0.4444	10.301499999999999
9224042	10000.0	16	18000.0	1.0058	10.3015	0.5556	11.862900000000002
9221034	9000.0	16	18000.0	0.9058	11.8629	0.5	13.268699999999999
9219210	11000.0	16	18000.0	1.1058	13.2687	0.6111	14.985600000000002
9223619	9000.0	16	18000.0	0.9058	14.9856	0.5	16.391399999999997
8589915	13000.0	16	18000.0	1.3058	16.3914	0.7222	18.419400000000003
8589919	13000.0	16	18000.0	1.3058	18.4194	0.7222	20.447400000000002
9221552	12000.0	16	18000.0	1.2058	20.4474	0.6667	22.319899999999997
9219489	8000.0	16	18000.0	0.8058	22.3199	0.4444	23.570100000000004
9223082	11000.0	16	18000.0	1.1058	23.5701	0.6111	25.287
9221619	9000.0	16	18000.0	0.9058	25.287	0.5	26.6928
9220881	10000.0	16	18000.0	1.0058	26.6928	0.5556	28.254199999999997
9221747	11000.0	16	18000.0	1.1058	28.2542	0.6111	29.9711
9219779	13000.0	16	18000.0	1.3058	29.9711	0.7222	31.999100000000002
9219371	9000.0	16	18000.0	0.9058	31.9991	0.5	33.4049
9219322	9000.0	16	18000.0	0.9058	33.4049	0.5	34.8107
8597996	13000.0	16	18000.0	1.3058	34.8107	0.7222	36.838699999999996
8582554	11000.0	16	18000.0	1.1058	36.8387	0.6111	38.555600000000005
9223206	9000.0	16	18000.0	0.9058	38.5556	0.5	39.9614
9220760	10000.0	16	18000.0	1.0058	39.9614	0.5556	41.5228
9222350	9000.0	16	18000.0	0.9058	41.5228	0.5	42.928599999999996
9222521	9000.0	16	18000.0	0.9058	42.9286	0.5	44.3344
9224915	12000.0	16	18000.0	1.2058	44.3344	0.6667	46.2069
8598643	13000.0	16	18000.0	1.3058	46.2069	0.7222	48.234899999999996
9223037	12000.0	16	18000.0	1.2058	48.2349	0.6667	50.107400000000005
9220256	10000.0	16	18000.0	1.0058	50.1074	0.5556	51.6688
8596482	11000.0	16	18000.0	1.1058	51.6688	0.6111	53.3857
9220489	10000.0	16	18000.0	1.0058	53.3857	0.5556	54.9471
8592006	13000.0	16	18000.0	1.3058	54.9471	0.7222	56.9751
8579520	14000.0	16	18000.0	1.4058	56.9751	0.7778	59.158699999999996
8593449	12000.0	16	18000.0	1.2058	59.1587	0.6667	61.031200000000005
9222988	10000.0	16	18000.0	1.0058	61.0312	0.5556	62.5926
9222738	12000.0	16	18000.0	1.2058	62.5926	0.6667	64.4651
9222749	10000.0	16	18000.0	1.0058	64.4651	0.5556	66.0265
8593198	20000.0	16	18000.0	2.0058	66.0265	1.1111	69.14339999999999
8590590	16000.0	16	18000.0	1.6058	69.1434	0.8889	71.63810000000001
9222694	12000.0	16	18000.0	1.2058	71.6381	0.6667	73.5106
9222889	8000.0	16	18000.0	0.8058	73.5106	0.4444	74.7608
9221308	9000.0	16	18000.0	0.9058	74.7608	0.5	76.1666
9222061	10000.0	16	18000.0	1.0058	76.1666	0.5556	77.728
9224754	11000.0	16	18000.0	1.1058	77.728	0.6111	79.44489999999999
9224439	10000.0	16	18000.0	1.0058	79.4449	0.5556	81.0063
9224577	10000.0	16	18000.0	1.0058	81.0063	0.5556	82.56769999999999
8578666	14000.0	16	18000.0	1.4058	82.5677	0.7778	84.7513
9223572	10000.0	17	24000.0	1.0058	0	0.4167	1.4225
9223655	10000.0	17	24000.0	1.0058	1.4225	0.4167	2.845
9221989	11000.0	17	24000.0	1.1058	2.845	0.4583	4.4091000000000005
9219225	10000.0	17	24000.0	1.0058	4.4091	0.4167	5.831599999999999
9221687	10000.0	17	24000.0	1.0058	5.8316	0.4167	7.254099999999999
9219486	9000.0	17	24000.0	0.9058	7.2541	0.375	8.5349
8584616	14000.0	17	24000.0	1.4058	8.5349	0.5833	10.524
9221612	8000.0	17	24000.0	0.8058	10.524	0.3333	11.663099999999998
9219663	10000.0	17	24000.0	1.0058	11.6631	0.4167	13.085600000000001
8581063	12000.0	17	24000.0	1.2058	13.0856	0.5	14.7914
9221118	14000.0	17	24000.0	1.4058	14.7914	0.5833	16.7805
9221462	9000.0	17	24000.0	0.9058	16.7805	0.375	18.0613
8590185	12000.0	17	24000.0	1.2058	18.0613	0.5	19.7671
9222332	7000.0	17	24000.0	0.7058	19.7671	0.2917	20.764599999999998
9220436	10000.0	17	24000.0	1.0058	20.7646	0.4167	22.1871
9223016	13000.0	17	24000.0	1.3058	22.1871	0.5417	24.0346
9220526	9000.0	17	24000.0	0.9058	24.0346	0.375	25.3154
9222465	11000.0	17	24000.0	1.1058	25.3154	0.4583	26.8795
9220212	9000.0	17	24000.0	0.9058	26.8795	0.375	28.1603
9224888	9000.0	17	24000.0	0.9058	28.1603	0.375	29.4411
9220237	8000.0	17	24000.0	0.8058	29.4411	0.3333	30.5802
9222532	9000.0	17	24000.0	0.9058	30.5802	0.375	31.861
8593709	12000.0	17	24000.0	1.2058	31.861	0.5	33.5668
8595750	15000.0	17	24000.0	1.5058	33.5668	0.625	35.6976
9222600	10000.0	17	24000.0	1.0058	35.6976	0.4167	37.1201
9222944	10000.0	17	24000.0	1.0058	37.1201	0.4167	38.5426
9221214	9000.0	17	24000.0	0.9058	38.5426	0.375	39.8234
9222903	11000.0	17	24000.0	1.1058	39.8234	0.4583	41.3875
9222698	10000.0	17	24000.0	1.0058	41.3875	0.4167	42.81
9224751	9000.0	17	24000.0	0.9058	42.81	0.375	44.0908
9221136	11000.0	17	24000.0	1.1058	44.0908	0.4583	45.654900000000005
9224771	10000.0	17	24000.0	1.0058	45.6549	0.4167	47.0774
9224806	10000.0	17	24000.0	1.0058	47.0774	0.4167	48.4999
9220653	10000.0	17	24000.0	1.0058	48.4999	0.4167	49.922399999999996
9220067	13000.0	17	24000.0	1.3058	49.9224	0.5417	51.7699
9224168	11000.0	18	30000.0	1.1058	0	0.3667	1.4725
9219891	10000.0	18	30000.0	1.0058	1.4725	0.3333	2.8116
9219995	11000.0	18	30000.0	1.1058	2.8116	0.3667	4.2841
9223437	9000.0	18	30000.0	0.9058	4.2841	0.3	5.4899
9224082	10000.0	18	30000.0	1.0058	5.4899	0.3333	6.829
9219248	10000.0	18	30000.0	1.0058	6.829	0.3333	8.168099999999999
9223558	9000.0	18	30000.0	0.9058	8.1681	0.3	9.3739
9223975	10000.0	18	30000.0	1.0058	9.3739	0.3333	10.713000000000001
9223738	7000.0	18	30000.0	0.7058	10.713	0.2333	11.652099999999999
9219696	10000.0	18	30000.0	1.0058	11.6521	0.3333	12.991200000000001
8598315	14000.0	18	30000.0	1.4058	12.9912	0.4667	14.863699999999998
9223920	10000.0	18	30000.0	1.0058	14.8637	0.3333	16.2028
9220044	12000.0	18	30000.0	1.2058	16.2028	0.4	17.8086
9219667	9000.0	18	30000.0	0.9058	17.8086	0.3	19.0144
9221655	12000.0	18	30000.0	1.2058	19.0144	0.4	20.620199999999997
9223905	10000.0	18	30000.0	1.0058	20.6202	0.3333	21.959300000000002
9223296	10000.0	18	30000.0	1.0058	21.9593	0.3333	23.2984
9221540	11000.0	18	30000.0	1.1058	23.2984	0.3667	24.7709
9222421	9000.0	18	30000.0	0.9058	24.7709	0.3	25.9767
9222518	13000.0	18	30000.0	1.3058	25.9767	0.4333	27.7158
9220405	12000.0	18	30000.0	1.2058	27.7158	0.4	29.3216
9222116	10000.0	18	30000.0	1.0058	29.3216	0.3333	30.660700000000002
9220634	10000.0	18	30000.0	1.0058	30.6607	0.3333	31.9998
9220195	12000.0	18	30000.0	1.2058	31.9998	0.4	33.6056
9222214	10000.0	18	30000.0	1.0058	33.6056	0.3333	34.944700000000005
9221244	9000.0	18	30000.0	0.9058	34.9447	0.3	36.150499999999994
8591804	13000.0	18	30000.0	1.3058	36.1505	0.4333	37.8896
9222915	10000.0	18	30000.0	1.0058	37.8896	0.3333	39.2287
9222846	10000.0	18	30000.0	1.0058	39.2287	0.3333	40.567800000000005
9222887	10000.0	18	30000.0	1.0058	40.5678	0.3333	41.9069
9224789	11000.0	18	30000.0	1.1058	41.9069	0.3667	43.379400000000004
9224290	10000.0	18	30000.0	1.0058	43.3794	0.3333	44.7185
9224592	10000.0	18	30000.0	1.0058	44.7185	0.3333	46.0576
9221950	10000.0	19	30000.0	1.0058	0	0.3333	1.3391
8577469	15000.0	19	30000.0	1.5058	1.3391	0.5	3.3449
9221008	8000.0	19	30000.0	0.8058	3.3449	0.2667	4.4174
9221397	11000.0	19	30000.0	1.1058	4.4174	0.3667	5.889899999999999
9221014	9000.0	19	30000.0	0.9058	5.8899	0.3	7.0957
9219863	13000.0	19	30000.0	1.3058	7.0957	0.4333	8.834800000000001
9221126	11000.0	19	30000.0	1.1058	8.8348	0.3667	10.3073
9219981	10000.0	19	30000.0	1.0058	10.3073	0.3333	11.6464
9219576	11000.0	19	30000.0	1.1058	11.6464	0.3667	13.1189
8577769	11000.0	19	30000.0	1.1058	13.1189	0.3667	14.5914
9221450	9000.0	19	30000.0	0.9058	14.5914	0.3	15.7972
9221852	11000.0	19	30000.0	1.1058	15.7972	0.3667	17.2697
9221885	10000.0	19	30000.0	1.0058	17.2697	0.3333	18.608800000000002
9219797	9000.0	19	30000.0	0.9058	18.6088	0.3	19.8146
8582634	13000.0	19	30000.0	1.3058	19.8146	0.4333	21.5537
9221777	10000.0	19	30000.0	1.0058	21.5537	0.3333	22.8928
9219470	12000.0	19	30000.0	1.2058	22.8928	0.4	24.4986
8598028	12000.0	19	30000.0	1.2058	24.4986	0.4	26.1044
9221814	11000.0	19	30000.0	1.1058	26.1044	0.3667	27.5769
9221115	8000.0	19	30000.0	0.8058	27.5769	0.2667	28.6494
9221486	11000.0	19	30000.0	1.1058	28.6494	0.3667	30.1219
8594760	11000.0	19	30000.0	1.1058	30.1219	0.3667	31.5944
9220428	11000.0	19	30000.0	1.1058	31.5944	0.3667	33.066900000000004
9220213	11000.0	19	30000.0	1.1058	33.0669	0.3667	34.5394
9220581	12000.0	19	30000.0	1.2058	34.5394	0.4	36.145199999999996
9220248	8000.0	19	30000.0	0.8058	36.1452	0.2667	37.2177
8588935	18000.0	19	30000.0	1.8058	37.2177	0.6	39.6235
9222222	14000.0	19	30000.0	1.4058	39.6235	0.4667	41.496
8591284	13000.0	19	30000.0	1.3058	41.496	0.4333	43.2351
8586942	12000.0	19	30000.0	1.2058	43.2351	0.4	44.8409
8586524	12000.0	19	30000.0	1.2058	44.8409	0.4	46.4467
9221262	13000.0	19	30000.0	1.3058	46.4467	0.4333	48.1858
8576646	13000.0	19	30000.0	1.3058	48.1858	0.4333	49.9249
9222952	9000.0	19	30000.0	0.9058	49.9249	0.3	51.1307
9222540	11000.0	19	30000.0	1.1058	51.1307	0.3667	52.6032
8590627	13000.0	19	30000.0	1.3058	52.6032	0.4333	54.3423
8593211	12000.0	19	30000.0	1.2058	54.3423	0.4	55.948100000000004
9221224	9000.0	19	30000.0	0.9058	55.9481	0.3	57.15389999999999
9224591	10000.0	19	30000.0	1.0058	57.1539	0.3333	58.493
9222060	10000.0	19	30000.0	1.0058	58.493	0.3333	59.832100000000004
9224466	11000.0	19	30000.0	1.1058	59.8321	0.3667	61.3046
9224705	13000.0	19	30000.0	1.3058	61.3046	0.4333	63.0437
9222023	11000.0	19	30000.0	1.1058	63.0437	0.3667	64.5162
8578534	13000.0	19	30000.0	1.3058	64.5162	0.4333	66.2553
9224449	13000.0	19	30000.0	1.3058	66.2553	0.4333	67.99440000000001
9220068	10000.0	19	30000.0	1.0058	67.9944	0.3333	69.33349999999999
8595085	12000.0	19	30000.0	1.2058	69.3335	0.4	70.9393
