1809146	7000.0	0	500.0	0.7	0	14.0	14.7
1703391	4000.0	0	500.0	0.4	14.7	8.0	23.1
1762913	7000.0	0	500.0	0.7	23.1	14.0	37.8
1671117	7000.0	0	500.0	0.7	37.8	14.0	52.5
1674700	6000.0	0	500.0	0.6	52.5	12.0	65.1
1638070	8000.0	0	500.0	0.8	65.1	16.0	81.89999999999999
1759889	8000.0	0	500.0	0.8	81.9	16.0	98.7
1731136	3000.0	0	500.0	0.3	98.7	6.0	105.0
1751061	10000.0	0	500.0	1.0	105.0	20.0	126.0
1677561	8000.0	0	500.0	0.8	126.0	16.0	142.8
1819958	9000.0	0	500.0	0.9	142.8	18.0	161.70000000000002
1694871	10000.0	0	500.0	1.0	161.7	20.0	182.7
1709666	9000.0	0	500.0	0.9	182.7	18.0	201.6
1670984	4000.0	0	500.0	0.4	201.6	8.0	210.0
1801640	6000.0	0	500.0	0.6	210.0	12.0	222.6
1716444	4000.0	0	500.0	0.4	222.6	8.0	231.0
1801394	6000.0	0	500.0	0.6	231.0	12.0	243.6
1725318	3000.0	0	500.0	0.3	243.6	6.0	249.9
1798639	3000.0	0	500.0	0.3	249.9	6.0	256.20000000000005
1656431	3000.0	0	500.0	0.3	256.2	6.0	262.5
1660122	10000.0	0	500.0	1.0	262.5	20.0	283.5
1729562	3000.0	0	500.0	0.3	283.5	6.0	289.8
1644066	10000.0	0	500.0	1.0	289.8	20.0	310.8
1754466	3000.0	0	500.0	0.3	310.8	6.0	317.1
1811656	8000.0	0	500.0	0.8	317.1	16.0	333.90000000000003
1656472	4000.0	0	500.0	0.4	333.9	8.0	342.29999999999995
1793840	6000.0	0	500.0	0.6	342.3	12.0	354.90000000000003
1793871	8000.0	0	500.0	0.8	354.9	16.0	371.7
1767249	4000.0	0	500.0	0.4	371.7	8.0	380.09999999999997
1682794	3000.0	0	500.0	0.3	380.1	6.0	386.40000000000003
1766112	9000.0	0	500.0	0.9	386.4	18.0	405.29999999999995
1758416	10000.0	0	500.0	1.0	405.3	20.0	426.3
1734253	11000.0	0	500.0	1.1	426.3	22.0	449.40000000000003
1846303	7000.0	0	500.0	0.7	449.4	14.0	464.09999999999997
1687559	6000.0	0	500.0	0.6	464.1	12.0	476.70000000000005
1845737	3000.0	0	500.0	0.3	476.7	6.0	483.0
1714437	6000.0	0	500.0	0.6	483.0	12.0	495.6
1845889	7000.0	0	500.0	0.7	495.6	14.0	510.3
1679978	5000.0	0	500.0	0.5	510.3	10.0	520.8
1812235	9000.0	0	500.0	0.9	520.8	18.0	539.6999999999999
1784258	6000.0	0	500.0	0.6	539.7	12.0	552.3000000000001
1824934	3000.0	0	500.0	0.3	552.3	6.0	558.5999999999999
1639465	6000.0	0	500.0	0.6	558.6	12.0	571.2
1746409	6000.0	0	500.0	0.6	571.2	12.0	583.8000000000001
1637035	5000.0	1	500.0	0.5	0	10.0	10.5
1833026	4000.0	1	500.0	0.4	10.5	8.0	18.9
1824289	6000.0	1	500.0	0.6	18.9	12.0	31.5
1775732	5000.0	1	500.0	0.5	31.5	10.0	42.0
1699263	4000.0	1	500.0	0.4	42.0	8.0	50.4
1776198	8000.0	1	500.0	0.8	50.4	16.0	67.19999999999999
1776285	3000.0	1	500.0	0.3	67.2	6.0	73.5
1704232	2000.0	1	500.0	0.2	73.5	4.0	77.7
1654051	6000.0	1	500.0	0.6	77.7	12.0	90.3
1667336	12000.0	1	500.0	1.2	90.3	24.0	115.5
1638700	4000.0	1	500.0	0.4	115.5	8.0	123.9
1820360	10000.0	1	500.0	1.0	123.9	20.0	144.9
1833531	12000.0	1	500.0	1.2	144.9	24.0	170.1
1839860	4000.0	1	500.0	0.4	170.1	8.0	178.5
1659031	3000.0	1	500.0	0.3	178.5	6.0	184.8
1699869	6000.0	1	500.0	0.6	184.8	12.0	197.4
1669200	7000.0	1	500.0	0.7	197.4	14.0	212.1
1696347	2000.0	1	500.0	0.2	212.1	4.0	216.29999999999998
1703620	10000.0	1	500.0	1.0	216.3	20.0	237.3
1838355	3000.0	1	500.0	0.3	237.3	6.0	243.60000000000002
1847010	8000.0	1	500.0	0.8	243.6	16.0	260.4
1821588	11000.0	1	500.0	1.1	260.4	22.0	283.5
1695218	9000.0	1	500.0	0.9	283.5	18.0	302.4
1656987	2000.0	1	500.0	0.2	302.4	4.0	306.59999999999997
1657334	11000.0	1	500.0	1.1	306.6	22.0	329.70000000000005
1640016	11000.0	1	500.0	1.1	329.7	22.0	352.8
1706408	3000.0	1	500.0	0.3	352.8	6.0	359.1
1735700	3000.0	1	500.0	0.3	359.1	6.0	365.40000000000003
1845956	6000.0	1	500.0	0.6	365.4	12.0	378.0
1659937	9000.0	1	500.0	0.9	378.0	18.0	396.9
1828673	18000.0	1	500.0	1.8	396.9	36.0	434.7
1798746	10000.0	1	500.0	1.0	434.7	20.0	455.7
1786563	9000.0	1	500.0	0.9	455.7	18.0	474.59999999999997
1719307	2000.0	1	500.0	0.2	474.6	4.0	478.8
1789172	4000.0	1	500.0	0.4	478.8	8.0	487.2
1817504	8000.0	1	500.0	0.8	487.2	16.0	504.0
1671534	10000.0	1	500.0	1.0	504.0	20.0	525.0
1650904	4000.0	1	500.0	0.4	525.0	8.0	533.4
1718810	4000.0	1	500.0	0.4	533.4	8.0	541.8
1758405	4000.0	1	500.0	0.4	541.8	8.0	550.1999999999999
1651367	4000.0	1	500.0	0.4	550.2	8.0	558.6
1686874	10000.0	1	500.0	1.0	558.6	20.0	579.6
1815144	4000.0	1	500.0	0.4	579.6	8.0	588.0
1706981	5000.0	1	500.0	0.5	588.0	10.0	598.5
1686026	5000.0	1	500.0	0.5	598.5	10.0	609.0
1656070	5000.0	1	500.0	0.5	609.0	10.0	619.5
1725674	8000.0	1	500.0	0.8	619.5	16.0	636.3
1792001	4000.0	1	500.0	0.4	636.3	8.0	644.6999999999999
1800235	12000.0	1	500.0	1.2	644.7	24.0	669.9000000000001
1838208	7000.0	2	1000.0	0.7	0	7.0	7.7
1696444	8000.0	2	1000.0	0.8	7.7	8.0	16.5
1820942	8000.0	2	1000.0	0.8	16.5	8.0	25.3
1725870	5000.0	2	1000.0	0.5	25.3	5.0	30.8
1819530	7000.0	2	1000.0	0.7	30.8	7.0	38.5
1833136	3000.0	2	1000.0	0.3	38.5	3.0	41.8
1711958	3000.0	2	1000.0	0.3	41.8	3.0	45.099999999999994
1636809	6000.0	2	1000.0	0.6	45.1	6.0	51.7
1829484	3000.0	2	1000.0	0.3	51.7	3.0	55.0
1708571	2000.0	2	1000.0	0.2	55.0	2.0	57.2
1699211	2000.0	2	1000.0	0.2	57.2	2.0	59.400000000000006
1822720	8000.0	2	1000.0	0.8	59.4	8.0	68.19999999999999
1676333	3000.0	2	1000.0	0.3	68.2	3.0	71.5
1647104	10000.0	2	1000.0	1.0	71.5	10.0	82.5
1700088	4000.0	2	1000.0	0.4	82.5	4.0	86.9
1678242	5000.0	2	1000.0	0.5	86.9	5.0	92.4
1824165	3000.0	2	1000.0	0.3	92.4	3.0	95.7
1709521	3000.0	2	1000.0	0.3	95.7	3.0	99.0
1741990	5000.0	2	1000.0	0.5	99.0	5.0	104.5
1658721	6000.0	2	1000.0	0.6	104.5	6.0	111.1
1677344	7000.0	2	1000.0	0.7	111.1	7.0	118.8
1648850	6000.0	2	1000.0	0.6	118.8	6.0	125.39999999999999
1804508	8000.0	2	1000.0	0.8	125.4	8.0	134.2
1694809	9000.0	2	1000.0	0.9	134.2	9.0	144.1
1713958	3000.0	2	1000.0	0.3	144.1	3.0	147.4
1827140	7000.0	2	1000.0	0.7	147.4	7.0	155.1
1648837	8000.0	2	1000.0	0.8	155.1	8.0	163.9
1675520	3000.0	2	1000.0	0.3	163.9	3.0	167.20000000000002
1801425	8000.0	2	1000.0	0.8	167.2	8.0	176.0
1798530	8000.0	2	1000.0	0.8	176.0	8.0	184.8
1735631	3000.0	2	1000.0	0.3	184.8	3.0	188.10000000000002
1723374	9000.0	2	1000.0	0.9	188.1	9.0	198.0
1773361	4000.0	2	1000.0	0.4	198.0	4.0	202.4
1660203	4000.0	2	1000.0	0.4	202.4	4.0	206.8
1788997	5000.0	2	1000.0	0.5	206.8	5.0	212.3
1786526	3000.0	2	1000.0	0.3	212.3	3.0	215.60000000000002
1753997	3000.0	2	1000.0	0.3	215.6	3.0	218.9
1641936	4000.0	2	1000.0	0.4	218.9	4.0	223.3
1755936	8000.0	2	1000.0	0.8	223.3	8.0	232.10000000000002
1817506	7000.0	2	1000.0	0.7	232.1	7.0	239.79999999999998
1641293	9000.0	2	1000.0	0.9	239.8	9.0	249.70000000000002
1691220	10000.0	2	1000.0	1.0	249.7	10.0	260.7
1825280	9000.0	2	1000.0	0.9	260.7	9.0	270.59999999999997
1705495	14000.0	2	1000.0	1.4	270.6	14.0	286.0
1753054	7000.0	2	1000.0	0.7	286.0	7.0	293.7
1774005	2000.0	2	1000.0	0.2	293.7	2.0	295.9
1684152	3000.0	2	1000.0	0.3	295.9	3.0	299.2
1643906	4000.0	2	1000.0	0.4	299.2	4.0	303.59999999999997
1815043	3000.0	2	1000.0	0.3	303.6	3.0	306.90000000000003
1723728	10000.0	2	1000.0	1.0	306.9	10.0	317.9
1701809	6000.0	2	1000.0	0.6	317.9	6.0	324.5
1656667	5000.0	2	1000.0	0.5	324.5	5.0	330.0
1688031	6000.0	2	1000.0	0.6	330.0	6.0	336.6
1746594	4000.0	2	1000.0	0.4	336.6	4.0	341.0
1651860	8000.0	2	1000.0	0.8	341.0	8.0	349.8
1666091	7000.0	2	1000.0	0.7	349.8	7.0	357.5
1830609	3000.0	2	1000.0	0.3	357.5	3.0	360.8
1800773	8000.0	2	1000.0	0.8	360.8	8.0	369.6
1659755	5000.0	2	1000.0	0.5	369.6	5.0	375.1
1827716	10000.0	2	1000.0	1.0	375.1	10.0	386.1
1671780	3000.0	2	1000.0	0.3	386.1	3.0	389.40000000000003
1717141	9000.0	2	1000.0	0.9	389.4	9.0	399.29999999999995
1655948	2000.0	2	1000.0	0.2	399.3	2.0	401.5
1679475	14000.0	3	1000.0	1.4	0	14.0	15.4
1819373	4000.0	3	1000.0	0.4	15.4	4.0	19.8
1823787	6000.0	3	1000.0	0.6	19.8	6.0	26.400000000000002
1674326	3000.0	3	1000.0	0.3	26.4	3.0	29.7
1771379	11000.0	3	1000.0	1.1	29.7	11.0	41.8
1694335	4000.0	3	1000.0	0.4	41.8	4.0	46.199999999999996
1833134	3000.0	3	1000.0	0.3	46.2	3.0	49.5
1694167	4000.0	3	1000.0	0.4	49.5	4.0	53.9
1696530	2000.0	3	1000.0	0.2	53.9	2.0	56.1
1708604	10000.0	3	1000.0	1.0	56.1	10.0	67.1
1731630	4000.0	3	1000.0	0.4	67.1	4.0	71.5
1760434	10000.0	3	1000.0	1.0	71.5	10.0	82.5
1636926	4000.0	3	1000.0	0.4	82.5	4.0	86.9
1677029	9000.0	3	1000.0	0.9	86.9	9.0	96.80000000000001
1781073	3000.0	3	1000.0	0.3	96.8	3.0	100.1
1762722	4000.0	3	1000.0	0.4	100.1	4.0	104.5
1802247	8000.0	3	1000.0	0.8	104.5	8.0	113.3
1716207	8000.0	3	1000.0	0.8	113.3	8.0	122.1
1664974	3000.0	3	1000.0	0.3	122.1	3.0	125.39999999999999
1810458	4000.0	3	1000.0	0.4	125.4	4.0	129.8
1668707	9000.0	3	1000.0	0.9	129.8	9.0	139.70000000000002
1678891	9000.0	3	1000.0	0.9	139.7	9.0	149.6
1804681	2000.0	3	1000.0	0.2	149.6	2.0	151.79999999999998
1726877	6000.0	3	1000.0	0.6	151.8	6.0	158.4
1713666	3000.0	3	1000.0	0.3	158.4	3.0	161.70000000000002
1684711	3000.0	3	1000.0	0.3	161.7	3.0	165.0
1707879	15000.0	3	1000.0	1.5	165.0	15.0	181.5
1748607	7000.0	3	1000.0	0.7	181.5	7.0	189.2
1692120	3000.0	3	1000.0	0.3	189.2	3.0	192.5
1786305	5000.0	3	1000.0	0.5	192.5	5.0	198.0
1750648	9000.0	3	1000.0	0.9	198.0	9.0	207.9
1712852	3000.0	3	1000.0	0.3	207.9	3.0	211.20000000000002
1661185	4000.0	3	1000.0	0.4	211.2	4.0	215.6
1739899	5000.0	3	1000.0	0.5	215.6	5.0	221.1
1663654	3000.0	3	1000.0	0.3	221.1	3.0	224.4
1758054	3000.0	3	1000.0	0.3	224.4	3.0	227.70000000000002
1727760	3000.0	3	1000.0	0.3	227.7	3.0	231.0
1765855	2000.0	3	1000.0	0.2	231.0	2.0	233.2
1826800	7000.0	3	1000.0	0.7	233.2	7.0	240.89999999999998
1787551	9000.0	3	1000.0	0.9	240.9	9.0	250.8
1797761	6000.0	3	1000.0	0.6	250.8	6.0	257.4
1643945	8000.0	3	1000.0	0.8	257.4	8.0	266.2
1825884	5000.0	3	1000.0	0.5	266.2	5.0	271.7
1641686	3000.0	3	1000.0	0.3	271.7	3.0	275.0
1851137	3000.0	3	1000.0	0.3	275.0	3.0	278.3
1815618	3000.0	3	1000.0	0.3	278.3	3.0	281.6
1716848	10000.0	3	1000.0	1.0	281.6	10.0	292.6
1686914	2000.0	3	1000.0	0.2	292.6	2.0	294.8
1789766	2000.0	3	1000.0	0.2	294.8	2.0	297.0
1849293	8000.0	3	1000.0	0.8	297.0	8.0	305.8
1733496	3000.0	3	1000.0	0.3	305.8	3.0	309.1
1671784	5000.0	3	1000.0	0.5	309.1	5.0	314.6
1791038	3000.0	3	1000.0	0.3	314.6	3.0	317.90000000000003
1841970	8000.0	3	1000.0	0.8	317.9	8.0	326.7
1826926	12000.0	4	4000.0	1.2038	0	3.0	4.2038
1839114	6000.0	4	4000.0	0.6038	4.2038	1.5	6.3076
1741063	4000.0	4	4000.0	0.4038	6.3076	1.0	7.7114
1838861	8000.0	4	4000.0	0.8038	7.7114	2.0	10.5152
1642723	5000.0	4	4000.0	0.5038	10.5152	1.25	12.269
1744206	6000.0	4	4000.0	0.6038	12.269	1.5	14.3728
1850192	12000.0	4	4000.0	1.2038	14.3728	3.0	18.5766
1646761	4000.0	4	4000.0	0.4038	18.5766	1.0	19.9804
1769775	12000.0	4	4000.0	1.2038	19.9804	3.0	24.1842
1674591	4000.0	4	4000.0	0.4038	24.1842	1.0	25.588
1751041	3000.0	4	4000.0	0.3038	25.588	0.75	26.6418
1678397	4000.0	4	4000.0	0.4038	26.6418	1.0	28.0456
1745571	6000.0	4	4000.0	0.6038	28.0456	1.5	30.1494
1751108	8000.0	4	4000.0	0.8038	30.1494	2.0	32.953199999999995
1658430	3000.0	4	4000.0	0.3038	32.9532	0.75	34.007000000000005
1697279	9000.0	4	4000.0	0.9038	34.007	2.25	37.160799999999995
1827221	7000.0	4	4000.0	0.7038	37.1608	1.75	39.6146
1670824	3000.0	4	4000.0	0.3038	39.6146	0.75	40.668400000000005
1724236	5000.0	4	4000.0	0.5038	40.6684	1.25	42.4222
1811845	5000.0	4	4000.0	0.5038	42.4222	1.25	44.175999999999995
1637741	5000.0	4	4000.0	0.5038	44.176	1.25	45.9298
1656950	7000.0	4	4000.0	0.7038	45.9298	1.75	48.3836
1776981	4000.0	4	4000.0	0.4038	48.3836	1.0	49.7874
1803469	3000.0	4	4000.0	0.3038	49.7874	0.75	50.8412
1782384	2000.0	4	4000.0	0.2038	50.8412	0.5	51.545
1640544	8000.0	4	4000.0	0.8038	51.545	2.0	54.348800000000004
1665093	3000.0	4	4000.0	0.3038	54.3488	0.75	55.4026
1728784	4000.0	4	4000.0	0.4038	55.4026	1.0	56.8064
1845117	23000.0	4	4000.0	2.3038	56.8064	5.75	64.86019999999999
1655869	3000.0	4	4000.0	0.3038	64.8602	0.75	65.914
1710250	2000.0	4	4000.0	0.2038	65.914	0.5	66.6178
1641126	9000.0	4	4000.0	0.9038	66.6178	2.25	69.7716
1711541	4000.0	4	4000.0	0.4038	69.7716	1.0	71.17540000000001
1794350	3000.0	4	4000.0	0.3038	71.1754	0.75	72.22919999999999
1793184	5000.0	4	4000.0	0.5038	72.2292	1.25	73.983
1642030	7000.0	4	4000.0	0.7038	73.983	1.75	76.4368
1641006	4000.0	4	4000.0	0.4038	76.4368	1.0	77.84060000000001
1688991	1000.0	4	4000.0	0.1038	77.8406	0.25	78.1944
1828019	11000.0	4	4000.0	1.1038	78.1944	2.75	82.04820000000001
1823642	4000.0	4	4000.0	0.4038	82.0482	1.0	83.452
1683119	3000.0	4	4000.0	0.3038	83.452	0.75	84.5058
1690948	4000.0	4	4000.0	0.4038	84.5058	1.0	85.9096
1663336	11000.0	4	4000.0	1.1038	85.9096	2.75	89.7634
1754151	3000.0	4	4000.0	0.3038	89.7634	0.75	90.8172
1645197	4000.0	4	4000.0	0.4038	90.8172	1.0	92.221
1735224	10000.0	4	4000.0	1.0038	92.221	2.5	95.7248
1672649	11000.0	4	4000.0	1.1038	95.7248	2.75	99.57860000000001
1662792	7000.0	4	4000.0	0.7038	99.5786	1.75	102.0324
1784594	2000.0	4	4000.0	0.2038	102.0324	0.5	102.7362
1753277	4000.0	4	4000.0	0.4038	102.7362	1.0	104.14
1736894	11000.0	4	4000.0	1.1038	104.14	2.75	107.99380000000001
1815623	4000.0	4	4000.0	0.4038	107.9938	1.0	109.3976
1644593	5000.0	4	4000.0	0.5038	109.3976	1.25	111.1514
1771928	13000.0	4	4000.0	1.3038	111.1514	3.25	115.70519999999999
1686591	3000.0	4	4000.0	0.3038	115.7052	0.75	116.759
1767788	2000.0	4	4000.0	0.2038	116.759	0.5	117.4628
1784744	7000.0	4	4000.0	0.7038	117.4628	1.75	119.9166
1800306	5000.0	4	4000.0	0.5038	119.9166	1.25	121.6704
1790694	4000.0	4	4000.0	0.4038	121.6704	1.0	123.0742
1722454	3000.0	4	4000.0	0.3038	123.0742	0.75	124.128
1659682	9000.0	4	4000.0	0.9038	124.128	2.25	127.2818
1767621	4000.0	4	4000.0	0.4038	127.2818	1.0	128.68560000000002
1643569	2000.0	4	4000.0	0.2038	128.6856	0.5	129.3894
1714189	5000.0	5	4000.0	0.5038	0	1.25	1.7538
1838201	4000.0	5	4000.0	0.4038	1.7538	1.0	3.1576
1655086	3000.0	5	4000.0	0.3038	3.1576	0.75	4.211399999999999
1776015	8000.0	5	4000.0	0.8038	4.2114	2.0	7.0152
1833128	6000.0	5	4000.0	0.6038	7.0152	1.5	9.119
1664413	7000.0	5	4000.0	0.7038	9.119	1.75	11.572799999999999
1669705	14000.0	5	4000.0	1.4038	11.5728	3.5	16.4766
1823727	3000.0	5	4000.0	0.3038	16.4766	0.75	17.5304
1657677	9000.0	5	4000.0	0.9038	17.5304	2.25	20.6842
1658036	2000.0	5	4000.0	0.2038	20.6842	0.5	21.388
1664508	10000.0	5	4000.0	1.0038	21.388	2.5	24.891800000000003
1721833	3000.0	5	4000.0	0.3038	24.8918	0.75	25.9456
1824786	4000.0	5	4000.0	0.4038	25.9456	1.0	27.3494
1741096	6000.0	5	4000.0	0.6038	27.3494	1.5	29.4532
1778195	6000.0	5	4000.0	0.6038	29.4532	1.5	31.557
1676337	1000.0	5	4000.0	0.1038	31.557	0.25	31.9108
1677743	2000.0	5	4000.0	0.2038	31.9108	0.5	32.614599999999996
1703739	4000.0	5	4000.0	0.4038	32.6146	1.0	34.0184
1649994	3000.0	5	4000.0	0.3038	34.0184	0.75	35.0722
1760049	10000.0	5	4000.0	1.0038	35.0722	2.5	38.576
1806653	3000.0	5	4000.0	0.3038	38.576	0.75	39.6298
1724353	7000.0	5	4000.0	0.7038	39.6298	1.75	42.083600000000004
1732762	9000.0	5	4000.0	0.9038	42.0836	2.25	45.237399999999994
1807316	5000.0	5	4000.0	0.5038	45.2374	1.25	46.9912
1810456	2000.0	5	4000.0	0.2038	46.9912	0.5	47.695
1699853	8000.0	5	4000.0	0.8038	47.695	2.0	50.4988
1728787	4000.0	5	4000.0	0.4038	50.4988	1.0	51.9026
1697118	9000.0	5	4000.0	0.9038	51.9026	2.25	55.0564
1801323	3000.0	5	4000.0	0.3038	55.0564	0.75	56.1102
1801458	3000.0	5	4000.0	0.3038	56.1102	0.75	57.164
1681811	8000.0	5	4000.0	0.8038	57.164	2.0	59.967800000000004
1814563	5000.0	5	4000.0	0.5038	59.9678	1.25	61.721599999999995
1669237	7000.0	5	4000.0	0.7038	61.7216	1.75	64.1754
1786810	1000.0	5	4000.0	0.1038	64.1754	0.25	64.5292
1794552	6000.0	5	4000.0	0.6038	64.5292	1.5	66.63300000000001
1738135	5000.0	5	4000.0	0.5038	66.633	1.25	68.3868
1849825	3000.0	5	4000.0	0.3038	68.3868	0.75	69.44059999999999
1752343	12000.0	5	4000.0	1.2038	69.4406	3.0	73.6444
1842491	5000.0	5	4000.0	0.5038	73.6444	1.25	75.3982
1682790	9000.0	5	4000.0	0.9038	75.3982	2.25	78.552
1663535	5000.0	5	4000.0	0.5038	78.552	1.25	80.3058
1817112	10000.0	5	4000.0	1.0038	80.3058	2.5	83.8096
1773749	3000.0	5	4000.0	0.3038	83.8096	0.75	84.8634
1840271	9000.0	5	4000.0	0.9038	84.8634	2.25	88.0172
1645417	4000.0	5	4000.0	0.4038	88.0172	1.0	89.421
1826164	5000.0	5	4000.0	0.5038	89.421	1.25	91.1748
1837315	10000.0	5	4000.0	1.0038	91.1748	2.5	94.6786
1671487	10000.0	5	4000.0	1.0038	94.6786	2.5	98.1824
1746946	3000.0	5	4000.0	0.3038	98.1824	0.75	99.2362
1810904	3000.0	5	4000.0	0.3038	99.2362	0.75	100.28999999999999
1800382	8000.0	5	4000.0	0.8038	100.29	2.0	103.0938
1825033	3000.0	5	4000.0	0.3038	103.0938	0.75	104.1476
1651174	10000.0	5	4000.0	1.0038	104.1476	2.5	107.6514
1685922	4000.0	5	4000.0	0.4038	107.6514	1.0	109.0552
1815743	10000.0	5	4000.0	1.0038	109.0552	2.5	112.559
1763885	2000.0	5	4000.0	0.2038	112.559	0.5	113.2628
1707378	3000.0	5	4000.0	0.3038	113.2628	0.75	114.3166
1688299	4000.0	5	4000.0	0.4038	114.3166	1.0	115.7204
1736149	3000.0	5	4000.0	0.3038	115.7204	0.75	116.7742
1648713	6000.0	6	5000.0	0.6038	0	1.2	1.8037999999999998
1745693	10000.0	6	5000.0	1.0038	1.8038	2.0	4.8076
1696421	10000.0	6	5000.0	1.0038	4.8076	2.0	7.8114
1724503	2000.0	6	5000.0	0.2038	7.8114	0.4	8.4152
1724244	10000.0	6	5000.0	1.0038	8.4152	2.0	11.419
1657755	3000.0	6	5000.0	0.3038	11.419	0.6	12.3228
1724073	8000.0	6	5000.0	0.8038	12.3228	1.6	14.726600000000001
1708788	6000.0	6	5000.0	0.6038	14.7266	1.2	16.5304
1741823	6000.0	6	5000.0	0.6038	16.5304	1.2	18.3342
1824129	9000.0	6	5000.0	0.9038	18.3342	1.8	21.038
1673788	4000.0	6	5000.0	0.4038	21.038	0.8	22.2418
1666886	2000.0	6	5000.0	0.2038	22.2418	0.4	22.8456
1840023	3000.0	6	5000.0	0.3038	22.8456	0.6	23.7494
1721053	5000.0	6	5000.0	0.5038	23.7494	1.0	25.2532
1821332	10000.0	6	5000.0	1.0038	25.2532	2.0	28.256999999999998
1779980	3000.0	6	5000.0	0.3038	28.257	0.6	29.160800000000002
1782123	5000.0	6	5000.0	0.5038	29.1608	1.0	30.6646
1635872	9000.0	6	5000.0	0.9038	30.6646	1.8	33.3684
1769050	3000.0	6	5000.0	0.3038	33.3684	0.6	34.272200000000005
1695175	3000.0	6	5000.0	0.3038	34.2722	0.6	35.176
1829162	3000.0	6	5000.0	0.3038	35.176	0.6	36.079800000000006
1709093	9000.0	6	5000.0	0.9038	36.0798	1.8	38.78359999999999
1824239	21000.0	6	5000.0	2.1038	38.7836	4.2	45.0874
1834826	5000.0	6	5000.0	0.5038	45.0874	1.0	46.5912
1789515	5000.0	6	5000.0	0.5038	46.5912	1.0	48.095
1727931	2000.0	6	5000.0	0.2038	48.095	0.4	48.6988
1767117	6000.0	6	5000.0	0.6038	48.6988	1.2	50.5026
1706412	3000.0	6	5000.0	0.3038	50.5026	0.6	51.406400000000005
1689270	3000.0	6	5000.0	0.3038	51.4064	0.6	52.3102
1682057	9000.0	6	5000.0	0.9038	52.3102	1.8	55.013999999999996
1712899	3000.0	6	5000.0	0.3038	55.014	0.6	55.91780000000001
1754303	3000.0	6	5000.0	0.3038	55.9178	0.6	56.821600000000004
1786411	8000.0	6	5000.0	0.8038	56.8216	1.6	59.2254
1719326	8000.0	6	5000.0	0.8038	59.2254	1.6	61.629200000000004
1718658	3000.0	6	5000.0	0.3038	61.6292	0.6	62.533
1711673	9000.0	6	5000.0	0.9038	62.533	1.8	65.2368
1835358	10000.0	6	5000.0	1.0038	65.2368	2.0	68.2406
1817958	4000.0	6	5000.0	0.4038	68.2406	0.8	69.4444
1814307	9000.0	6	5000.0	0.9038	69.4444	1.8	72.1482
1773424	9000.0	6	5000.0	0.9038	72.1482	1.8	74.852
1682549	11000.0	6	5000.0	1.1038	74.852	2.2	78.15580000000001
1826094	2000.0	6	5000.0	0.2038	78.1558	0.4	78.7596
1738434	4000.0	6	5000.0	0.4038	78.7596	0.8	79.96340000000001
1662849	7000.0	6	5000.0	0.7038	79.9634	1.4	82.0672
1785333	11000.0	6	5000.0	1.1038	82.0672	2.2	85.37100000000001
1799274	3000.0	6	5000.0	0.3038	85.371	0.6	86.27479999999998
1790809	8000.0	6	5000.0	0.8038	86.2748	1.6	88.67859999999999
1791505	3000.0	6	5000.0	0.3038	88.6786	0.6	89.58239999999999
1792671	5000.0	6	5000.0	0.5038	89.5824	1.0	91.0862
1729405	5000.0	6	5000.0	0.5038	91.0862	1.0	92.59
1746433	2000.0	6	5000.0	0.2038	92.59	0.4	93.19380000000001
1714729	10000.0	6	5000.0	1.0038	93.1938	2.0	96.1976
1772872	4000.0	6	5000.0	0.4038	96.1976	0.8	97.4014
1711920	6000.0	6	5000.0	0.6038	97.4014	1.2	99.2052
1709992	3000.0	6	5000.0	0.3038	99.2052	0.6	100.109
1671980	3000.0	6	5000.0	0.3038	100.109	0.6	101.01279999999998
1688295	10000.0	6	5000.0	1.0038	101.0128	2.0	104.0166
1680163	3000.0	6	5000.0	0.3038	104.0166	0.6	104.92039999999999
1785709	3000.0	6	5000.0	0.3038	104.9204	0.6	105.82419999999999
1686050	21000.0	6	5000.0	2.1038	105.8242	4.2	112.12800000000001
1849385	7000.0	7	5000.0	0.7038	0	1.4	2.1037999999999997
1702406	15000.0	7	5000.0	1.5038	2.1038	3.0	6.6076
1721424	2000.0	7	5000.0	0.2038	6.6076	0.4	7.2114
1674795	6000.0	7	5000.0	0.6038	7.2114	1.2	9.0152
1704065	3000.0	7	5000.0	0.3038	9.0152	0.6	9.919
1664687	6000.0	7	5000.0	0.6038	9.919	1.2	11.7228
1783226	7000.0	7	5000.0	0.7038	11.7228	1.4	13.8266
1700588	7000.0	7	5000.0	0.7038	13.8266	1.4	15.930399999999999
1743876	3000.0	7	5000.0	0.3038	15.9304	0.6	16.834200000000003
1722857	3000.0	7	5000.0	0.3038	16.8342	0.6	17.738
1753434	10000.0	7	5000.0	1.0038	17.738	2.0	20.741799999999998
1838912	3000.0	7	5000.0	0.3038	20.7418	0.6	21.6456
1842355	4000.0	7	5000.0	0.4038	21.6456	0.8	22.849400000000003
1694430	3000.0	7	5000.0	0.3038	22.8494	0.6	23.7532
1807634	5000.0	7	5000.0	0.5038	23.7532	1.0	25.256999999999998
1700119	11000.0	7	5000.0	1.1038	25.257	2.2	28.5608
1696675	3000.0	7	5000.0	0.3038	28.5608	0.6	29.4646
1780305	3000.0	7	5000.0	0.3038	29.4646	0.6	30.3684
1742046	3000.0	7	5000.0	0.3038	30.3684	0.6	31.2722
1657248	11000.0	7	5000.0	1.1038	31.2722	2.2	34.57600000000001
1673519	9000.0	7	5000.0	0.9038	34.576	1.8	37.279799999999994
1840029	4000.0	7	5000.0	0.4038	37.2798	0.8	38.483599999999996
1807547	3000.0	7	5000.0	0.3038	38.4836	0.6	39.38740000000001
1677324	4000.0	7	5000.0	0.4038	39.3874	0.8	40.59119999999999
1658627	9000.0	7	5000.0	0.9038	40.5912	1.8	43.294999999999995
1698691	8000.0	7	5000.0	0.8038	43.295	1.6	45.698800000000006
1824253	3000.0	7	5000.0	0.3038	45.6988	0.6	46.6026
1770726	7000.0	7	5000.0	0.7038	46.6026	1.4	48.7064
1715463	4000.0	7	5000.0	0.4038	48.7064	0.8	49.910199999999996
1718220	10000.0	7	5000.0	1.0038	49.9102	2.0	52.914
1718330	8000.0	7	5000.0	0.8038	52.914	1.6	55.317800000000005
1774112	4000.0	7	5000.0	0.4038	55.3178	0.8	56.52159999999999
1649302	11000.0	7	5000.0	1.1038	56.5216	2.2	59.8254
1798261	8000.0	7	5000.0	0.8038	59.8254	1.6	62.229200000000006
1672868	7000.0	7	5000.0	0.7038	62.2292	1.4	64.333
1828930	9000.0	7	5000.0	0.9038	64.333	1.8	67.0368
1661868	4000.0	7	5000.0	0.4038	67.0368	0.8	68.2406
1735810	3000.0	7	5000.0	0.3038	68.2406	0.6	69.14439999999999
1773844	4000.0	7	5000.0	0.4038	69.1444	0.8	70.3482
1795723	16000.0	7	5000.0	1.6038	70.3482	3.2	75.15200000000002
1739227	14000.0	7	5000.0	1.4038	75.152	2.8	79.3558
1739157	10000.0	7	5000.0	1.0038	79.3558	2.0	82.3596
1714509	9000.0	7	5000.0	0.9038	82.3596	1.8	85.0634
1851633	10000.0	7	5000.0	1.0038	85.0634	2.0	88.0672
1705555	9000.0	7	5000.0	0.9038	88.0672	1.8	90.771
1758343	6000.0	7	5000.0	0.6038	90.771	1.2	92.57480000000001
1750242	3000.0	7	5000.0	0.3038	92.5748	0.6	93.47859999999999
1783954	6000.0	7	5000.0	0.6038	93.4786	1.2	95.28240000000001
1834238	3000.0	7	5000.0	0.3038	95.2824	0.6	96.18619999999999
1717109	2000.0	7	5000.0	0.2038	96.1862	0.4	96.79
1792265	9000.0	7	5000.0	0.9038	96.79	1.8	99.49380000000001
1740196	11000.0	7	5000.0	1.1038	99.4938	2.2	102.7976
1768329	6000.0	7	5000.0	0.6038	102.7976	1.2	104.60140000000001
1849951	6000.0	7	5000.0	0.6038	104.6014	1.2	106.40520000000001
1791899	5000.0	7	5000.0	0.5038	106.4052	1.0	107.90899999999999
1843515	13000.0	7	5000.0	1.3038	107.909	2.6	111.8128
1680019	6000.0	7	5000.0	0.6038	111.8128	1.2	113.6166
1798964	7000.0	7	5000.0	0.7038	113.6166	1.4	115.72040000000001
1713918	11000.0	8	5000.0	1.1067	0	2.2	3.3067
1657971	5000.0	8	5000.0	0.5067	3.3067	1.0	4.8134
1724239	8000.0	8	5000.0	0.8067	4.8134	1.6	7.2201
1725739	13000.0	8	5000.0	1.3067	7.2201	2.6	11.1268
1664362	8000.0	8	5000.0	0.8067	11.1268	1.6	13.533499999999998
1749390	6000.0	8	5000.0	0.6067	13.5335	1.2	15.3402
1707832	3000.0	8	5000.0	0.3067	15.3402	0.6	16.2469
1729174	9000.0	8	5000.0	0.9067	16.2469	1.8	18.9536
1822017	4000.0	8	5000.0	0.4067	18.9536	0.8	20.160300000000003
1763533	4000.0	8	5000.0	0.4067	20.1603	0.8	21.367
1728891	7000.0	8	5000.0	0.7067	21.367	1.4	23.4737
1833480	9000.0	8	5000.0	0.9067	23.4737	1.8	26.180400000000002
1804920	8000.0	8	5000.0	0.8067	26.1804	1.6	28.5871
1676173	6000.0	8	5000.0	0.6067	28.5871	1.2	30.3938
1703217	6000.0	8	5000.0	0.6067	30.3938	1.2	32.2005
1677889	7000.0	8	5000.0	0.7067	32.2005	1.4	34.307199999999995
1751268	5000.0	8	5000.0	0.5067	34.3072	1.0	35.813900000000004
1832800	9000.0	8	5000.0	0.9067	35.8139	1.8	38.520599999999995
1845073	3000.0	8	5000.0	0.3067	38.5206	0.6	39.4273
1805076	3000.0	8	5000.0	0.3067	39.4273	0.6	40.334
1749297	7000.0	8	5000.0	0.7067	40.334	1.4	42.4407
1637833	7000.0	8	5000.0	0.7067	42.4407	1.4	44.547399999999996
1761028	3000.0	8	5000.0	0.3067	44.5474	0.6	45.454100000000004
1779793	1000.0	8	5000.0	0.1067	45.4541	0.2	45.760799999999996
1665127	1000.0	8	5000.0	0.1067	45.7608	0.2	46.0675
1670088	5000.0	8	5000.0	0.5067	46.0675	1.0	47.574200000000005
1761033	3000.0	8	5000.0	0.3067	47.5742	0.6	48.4809
1781931	11000.0	8	5000.0	1.1067	48.4809	2.2	51.7876
1809740	4000.0	8	5000.0	0.4067	51.7876	0.8	52.994299999999996
1784530	4000.0	8	5000.0	0.4067	52.9943	0.8	54.201
1834127	4000.0	8	5000.0	0.4067	54.201	0.8	55.4077
1814557	9000.0	8	5000.0	0.9067	55.4077	1.8	58.114399999999996
1737740	9000.0	8	5000.0	0.9067	58.1144	1.8	60.8211
1813046	21000.0	8	5000.0	2.1067	60.8211	4.2	67.12780000000001
1755538	4000.0	8	5000.0	0.4067	67.1278	0.8	68.33449999999999
1843559	3000.0	8	5000.0	0.3067	68.3345	0.6	69.2412
1681386	5000.0	8	5000.0	0.5067	69.2412	1.0	70.7479
1688682	4000.0	8	5000.0	0.4067	70.7479	0.8	71.9546
1685426	4000.0	8	5000.0	0.4067	71.9546	0.8	73.1613
1725623	3000.0	8	5000.0	0.3067	73.1613	0.6	74.068
1682908	8000.0	8	5000.0	0.8067	74.068	1.6	76.4747
1682952	3000.0	8	5000.0	0.3067	76.4747	0.6	77.3814
1753851	6000.0	8	5000.0	0.6067	77.3814	1.2	79.1881
1788750	2000.0	8	5000.0	0.2067	79.1881	0.4	79.79480000000001
1795341	3000.0	8	5000.0	0.3067	79.7948	0.6	80.7015
1671513	6000.0	8	5000.0	0.6067	80.7015	1.2	82.5082
1766694	5000.0	8	5000.0	0.5067	82.5082	1.0	84.0149
1754660	3000.0	8	5000.0	0.3067	84.0149	0.6	84.9216
1818941	5000.0	8	5000.0	0.5067	84.9216	1.0	86.4283
1792221	9000.0	8	5000.0	0.9067	86.4283	1.8	89.13499999999999
1790867	9000.0	8	5000.0	0.9067	89.135	1.8	91.8417
1693075	3000.0	8	5000.0	0.3067	91.8417	0.6	92.7484
1792469	1000.0	8	5000.0	0.1067	92.7484	0.2	93.05510000000001
1718071	5000.0	8	5000.0	0.5067	93.0551	1.0	94.56179999999999
1733878	5000.0	8	5000.0	0.5067	94.5618	1.0	96.0685
1641843	3000.0	8	5000.0	0.3067	96.0685	0.6	96.9752
1841351	3000.0	8	5000.0	0.3067	96.9752	0.6	97.8819
1765210	5000.0	8	5000.0	0.5067	97.8819	1.0	99.3886
1791785	9000.0	8	5000.0	0.9067	99.3886	1.8	102.0953
1651792	7000.0	8	5000.0	0.7067	102.0953	1.4	104.202
1814948	10000.0	8	5000.0	1.0067	104.202	2.0	107.2087
1839557	3000.0	9	6000.0	0.3067	0	0.5	0.8067
1771052	8000.0	9	6000.0	0.8067	0.8067	1.3333	2.9467
1845007	2000.0	9	6000.0	0.2067	2.9467	0.3333	3.4867
1782524	8000.0	9	6000.0	0.8067	3.4867	1.3333	5.6267
1782779	6000.0	9	6000.0	0.6067	5.6267	1.0	7.2334
1771858	3000.0	9	6000.0	0.3067	7.2334	0.5	8.040099999999999
1667140	3000.0	9	6000.0	0.3067	8.0401	0.5	8.8468
1715058	4000.0	9	6000.0	0.4067	8.8468	0.6667	9.920200000000001
1725846	5000.0	9	6000.0	0.5067	9.9202	0.8333	11.2602
1703394	4000.0	9	6000.0	0.4067	11.2602	0.6667	12.3336
1801190	11000.0	9	6000.0	1.1067	12.3336	1.8333	15.2736
1702882	3000.0	9	6000.0	0.3067	15.2736	0.5	16.0803
1667422	4000.0	9	6000.0	0.4067	16.0803	0.6667	17.1537
1665525	5000.0	9	6000.0	0.5067	17.1537	0.8333	18.4937
1820229	3000.0	9	6000.0	0.3067	18.4937	0.5	19.3004
1678140	12000.0	9	6000.0	1.2067	19.3004	2.0	22.5071
1850063	9000.0	9	6000.0	0.9067	22.5071	1.5	24.913800000000002
1667663	11000.0	9	6000.0	1.1067	24.9138	1.8333	27.8538
1746118	9000.0	9	6000.0	0.9067	27.8538	1.5	30.2605
1848541	8000.0	9	6000.0	0.8067	30.2605	1.3333	32.4005
1709591	22000.0	9	6000.0	2.2067	32.4005	3.6667	38.2739
1763129	4000.0	9	6000.0	0.4067	38.2739	0.6667	39.3473
1678804	3000.0	9	6000.0	0.3067	39.3473	0.5	40.153999999999996
1764506	2000.0	9	6000.0	0.2067	40.154	0.3333	40.694
1762109	12000.0	9	6000.0	1.2067	40.694	2.0	43.9007
1727488	10000.0	9	6000.0	1.0067	43.9007	1.6667	46.5741
1684605	10000.0	9	6000.0	1.0067	46.5741	1.6667	49.2475
1818330	10000.0	9	6000.0	1.0067	49.2475	1.6667	51.9209
1735815	6000.0	9	6000.0	0.6067	51.9209	1.0	53.52760000000001
1758964	9000.0	9	6000.0	0.9067	53.5276	1.5	55.9343
1671456	3000.0	9	6000.0	0.3067	55.9343	0.5	56.741
1651641	8000.0	9	6000.0	0.8067	56.741	1.3333	58.881
1772833	5000.0	9	6000.0	0.5067	58.881	0.8333	60.221000000000004
1713453	8000.0	9	6000.0	0.8067	60.221	1.3333	62.361
1693778	4000.0	9	6000.0	0.4067	62.361	0.6667	63.4344
1742330	8000.0	10	6000.0	0.8067	0	1.3333	2.1399999999999997
1704060	26000.0	10	6000.0	2.6067	2.14	4.3333	9.080000000000002
1775132	13000.0	10	6000.0	1.3067	9.08	2.1667	12.5534
1745850	4000.0	10	6000.0	0.4067	12.5534	0.6667	13.626800000000001
1761954	5000.0	10	6000.0	0.5067	13.6268	0.8333	14.9668
1743872	12000.0	10	6000.0	1.2067	14.9668	2.0	18.1735
1783486	4000.0	10	6000.0	0.4067	18.1735	0.6667	19.2469
1807000	7000.0	10	6000.0	0.7067	19.2469	1.1667	21.1203
1829534	8000.0	10	6000.0	0.8067	21.1203	1.3333	23.2603
1833154	6000.0	10	6000.0	0.6067	23.2603	1.0	24.867
1850025	4000.0	10	6000.0	0.4067	24.867	0.6667	25.9404
1703723	7000.0	10	6000.0	0.7067	25.9404	1.1667	27.8138
1642920	8000.0	10	6000.0	0.8067	27.8138	1.3333	29.9538
1779854	3000.0	10	6000.0	0.3067	29.9538	0.5	30.7605
1731273	4000.0	10	6000.0	0.4067	30.7605	0.6667	31.8339
1700218	14000.0	10	6000.0	1.4067	31.8339	2.3333	35.5739
1806247	5000.0	10	6000.0	0.5067	35.5739	0.8333	36.913900000000005
1721928	3000.0	10	6000.0	0.3067	36.9139	0.5	37.7206
1840662	4000.0	10	6000.0	0.4067	37.7206	0.6667	38.794
1771847	6000.0	10	6000.0	0.6067	38.794	1.0	40.4007
1779579	6000.0	10	6000.0	0.6067	40.4007	1.0	42.007400000000004
1821576	4000.0	10	6000.0	0.4067	42.0074	0.6667	43.080799999999996
1741658	5000.0	10	6000.0	0.5067	43.0808	0.8333	44.42080000000001
1779673	3000.0	10	6000.0	0.3067	44.4208	0.5	45.2275
1732703	5000.0	10	6000.0	0.5067	45.2275	0.8333	46.5675
1840187	8000.0	10	6000.0	0.8067	46.5675	1.3333	48.7075
1786737	12000.0	10	6000.0	1.2067	48.7075	2.0	51.9142
1789611	8000.0	10	6000.0	0.8067	51.9142	1.3333	54.0542
1723546	3000.0	10	6000.0	0.3067	54.0542	0.5	54.8609
1851778	4000.0	10	6000.0	0.4067	54.8609	0.6667	55.9343
1707351	11000.0	10	6000.0	1.1067	55.9343	1.8333	58.8743
1681559	8000.0	10	6000.0	0.8067	58.8743	1.3333	61.0143
1812848	4000.0	10	6000.0	0.4067	61.0143	0.6667	62.0877
1786094	5000.0	10	6000.0	0.5067	62.0877	0.8333	63.4277
1786628	11000.0	10	6000.0	1.1067	63.4277	1.8333	66.3677
1643628	4000.0	10	6000.0	0.4067	66.3677	0.6667	67.4411
1757498	5000.0	10	6000.0	0.5067	67.4411	0.8333	68.7811
1727573	4000.0	10	6000.0	0.4067	68.7811	0.6667	69.8545
1752938	9000.0	10	6000.0	0.9067	69.8545	1.5	72.2612
1796676	7000.0	10	6000.0	0.7067	72.2612	1.1667	74.1346
1682768	5000.0	10	6000.0	0.5067	74.1346	0.8333	75.4746
1808766	6000.0	10	6000.0	0.6067	75.4746	1.0	77.0813
1757852	3000.0	10	6000.0	0.3067	77.0813	0.5	77.888
1787768	4000.0	10	6000.0	0.4067	77.888	0.6667	78.96140000000001
1645076	12000.0	10	6000.0	1.2067	78.9614	2.0	82.1681
1747978	4000.0	10	6000.0	0.4067	82.1681	0.6667	83.2415
1757897	11000.0	10	6000.0	1.1067	83.2415	1.8333	86.1815
1794982	10000.0	10	6000.0	1.0067	86.1815	1.6667	88.8549
1693443	4000.0	10	6000.0	0.4067	88.8549	0.6667	89.92830000000001
1785210	4000.0	10	6000.0	0.4067	89.9283	0.6667	91.0017
1785124	3000.0	10	6000.0	0.3067	91.0017	0.5	91.8084
1717616	3000.0	10	6000.0	0.3067	91.8084	0.5	92.61510000000001
1635741	10000.0	10	6000.0	1.0067	92.6151	1.6667	95.2885
1716803	2000.0	10	6000.0	0.2067	95.2885	0.3333	95.82849999999999
1717768	7000.0	10	6000.0	0.7067	95.8285	1.1667	97.70190000000001
1830098	9000.0	10	6000.0	0.9067	97.7019	1.5	100.1086
1821912	3000.0	11	6000.0	0.3067	0	0.5	0.8067
1771062	9000.0	11	6000.0	0.9067	0.8067	1.5	3.2134
1670499	6000.0	11	6000.0	0.6067	3.2134	1.0	4.8201
1708251	3000.0	11	6000.0	0.3067	4.8201	0.5	5.6268
1810812	8000.0	11	6000.0	0.8067	5.6268	1.3333	7.7668
1708549	3000.0	11	6000.0	0.3067	7.7668	0.5	8.5735
1838060	3000.0	11	6000.0	0.3067	8.5735	0.5	9.380199999999999
1838051	11000.0	11	6000.0	1.1067	9.3802	1.8333	12.3202
1776316	9000.0	11	6000.0	0.9067	12.3202	1.5	14.7269
1712344	7000.0	11	6000.0	0.7067	14.7269	1.1667	16.6003
1771685	4000.0	11	6000.0	0.4067	16.6003	0.6667	17.6737
1779245	9000.0	11	6000.0	0.9067	17.6737	1.5	20.0804
1776473	7000.0	11	6000.0	0.7067	20.0804	1.1667	21.9538
1833593	7000.0	11	6000.0	0.7067	21.9538	1.1667	23.8272
1732455	1000.0	11	6000.0	0.1067	23.8272	0.1667	24.1006
1742166	4000.0	11	6000.0	0.4067	24.1006	0.6667	25.174
1726819	3000.0	11	6000.0	0.3067	25.174	0.5	25.9807
1769185	8000.0	11	6000.0	0.8067	25.9807	1.3333	28.1207
1824158	8000.0	11	6000.0	0.8067	28.1207	1.3333	30.2607
1802634	3000.0	11	6000.0	0.3067	30.2607	0.5	31.0674
1657133	3000.0	11	6000.0	0.3067	31.0674	0.5	31.8741
1637427	11000.0	11	6000.0	1.1067	31.8741	1.8333	34.8141
1676415	3000.0	11	6000.0	0.3067	34.8141	0.5	35.6208
1643317	4000.0	11	6000.0	0.4067	35.6208	0.6667	36.6942
1806369	2000.0	11	6000.0	0.2067	36.6942	0.3333	37.2342
1770937	11000.0	11	6000.0	1.1067	37.2342	1.8333	40.174200000000006
1675596	8000.0	11	6000.0	0.8067	40.1742	1.3333	42.3142
1843707	5000.0	11	6000.0	0.5067	42.3142	0.8333	43.6542
1829216	3000.0	11	6000.0	0.3067	43.6542	0.5	44.4609
1822571	3000.0	11	6000.0	0.3067	44.4609	0.5	45.2676
1786887	6000.0	11	6000.0	0.6067	45.2676	1.0	46.874300000000005
1808944	9000.0	11	6000.0	0.9067	46.8743	1.5	49.281
1847681	1000.0	11	6000.0	0.1067	49.281	0.1667	49.554399999999994
1682088	9000.0	11	6000.0	0.9067	49.5544	1.5	51.9611
1851769	2000.0	11	6000.0	0.2067	51.9611	0.3333	52.5011
1747912	27000.0	11	6000.0	2.7067	52.5011	4.5	59.7078
1727365	5000.0	11	6000.0	0.5067	59.7078	0.8333	61.0478
1831838	7000.0	11	6000.0	0.7067	61.0478	1.1667	62.9212
1747507	8000.0	11	6000.0	0.8067	62.9212	1.3333	65.0612
1727421	3000.0	11	6000.0	0.3067	65.0612	0.5	65.8679
1797094	7000.0	11	6000.0	0.7067	65.8679	1.1667	67.74130000000001
1652789	5000.0	11	6000.0	0.5067	67.7413	0.8333	69.08129999999998
1765990	10000.0	11	6000.0	1.0067	69.0813	1.6667	71.7547
1788308	9000.0	11	6000.0	0.9067	71.7547	1.5	74.1614
1682973	3000.0	11	6000.0	0.3067	74.1614	0.5	74.9681
1682134	7000.0	11	6000.0	0.7067	74.9681	1.1667	76.84150000000001
1684533	8000.0	11	6000.0	0.8067	76.8415	1.3333	78.9815
1752554	6000.0	11	6000.0	0.6067	78.9815	1.0	80.5882
1837028	5000.0	11	6000.0	0.5067	80.5882	0.8333	81.92819999999999
1825006	5000.0	11	6000.0	0.5067	81.9282	0.8333	83.2682
1651748	4000.0	11	6000.0	0.4067	83.2682	0.6667	84.3416
1792523	11000.0	11	6000.0	1.1067	84.3416	1.8333	87.2816
1765124	3000.0	11	6000.0	0.3067	87.2816	0.5	88.0883
1669472	4000.0	11	6000.0	0.4067	88.0883	0.6667	89.16170000000001
1791504	3000.0	11	6000.0	0.3067	89.1617	0.5	89.9684
1842497	3000.0	11	6000.0	0.3067	89.9684	0.5	90.77510000000001
1649433	4000.0	11	6000.0	0.4067	90.7751	0.6667	91.8485
1704816	2000.0	11	6000.0	0.2067	91.8485	0.3333	92.3885
1713447	11000.0	11	6000.0	1.1067	92.3885	1.8333	95.32849999999999
1748114	3000.0	11	6000.0	0.3067	95.3285	0.5	96.13520000000001
1830167	11000.0	11	6000.0	1.1067	96.1352	1.8333	99.0752
1759212	4000.0	11	6000.0	0.4067	99.0752	0.6667	100.1486
1740160	8000.0	11	6000.0	0.8067	100.1486	1.3333	102.2886
1784330	12000.0	11	6000.0	1.2067	102.2886	2.0	105.4953
1713483	8000.0	11	6000.0	0.8067	105.4953	1.3333	107.6353
1692761	3000.0	11	6000.0	0.3067	107.6353	0.5	108.44200000000001
1700869	8000.0	11	6000.0	0.8067	108.442	1.3333	110.582
1731604	3000.0	12	6000.0	0.3	0	0.5	0.8
1636996	7000.0	12	6000.0	0.7	0.8	1.1667	2.6667
1721471	5000.0	12	6000.0	0.5	2.6667	0.8333	4.0
1676868	8000.0	12	6000.0	0.8	4.0	1.3333	6.1333
1647510	3000.0	12	6000.0	0.3	6.1333	0.5	6.9333
1801152	4000.0	12	6000.0	0.4	6.9333	0.6667	8.0
1804303	9000.0	12	6000.0	0.9	8.0	1.5	10.4
1820671	5000.0	12	6000.0	0.5	10.4	0.8333	11.7333
1850057	3000.0	12	6000.0	0.3	11.7333	0.5	12.5333
1697313	14000.0	12	6000.0	1.4	12.5333	2.3333	16.2666
1771672	9000.0	12	6000.0	0.9	16.2666	1.5	18.6666
1637563	3000.0	12	6000.0	0.3	18.6666	0.5	19.4666
1678028	2000.0	12	6000.0	0.2	19.4666	0.3333	19.9999
1720558	4000.0	12	6000.0	0.4	19.9999	0.6667	21.066599999999998
1670225	2000.0	12	6000.0	0.2	21.0666	0.3333	21.5999
1778589	5000.0	12	6000.0	0.5	21.5999	0.8333	22.933200000000003
1639755	8000.0	12	6000.0	0.8	22.9332	1.3333	25.0665
1677721	8000.0	12	6000.0	0.8	25.0665	1.3333	27.199800000000003
1654566	3000.0	12	6000.0	0.3	27.1998	0.5	27.9998
1666619	9000.0	12	6000.0	0.9	27.9998	1.5	30.3998
1777624	3000.0	12	6000.0	0.3	30.3998	0.5	31.1998
1779619	7000.0	12	6000.0	0.7	31.1998	1.1667	33.0665
1658761	9000.0	12	6000.0	0.9	33.0665	1.5	35.466499999999996
1730951	3000.0	12	6000.0	0.3	35.4665	0.5	36.2665
1786896	8000.0	12	6000.0	0.8	36.2665	1.3333	38.3998
1685120	10000.0	12	6000.0	1.0	38.3998	1.6667	41.0665
1808970	8000.0	12	6000.0	0.8	41.0665	1.3333	43.199799999999996
1765670	7000.0	12	6000.0	0.7	43.1998	1.1667	45.066500000000005
1719434	4000.0	12	6000.0	0.4	45.0665	0.6667	46.133199999999995
1845963	7000.0	12	6000.0	0.7	46.1332	1.1667	47.999900000000004
1729845	8000.0	12	6000.0	0.8	47.9999	1.3333	50.133199999999995
1826140	5000.0	12	6000.0	0.5	50.1332	0.8333	51.4665
1750405	6000.0	12	6000.0	0.6	51.4665	1.0	53.066500000000005
1816871	3000.0	12	6000.0	0.3	53.0665	0.5	53.866499999999995
1684543	3000.0	12	6000.0	0.3	53.8665	0.5	54.6665
1817734	7000.0	12	6000.0	0.7	54.6665	1.1667	56.5332
1729749	9000.0	12	6000.0	0.9	56.5332	1.5	58.9332
1799120	3000.0	12	6000.0	0.3	58.9332	0.5	59.7332
1719686	2000.0	12	6000.0	0.2	59.7332	0.3333	60.2665
1660598	9000.0	12	6000.0	0.9	60.2665	1.5	62.6665
1651562	5000.0	12	6000.0	0.5	62.6665	0.8333	63.9998
1668279	10000.0	12	6000.0	1.0	63.9998	1.6667	66.6665
1825920	8000.0	12	6000.0	0.8	66.6665	1.3333	68.79979999999999
1736514	11000.0	12	6000.0	1.1	68.7998	1.8333	71.7331
1727018	4000.0	12	6000.0	0.4	71.7331	0.6667	72.7998
1686388	8000.0	12	6000.0	0.8	72.7998	1.3333	74.9331
1719493	6000.0	12	6000.0	0.6	74.9331	1.0	76.53309999999999
1819187	4000.0	12	6000.0	0.4	76.5331	0.6667	77.59980000000002
1686616	3000.0	12	6000.0	0.3	77.5998	0.5	78.3998
1806913	4000.0	13	8000.0	0.4	0	0.5	0.9
1730426	6000.0	13	8000.0	0.6	0.9	0.75	2.25
1668158	9000.0	13	8000.0	0.9	2.25	1.125	4.275
1664500	8000.0	13	8000.0	0.8	4.275	1.0	6.075
1636788	11000.0	13	8000.0	1.1	6.075	1.375	8.55
1643375	3000.0	13	8000.0	0.3	8.55	0.375	9.225000000000001
1763506	3000.0	13	8000.0	0.3	9.225	0.375	9.9
1821409	4000.0	13	8000.0	0.4	9.9	0.5	10.8
1850467	9000.0	13	8000.0	0.9	10.8	1.125	12.825000000000001
1669148	4000.0	13	8000.0	0.4	12.825	0.5	13.725
1780224	8000.0	13	8000.0	0.8	13.725	1.0	15.525
1829861	7000.0	13	8000.0	0.7	15.525	0.875	17.1
1802421	6000.0	13	8000.0	0.6	17.1	0.75	18.450000000000003
1656947	5000.0	13	8000.0	0.5	18.45	0.625	19.575
1700032	8000.0	13	8000.0	0.8	19.575	1.0	21.375
1768850	22000.0	13	8000.0	2.2	21.375	2.75	26.325
1759657	3000.0	13	8000.0	0.3	26.325	0.375	27.0
1769034	4000.0	13	8000.0	0.4	27.0	0.5	27.9
1746060	4000.0	13	8000.0	0.4	27.9	0.5	28.799999999999997
1689356	4000.0	13	8000.0	0.4	28.8	0.5	29.7
1794076	2000.0	13	8000.0	0.2	29.7	0.25	30.15
1685337	9000.0	13	8000.0	0.9	30.15	1.125	32.175
1692369	4000.0	13	8000.0	0.4	32.175	0.5	33.074999999999996
1661097	4000.0	13	8000.0	0.4	33.075	0.5	33.975
1796756	8000.0	13	8000.0	0.8	33.975	1.0	35.775
1762386	7000.0	13	8000.0	0.7	35.775	0.875	37.35
1797825	7000.0	13	8000.0	0.7	37.35	0.875	38.925000000000004
1662430	2000.0	13	8000.0	0.2	38.925	0.25	39.375
1823067	1000.0	13	8000.0	0.1	39.375	0.125	39.6
1724799	4000.0	13	8000.0	0.4	39.6	0.5	40.5
1690376	2000.0	13	8000.0	0.2	40.5	0.25	40.95
1851950	2000.0	13	8000.0	0.2	40.95	0.25	41.400000000000006
1707408	6000.0	13	8000.0	0.6	41.4	0.75	42.75
1692888	8000.0	13	8000.0	0.8	42.75	1.0	44.55
1740218	8000.0	13	8000.0	0.8	44.55	1.0	46.349999999999994
1816193	5000.0	13	8000.0	0.5	46.35	0.625	47.475
1651326	5000.0	13	8000.0	0.5	47.475	0.625	48.6
1701759	8000.0	13	8000.0	0.8	48.6	1.0	50.4
1643571	8000.0	13	8000.0	0.8	50.4	1.0	52.199999999999996
1728578	7000.0	14	12000.0	0.7	0	0.5833	1.2833
1838835	4000.0	14	12000.0	0.4	1.2833	0.3333	2.0166
1801131	8000.0	14	12000.0	0.8	2.0166	0.6667	3.4833000000000003
1761958	3000.0	14	12000.0	0.3	3.4833	0.25	4.0333
1722902	3000.0	14	12000.0	0.3	4.0333	0.25	4.5832999999999995
1656865	3000.0	14	12000.0	0.3	4.5833	0.25	5.1333
1642714	4000.0	14	12000.0	0.4	5.1333	0.3333	5.866600000000001
1759392	10000.0	14	12000.0	1.0	5.8666	0.8333	7.6999
1826903	3000.0	14	12000.0	0.3	7.6999	0.25	8.2499
1841180	10000.0	14	12000.0	1.0	8.2499	0.8333	10.0832
1676302	5000.0	14	12000.0	0.5	10.0832	0.4167	10.9999
1833613	3000.0	14	12000.0	0.3	10.9999	0.25	11.549900000000001
1637547	4000.0	14	12000.0	0.4	11.5499	0.3333	12.283199999999999
1708785	6000.0	14	12000.0	0.6	12.2832	0.5	13.3832
1778166	12000.0	14	12000.0	1.2	13.3832	1.0	15.5832
1665370	6000.0	14	12000.0	0.6	15.5832	0.5	16.6832
1806312	8000.0	14	12000.0	0.8	16.6832	0.6667	18.1499
1702463	5000.0	14	12000.0	0.5	18.1499	0.4167	19.066599999999998
1819786	8000.0	14	12000.0	0.8	19.0666	0.6667	20.5333
1666696	10000.0	14	12000.0	1.0	20.5333	0.8333	22.366600000000002
1793921	7000.0	14	12000.0	0.7	22.3666	0.5833	23.6499
1773317	10000.0	14	12000.0	1.0	23.6499	0.8333	25.4832
1711005	4000.0	14	12000.0	0.4	25.4832	0.3333	26.2165
1793435	4000.0	14	12000.0	0.4	26.2165	0.3333	26.9498
1638966	2000.0	14	12000.0	0.2	26.9498	0.1667	27.316499999999998
1700987	5000.0	14	12000.0	0.5	27.3165	0.4167	28.2332
1758659	2000.0	14	12000.0	0.2	28.2332	0.1667	28.599899999999998
1845939	3000.0	14	12000.0	0.3	28.5999	0.25	29.149900000000002
1754866	9000.0	14	12000.0	0.9	29.1499	0.75	30.799899999999997
1756419	8000.0	14	12000.0	0.8	30.7999	0.6667	32.266600000000004
1645923	2000.0	14	12000.0	0.2	32.2666	0.1667	32.6333
1797067	5000.0	14	12000.0	0.5	32.6333	0.4167	33.55
1653177	7000.0	14	12000.0	0.7	33.55	0.5833	34.8333
1710637	9000.0	14	12000.0	0.9	34.8333	0.75	36.4833
1837048	5000.0	14	12000.0	0.5	36.4833	0.4167	37.4
1828080	8000.0	14	12000.0	0.8	37.4	0.6667	38.866699999999994
1672575	3000.0	14	12000.0	0.3	38.8667	0.25	39.4167
1823203	6000.0	14	12000.0	0.6	39.4167	0.5	40.5167
1684353	7000.0	14	12000.0	0.7	40.5167	0.5833	41.800000000000004
1765915	4000.0	14	12000.0	0.4	41.8	0.3333	42.5333
1714610	6000.0	14	12000.0	0.6	42.5333	0.5	43.6333
1712794	4000.0	14	12000.0	0.4	43.6333	0.3333	44.3666
1818671	11000.0	14	12000.0	1.1	44.3666	0.9167	46.3833
1680183	4000.0	14	12000.0	0.4	46.3833	0.3333	47.1166
1687935	9000.0	14	12000.0	0.9	47.1166	0.75	48.7666
1687784	8000.0	14	12000.0	0.8	48.7666	0.6667	50.23329999999999
1680718	4000.0	14	12000.0	0.4	50.2333	0.3333	50.9666
1660548	8000.0	14	12000.0	0.8	50.9666	0.6667	52.433299999999996
1640752	3000.0	14	12000.0	0.3	52.4333	0.25	52.9833
1747688	7000.0	14	12000.0	0.7	52.9833	0.5833	54.266600000000004
1686571	5000.0	14	12000.0	0.5	54.2666	0.4167	55.183299999999996
1824927	12000.0	14	12000.0	1.2	55.1833	1.0	57.383300000000006
1851928	2000.0	14	12000.0	0.2	57.3833	0.1667	57.75
1767950	3000.0	14	12000.0	0.3	57.75	0.25	58.3
1790094	11000.0	14	12000.0	1.1	58.3	0.9167	60.3167
1767607	7000.0	14	12000.0	0.7	60.3167	0.5833	61.6
1700905	4000.0	14	12000.0	0.4	61.6	0.3333	62.3333
1806764	8000.0	15	16000.0	0.8	0	0.5	1.3
1844946	8000.0	15	16000.0	0.8	1.3	0.5	2.6
1829281	5000.0	15	16000.0	0.5	2.6	0.3125	3.4125
1726165	6000.0	15	16000.0	0.6	3.4125	0.375	4.3875
1665989	6000.0	15	16000.0	0.6	4.3875	0.375	5.3625
1847131	8000.0	15	16000.0	0.8	5.3625	0.5	6.6625
1827337	4000.0	15	16000.0	0.4	6.6625	0.25	7.3125
1669710	8000.0	15	16000.0	0.8	7.3125	0.5	8.6125
1743358	4000.0	15	16000.0	0.4	8.6125	0.25	9.262500000000001
1768533	3000.0	15	16000.0	0.3	9.2625	0.1875	9.75
1826546	4000.0	15	16000.0	0.4	9.75	0.25	10.4
1745612	3000.0	15	16000.0	0.3	10.4	0.1875	10.887500000000001
1778398	4000.0	15	16000.0	0.4	10.8875	0.25	11.5375
1821143	4000.0	15	16000.0	0.4	11.5375	0.25	12.1875
1670911	9000.0	15	16000.0	0.9	12.1875	0.5625	13.65
1638491	3000.0	15	16000.0	0.3	13.65	0.1875	14.137500000000001
1716233	5000.0	15	16000.0	0.5	14.1375	0.3125	14.95
1678148	8000.0	15	16000.0	0.8	14.95	0.5	16.25
1805682	7000.0	15	16000.0	0.7	16.25	0.4375	17.3875
1721047	3000.0	15	16000.0	0.3	17.3875	0.1875	17.875
1804600	8000.0	15	16000.0	0.8	17.875	0.5	19.175
1647017	11000.0	15	16000.0	1.1	19.175	0.6875	20.962500000000002
1773219	6000.0	15	16000.0	0.6	20.9625	0.375	21.9375
1755073	3000.0	15	16000.0	0.3	21.9375	0.1875	22.425
1735732	5000.0	15	16000.0	0.5	22.425	0.3125	23.2375
1712466	6000.0	15	16000.0	0.6	23.2375	0.375	24.212500000000002
1826803	3000.0	15	16000.0	0.3	24.2125	0.1875	24.7
1719032	7000.0	15	16000.0	0.7	24.7	0.4375	25.8375
1797009	13000.0	15	16000.0	1.3	25.8375	0.8125	27.95
1671550	10000.0	15	16000.0	1.0	27.95	0.625	29.575
1817724	6000.0	15	16000.0	0.6	29.575	0.375	30.55
1690734	5000.0	15	16000.0	0.5	30.55	0.3125	31.3625
1772160	8000.0	15	16000.0	0.8	31.3625	0.5	32.6625
1814331	9000.0	15	16000.0	0.9	32.6625	0.5625	34.125
1844026	9000.0	15	16000.0	0.9	34.125	0.5625	35.5875
1735494	7000.0	15	16000.0	0.7	35.5875	0.4375	36.725
1639247	4000.0	15	16000.0	0.4	36.725	0.25	37.375
1817999	6000.0	15	16000.0	0.6	37.375	0.375	38.35
1684317	3000.0	15	16000.0	0.3	38.35	0.1875	38.8375
1757954	9000.0	15	16000.0	0.9	38.8375	0.5625	40.3
1739560	10000.0	15	16000.0	1.0	40.3	0.625	41.925
1762200	3000.0	15	16000.0	0.3	41.925	0.1875	42.412499999999994
1746950	10000.0	15	16000.0	1.0	42.4125	0.625	44.0375
1717940	4000.0	15	16000.0	0.4	44.0375	0.25	44.6875
1644485	8000.0	15	16000.0	0.8	44.6875	0.5	45.9875
1736530	3000.0	15	16000.0	0.3	45.9875	0.1875	46.474999999999994
1849033	4000.0	15	16000.0	0.4	46.475	0.25	47.125
1849955	2000.0	15	16000.0	0.2	47.125	0.125	47.45
1746295	4000.0	15	16000.0	0.4	47.45	0.25	48.1
1753207	12000.0	15	16000.0	1.2	48.1	0.75	50.050000000000004
1820615	6000.0	16	18000.0	0.6058	0	0.3333	0.9391
1803964	9000.0	16	18000.0	0.9058	0.9391	0.5	2.3449
1779000	8000.0	16	18000.0	0.8058	2.3449	0.4444	3.5951
1676713	9000.0	16	18000.0	0.9058	3.5951	0.5	5.0009
1674187	2000.0	16	18000.0	0.2058	5.0009	0.1111	5.3178
1830840	1000.0	16	18000.0	0.1058	5.3178	0.0556	5.4792000000000005
1638427	6000.0	16	18000.0	0.6058	5.4792	0.3333	6.4183
1650196	5000.0	16	18000.0	0.5058	6.4183	0.2778	7.2019
1820014	13000.0	16	18000.0	1.3058	7.2019	0.7222	9.2299
1802656	15000.0	16	18000.0	1.5058	9.2299	0.8333	11.569
1720396	5000.0	16	18000.0	0.5058	11.569	0.2778	12.3526
1637051	4000.0	16	18000.0	0.4058	12.3526	0.2222	12.9806
1637888	4000.0	16	18000.0	0.4058	12.9806	0.2222	13.608600000000001
1675007	11000.0	16	18000.0	1.1058	13.6086	0.6111	15.3255
1643146	4000.0	16	18000.0	0.4058	15.3255	0.2222	15.9535
1819865	3000.0	16	18000.0	0.3058	15.9535	0.1667	16.426
1636038	5000.0	16	18000.0	0.5058	16.426	0.2778	17.2096
1827261	4000.0	16	18000.0	0.4058	17.2096	0.2222	17.8376
1707850	1000.0	16	18000.0	0.1058	17.8376	0.0556	17.998999999999995
1801326	5000.0	16	18000.0	0.5058	17.999	0.2778	18.7826
1826524	2000.0	16	18000.0	0.2058	18.7826	0.1111	19.0995
1689365	2000.0	16	18000.0	0.2058	19.0995	0.1111	19.4164
1834881	2000.0	16	18000.0	0.2058	19.4164	0.1111	19.7333
1787353	3000.0	16	18000.0	0.3058	19.7333	0.1667	20.2058
1650729	5000.0	16	18000.0	0.5058	20.2058	0.2778	20.9894
1793413	10000.0	16	18000.0	1.0058	20.9894	0.5556	22.5508
1841905	9000.0	16	18000.0	0.9058	22.5508	0.5	23.956599999999998
1739973	3000.0	16	18000.0	0.3058	23.9566	0.1667	24.429100000000002
1767314	12000.0	16	18000.0	1.2058	24.4291	0.6667	26.301599999999997
1641391	11000.0	16	18000.0	1.1058	26.3016	0.6111	28.0185
1691134	4000.0	16	18000.0	0.4058	28.0185	0.2222	28.6465
1645554	8000.0	16	18000.0	0.8058	28.6465	0.4444	29.896700000000003
1653071	3000.0	16	18000.0	0.3058	29.8967	0.1667	30.3692
1755669	8000.0	16	18000.0	0.8058	30.3692	0.4444	31.619400000000002
1642483	4000.0	16	18000.0	0.4058	31.6194	0.2222	32.2474
1757945	5000.0	16	18000.0	0.5058	32.2474	0.2778	33.031
1733946	3000.0	16	18000.0	0.3058	33.031	0.1667	33.503499999999995
1656154	5000.0	16	18000.0	0.5058	33.5035	0.2778	34.2871
1704881	8000.0	16	18000.0	0.8058	34.2871	0.4444	35.5373
1740276	12000.0	16	18000.0	1.2058	35.5373	0.6667	37.4098
1700801	21000.0	16	18000.0	2.1058	37.4098	1.1667	40.6823
1669482	6000.0	16	18000.0	0.6058	40.6823	0.3333	41.6214
1736421	19000.0	16	18000.0	1.9058	41.6214	1.0556	44.5828
1774757	4000.0	16	18000.0	0.4058	44.5828	0.2222	45.2108
1719786	9000.0	16	18000.0	0.9058	45.2108	0.5	46.6166
1756763	5000.0	16	18000.0	0.5058	46.6166	0.2778	47.4002
1651876	3000.0	16	18000.0	0.3058	47.4002	0.1667	47.872699999999995
1688554	3000.0	16	18000.0	0.3058	47.8727	0.1667	48.3452
1669641	12000.0	16	18000.0	1.2058	48.3452	0.6667	50.2177
1651347	2000.0	16	18000.0	0.2058	50.2177	0.1111	50.534600000000005
1724979	9000.0	16	18000.0	0.9058	50.5346	0.5	51.9404
1791367	3000.0	16	18000.0	0.3058	51.9404	0.1667	52.41289999999999
1664797	7000.0	17	24000.0	0.7058	0	0.2917	0.9975
1671078	9000.0	17	24000.0	0.9058	0.9975	0.375	2.2783
1639658	5000.0	17	24000.0	0.5058	2.2783	0.2083	2.9924000000000004
1822304	3000.0	17	24000.0	0.3058	2.9924	0.125	3.4232
1800943	12000.0	17	24000.0	1.2058	3.4232	0.5	5.129
1819353	9000.0	17	24000.0	0.9058	5.129	0.375	6.4098
1806923	11000.0	17	24000.0	1.1058	6.4098	0.4583	7.9738999999999995
1708768	6000.0	17	24000.0	0.6058	7.9739	0.25	8.8297
1730387	10000.0	17	24000.0	1.0058	8.8297	0.4167	10.252200000000002
1781183	11000.0	17	24000.0	1.1058	10.2522	0.4583	11.8163
1730342	11000.0	17	24000.0	1.1058	11.8163	0.4583	13.3804
1802591	4000.0	17	24000.0	0.4058	13.3804	0.1667	13.9529
1804886	1000.0	17	24000.0	0.1058	13.9529	0.0417	14.1004
1780190	10000.0	17	24000.0	1.0058	14.1004	0.4167	15.522900000000002
1665599	10000.0	17	24000.0	1.0058	15.5229	0.4167	16.9454
1726037	6000.0	17	24000.0	0.6058	16.9454	0.25	17.801199999999998
1732246	1000.0	17	24000.0	0.1058	17.8012	0.0417	17.9487
1806280	4000.0	17	24000.0	0.4058	17.9487	0.1667	18.521199999999997
1819679	2000.0	17	24000.0	0.2058	18.5212	0.0833	18.8103
1647372	9000.0	17	24000.0	0.9058	18.8103	0.375	20.0911
1732748	3000.0	17	24000.0	0.3058	20.0911	0.125	20.521900000000002
1698566	5000.0	17	24000.0	0.5058	20.5219	0.2083	21.236
1676503	8000.0	17	24000.0	0.8058	21.236	0.3333	22.375100000000003
1696323	9000.0	17	24000.0	0.9058	22.3751	0.375	23.6559
1777893	3000.0	17	24000.0	0.3058	23.6559	0.125	24.0867
1777973	3000.0	17	24000.0	0.3058	24.0867	0.125	24.517500000000002
1636034	6000.0	17	24000.0	0.6058	24.5175	0.25	25.373299999999997
1827264	3000.0	17	24000.0	0.3058	25.3733	0.125	25.804100000000002
1743577	4000.0	17	24000.0	0.4058	25.8041	0.1667	26.376599999999996
1705308	5000.0	17	24000.0	0.5058	26.3766	0.2083	27.090700000000002
1798204	6000.0	17	24000.0	0.6058	27.0907	0.25	27.946499999999997
1689745	4000.0	17	24000.0	0.4058	27.9465	0.1667	28.519
1789416	6000.0	17	24000.0	0.6058	28.519	0.25	29.374799999999997
1794386	4000.0	17	24000.0	0.4058	29.3748	0.1667	29.9473
1813188	7000.0	17	24000.0	0.7058	29.9473	0.2917	30.944799999999997
1737975	4000.0	17	24000.0	0.4058	30.9448	0.1667	31.5173
1754399	8000.0	17	24000.0	0.8058	31.5173	0.3333	32.6564
1656473	8000.0	17	24000.0	0.8058	32.6564	0.3333	33.7955
1758651	6000.0	17	24000.0	0.6058	33.7955	0.25	34.6513
1846366	4000.0	17	24000.0	0.4058	34.6513	0.1667	35.2238
1845973	5000.0	17	24000.0	0.5058	35.2238	0.2083	35.9379
1797126	4000.0	17	24000.0	0.4058	35.9379	0.1667	36.5104
1808508	3000.0	17	24000.0	0.3058	36.5104	0.125	36.941199999999995
1797002	3000.0	17	24000.0	0.3058	36.9412	0.125	37.372
1744634	3000.0	17	24000.0	0.3058	37.372	0.125	37.8028
1825534	9000.0	17	24000.0	0.9058	37.8028	0.375	39.0836
1683897	7000.0	17	24000.0	0.7058	39.0836	0.2917	40.0811
1723467	12000.0	17	24000.0	1.2058	40.0811	0.5	41.7869
1788747	10000.0	17	24000.0	1.0058	41.7869	0.4167	43.2094
1747113	2000.0	17	24000.0	0.2058	43.2094	0.0833	43.49850000000001
1664262	2000.0	17	24000.0	0.2058	43.4985	0.0833	43.787600000000005
1828243	2000.0	17	24000.0	0.2058	43.7876	0.0833	44.0767
1849909	1000.0	17	24000.0	0.1058	44.0767	0.0417	44.2242
1684260	4000.0	17	24000.0	0.4058	44.2242	0.1667	44.7967
1797677	8000.0	17	24000.0	0.8058	44.7967	0.3333	45.9358
1730064	9000.0	17	24000.0	0.9058	45.9358	0.375	47.2166
1687933	3000.0	17	24000.0	0.3058	47.2166	0.125	47.6474
1727008	4000.0	17	24000.0	0.4058	47.6474	0.1667	48.219899999999996
1815678	8000.0	17	24000.0	0.8058	48.2199	0.3333	49.359
1713416	5000.0	17	24000.0	0.5058	49.359	0.2083	50.073100000000004
1851967	3000.0	17	24000.0	0.3058	50.0731	0.125	50.503899999999994
1791599	8000.0	17	24000.0	0.8058	50.5039	0.3333	51.643
1713386	4000.0	17	24000.0	0.4058	51.643	0.1667	52.2155
1688525	10000.0	17	24000.0	1.0058	52.2155	0.4167	53.638
1790666	3000.0	17	24000.0	0.3058	53.638	0.125	54.068799999999996
1791799	7000.0	17	24000.0	0.7058	54.0688	0.2917	55.066300000000005
1659731	2000.0	17	24000.0	0.2058	55.0663	0.0833	55.3554
1701911	4000.0	17	24000.0	0.4058	55.3554	0.1667	55.9279
1717655	4000.0	17	24000.0	0.4058	55.9279	0.1667	56.5004
1636732	5000.0	18	30000.0	0.5058	0	0.1667	0.6725
1821991	4000.0	18	30000.0	0.4058	0.6725	0.1333	1.2116
1745429	9000.0	18	30000.0	0.9058	1.2116	0.3	2.4173999999999998
1646871	6000.0	18	30000.0	0.6058	2.4174	0.2	3.2232000000000003
1749022	3000.0	18	30000.0	0.3058	3.2232	0.1	3.629
1761754	4000.0	18	30000.0	0.4058	3.629	0.1333	4.1681
1679912	5000.0	18	30000.0	0.5058	4.1681	0.1667	4.840599999999999
1801222	8000.0	18	30000.0	0.8058	4.8406	0.2667	5.9131
1657104	3000.0	18	30000.0	0.3058	5.9131	0.1	6.318899999999999
1802993	4000.0	18	30000.0	0.4058	6.3189	0.1333	6.8580000000000005
1647078	5000.0	18	30000.0	0.5058	6.858	0.1667	7.530499999999999
1770456	8000.0	18	30000.0	0.8058	7.5305	0.2667	8.603
1769287	3000.0	18	30000.0	0.3058	8.603	0.1	9.008799999999999
1636348	4000.0	18	30000.0	0.4058	9.0088	0.1333	9.5479
1670865	5000.0	18	30000.0	0.5058	9.5479	0.1667	10.220400000000001
1831248	6000.0	18	30000.0	0.6058	10.2204	0.2	11.0262
1698441	5000.0	18	30000.0	0.5058	11.0262	0.1667	11.6987
1657397	11000.0	18	30000.0	1.1058	11.6987	0.3667	13.1712
1820564	10000.0	18	30000.0	1.0058	13.1712	0.3333	14.5103
1721248	6000.0	18	30000.0	0.6058	14.5103	0.2	15.3161
1748549	4000.0	18	30000.0	0.4058	15.3161	0.1333	15.8552
1653753	2000.0	18	30000.0	0.2058	15.8552	0.0667	16.1277
1754460	9000.0	18	30000.0	0.9058	16.1277	0.3	17.3335
1685795	4000.0	18	30000.0	0.4058	17.3335	0.1333	17.8726
1840183	3000.0	18	30000.0	0.3058	17.8726	0.1	18.2784
1813000	14000.0	18	30000.0	1.4058	18.2784	0.4667	20.1509
1786555	6000.0	18	30000.0	0.6058	20.1509	0.2	20.956699999999998
1646066	3000.0	18	30000.0	0.3058	20.9567	0.1	21.362500000000004
1752155	3000.0	18	30000.0	0.3058	21.3625	0.1	21.768300000000004
1830227	4000.0	18	30000.0	0.4058	21.7683	0.1333	22.307399999999998
1756109	7000.0	18	30000.0	0.7058	22.3074	0.2333	23.2465
1663528	3000.0	18	30000.0	0.3058	23.2465	0.1	23.652300000000004
1830426	5000.0	18	30000.0	0.5058	23.6523	0.1667	24.3248
1825489	3000.0	18	30000.0	0.3058	24.3248	0.1	24.730600000000003
1690887	7000.0	18	30000.0	0.7058	24.7306	0.2333	25.6697
1650777	4000.0	18	30000.0	0.4058	25.6697	0.1333	26.208799999999997
1787362	3000.0	18	30000.0	0.3058	26.2088	0.1	26.614600000000003
1837727	3000.0	18	30000.0	0.3058	26.6146	0.1	27.020400000000002
1785502	10000.0	18	30000.0	1.0058	27.0204	0.3333	28.3595
1792007	9000.0	18	30000.0	0.9058	28.3595	0.3	29.5653
1687413	3000.0	18	30000.0	0.3058	29.5653	0.1	29.971100000000003
1834267	4000.0	18	30000.0	0.4058	29.9711	0.1333	30.510199999999998
1757213	3000.0	18	30000.0	0.3058	30.5102	0.1	30.916000000000004
1762603	5000.0	18	30000.0	0.5058	30.916	0.1667	31.5885
1826651	2000.0	18	30000.0	0.2058	31.5885	0.0667	31.861
1841533	7000.0	18	30000.0	0.7058	31.861	0.2333	32.8001
1702235	9000.0	19	30000.0	0.9058	0	0.3	1.2058
1806769	7000.0	19	30000.0	0.7058	1.2058	0.2333	2.1449
1730706	3000.0	19	30000.0	0.3058	2.1449	0.1	2.5507
1669704	3000.0	19	30000.0	0.3058	2.5507	0.1	2.9565
1667981	3000.0	19	30000.0	0.3058	2.9565	0.1	3.3623000000000003
1699485	3000.0	19	30000.0	0.3058	3.3623	0.1	3.7681
1847096	8000.0	19	30000.0	0.8058	3.7681	0.2667	4.8406
1669871	2000.0	19	30000.0	0.2058	4.8406	0.0667	5.1131
1703426	8000.0	19	30000.0	0.8058	5.1131	0.2667	6.1856
1846861	2000.0	19	30000.0	0.2058	6.1856	0.0667	6.4581
1716613	7000.0	19	30000.0	0.7058	6.4581	0.2333	7.3972
1675823	3000.0	19	30000.0	0.3058	7.3972	0.1	7.802999999999999
1831252	4000.0	19	30000.0	0.4058	7.803	0.1333	8.3421
1775267	8000.0	19	30000.0	0.8058	8.3421	0.2667	9.4146
1781250	4000.0	19	30000.0	0.4058	9.4146	0.1333	9.9537
1716328	9000.0	19	30000.0	0.9058	9.9537	0.3	11.1595
1741781	3000.0	19	30000.0	0.3058	11.1595	0.1	11.565299999999999
1697732	4000.0	19	30000.0	0.4058	11.5653	0.1333	12.1044
1745283	4000.0	19	30000.0	0.4058	12.1044	0.1333	12.6435
1695518	8000.0	19	30000.0	0.8058	12.6435	0.2667	13.716
1658389	7000.0	19	30000.0	0.7058	13.716	0.2333	14.6551
1670890	8000.0	19	30000.0	0.8058	14.6551	0.2667	15.727599999999999
1745505	3000.0	19	30000.0	0.3058	15.7276	0.1	16.1334
1809663	10000.0	19	30000.0	1.0058	16.1334	0.3333	17.472500000000004
1679292	6000.0	19	30000.0	0.6058	17.4725	0.2	18.278299999999998
1745924	1000.0	19	30000.0	0.1058	18.2783	0.0333	18.4174
1643022	5000.0	19	30000.0	0.5058	18.4174	0.1667	19.0899
1827273	23000.0	19	30000.0	2.3058	19.0899	0.7667	22.1624
1739791	2000.0	19	30000.0	0.2058	22.1624	0.0667	22.434900000000003
1818177	4000.0	19	30000.0	0.4058	22.4349	0.1333	22.973999999999997
1748524	8000.0	19	30000.0	0.8058	22.974	0.2667	24.0465
1754405	10000.0	19	30000.0	1.0058	24.0465	0.3333	25.385600000000004
1786462	10000.0	19	30000.0	1.0058	25.3856	0.3333	26.724700000000002
1650670	8000.0	19	30000.0	0.8058	26.7247	0.2667	27.7972
1692357	8000.0	19	30000.0	0.8058	27.7972	0.2667	28.8697
1738184	3000.0	19	30000.0	0.3058	28.8697	0.1	29.275500000000005
1682110	9000.0	19	30000.0	0.9058	29.2755	0.3	30.4813
1663749	3000.0	19	30000.0	0.3058	30.4813	0.1	30.887100000000004
1795834	3000.0	19	30000.0	0.3058	30.8871	0.1	31.292900000000003
1682911	3000.0	19	30000.0	0.3058	31.2929	0.1	31.698700000000002
1788741	8000.0	19	30000.0	0.8058	31.6987	0.2667	32.7712
1753938	8000.0	19	30000.0	0.8058	32.7712	0.2667	33.8437
1753679	8000.0	19	30000.0	0.8058	33.8437	0.2667	34.916199999999996
1825606	4000.0	19	30000.0	0.4058	34.9162	0.1333	35.4553
1813256	9000.0	19	30000.0	0.9058	35.4553	0.3	36.6611
1808807	5000.0	19	30000.0	0.5058	36.6611	0.1667	37.3336
1738514	4000.0	19	30000.0	0.4058	37.3336	0.1333	37.872699999999995
1740865	9000.0	19	30000.0	0.9058	37.8727	0.3	39.0785
1716784	8000.0	19	30000.0	0.8058	39.0785	0.2667	40.150999999999996
1687390	7000.0	19	30000.0	0.7058	40.151	0.2333	41.09010000000001
1812592	2000.0	19	30000.0	0.2058	41.0901	0.0667	41.3626
1709985	8000.0	19	30000.0	0.8058	41.3626	0.2667	42.4351
1812489	10000.0	19	30000.0	1.0058	42.4351	0.3333	43.7742
1812804	2000.0	19	30000.0	0.2058	43.7742	0.0667	44.0467
1704678	2000.0	19	30000.0	0.2058	44.0467	0.0667	44.3192
1792880	10000.0	19	30000.0	1.0058	44.3192	0.3333	45.658300000000004
1709913	7000.0	19	30000.0	0.7058	45.6583	0.2333	46.59739999999999
1730143	10000.0	19	30000.0	1.0058	46.5974	0.3333	47.9365
