1,6856.0,0.24,685.0
1,2499.0,0.23,249.0
1,624.0,0.47,62.0
1,8939.0,0.14,893.0
1,10145.0,0.3,1014.0
1,6953.0,0.04,695.0
1,9528.0,0.04,952.0
1,1671.0,0.07,167.0
1,1417.0,0.04,141.0
1,8497.0,0.11,849.0
1,5841.0,0.05,584.0
1,8632.0,0.23,863.0
1,6405.0,0.02,640.0
1,1065.0,0.24,106.0
1,9805.0,0.62,980.0
1,9580.0,0.02,958.0
1,8378.0,0.15,837.0
1,3216.0,0.15,321.0
1,7138.0,0.15,713.0
1,8605.0,0.05,860.0
1,8923.0,0.02,892.0
1,3482.0,0.11,348.0
1,3699.0,0.02,369.0
1,3924.0,0.02,392.0
1,6834.0,0.02,683.0
1,7260.0,0.06,726.0
1,5659.0,0.06,565.0
1,5416.0,0.04,541.0
1,3871.0,0.02,387.0
1,189.0,0.1,18.0
1,7306.0,0.27,730.0
1,6229.0,0.06,622.0
1,6627.0,0.08,662.0
1,9780.0,0.08,978.0
1,2139.0,0.08,213.0
1,9058.0,0.08,905.0
1,3382.0,0.03,338.0
1,8245.0,0.04,824.0
1,3347.0,0.02,334.0
1,7843.0,0.02,784.0
1,1992.0,0.4,199.0
1,2358.0,0.4,235.0
1,586.0,0.4,58.0
1,6565.0,0.02,656.0
1,5472.0,0.02,547.0
1,7076.0,0.08,707.0
1,3500.0,0.08,350.0
1,822.0,0.02,82.0
1,6946.0,0.07,694.0
1,8246.0,0.05,824.0
1,5411.0,0.05,541.0
1,9548.0,0.19,954.0
1,1598.0,0.73,159.0
1,3853.0,0.04,385.0
1,6795.0,0.06,679.0
1,828.0,0.02,82.0
1,3588.0,0.02,358.0
1,4218.0,0.05,421.0
1,908.0,0.61,90.0
1,6018.0,0.13,601.0
1,6050.0,0.09,605.0
1,1591.0,0.12,159.0
1,2227.0,0.27,222.0
1,2147.0,0.06,214.0
1,454.0,0.07,45.0
1,1684.0,0.07,168.0
1,9119.0,0.22,911.0
1,4594.0,0.18,459.0
1,7249.0,0.02,724.0
1,10299.0,0.17,1029.0
1,9998.0,0.17,999.0
1,7811.0,0.57,781.0
1,401.0,0.11,40.0
1,7499.0,0.02,749.0
1,1165.0,0.11,116.0
1,7129.0,0.03,712.0
1,7778.0,0.03,777.0
1,9067.0,0.13,906.0
1,8747.0,0.07,874.0
1,2595.0,0.07,259.0
1,7817.0,0.02,781.0
1,3012.0,0.02,301.0
1,3321.0,0.07,332.0
1,6220.0,0.3,622.0
1,2658.0,0.02,265.0
1,8356.0,0.02,835.0
1,315.0,0.02,31.0
1,3207.0,0.04,320.0
1,4186.0,0.09,418.0
1,340.0,0.04,34.0
1,10272.0,0.18,1027.0
1,9529.0,0.06,952.0
1,7355.0,0.34,735.0
1,6210.0,0.02,621.0
1,5077.0,0.37,507.0
1,4366.0,0.02,436.0
1,9880.0,0.02,988.0
1,6527.0,0.04,652.0
1,3294.0,0.01,329.0
1,1512.0,0.01,151.0
1,5903.0,0.35,590.0
1,6999.0,0.04,699.0
1,5726.0,0.1,572.0
1,7894.0,0.04,789.0
1,1068.0,0.14,106.0
1,2225.0,0.42,222.0
1,961.0,0.42,96.0
1,3585.0,0.04,358.0
1,4015.0,0.21,401.0
1,8514.0,0.04,851.0
1,1699.0,0.04,169.0
1,8107.0,0.04,810.0
1,5484.0,0.14,548.0
1,2591.0,0.13,259.0
1,4201.0,0.02,420.0
1,1127.0,0.57,112.0
1,1495.0,0.18,149.0
1,5721.0,0.04,572.0
1,3575.0,0.15,357.0
1,6040.0,0.37,604.0
1,7520.0,0.02,752.0
1,8601.0,0.08,860.0
1,7016.0,0.02,701.0
1,2795.0,0.02,279.0
1,1210.0,0.01,121.0
1,5220.0,0.01,522.0
1,5095.0,0.06,509.0
1,6755.0,0.34,675.0
1,9802.0,0.02,980.0
1,577.0,0.02,57.0
1,4189.0,0.06,418.0
1,1788.0,0.13,178.0
1,2733.0,0.36,273.0
1,1259.0,0.08,125.0
1,3174.0,0.02,317.0
1,6747.0,0.06,674.0
1,5126.0,0.04,512.0
1,5222.0,0.04,522.0
1,10033.0,0.17,1003.0
1,10017.0,0.08,1001.0
1,9331.0,0.08,933.0
1,5523.0,0.5,552.0
1,3028.0,0.03,302.0
1,3424.0,0.06,342.0
1,181.0,0.06,18.0
1,9645.0,0.14,964.0
1,9930.0,0.37,993.0
1,6322.0,0.04,632.0
1,10107.0,0.02,1010.0
1,6832.0,0.4,683.0
1,416.0,0.06,41.0
1,3973.0,0.06,397.0
1,4821.0,0.06,482.0
1,6266.0,0.04,626.0
1,5982.0,0.04,598.0
1,6487.0,0.09,648.0
1,6509.0,0.02,650.0
1,9725.0,0.1,972.0
1,6635.0,0.1,663.0
1,631.0,0.11,63.0
1,9592.0,0.15,959.0
1,1540.0,0.05,154.0
1,8150.0,0.11,815.0
1,3439.0,0.13,343.0
1,1783.0,0.07,178.0
1,2481.0,0.07,248.0
1,6074.0,0.07,607.0
1,6825.0,0.02,682.0
1,9729.0,0.09,972.0
1,7527.0,0.04,752.0
1,2272.0,0.04,227.0
1,4586.0,0.04,458.0
1,6697.0,0.06,669.0
1,228.0,0.09,22.0
1,2472.0,0.02,247.0
1,4780.0,0.1,478.0
1,3626.0,0.02,362.0
1,10267.0,0.07,1026.0
1,8848.0,0.07,884.0
1,8911.0,0.04,891.0
1,5905.0,0.17,590.0
1,999.0,0.6,99.0
1,4444.0,0.04,444.0
1,1954.0,0.04,195.0
1,6373.0,0.08,637.0
1,6577.0,0.08,657.0
1,5578.0,0.08,557.0
1,9298.0,0.02,929.0
1,8377.0,0.04,837.0
1,3519.0,0.02,351.0
1,4749.0,0.06,474.0
1,8090.0,0.02,809.0
1,6464.0,0.19,646.0
1,1380.0,0.02,138.0
1,7328.0,0.04,732.0
1,8105.0,0.04,810.0
1,10188.0,0.02,1018.0
1,7206.0,0.15,720.0
1,2782.0,0.15,278.0
1,622.0,0.08,62.0
1,6325.0,0.29,632.0
1,7304.0,0.06,730.0
1,8571.0,0.06,857.0
1,1203.0,0.38,120.0
1,4809.0,0.04,480.0
1,9801.0,0.06,980.0
1,2982.0,0.04,298.0
1,1948.0,0.04,194.0
1,9471.0,0.04,947.0
1,6919.0,0.08,691.0
1,5142.0,0.08,514.0
1,6043.0,0.17,604.0
1,2620.0,0.07,262.0
1,7161.0,0.02,716.0
1,4157.0,0.37,415.0
1,1663.0,0.06,166.0
1,4778.0,0.04,477.0
1,5352.0,0.04,535.0
1,1211.0,0.08,121.0
1,1092.0,0.02,109.0
1,6201.0,0.04,620.0
1,8063.0,0.04,806.0
1,491.0,0.02,49.0
1,7072.0,0.21,707.0
1,7277.0,0.06,727.0
1,6732.0,0.02,673.0
1,5296.0,0.02,529.0
1,7304.0,0.02,730.0
1,1031.0,0.02,103.0
1,2002.0,0.1,200.0
1,6043.0,0.1,604.0
1,5977.0,0.1,597.0
1,7504.0,0.02,750.0
1,5314.0,0.04,531.0
1,582.0,0.36,58.0
1,8326.0,0.02,832.0
1,6716.0,0.15,671.0
1,9405.0,0.03,940.0
1,165.0,0.02,16.0
1,8600.0,0.27,860.0
1,6906.0,0.27,690.0
1,3784.0,0.04,378.0
1,8650.0,0.02,865.0
1,4676.0,0.06,467.0
1,4867.0,0.03,486.0
1,5338.0,0.01,533.0
1,9597.0,0.11,959.0
1,4780.0,0.11,478.0
1,2761.0,0.14,276.0
1,8022.0,0.01,802.0
1,8143.0,0.12,814.0
1,4331.0,0.01,433.0
1,7262.0,0.01,726.0
1,4269.0,0.11,426.0
1,3615.0,0.02,361.0
1,9129.0,0.02,912.0
1,257.0,0.72,25.0
1,6583.0,0.11,658.0
1,8277.0,0.04,827.0
1,5548.0,0.04,554.0
1,2193.0,0.06,219.0
1,1792.0,0.06,179.0
1,8130.0,0.13,813.0
1,7843.0,0.02,784.0
1,3129.0,0.02,312.0
1,7260.0,0.04,726.0
1,2860.0,0.04,286.0
1,7273.0,0.04,727.0
1,4291.0,0.15,429.0
1,5098.0,0.81,509.0
1,3473.0,0.04,347.0
1,9888.0,0.04,988.0
1,4972.0,0.06,497.0
1,8669.0,0.86,866.0
1,8742.0,0.04,874.0
1,4113.0,0.06,411.0
1,1713.0,0.06,171.0
1,3120.0,0.02,312.0
1,4746.0,0.07,474.0
1,6189.0,0.03,618.0
1,995.0,0.03,99.0
1,9266.0,0.03,926.0
1,4844.0,0.15,484.0
1,1161.0,0.19,116.0
1,8390.0,0.02,839.0
1,3941.0,0.28,394.0
1,2547.0,0.04,254.0
1,2956.0,0.34,295.0
1,9909.0,0.08,990.0
1,8044.0,0.12,804.0
1,7644.0,0.3,764.0
1,1824.0,0.04,182.0
1,2849.0,0.3,284.0
1,7271.0,0.38,727.0
1,6042.0,0.08,604.0
1,3225.0,0.06,322.0
1,5210.0,0.08,521.0
1,3636.0,0.06,363.0
1,4146.0,0.39,414.0
1,7224.0,0.39,722.0
1,10007.0,0.06,1000.0
1,3480.0,0.09,348.0
1,2808.0,0.48,280.0
1,8703.0,0.06,870.0
1,5999.0,0.04,599.0
1,5931.0,0.39,593.0
1,1195.0,0.39,119.0
1,7151.0,0.08,715.0
1,8726.0,0.82,872.0
1,1804.0,0.02,180.0
1,5352.0,0.33,535.0
1,6165.0,0.33,616.0
1,7161.0,0.03,716.0
1,9029.0,0.03,902.0
1,10479.0,0.02,1047.0
1,7068.0,0.02,706.0
1,3086.0,0.02,308.0
1,7948.0,0.06,794.0
1,6888.0,0.02,688.0
1,3630.0,0.08,363.0
1,5464.0,0.09,546.0
1,8290.0,0.02,829.0
1,5185.0,0.02,518.0
1,3707.0,0.19,370.0
1,8691.0,0.19,869.0
1,732.0,0.04,73.0
1,1516.0,0.07,151.0
1,8484.0,0.02,848.0
1,7520.0,0.02,752.0
1,4796.0,0.02,479.0
1,8610.0,0.02,861.0
1,2403.0,0.02,240.0
1,1220.0,0.07,122.0
1,1075.0,0.46,107.0
1,5862.0,0.07,586.0
1,9213.0,0.07,921.0
1,10021.0,0.02,1002.0
1,560.0,0.02,56.0
1,7651.0,0.15,765.0
1,2782.0,0.63,278.0
1,8394.0,0.13,839.0
1,715.0,0.13,71.0
1,9351.0,0.11,935.0
1,3876.0,0.13,387.0
1,6978.0,0.01,697.0
1,6296.0,0.01,629.0
1,7764.0,0.01,776.0
1,5856.0,0.02,585.0
1,7565.0,0.13,756.0
1,6071.0,0.77,607.0
1,5233.0,0.02,523.0
1,10383.0,0.04,1038.0
1,8018.0,0.02,801.0
1,7378.0,0.02,737.0
1,2931.0,0.07,293.0
1,1999.0,0.29,199.0
1,3462.0,0.29,346.0
1,5527.0,0.02,552.0
1,7918.0,0.04,791.0
1,8849.0,0.02,884.0
1,3021.0,0.48,302.0
1,9462.0,0.48,946.0
1,1771.0,0.48,177.0
1,7819.0,0.02,781.0
1,6684.0,0.08,668.0
1,8317.0,0.14,831.0
1,3972.0,0.09,397.0
1,4461.0,0.09,446.0
1,2484.0,0.06,248.0
1,8584.0,0.05,858.0
1,2353.0,0.03,235.0
1,2161.0,0.47,216.0
1,2029.0,0.52,202.0
1,10187.0,0.52,1018.0
1,4567.0,0.03,456.0
1,2272.0,0.44,227.0
1,6339.0,0.02,633.0
1,387.0,0.02,38.0
1,5492.0,0.08,549.0
1,1681.0,0.02,168.0
1,6543.0,0.02,654.0
1,2576.0,0.02,257.0
1,7613.0,0.04,761.0
1,9440.0,0.01,944.0
1,5304.0,0.34,530.0
1,6477.0,0.34,647.0
1,8579.0,0.34,857.0
1,2496.0,0.05,249.0
1,4358.0,0.08,435.0
1,4209.0,0.02,420.0
1,1371.0,0.84,137.0
1,4070.0,0.09,407.0
1,5818.0,0.02,581.0
1,7430.0,0.02,743.0
1,6624.0,0.06,662.0
1,7622.0,0.04,762.0
1,937.0,0.04,93.0
1,5550.0,0.32,555.0
1,7203.0,0.02,720.0
1,3871.0,0.02,387.0
1,8243.0,0.15,824.0
1,985.0,0.34,98.0
1,7223.0,0.28,722.0
1,966.0,0.03,96.0
1,7189.0,0.29,718.0
1,9593.0,0.04,959.0
1,9757.0,0.04,975.0
1,7470.0,0.32,747.0
1,5445.0,0.37,544.0
1,4334.0,0.37,433.0
1,3972.0,0.37,397.0
1,1881.0,0.4,188.0
1,3233.0,0.04,323.0
1,2091.0,0.02,209.0
1,3401.0,0.8,340.0
1,2122.0,0.02,212.0
1,3200.0,0.33,320.0
1,872.0,0.33,87.0
1,9078.0,0.08,907.0
1,8945.0,0.02,894.0
1,8927.0,0.04,892.0
1,1120.0,0.23,112.0
1,4538.0,0.23,453.0
1,7816.0,0.08,781.0
1,1931.0,0.02,193.0
1,1893.0,0.02,189.0
1,3042.0,0.06,304.0
1,4201.0,0.2,420.0
1,1347.0,0.38,134.0
1,6372.0,0.04,637.0
1,271.0,0.04,27.0
1,9412.0,0.04,941.0
1,1548.0,0.04,154.0
1,814.0,0.14,81.0
1,8221.0,0.02,822.0
1,9704.0,0.09,970.0
1,10082.0,0.02,1008.0
1,4002.0,0.02,400.0
1,3726.0,0.02,372.0
1,2094.0,0.3,209.0
1,1416.0,0.14,141.0
1,9394.0,0.33,939.0
1,4633.0,0.33,463.0
1,3425.0,0.09,342.0
1,1215.0,0.13,121.0
1,1126.0,0.13,112.0
1,6006.0,0.37,600.0
1,8092.0,0.37,809.0
1,9595.0,0.06,959.0
1,7389.0,0.04,738.0
1,497.0,0.64,49.0
1,7869.0,0.08,786.0
1,4497.0,0.52,449.0
1,5765.0,0.35,576.0
1,4738.0,0.41,473.0
1,2764.0,0.41,276.0
1,4321.0,0.06,432.0
1,5652.0,0.05,565.0
1,3688.0,0.04,368.0
1,1171.0,0.02,117.0
1,6785.0,0.23,678.0
1,6954.0,0.23,695.0
1,1428.0,0.36,142.0
1,1517.0,0.21,151.0
1,9471.0,0.21,947.0
1,3678.0,0.02,367.0
1,3509.0,0.29,350.0
1,997.0,0.29,99.0
1,7648.0,0.02,764.0
1,9007.0,0.07,900.0
1,4368.0,0.04,436.0
1,849.0,0.04,84.0
1,2258.0,0.27,225.0
1,3702.0,0.02,370.0
1,4628.0,0.1,462.0
1,9736.0,0.1,973.0
1,7153.0,0.1,715.0
1,9488.0,0.06,948.0
1,450.0,0.06,45.0
1,919.0,0.04,91.0
1,3196.0,0.04,319.0
1,1949.0,0.08,194.0
1,7042.0,0.06,704.0
1,9367.0,0.02,936.0
1,8551.0,0.06,855.0
1,9949.0,0.04,994.0
1,5913.0,0.09,591.0
1,4356.0,0.27,435.0
1,8385.0,0.23,838.0
1,6019.0,0.35,601.0
1,3233.0,0.06,323.0
1,2917.0,0.06,291.0
1,1736.0,0.06,173.0
1,8466.0,0.08,846.0
1,3725.0,0.02,372.0
1,3734.0,0.05,373.0
1,7488.0,0.04,748.0
1,9786.0,0.21,978.0
1,2966.0,0.04,296.0
1,6767.0,0.1,676.0
1,3816.0,0.03,381.0
1,4404.0,0.45,440.0
1,9952.0,0.25,995.0
1,6802.0,0.06,680.0
1,3195.0,0.17,319.0
1,6296.0,0.17,629.0
1,1239.0,0.38,123.0
1,6212.0,0.06,621.0
1,4942.0,0.02,494.0
1,5699.0,0.13,569.0
1,4002.0,0.03,400.0
1,2537.0,0.02,253.0
1,6233.0,0.02,623.0
1,1127.0,0.56,112.0
1,7096.0,0.78,709.0
1,3652.0,0.12,365.0
1,7722.0,0.37,772.0
1,8133.0,0.37,813.0
1,9670.0,0.12,967.0
1,8097.0,0.2,809.0
1,6246.0,0.1,624.0
1,6451.0,0.06,645.0
1,6821.0,0.02,682.0
1,6970.0,0.21,697.0
1,7772.0,0.21,777.0
1,4238.0,0.04,423.0
1,2184.0,0.15,218.0
1,6278.0,0.02,627.0
1,5104.0,0.04,510.0
1,9521.0,0.16,952.0
1,7932.0,0.13,793.0
1,4487.0,0.2,448.0
1,3562.0,0.06,356.0
1,8108.0,0.38,810.0
1,5266.0,0.02,526.0
1,6095.0,0.06,609.0
1,5531.0,0.06,553.0
1,2059.0,0.11,205.0
1,6376.0,0.18,637.0
1,1987.0,0.05,198.0
1,4802.0,0.13,480.0
1,5695.0,0.04,569.0
1,10093.0,0.03,1009.0
1,6969.0,0.07,696.0
1,8196.0,0.13,819.0
1,7665.0,0.02,766.0
1,3065.0,0.21,306.0
1,8484.0,0.02,848.0
1,5368.0,0.02,536.0
1,1523.0,0.04,152.0
1,3169.0,0.04,316.0
1,8991.0,0.17,899.0
1,1440.0,0.42,144.0
1,2252.0,0.03,225.0
1,9185.0,0.19,918.0
1,7703.0,0.02,770.0
1,2959.0,0.19,295.0
1,9622.0,0.02,962.0
1,1327.0,0.02,132.0
1,3197.0,0.02,319.0
1,7011.0,0.15,701.0
1,4024.0,0.01,402.0
1,6562.0,0.18,656.0
1,9971.0,0.04,997.0
1,6377.0,0.04,637.0
1,4209.0,0.04,420.0
1,1462.0,0.25,146.0
1,3699.0,0.13,369.0
1,6935.0,0.42,693.0
1,7048.0,0.42,704.0
1,8682.0,0.02,868.0
1,9571.0,0.29,957.0
1,6850.0,0.02,685.0
1,2511.0,0.02,251.0
1,8479.0,0.39,847.0
1,5081.0,0.39,508.0
1,6965.0,0.06,696.0
1,6884.0,0.07,688.0
1,1560.0,0.07,156.0
1,2573.0,0.07,257.0
1,821.0,0.01,82.0
1,8864.0,0.04,886.0
1,9779.0,0.06,977.0
1,503.0,0.04,50.0
1,5238.0,0.02,523.0
1,9252.0,0.02,925.0
1,8070.0,0.28,807.0
1,6887.0,0.04,688.0
1,9485.0,0.1,948.0
1,2698.0,0.12,269.0
1,6613.0,0.38,661.0
1,7807.0,0.38,780.0
1,2170.0,0.38,217.0
1,5884.0,0.1,588.0
1,7943.0,0.02,794.0
1,5242.0,0.02,524.0
1,3960.0,0.02,396.0
1,2195.0,0.18,219.0
1,8632.0,0.69,863.0
1,7098.0,0.37,709.0
1,5117.0,0.37,511.0
1,8817.0,0.04,881.0
1,1171.0,0.04,117.0
1,5212.0,0.02,521.0
1,5458.0,0.04,545.0
1,8093.0,0.28,809.0
1,5521.0,0.04,552.0
1,4211.0,0.02,421.0
1,5339.0,0.12,533.0
1,4938.0,0.26,493.0
1,1152.0,0.85,115.0
1,9282.0,0.12,928.0
1,7422.0,0.02,742.0
1,6632.0,0.02,663.0
1,5752.0,0.12,575.0
1,6792.0,0.01,679.0
1,4947.0,0.01,494.0
1,3219.0,0.35,321.0
1,7385.0,0.02,738.0
1,2236.0,0.01,223.0
1,4249.0,0.32,424.0
1,3236.0,0.04,323.0
1,5927.0,0.3,592.0
1,2838.0,0.74,283.0
1,4871.0,0.25,487.0
1,5275.0,0.25,527.0
1,8273.0,0.4,827.0
1,751.0,0.23,75.0
1,501.0,0.23,50.0
1,8471.0,0.01,847.0
1,5532.0,0.01,553.0
1,9238.0,0.74,923.0
1,8328.0,0.17,832.0
1,3467.0,0.21,346.0
1,9882.0,0.02,988.0
1,2560.0,0.94,256.0
1,4111.0,0.08,411.0
1,2389.0,0.08,238.0
1,5128.0,0.1,512.0
1,3220.0,0.02,322.0
1,5796.0,0.78,579.0
1,4760.0,0.78,476.0
1,3797.0,0.14,379.0
1,3895.0,0.14,389.0
1,2400.0,0.06,240.0
1,7699.0,0.48,769.0
1,2431.0,0.48,243.0
1,4934.0,0.03,493.0
1,8894.0,0.39,889.0
1,8626.0,0.39,862.0
1,3371.0,0.38,337.0
1,885.0,0.35,88.0
1,8883.0,0.02,888.0
1,1236.0,0.68,123.0
1,4964.0,0.02,496.0
1,9384.0,0.26,938.0
1,9789.0,0.11,978.0
1,1161.0,0.02,116.0
1,6921.0,0.02,692.0
1,3566.0,0.14,356.0
1,10223.0,0.02,1022.0
1,1674.0,0.08,167.0
1,7925.0,0.13,792.0
1,2389.0,0.04,238.0
1,8092.0,0.07,809.0
1,2885.0,0.03,288.0
1,5263.0,0.03,526.0
1,331.0,0.03,33.0
1,1726.0,0.01,172.0
1,5568.0,0.04,556.0
1,8171.0,0.01,817.0
1,5247.0,0.03,524.0
1,3319.0,0.12,331.0
1,3422.0,0.03,342.0
1,9876.0,0.01,987.0
1,7850.0,0.39,785.0
1,6307.0,0.02,630.0
1,6447.0,0.14,644.0
1,3197.0,0.14,319.0
1,7183.0,0.14,718.0
1,2978.0,0.14,297.0
1,9102.0,0.17,910.0
1,5454.0,0.04,545.0
1,6653.0,0.06,665.0
1,1772.0,0.06,177.0
1,4836.0,0.08,483.0
1,7756.0,0.04,775.0
1,5450.0,0.08,545.0
1,520.0,0.08,52.0
1,7925.0,0.02,792.0
1,4478.0,0.02,447.0
1,9547.0,0.02,954.0
1,5236.0,0.02,523.0
1,4348.0,0.69,434.0
1,3044.0,0.02,304.0
1,7117.0,0.53,711.0
1,4774.0,0.1,477.0
1,6343.0,0.04,634.0
1,3471.0,0.25,347.0
1,6776.0,0.05,677.0
1,3159.0,0.02,315.0
1,3815.0,0.02,381.0
1,5887.0,0.68,588.0
1,4981.0,0.03,498.0
1,6963.0,0.37,696.0
1,8399.0,0.02,839.0
1,3000.0,0.02,300.0
1,9862.0,0.02,986.0
1,6050.0,0.02,605.0
1,1589.0,0.02,158.0
1,1045.0,0.04,104.0
1,995.0,0.1,99.0
1,6826.0,0.02,682.0
1,1161.0,0.02,116.0
1,2855.0,0.09,285.0
1,9662.0,0.09,966.0
1,5739.0,0.04,573.0
1,4391.0,0.02,439.0
1,9935.0,0.02,993.0
1,2040.0,0.15,204.0
1,1232.0,0.31,123.0
1,3899.0,0.17,389.0
1,2587.0,0.11,258.0
1,3491.0,0.06,349.0
1,8653.0,0.02,865.0
1,4704.0,0.26,470.0
1,252.0,0.06,25.0
1,3741.0,0.02,374.0
1,6585.0,0.06,658.0
1,2169.0,0.09,216.0
1,3668.0,0.04,366.0
1,1888.0,0.35,188.0
1,3926.0,0.05,392.0
1,3425.0,0.02,342.0
1,7047.0,0.04,704.0
1,2718.0,0.02,271.0
1,1839.0,0.04,183.0
1,4277.0,0.02,427.0
1,6939.0,0.64,693.0
1,9856.0,0.03,985.0
1,7684.0,0.03,768.0
1,5456.0,0.03,545.0
1,7225.0,0.22,722.0
1,1090.0,0.22,109.0
1,7335.0,0.02,733.0
1,8263.0,0.68,826.0
1,4982.0,0.09,498.0
1,4736.0,0.02,473.0
1,419.0,0.07,41.0
1,7135.0,0.27,713.0
1,1770.0,0.14,177.0
1,2501.0,0.14,250.0
1,5737.0,0.14,573.0
1,9590.0,0.14,959.0
1,9831.0,0.12,983.0
1,7079.0,0.02,707.0
1,731.0,0.02,73.0
1,6766.0,0.02,676.0
1,1054.0,0.13,105.0
1,10015.0,0.13,1001.0
1,7627.0,0.03,762.0
1,10080.0,0.06,1008.0
1,4331.0,0.04,433.0
1,2880.0,0.08,288.0
1,9490.0,0.02,949.0
1,10124.0,0.44,1012.0
1,4035.0,0.44,403.0
1,5845.0,0.44,584.0
1,10086.0,0.02,1008.0
1,5527.0,0.21,552.0
1,1712.0,0.02,171.0
1,9802.0,0.04,980.0
1,2242.0,0.08,224.0
1,5678.0,0.25,567.0
1,3980.0,0.04,398.0
1,3319.0,0.06,331.0
1,2160.0,0.17,216.0
1,6236.0,0.04,623.0
1,10030.0,0.06,1003.0
1,501.0,0.31,50.0
1,5778.0,0.3,577.0
1,6815.0,0.3,681.0
1,9521.0,0.34,952.0
1,9062.0,0.38,906.0
1,1200.0,0.38,120.0
1,7876.0,0.38,787.0
1,1832.0,0.38,183.0
1,2294.0,0.27,229.0
1,2037.0,0.27,203.0
1,2970.0,0.27,297.0
1,6227.0,0.02,622.0
1,8426.0,0.18,842.0
1,4538.0,0.64,453.0
1,1106.0,0.64,110.0
1,4144.0,0.03,414.0
1,8786.0,0.02,878.0
1,7488.0,0.01,748.0
1,9715.0,0.05,971.0
1,8355.0,0.05,835.0
1,5025.0,0.08,502.0
1,6059.0,0.09,605.0
1,3043.0,0.09,304.0
1,2167.0,0.18,216.0
1,1455.0,0.08,145.0
1,10338.0,0.12,1033.0
1,9778.0,0.34,977.0
1,771.0,0.05,77.0
1,9415.0,0.02,941.0
1,561.0,0.02,56.0
1,10229.0,0.08,1022.0
1,2280.0,0.08,228.0
1,4419.0,0.02,441.0
1,9367.0,0.2,936.0
1,6814.0,0.02,681.0
1,2409.0,0.09,240.0
1,9517.0,0.06,951.0
1,1171.0,0.75,117.0
1,5609.0,0.09,560.0
1,3492.0,0.01,349.0
1,4524.0,0.09,452.0
1,4728.0,0.78,472.0
1,1912.0,0.06,191.0
1,6762.0,0.02,676.0
1,2916.0,0.04,291.0
1,2121.0,0.08,212.0
1,8037.0,0.02,803.0
1,5913.0,0.02,591.0
1,4070.0,0.1,407.0
1,6539.0,0.02,653.0
1,983.0,0.06,98.0
1,3054.0,0.27,305.0
1,5225.0,0.27,522.0
1,6495.0,0.95,649.0
1,4550.0,0.21,455.0
1,671.0,0.21,67.0
1,243.0,0.21,24.0
1,3892.0,0.08,389.0
1,4785.0,0.04,478.0
1,3179.0,0.06,317.0
1,8228.0,0.15,822.0
1,2465.0,0.27,246.0
1,5556.0,0.07,555.0
1,1088.0,0.07,108.0
1,8112.0,0.01,811.0
1,8455.0,0.01,845.0
1,4653.0,0.01,465.0
1,6717.0,0.74,671.0
1,2919.0,0.02,291.0
1,5010.0,0.02,501.0
1,5319.0,0.04,531.0
1,7239.0,0.01,723.0
1,3901.0,0.01,390.0
1,1323.0,0.02,132.0
1,3740.0,0.15,374.0
1,3951.0,0.04,395.0
1,805.0,0.79,80.0
1,3980.0,0.25,398.0
1,8998.0,0.02,899.0
1,9299.0,0.02,929.0
1,5681.0,0.02,568.0
1,6042.0,0.69,604.0
1,6832.0,0.1,683.0
1,9315.0,0.04,931.0
1,10064.0,0.67,1006.0
1,6468.0,0.67,646.0
1,4398.0,0.08,439.0
1,5063.0,0.02,506.0
1,7903.0,0.02,790.0
1,6618.0,0.02,661.0
1,9040.0,0.74,904.0
1,363.0,0.74,36.0
1,8439.0,0.07,843.0
1,5010.0,0.17,501.0
1,703.0,0.09,70.0
1,7656.0,0.09,765.0
1,1028.0,0.02,102.0
1,4884.0,0.02,488.0
1,416.0,0.09,41.0
1,4304.0,0.09,430.0
1,4631.0,0.09,463.0
1,3189.0,0.09,318.0
1,465.0,0.09,46.0
1,5753.0,0.09,575.0
1,1770.0,0.09,177.0
1,7153.0,0.09,715.0
1,2585.0,0.02,258.0
1,2979.0,0.04,297.0
1,8650.0,0.12,865.0
1,10184.0,0.27,1018.0
1,4871.0,0.02,487.0
1,6394.0,0.06,639.0
1,4622.0,0.04,462.0
1,2959.0,0.34,295.0
1,6686.0,0.04,668.0
1,4110.0,0.16,411.0
1,7029.0,0.02,702.0
1,8974.0,0.02,897.0
1,7180.0,0.19,718.0
1,3630.0,0.01,363.0
1,4362.0,0.01,436.0
1,696.0,0.03,69.0
1,7348.0,0.51,734.0
1,1722.0,0.51,172.0
1,5749.0,0.07,574.0
1,2720.0,0.13,272.0
1,437.0,0.03,43.0
1,1984.0,0.03,198.0
1,3543.0,0.03,354.0
1,7347.0,0.02,734.0
1,1784.0,0.1,178.0
1,886.0,0.1,88.0
1,7791.0,0.06,779.0
1,8451.0,0.02,845.0
1,3741.0,0.06,374.0
1,2950.0,0.78,295.0
1,9422.0,0.02,942.0
1,2281.0,0.02,228.0
1,1321.0,0.22,132.0
1,1571.0,0.03,157.0
1,3803.0,0.04,380.0
1,9196.0,0.02,919.0
1,4004.0,0.08,400.0
1,2825.0,0.08,282.0
1,8273.0,0.02,827.0
1,2426.0,0.02,242.0
1,7210.0,0.02,721.0
1,2883.0,0.41,288.0
1,5731.0,0.07,573.0
1,5710.0,0.36,571.0
1,3354.0,0.36,335.0
1,9167.0,0.14,916.0
1,8793.0,0.08,879.0
1,4574.0,0.02,457.0
1,419.0,0.03,41.0
1,8844.0,0.01,884.0
1,459.0,0.18,45.0
1,1179.0,0.06,117.0
1,10478.0,0.02,1047.0
1,1360.0,0.02,136.0
1,5235.0,0.02,523.0
1,2834.0,0.02,283.0
1,3154.0,0.02,315.0
1,7737.0,0.55,773.0
1,9684.0,0.04,968.0
1,6045.0,0.13,604.0
1,4731.0,0.06,473.0
1,4446.0,0.09,444.0
1,7714.0,0.02,771.0
1,5697.0,0.15,569.0
1,8923.0,0.37,892.0
1,797.0,0.37,79.0
1,1457.0,0.12,145.0
1,1963.0,0.29,196.0
1,3556.0,0.03,355.0
1,2283.0,0.28,228.0
1,878.0,0.01,87.0
1,9933.0,0.01,993.0
1,4391.0,0.01,439.0
1,4970.0,0.02,497.0
1,4043.0,0.02,404.0
1,9305.0,0.02,930.0
1,3951.0,0.08,395.0
1,5787.0,0.34,578.0
1,1709.0,0.14,170.0
1,5547.0,0.02,554.0
1,1612.0,0.02,161.0
1,3686.0,0.38,368.0
1,987.0,0.06,98.0
1,4814.0,0.06,481.0
1,6808.0,0.04,680.0
1,5792.0,0.14,579.0
1,1381.0,0.14,138.0
1,4421.0,0.04,442.0
1,6653.0,0.23,665.0
1,9066.0,0.56,906.0
1,10011.0,0.02,1001.0
1,569.0,0.45,56.0
1,4429.0,0.08,442.0
1,5722.0,0.03,572.0
1,8429.0,0.07,842.0
1,6578.0,0.07,657.0
1,1682.0,0.18,168.0
1,8457.0,0.02,845.0
1,9755.0,0.32,975.0
1,7936.0,0.05,793.0
1,2646.0,0.33,264.0
1,8743.0,0.2,874.0
1,9723.0,0.65,972.0
1,600.0,0.06,60.0
1,6493.0,0.06,649.0
1,2315.0,0.11,231.0
1,4318.0,0.12,431.0
1,7738.0,0.02,773.0
1,5428.0,0.14,542.0
1,9649.0,0.26,964.0
1,7592.0,0.02,759.0
1,10031.0,0.02,1003.0
1,5333.0,0.02,533.0
1,9210.0,0.04,921.0
1,5253.0,0.89,525.0
1,882.0,0.09,88.0
1,9148.0,0.06,914.0
1,5100.0,0.37,510.0
1,6813.0,0.15,681.0
1,602.0,0.15,60.0
1,6681.0,0.04,668.0
1,971.0,0.47,97.0
1,4655.0,0.18,465.0
1,4383.0,0.04,438.0
1,1458.0,0.32,145.0
1,5268.0,0.06,526.0
1,7278.0,0.08,727.0
1,1091.0,0.89,109.0
1,4155.0,0.29,415.0
1,2732.0,0.02,273.0
1,1445.0,0.02,144.0
1,4173.0,0.11,417.0
1,4684.0,0.17,468.0
1,1559.0,0.06,155.0
1,479.0,0.06,47.0
1,8674.0,0.04,867.0
1,1743.0,0.24,174.0
1,2902.0,0.13,290.0
1,5278.0,0.6,527.0
1,1553.0,0.05,155.0
1,6973.0,0.06,697.0
1,4306.0,0.04,430.0
1,4623.0,0.04,462.0
1,737.0,0.04,73.0
1,5521.0,0.13,552.0
1,3982.0,0.32,398.0
1,8267.0,0.32,826.0
1,2311.0,0.08,231.0
1,1888.0,0.02,188.0
1,9369.0,0.02,936.0
1,2334.0,0.09,233.0
1,5835.0,0.07,583.0
1,7246.0,0.09,724.0
1,2445.0,0.78,244.0
1,7410.0,0.78,741.0
1,4307.0,0.08,430.0
1,6484.0,0.67,648.0
1,10047.0,0.96,1004.0
1,7990.0,0.04,799.0
1,6349.0,0.02,634.0
1,7548.0,0.04,754.0
1,7630.0,0.08,763.0
1,3137.0,0.02,313.0
1,7395.0,0.04,739.0
1,8551.0,0.08,855.0
1,6864.0,0.21,686.0
1,4933.0,0.24,493.0
1,6471.0,0.23,647.0
1,8668.0,0.47,866.0
1,10222.0,0.14,1022.0
1,6544.0,0.3,654.0
1,5689.0,0.04,568.0
1,9919.0,0.04,991.0
1,6267.0,0.07,626.0
1,5283.0,0.04,528.0
1,9035.0,0.11,903.0
1,9728.0,0.05,972.0
1,4798.0,0.23,479.0
1,7739.0,0.02,773.0
1,4833.0,0.24,483.0
1,9841.0,0.62,984.0
1,1706.0,0.02,170.0
1,3546.0,0.15,354.0
1,6928.0,0.15,692.0
1,712.0,0.15,71.0
1,6048.0,0.05,604.0
1,9750.0,0.02,975.0
1,2802.0,0.11,280.0
1,450.0,0.02,45.0
1,1945.0,0.02,194.0
1,5390.0,0.02,539.0
1,6556.0,0.06,655.0
1,9686.0,0.06,968.0
1,3162.0,0.04,316.0
1,5258.0,0.02,525.0
1,2745.0,0.1,274.0
1,3347.0,0.27,334.0
1,9689.0,0.06,968.0
1,8691.0,0.08,869.0
1,5946.0,0.08,594.0
1,8629.0,0.08,862.0
1,3247.0,0.08,324.0
1,2336.0,0.03,233.0
1,3093.0,0.04,309.0
1,9288.0,0.02,928.0
1,2594.0,0.02,259.0
1,5353.0,0.4,535.0
1,9601.0,0.4,960.0
1,4360.0,0.4,436.0
1,3142.0,0.02,314.0
1,5698.0,0.02,569.0
1,3019.0,0.08,301.0
1,6678.0,0.08,667.0
1,699.0,0.02,69.0
1,1872.0,0.07,187.0
1,6931.0,0.05,693.0
1,2856.0,0.05,285.0
1,4226.0,0.19,422.0
1,9965.0,0.73,996.0
1,4335.0,0.04,433.0
1,4856.0,0.06,485.0
1,4044.0,0.02,404.0
1,7132.0,0.02,713.0
1,6023.0,0.05,602.0
1,1112.0,0.61,111.0
1,10089.0,0.13,1008.0
1,7753.0,0.09,775.0
1,1942.0,0.12,194.0
1,1340.0,0.27,134.0
1,954.0,0.06,95.0
1,9965.0,0.07,996.0
1,2538.0,0.07,253.0
1,6916.0,0.22,691.0
1,3328.0,0.18,332.0
1,6113.0,0.02,611.0
1,2080.0,0.17,208.0
1,5506.0,0.17,550.0
1,5123.0,0.57,512.0
1,10106.0,0.11,1010.0
1,3562.0,0.02,356.0
1,4064.0,0.11,406.0
1,3302.0,0.03,330.0
1,9520.0,0.03,952.0
1,8957.0,0.13,895.0
1,10218.0,0.07,1021.0
1,381.0,0.07,38.0
1,8568.0,0.02,856.0
1,3477.0,0.02,347.0
1,796.0,0.07,79.0
1,5979.0,0.3,597.0
1,7959.0,0.02,795.0
1,6680.0,0.02,668.0
1,8330.0,0.02,833.0
1,8736.0,0.04,873.0
1,8240.0,0.09,824.0
1,6069.0,0.04,606.0
1,1495.0,0.18,149.0
1,3627.0,0.06,362.0
1,599.0,0.34,59.0
1,945.0,0.02,94.0
1,5112.0,0.37,511.0
1,2382.0,0.02,238.0
1,10389.0,0.02,1038.0
1,7399.0,0.04,739.0
1,5858.0,0.01,585.0
1,3652.0,0.01,365.0
1,7279.0,0.35,727.0
1,7085.0,0.04,708.0
1,5615.0,0.1,561.0
1,8291.0,0.04,829.0
1,8791.0,0.14,879.0
1,4832.0,0.42,483.0
1,9512.0,0.42,951.0
1,8759.0,0.04,875.0
1,9074.0,0.21,907.0
1,7551.0,0.04,755.0
1,6870.0,0.04,687.0
1,1494.0,0.04,149.0
1,8422.0,0.14,842.0
1,6783.0,0.13,678.0
1,7423.0,0.02,742.0
1,603.0,0.57,60.0
1,896.0,0.18,89.0
1,9081.0,0.04,908.0
1,9644.0,0.15,964.0
1,8864.0,0.37,886.0
1,9894.0,0.02,989.0
1,5440.0,0.08,544.0
1,6029.0,0.02,602.0
1,1261.0,0.02,126.0
1,6297.0,0.01,629.0
1,9992.0,0.01,999.0
1,1093.0,0.06,109.0
1,7165.0,0.34,716.0
1,8263.0,0.02,826.0
1,7966.0,0.02,796.0
1,4231.0,0.06,423.0
1,1057.0,0.13,105.0
1,4906.0,0.36,490.0
1,2796.0,0.08,279.0
1,3310.0,0.02,331.0
1,5455.0,0.06,545.0
1,8565.0,0.04,856.0
1,1452.0,0.04,145.0
1,3700.0,0.17,370.0
1,2988.0,0.08,298.0
1,8497.0,0.08,849.0
1,4259.0,0.5,425.0
1,2849.0,0.03,284.0
1,1039.0,0.06,103.0
1,5690.0,0.06,569.0
1,2618.0,0.14,261.0
1,3663.0,0.37,366.0
1,4692.0,0.04,469.0
1,5088.0,0.02,508.0
1,5092.0,0.4,509.0
1,4089.0,0.06,408.0
1,7092.0,0.06,709.0
1,7775.0,0.06,777.0
1,7716.0,0.04,771.0
1,6796.0,0.04,679.0
1,5161.0,0.09,516.0
1,1294.0,0.02,129.0
1,8080.0,0.1,808.0
1,7653.0,0.1,765.0
1,3457.0,0.11,345.0
1,2979.0,0.15,297.0
1,8267.0,0.05,826.0
1,914.0,0.11,91.0
1,5725.0,0.13,572.0
1,4050.0,0.07,405.0
1,7105.0,0.07,710.0
1,6031.0,0.07,603.0
1,2172.0,0.02,217.0
1,10394.0,0.09,1039.0
1,7356.0,0.04,735.0
1,5311.0,0.04,531.0
1,5924.0,0.04,592.0
1,8758.0,0.06,875.0
1,563.0,0.09,56.0
1,6045.0,0.02,604.0
1,9477.0,0.1,947.0
1,1197.0,0.02,119.0
1,8500.0,0.07,850.0
1,1632.0,0.07,163.0
1,4131.0,0.04,413.0
1,7361.0,0.17,736.0
1,4306.0,0.6,430.0
1,7216.0,0.04,721.0
1,9549.0,0.04,954.0
1,1031.0,0.08,103.0
1,9683.0,0.08,968.0
1,2015.0,0.08,201.0
1,6282.0,0.02,628.0
1,6171.0,0.04,617.0
1,6078.0,0.02,607.0
1,6335.0,0.06,633.0
1,4096.0,0.02,409.0
1,2551.0,0.19,255.0
1,964.0,0.02,96.0
1,3028.0,0.04,302.0
1,5574.0,0.04,557.0
1,5847.0,0.02,584.0
1,2222.0,0.15,222.0
1,2764.0,0.15,276.0
1,1755.0,0.08,175.0
1,8699.0,0.29,869.0
1,4527.0,0.06,452.0
1,10029.0,0.06,1002.0
1,3085.0,0.38,308.0
1,1834.0,0.04,183.0
1,1953.0,0.06,195.0
1,1708.0,0.04,170.0
1,3709.0,0.04,370.0
1,3162.0,0.04,316.0
1,1280.0,0.08,128.0
1,8865.0,0.08,886.0
1,5033.0,0.17,503.0
1,10161.0,0.07,1016.0
1,305.0,0.02,30.0
1,5756.0,0.37,575.0
1,502.0,0.06,50.0
1,7564.0,0.04,756.0
1,1710.0,0.04,171.0
1,2699.0,0.08,269.0
1,7271.0,0.02,727.0
1,9645.0,0.04,964.0
1,5651.0,0.04,565.0
1,7572.0,0.02,757.0
1,7217.0,0.21,721.0
1,6085.0,0.06,608.0
1,4424.0,0.02,442.0
1,3022.0,0.02,302.0
1,6624.0,0.02,662.0
1,4434.0,0.02,443.0
1,1698.0,0.1,169.0
1,4698.0,0.1,469.0
1,7001.0,0.1,700.0
1,4998.0,0.02,499.0
1,4798.0,0.04,479.0
1,732.0,0.36,73.0
1,3360.0,0.02,336.0
1,3831.0,0.15,383.0
1,1379.0,0.03,137.0
1,5470.0,0.02,547.0
1,3107.0,0.27,310.0
1,7036.0,0.27,703.0
1,4007.0,0.04,400.0
1,9814.0,0.02,981.0
1,5193.0,0.06,519.0
1,1050.0,0.03,105.0
1,4714.0,0.01,471.0
1,935.0,0.11,93.0
1,4973.0,0.11,497.0
1,6980.0,0.14,698.0
1,4205.0,0.01,420.0
1,7963.0,0.12,796.0
1,8459.0,0.01,845.0
1,970.0,0.01,97.0
1,8838.0,0.11,883.0
1,5925.0,0.02,592.0
1,6028.0,0.02,602.0
1,7316.0,0.72,731.0
1,9356.0,0.11,935.0
1,5615.0,0.04,561.0
1,6599.0,0.04,659.0
1,5890.0,0.06,589.0
1,4206.0,0.06,420.0
1,9888.0,0.13,988.0
1,1794.0,0.02,179.0
1,4035.0,0.02,403.0
1,2480.0,0.04,248.0
1,1968.0,0.04,196.0
1,5083.0,0.04,508.0
1,7416.0,0.15,741.0
1,2762.0,0.81,276.0
1,4202.0,0.04,420.0
1,3205.0,0.04,320.0
1,6845.0,0.06,684.0
1,4453.0,0.86,445.0
1,5879.0,0.04,587.0
1,3653.0,0.06,365.0
1,8153.0,0.06,815.0
1,1634.0,0.02,163.0
1,973.0,0.07,97.0
1,4060.0,0.03,406.0
1,4103.0,0.03,410.0
1,8534.0,0.03,853.0
1,1174.0,0.15,117.0
1,7579.0,0.19,757.0
1,354.0,0.02,35.0
1,7315.0,0.28,731.0
1,568.0,0.04,56.0
1,7144.0,0.34,714.0
1,9063.0,0.08,906.0
1,7100.0,0.12,710.0
1,9571.0,0.3,957.0
1,9245.0,0.04,924.0
1,589.0,0.3,58.0
1,1650.0,0.38,165.0
1,1214.0,0.08,121.0
1,1176.0,0.06,117.0
1,5136.0,0.08,513.0
1,2486.0,0.06,248.0
1,3724.0,0.39,372.0
1,5303.0,0.39,530.0
1,5358.0,0.06,535.0
1,4058.0,0.09,405.0
1,2055.0,0.48,205.0
1,8555.0,0.06,855.0
1,10138.0,0.04,1013.0
1,6758.0,0.39,675.0
1,6299.0,0.39,629.0
1,9142.0,0.08,914.0
1,6064.0,0.82,606.0
1,9796.0,0.02,979.0
1,477.0,0.33,47.0
1,7794.0,0.33,779.0
1,4017.0,0.03,401.0
1,1074.0,0.03,107.0
1,1666.0,0.02,166.0
1,7267.0,0.02,726.0
1,3145.0,0.02,314.0
1,2684.0,0.06,268.0
1,9371.0,0.02,937.0
1,9533.0,0.08,953.0
1,4543.0,0.09,454.0
1,5575.0,0.02,557.0
1,8389.0,0.02,838.0
1,6235.0,0.19,623.0
1,2926.0,0.19,292.0
1,3034.0,0.04,303.0
1,10079.0,0.07,1007.0
1,567.0,0.02,56.0
1,3704.0,0.02,370.0
1,4668.0,0.02,466.0
1,7335.0,0.02,733.0
1,6960.0,0.02,696.0
1,314.0,0.07,31.0
1,9418.0,0.46,941.0
1,4187.0,0.07,418.0
1,976.0,0.07,97.0
1,5273.0,0.02,527.0
1,6400.0,0.02,640.0
1,9535.0,0.15,953.0
1,9157.0,0.63,915.0
1,2927.0,0.13,292.0
1,695.0,0.13,69.0
1,2741.0,0.11,274.0
1,3503.0,0.13,350.0
1,1922.0,0.01,192.0
1,4749.0,0.01,474.0
1,5200.0,0.01,520.0
1,4000.0,0.02,400.0
1,1490.0,0.13,149.0
1,6194.0,0.77,619.0
1,2753.0,0.02,275.0
1,3604.0,0.04,360.0
1,8754.0,0.02,875.0
1,8804.0,0.02,880.0
1,3171.0,0.07,317.0
1,1109.0,0.29,110.0
1,5176.0,0.29,517.0
1,3197.0,0.02,319.0
1,366.0,0.04,36.0
1,952.0,0.02,95.0
1,405.0,0.48,40.0
1,4091.0,0.48,409.0
1,4955.0,0.48,495.0
1,9814.0,0.02,981.0
1,7663.0,0.08,766.0
1,6412.0,0.14,641.0
1,8071.0,0.09,807.0
1,790.0,0.09,79.0
1,8483.0,0.06,848.0
1,8258.0,0.05,825.0
1,7284.0,0.03,728.0
1,2166.0,0.47,216.0
1,6945.0,0.52,694.0
1,1770.0,0.52,177.0
1,7676.0,0.03,767.0
1,1861.0,0.44,186.0
1,3708.0,0.02,370.0
1,4079.0,0.02,407.0
1,5490.0,0.08,549.0
1,1661.0,0.02,166.0
1,8389.0,0.02,838.0
1,5028.0,0.02,502.0
1,5838.0,0.04,583.0
1,673.0,0.01,67.0
1,3993.0,0.34,399.0
1,4791.0,0.34,479.0
1,8860.0,0.34,886.0
1,8014.0,0.05,801.0
1,7518.0,0.08,751.0
1,2762.0,0.02,276.0
1,6044.0,0.84,604.0
1,1570.0,0.09,157.0
1,1758.0,0.02,175.0
1,8483.0,0.02,848.0
1,2075.0,0.06,207.0
1,1235.0,0.04,123.0
1,7850.0,0.04,785.0
1,5767.0,0.32,576.0
1,8178.0,0.02,817.0
1,7213.0,0.02,721.0
1,7412.0,0.15,741.0
1,488.0,0.34,48.0
1,4569.0,0.28,456.0
1,7305.0,0.03,730.0
1,9810.0,0.29,981.0
1,8816.0,0.04,881.0
1,7511.0,0.04,751.0
1,8370.0,0.32,837.0
1,10219.0,0.37,1021.0
1,9880.0,0.37,988.0
1,2796.0,0.37,279.0
1,4748.0,0.4,474.0
1,5564.0,0.04,556.0
1,3125.0,0.02,312.0
1,556.0,0.8,55.0
1,1892.0,0.02,189.0
1,1045.0,0.33,104.0
1,602.0,0.33,60.0
1,6475.0,0.08,647.0
1,8526.0,0.02,852.0
1,7447.0,0.04,744.0
1,3177.0,0.23,317.0
1,7696.0,0.23,769.0
1,9606.0,0.08,960.0
1,396.0,0.02,39.0
1,6120.0,0.02,612.0
1,7524.0,0.06,752.0
1,8957.0,0.2,895.0
1,5514.0,0.38,551.0
1,2452.0,0.04,245.0
1,6066.0,0.04,606.0
1,6352.0,0.04,635.0
1,6419.0,0.04,641.0
1,8410.0,0.14,841.0
1,1032.0,0.02,103.0
1,8070.0,0.09,807.0
1,1594.0,0.02,159.0
1,4634.0,0.02,463.0
1,10226.0,0.02,1022.0
1,2404.0,0.3,240.0
1,3744.0,0.14,374.0
1,1070.0,0.33,107.0
1,7837.0,0.33,783.0
1,7074.0,0.09,707.0
1,2606.0,0.13,260.0
1,2639.0,0.13,263.0
1,2669.0,0.37,266.0
1,8844.0,0.37,884.0
1,3665.0,0.06,366.0
1,3060.0,0.04,306.0
1,10107.0,0.64,1010.0
1,523.0,0.08,52.0
1,6748.0,0.52,674.0
1,9456.0,0.35,945.0
1,8609.0,0.41,860.0
1,9098.0,0.41,909.0
1,4369.0,0.06,436.0
1,7706.0,0.05,770.0
1,9143.0,0.04,914.0
1,2000.0,0.02,200.0
1,2503.0,0.23,250.0
1,4054.0,0.23,405.0
1,3681.0,0.36,368.0
1,7140.0,0.21,714.0
1,4029.0,0.21,402.0
1,726.0,0.02,72.0
1,9288.0,0.29,928.0
1,5498.0,0.29,549.0
1,6827.0,0.02,682.0
1,6961.0,0.07,696.0
1,7782.0,0.04,778.0
1,3197.0,0.04,319.0
1,9436.0,0.27,943.0
1,8071.0,0.02,807.0
1,3220.0,0.1,322.0
1,8707.0,0.1,870.0
1,1772.0,0.1,177.0
1,610.0,0.06,61.0
1,7807.0,0.06,780.0
1,6831.0,0.04,683.0
1,8741.0,0.04,874.0
1,657.0,0.08,65.0
1,3865.0,0.06,386.0
1,9381.0,0.02,938.0
1,6755.0,0.06,675.0
1,7519.0,0.04,751.0
1,3822.0,0.09,382.0
1,1800.0,0.27,180.0
1,10094.0,0.23,1009.0
1,4764.0,0.35,476.0
1,3152.0,0.06,315.0
1,6997.0,0.06,699.0
1,3952.0,0.06,395.0
1,2418.0,0.08,241.0
1,933.0,0.02,93.0
1,538.0,0.05,53.0
1,3512.0,0.04,351.0
1,9341.0,0.21,934.0
1,8459.0,0.04,845.0
1,3626.0,0.1,362.0
1,8857.0,0.03,885.0
1,4630.0,0.45,463.0
1,5364.0,0.25,536.0
1,3094.0,0.06,309.0
1,533.0,0.17,53.0
1,1642.0,0.17,164.0
1,2914.0,0.38,291.0
1,10053.0,0.06,1005.0
1,10217.0,0.02,1021.0
1,8803.0,0.13,880.0
1,8415.0,0.03,841.0
1,551.0,0.02,55.0
1,6793.0,0.02,679.0
1,8856.0,0.56,885.0
1,8965.0,0.78,896.0
1,7746.0,0.12,774.0
1,4131.0,0.37,413.0
1,570.0,0.37,57.0
1,9304.0,0.12,930.0
1,9362.0,0.2,936.0
1,7916.0,0.1,791.0
1,1891.0,0.06,189.0
1,8731.0,0.02,873.0
1,738.0,0.21,73.0
1,9451.0,0.21,945.0
1,3266.0,0.04,326.0
1,3286.0,0.15,328.0
1,1798.0,0.02,179.0
1,6228.0,0.04,622.0
1,2508.0,0.16,250.0
1,4496.0,0.13,449.0
1,3120.0,0.2,312.0
1,7981.0,0.06,798.0
1,6951.0,0.38,695.0
1,913.0,0.02,91.0
1,4137.0,0.06,413.0
1,8691.0,0.06,869.0
1,3853.0,0.11,385.0
1,5353.0,0.18,535.0
1,790.0,0.05,79.0
1,2693.0,0.13,269.0
1,4905.0,0.04,490.0
1,5933.0,0.03,593.0
1,3773.0,0.07,377.0
1,10002.0,0.13,1000.0
1,9201.0,0.02,920.0
1,8252.0,0.21,825.0
1,2787.0,0.02,278.0
1,3666.0,0.02,366.0
1,2618.0,0.04,261.0
1,4541.0,0.04,454.0
1,2024.0,0.17,202.0
1,3686.0,0.42,368.0
1,860.0,0.03,86.0
1,7954.0,0.19,795.0
1,7058.0,0.02,705.0
1,2879.0,0.19,287.0
1,3761.0,0.02,376.0
1,3441.0,0.02,344.0
1,2679.0,0.02,267.0
1,4964.0,0.15,496.0
1,1935.0,0.01,193.0
1,3930.0,0.18,393.0
1,6707.0,0.04,670.0
1,1369.0,0.04,136.0
1,9252.0,0.04,925.0
1,8518.0,0.25,851.0
1,8075.0,0.13,807.0
1,5926.0,0.42,592.0
1,9925.0,0.42,992.0
1,3297.0,0.02,329.0
1,6056.0,0.29,605.0
1,9271.0,0.02,927.0
1,8142.0,0.02,814.0
1,2342.0,0.39,234.0
1,691.0,0.39,69.0
1,8870.0,0.06,887.0
1,9902.0,0.07,990.0
1,1395.0,0.07,139.0
1,930.0,0.07,93.0
1,3304.0,0.01,330.0
1,2174.0,0.04,217.0
1,5467.0,0.06,546.0
1,6426.0,0.04,642.0
1,2483.0,0.02,248.0
1,4642.0,0.02,464.0
1,5665.0,0.28,566.0
1,4383.0,0.04,438.0
1,6844.0,0.1,684.0
1,4112.0,0.12,411.0
1,3826.0,0.38,382.0
1,5811.0,0.38,581.0
1,2372.0,0.38,237.0
1,7601.0,0.1,760.0
1,1894.0,0.02,189.0
1,7091.0,0.02,709.0
1,778.0,0.02,77.0
1,8654.0,0.18,865.0
1,5147.0,0.69,514.0
1,2500.0,0.37,250.0
1,8084.0,0.37,808.0
1,2068.0,0.04,206.0
1,8995.0,0.04,899.0
1,7668.0,0.02,766.0
1,2246.0,0.04,224.0
1,8808.0,0.28,880.0
1,2532.0,0.04,253.0
1,7378.0,0.02,737.0
1,10130.0,0.12,1013.0
1,2856.0,0.26,285.0
1,6721.0,0.85,672.0
1,8152.0,0.12,815.0
1,2200.0,0.02,220.0
1,2397.0,0.02,239.0
1,9345.0,0.12,934.0
1,2174.0,0.01,217.0
1,2223.0,0.01,222.0
1,6062.0,0.35,606.0
1,7263.0,0.02,726.0
1,4522.0,0.01,452.0
1,6629.0,0.32,662.0
1,7764.0,0.04,776.0
1,3441.0,0.3,344.0
1,5693.0,0.74,569.0
1,2070.0,0.25,207.0
1,9456.0,0.25,945.0
1,3001.0,0.4,300.0
1,4131.0,0.23,413.0
1,4779.0,0.23,477.0
1,610.0,0.01,61.0
1,9801.0,0.01,980.0
1,5695.0,0.74,569.0
1,4935.0,0.17,493.0
1,3078.0,0.21,307.0
1,8187.0,0.02,818.0
1,9841.0,0.94,984.0
1,8027.0,0.08,802.0
1,7975.0,0.08,797.0
1,4214.0,0.1,421.0
1,4109.0,0.02,410.0
1,9848.0,0.78,984.0
1,1662.0,0.78,166.0
1,9338.0,0.14,933.0
1,5905.0,0.14,590.0
1,5650.0,0.06,565.0
1,6062.0,0.48,606.0
1,1293.0,0.48,129.0
1,5834.0,0.03,583.0
1,1733.0,0.39,173.0
1,8003.0,0.39,800.0
1,8715.0,0.38,871.0
1,9974.0,0.35,997.0
1,9729.0,0.02,972.0
1,4056.0,0.68,405.0
1,6847.0,0.02,684.0
1,4558.0,0.26,455.0
1,7186.0,0.11,718.0
1,7843.0,0.02,784.0
1,7193.0,0.02,719.0
1,8726.0,0.14,872.0
1,8479.0,0.02,847.0
1,5140.0,0.08,514.0
1,9829.0,0.13,982.0
1,6755.0,0.04,675.0
1,9145.0,0.07,914.0
1,7006.0,0.03,700.0
1,5151.0,0.03,515.0
1,3673.0,0.03,367.0
1,7267.0,0.01,726.0
1,6315.0,0.04,631.0
1,6298.0,0.01,629.0
1,7603.0,0.03,760.0
1,7912.0,0.12,791.0
1,9991.0,0.03,999.0
1,8618.0,0.01,861.0
1,9276.0,0.39,927.0
1,915.0,0.02,91.0
1,2526.0,0.14,252.0
1,10121.0,0.14,1012.0
1,2919.0,0.14,291.0
1,899.0,0.14,89.0
1,6163.0,0.17,616.0
1,4925.0,0.04,492.0
1,2693.0,0.06,269.0
1,2533.0,0.06,253.0
1,10185.0,0.08,1018.0
1,8812.0,0.04,881.0
1,5946.0,0.08,594.0
1,2749.0,0.08,274.0
1,8925.0,0.02,892.0
1,2187.0,0.02,218.0
1,9800.0,0.02,980.0
1,6126.0,0.02,612.0
1,5515.0,0.69,551.0
1,7764.0,0.02,776.0
1,8675.0,0.53,867.0
1,6071.0,0.1,607.0
1,6735.0,0.04,673.0
1,4374.0,0.25,437.0
1,5679.0,0.05,567.0
1,2487.0,0.02,248.0
1,2441.0,0.02,244.0
1,7595.0,0.68,759.0
1,10196.0,0.03,1019.0
1,8358.0,0.37,835.0
1,1499.0,0.02,149.0
1,8616.0,0.02,861.0
1,3302.0,0.02,330.0
1,4309.0,0.02,430.0
1,10337.0,0.02,1033.0
1,5260.0,0.04,526.0
1,3889.0,0.1,388.0
1,6013.0,0.02,601.0
1,9830.0,0.02,983.0
1,4726.0,0.09,472.0
1,8696.0,0.09,869.0
1,3655.0,0.04,365.0
1,4390.0,0.02,439.0
1,8772.0,0.02,877.0
1,9595.0,0.15,959.0
1,2178.0,0.31,217.0
1,10016.0,0.17,1001.0
1,7810.0,0.11,781.0
1,1634.0,0.06,163.0
1,2067.0,0.02,206.0
1,8577.0,0.26,857.0
1,7127.0,0.06,712.0
1,8191.0,0.02,819.0
1,8977.0,0.06,897.0
1,1668.0,0.09,166.0
1,7277.0,0.04,727.0
1,8677.0,0.35,867.0
1,4992.0,0.05,499.0
1,10296.0,0.02,1029.0
1,2408.0,0.04,240.0
1,4879.0,0.02,487.0
1,6676.0,0.04,667.0
1,7296.0,0.02,729.0
1,8116.0,0.64,811.0
1,6729.0,0.03,672.0
1,9627.0,0.03,962.0
1,6268.0,0.03,626.0
1,10006.0,0.22,1000.0
1,7927.0,0.22,792.0
1,7905.0,0.02,790.0
1,9926.0,0.68,992.0
1,7251.0,0.09,725.0
1,1727.0,0.02,172.0
1,7580.0,0.07,758.0
1,6317.0,0.27,631.0
1,3873.0,0.14,387.0
1,1602.0,0.14,160.0
1,8853.0,0.14,885.0
1,6909.0,0.14,690.0
1,4685.0,0.12,468.0
1,5611.0,0.02,561.0
1,8992.0,0.02,899.0
1,9412.0,0.02,941.0
1,2328.0,0.13,232.0
1,5199.0,0.13,519.0
1,3987.0,0.03,398.0
1,3773.0,0.06,377.0
1,7861.0,0.04,786.0
1,583.0,0.08,58.0
1,740.0,0.02,74.0
1,6728.0,0.44,672.0
1,9863.0,0.44,986.0
1,4042.0,0.44,404.0
1,7838.0,0.02,783.0
1,8621.0,0.21,862.0
1,3199.0,0.02,319.0
1,9132.0,0.04,913.0
1,9428.0,0.08,942.0
1,4940.0,0.25,494.0
1,4885.0,0.04,488.0
1,7115.0,0.06,711.0
1,6931.0,0.17,693.0
1,9990.0,0.04,999.0
1,4721.0,0.06,472.0
1,5117.0,0.31,511.0
1,9644.0,0.3,964.0
1,6034.0,0.3,603.0
1,7248.0,0.34,724.0
1,5434.0,0.38,543.0
1,5448.0,0.38,544.0
1,7565.0,0.38,756.0
1,1100.0,0.38,110.0
1,7596.0,0.27,759.0
1,8456.0,0.27,845.0
1,6268.0,0.27,626.0
1,3956.0,0.02,395.0
1,2344.0,0.18,234.0
1,7243.0,0.64,724.0
1,10012.0,0.64,1001.0
1,6371.0,0.03,637.0
1,2391.0,0.02,239.0
1,8627.0,0.01,862.0
1,878.0,0.05,87.0
1,8019.0,0.05,801.0
1,7337.0,0.08,733.0
1,2336.0,0.09,233.0
1,3218.0,0.09,321.0
1,6472.0,0.18,647.0
1,4468.0,0.08,446.0
1,2348.0,0.12,234.0
1,2197.0,0.34,219.0
1,9677.0,0.05,967.0
1,340.0,0.02,34.0
1,9848.0,0.02,984.0
1,4131.0,0.08,413.0
1,9936.0,0.08,993.0
1,5987.0,0.02,598.0
1,361.0,0.2,36.0
1,1571.0,0.02,157.0
1,1462.0,0.09,146.0
1,1840.0,0.06,184.0
1,6339.0,0.75,633.0
1,3597.0,0.09,359.0
1,1215.0,0.01,121.0
1,4247.0,0.09,424.0
1,2912.0,0.78,291.0
1,5036.0,0.06,503.0
1,1358.0,0.02,135.0
1,1017.0,0.04,101.0
1,6115.0,0.08,611.0
1,453.0,0.02,45.0
1,6018.0,0.02,601.0
1,8250.0,0.1,825.0
1,2205.0,0.02,220.0
1,5826.0,0.06,582.0
1,4267.0,0.27,426.0
1,7525.0,0.27,752.0
1,9323.0,0.95,932.0
1,7618.0,0.21,761.0
1,572.0,0.21,57.0
1,8666.0,0.21,866.0
1,4308.0,0.08,430.0
1,2341.0,0.04,234.0
1,4762.0,0.06,476.0
1,2219.0,0.15,221.0
1,6809.0,0.27,680.0
1,4455.0,0.07,445.0
1,5158.0,0.07,515.0
1,3985.0,0.01,398.0
1,7936.0,0.01,793.0
1,8525.0,0.01,852.0
1,3775.0,0.74,377.0
1,9820.0,0.02,982.0
1,1199.0,0.02,119.0
1,8186.0,0.04,818.0
1,5775.0,0.01,577.0
1,8582.0,0.01,858.0
1,9618.0,0.02,961.0
1,5167.0,0.15,516.0
1,5061.0,0.04,506.0
1,8921.0,0.79,892.0
1,2004.0,0.25,200.0
1,9793.0,0.02,979.0
1,9937.0,0.02,993.0
1,4923.0,0.02,492.0
1,4243.0,0.69,424.0
1,4067.0,0.1,406.0
1,7856.0,0.04,785.0
1,2350.0,0.67,235.0
1,1118.0,0.67,111.0
1,5593.0,0.08,559.0
1,8549.0,0.02,854.0
1,4740.0,0.02,474.0
1,2761.0,0.02,276.0
1,963.0,0.74,96.0
1,7128.0,0.74,712.0
1,295.0,0.07,29.0
1,1798.0,0.17,179.0
1,744.0,0.09,74.0
1,2459.0,0.09,245.0
1,7855.0,0.02,785.0
1,9643.0,0.02,964.0
1,10240.0,0.09,1024.0
1,9439.0,0.09,943.0
1,9423.0,0.09,942.0
1,7234.0,0.09,723.0
1,7634.0,0.09,763.0
1,5361.0,0.09,536.0
1,2219.0,0.09,221.0
1,1208.0,0.09,120.0
1,2576.0,0.02,257.0
1,2800.0,0.04,280.0
1,5527.0,0.12,552.0
1,2349.0,0.27,234.0
1,2446.0,0.02,244.0
1,8627.0,0.06,862.0
1,5376.0,0.04,537.0
1,1171.0,0.34,117.0
1,1476.0,0.04,147.0
1,9057.0,0.16,905.0
1,7210.0,0.02,721.0
1,903.0,0.02,90.0
1,3681.0,0.19,368.0
1,8749.0,0.01,874.0
1,5667.0,0.01,566.0
1,8783.0,0.03,878.0
1,8883.0,0.51,888.0
1,4298.0,0.51,429.0
1,8695.0,0.07,869.0
1,1362.0,0.13,136.0
1,6488.0,0.03,648.0
1,5571.0,0.03,557.0
1,9478.0,0.03,947.0
1,1115.0,0.02,111.0
1,896.0,0.1,89.0
1,3850.0,0.1,385.0
1,9953.0,0.06,995.0
1,3433.0,0.02,343.0
1,9320.0,0.06,932.0
1,7134.0,0.78,713.0
1,2145.0,0.02,214.0
1,4659.0,0.02,465.0
1,335.0,0.22,33.0
1,5367.0,0.03,536.0
1,1538.0,0.04,153.0
1,3543.0,0.02,354.0
1,5035.0,0.08,503.0
1,1286.0,0.08,128.0
1,2139.0,0.02,213.0
1,3074.0,0.02,307.0
1,5181.0,0.02,518.0
1,10101.0,0.41,1010.0
1,1068.0,0.07,106.0
1,7417.0,0.36,741.0
1,10022.0,0.36,1002.0
1,9751.0,0.14,975.0
1,1696.0,0.08,169.0
1,7714.0,0.02,771.0
1,9542.0,0.03,954.0
1,5762.0,0.01,576.0
1,9992.0,0.18,999.0
1,3686.0,0.06,368.0
1,854.0,0.02,85.0
1,5491.0,0.02,549.0
1,9693.0,0.02,969.0
1,3362.0,0.02,336.0
1,3419.0,0.02,341.0
1,8462.0,0.55,846.0
1,4158.0,0.04,415.0
1,2883.0,0.13,288.0
1,10124.0,0.06,1012.0
1,4011.0,0.09,401.0
1,5422.0,0.02,542.0
1,9939.0,0.15,993.0
1,8526.0,0.37,852.0
1,603.0,0.37,60.0
1,8265.0,0.12,826.0
1,3375.0,0.29,337.0
1,6331.0,0.03,633.0
1,6887.0,0.28,688.0
1,1372.0,0.01,137.0
1,3885.0,0.01,388.0
1,2155.0,0.01,215.0
1,1405.0,0.02,140.0
1,4051.0,0.02,405.0
1,1458.0,0.02,145.0
1,2959.0,0.08,295.0
1,7468.0,0.34,746.0
1,4899.0,0.14,489.0
1,8444.0,0.02,844.0
1,6954.0,0.02,695.0
1,283.0,0.38,28.0
1,8648.0,0.06,864.0
1,4349.0,0.06,434.0
1,10285.0,0.04,1028.0
1,4291.0,0.14,429.0
1,6950.0,0.14,695.0
1,8375.0,0.04,837.0
1,5108.0,0.23,510.0
1,9507.0,0.56,950.0
1,8690.0,0.02,869.0
1,3464.0,0.45,346.0
1,4290.0,0.08,429.0
1,5066.0,0.03,506.0
1,2666.0,0.07,266.0
1,4669.0,0.07,466.0
1,9400.0,0.18,940.0
1,8396.0,0.02,839.0
1,4648.0,0.32,464.0
1,800.0,0.05,80.0
1,2269.0,0.33,226.0
1,8323.0,0.2,832.0
1,7074.0,0.65,707.0
1,4941.0,0.06,494.0
1,6572.0,0.06,657.0
1,7869.0,0.11,786.0
1,4611.0,0.12,461.0
1,1669.0,0.02,166.0
1,4150.0,0.14,415.0
1,4435.0,0.26,443.0
1,4288.0,0.02,428.0
1,1446.0,0.02,144.0
1,5760.0,0.02,576.0
1,2442.0,0.04,244.0
1,4961.0,0.89,496.0
1,351.0,0.09,35.0
1,2756.0,0.06,275.0
1,5208.0,0.37,520.0
1,2735.0,0.15,273.0
1,8089.0,0.15,808.0
1,2904.0,0.04,290.0
1,2103.0,0.47,210.0
1,6617.0,0.18,661.0
1,5952.0,0.04,595.0
1,814.0,0.32,81.0
1,9744.0,0.06,974.0
1,7781.0,0.08,778.0
1,5123.0,0.89,512.0
1,4490.0,0.29,449.0
1,5218.0,0.02,521.0
1,7793.0,0.02,779.0
1,6860.0,0.11,686.0
1,9989.0,0.17,998.0
1,2863.0,0.06,286.0
1,9600.0,0.06,960.0
1,8581.0,0.04,858.0
1,4624.0,0.24,462.0
1,1314.0,0.13,131.0
1,3804.0,0.6,380.0
1,2939.0,0.05,293.0
1,9070.0,0.06,907.0
1,6560.0,0.04,656.0
1,7987.0,0.04,798.0
1,2921.0,0.04,292.0
1,8403.0,0.13,840.0
1,8026.0,0.32,802.0
1,7956.0,0.32,795.0
1,8207.0,0.08,820.0
1,8142.0,0.02,814.0
1,10219.0,0.02,1021.0
1,2754.0,0.09,275.0
1,380.0,0.07,38.0
1,2854.0,0.09,285.0
1,5554.0,0.78,555.0
1,5640.0,0.78,564.0
1,5813.0,0.08,581.0
1,10341.0,0.67,1034.0
1,9995.0,0.96,999.0
1,8749.0,0.04,874.0
1,5623.0,0.02,562.0
1,542.0,0.04,54.0
1,1155.0,0.08,115.0
1,9128.0,0.02,912.0
1,2477.0,0.04,247.0
1,5246.0,0.08,524.0
1,3829.0,0.21,382.0
1,4104.0,0.24,410.0
1,1662.0,0.23,166.0
1,10101.0,0.47,1010.0
1,3040.0,0.14,304.0
1,7742.0,0.3,774.0
1,1120.0,0.04,112.0
1,6151.0,0.04,615.0
1,6028.0,0.07,602.0
1,6702.0,0.04,670.0
1,7827.0,0.11,782.0
1,8494.0,0.05,849.0
1,10070.0,0.23,1007.0
1,8883.0,0.02,888.0
1,2919.0,0.24,291.0
1,2175.0,0.62,217.0
1,7890.0,0.02,789.0
1,2233.0,0.15,223.0
1,5714.0,0.15,571.0
1,3268.0,0.15,326.0
1,3179.0,0.05,317.0
1,8711.0,0.02,871.0
1,2092.0,0.11,209.0
1,3537.0,0.02,353.0
1,437.0,0.02,43.0
1,3807.0,0.02,380.0
1,4849.0,0.06,484.0
1,2579.0,0.06,257.0
1,823.0,0.04,82.0
1,5689.0,0.02,568.0
1,4246.0,0.1,424.0
1,596.0,0.27,59.0
1,7995.0,0.06,799.0
1,6310.0,0.08,631.0
1,2838.0,0.08,283.0
1,5530.0,0.08,553.0
1,1836.0,0.08,183.0
1,8987.0,0.03,898.0
1,7266.0,0.04,726.0
1,2753.0,0.02,275.0
1,844.0,0.02,84.0
1,1871.0,0.4,187.0
1,10041.0,0.4,1004.0
1,7153.0,0.4,715.0
1,7406.0,0.02,740.0
1,6221.0,0.02,622.0
1,6463.0,0.08,646.0
1,6091.0,0.08,609.0
1,3023.0,0.02,302.0
1,3465.0,0.07,346.0
1,5520.0,0.05,552.0
1,4990.0,0.05,499.0
1,5732.0,0.19,573.0
1,7826.0,0.73,782.0
1,4296.0,0.04,429.0
1,5463.0,0.06,546.0
1,4416.0,0.02,441.0
1,3007.0,0.02,300.0
1,5091.0,0.05,509.0
1,2855.0,0.61,285.0
1,5684.0,0.13,568.0
1,2115.0,0.09,211.0
1,7978.0,0.12,797.0
1,2350.0,0.27,235.0
1,1012.0,0.06,101.0
1,5353.0,0.07,535.0
1,1305.0,0.07,130.0
1,7471.0,0.22,747.0
1,4437.0,0.18,443.0
1,3624.0,0.02,362.0
1,8223.0,0.17,822.0
1,7817.0,0.17,781.0
1,5355.0,0.57,535.0
1,1737.0,0.11,173.0
1,5520.0,0.02,552.0
1,4109.0,0.11,410.0
1,5849.0,0.03,584.0
1,1279.0,0.03,127.0
1,8694.0,0.13,869.0
1,1261.0,0.07,126.0
1,7775.0,0.07,777.0
1,8725.0,0.02,872.0
1,4771.0,0.02,477.0
1,795.0,0.07,79.0
1,1156.0,0.3,115.0
1,2414.0,0.02,241.0
1,7540.0,0.02,754.0
1,1167.0,0.02,116.0
1,579.0,0.04,57.0
1,10047.0,0.09,1004.0
1,6605.0,0.04,660.0
1,6334.0,0.18,633.0
1,6125.0,0.06,612.0
1,6461.0,0.34,646.0
1,7158.0,0.02,715.0
1,7160.0,0.37,716.0
1,7006.0,0.02,700.0
1,6925.0,0.02,692.0
1,5162.0,0.04,516.0
1,5859.0,0.01,585.0
1,3106.0,0.01,310.0
1,9818.0,0.35,981.0
1,9171.0,0.04,917.0
1,6626.0,0.1,662.0
1,2107.0,0.04,210.0
1,4533.0,0.14,453.0
1,2580.0,0.42,258.0
1,6788.0,0.42,678.0
1,10411.0,0.04,1041.0
1,8327.0,0.21,832.0
1,1956.0,0.04,195.0
1,3082.0,0.04,308.0
1,3738.0,0.04,373.0
1,2993.0,0.14,299.0
1,8233.0,0.13,823.0
1,2690.0,0.02,269.0
1,3322.0,0.57,332.0
1,5670.0,0.18,567.0
1,5939.0,0.04,593.0
1,3490.0,0.15,349.0
1,5059.0,0.37,505.0
1,7712.0,0.02,771.0
1,2129.0,0.08,212.0
1,5204.0,0.02,520.0
1,6818.0,0.02,681.0
1,6906.0,0.01,690.0
1,5004.0,0.01,500.0
1,7349.0,0.06,734.0
1,7234.0,0.34,723.0
1,8094.0,0.02,809.0
1,6765.0,0.02,676.0
1,1387.0,0.06,138.0
1,3041.0,0.13,304.0
1,7886.0,0.36,788.0
1,3189.0,0.08,318.0
1,5245.0,0.02,524.0
1,3794.0,0.06,379.0
1,6910.0,0.04,691.0
1,2808.0,0.04,280.0
1,9511.0,0.17,951.0
1,6442.0,0.08,644.0
1,5172.0,0.08,517.0
1,6420.0,0.5,642.0
1,10134.0,0.03,1013.0
1,3771.0,0.06,377.0
1,2980.0,0.06,298.0
1,4267.0,0.14,426.0
1,2209.0,0.37,220.0
1,3047.0,0.04,304.0
1,1698.0,0.02,169.0
1,9235.0,0.4,923.0
1,2141.0,0.06,214.0
1,3331.0,0.06,333.0
1,5251.0,0.06,525.0
1,5510.0,0.04,551.0
1,6424.0,0.04,642.0
1,628.0,0.09,62.0
1,4383.0,0.02,438.0
1,10012.0,0.1,1001.0
1,7396.0,0.1,739.0
1,7828.0,0.11,782.0
1,10094.0,0.15,1009.0
1,594.0,0.05,59.0
1,9510.0,0.11,951.0
1,4375.0,0.13,437.0
1,6416.0,0.07,641.0
1,5383.0,0.07,538.0
1,3766.0,0.07,376.0
1,2722.0,0.02,272.0
1,1127.0,0.09,112.0
1,4233.0,0.04,423.0
1,9060.0,0.04,906.0
1,9585.0,0.04,958.0
1,8353.0,0.06,835.0
1,7310.0,0.09,731.0
1,5338.0,0.02,533.0
1,9487.0,0.1,948.0
1,370.0,0.02,37.0
1,3146.0,0.07,314.0
1,1366.0,0.07,136.0
1,845.0,0.04,84.0
1,5524.0,0.17,552.0
1,2584.0,0.6,258.0
1,5246.0,0.04,524.0
1,4846.0,0.04,484.0
1,7716.0,0.08,771.0
1,8366.0,0.08,836.0
1,3829.0,0.08,382.0
1,7476.0,0.02,747.0
1,2496.0,0.04,249.0
1,2560.0,0.02,256.0
1,9275.0,0.06,927.0
1,3841.0,0.02,384.0
1,294.0,0.19,29.0
1,9549.0,0.02,954.0
1,8565.0,0.04,856.0
1,1437.0,0.04,143.0
1,976.0,0.02,97.0
1,1391.0,0.15,139.0
1,8950.0,0.15,895.0
1,852.0,0.08,85.0
1,9184.0,0.29,918.0
1,8356.0,0.06,835.0
1,8018.0,0.06,801.0
1,8186.0,0.38,818.0
1,1793.0,0.04,179.0
1,5560.0,0.06,556.0
1,611.0,0.04,61.0
1,3153.0,0.04,315.0
1,2390.0,0.04,239.0
1,8549.0,0.08,854.0
1,8592.0,0.08,859.0
1,10023.0,0.17,1002.0
1,6882.0,0.07,688.0
1,1503.0,0.02,150.0
1,2162.0,0.37,216.0
1,3733.0,0.06,373.0
1,7294.0,0.04,729.0
1,2632.0,0.04,263.0
1,115.0,0.08,11.0
1,435.0,0.02,43.0
1,2508.0,0.04,250.0
1,4704.0,0.04,470.0
1,8012.0,0.02,801.0
1,9280.0,0.21,928.0
1,6577.0,0.06,657.0
1,5095.0,0.02,509.0
1,10076.0,0.02,1007.0
1,7026.0,0.02,702.0
1,5291.0,0.02,529.0
1,5114.0,0.1,511.0
1,1269.0,0.1,126.0
1,5785.0,0.1,578.0
1,7371.0,0.02,737.0
1,7571.0,0.04,757.0
1,2427.0,0.36,242.0
1,2080.0,0.02,208.0
1,4859.0,0.15,485.0
1,3036.0,0.03,303.0
1,10472.0,0.02,1047.0
1,5429.0,0.27,542.0
1,9579.0,0.27,957.0
1,9706.0,0.04,970.0
1,4836.0,0.02,483.0
1,9009.0,0.06,900.0
1,7224.0,0.03,722.0
1,9442.0,0.01,944.0
1,3486.0,0.11,348.0
1,2204.0,0.11,220.0
1,3802.0,0.14,380.0
1,3853.0,0.01,385.0
1,809.0,0.12,80.0
1,1307.0,0.01,130.0
1,6265.0,0.01,626.0
1,7278.0,0.11,727.0
1,6815.0,0.02,681.0
1,4178.0,0.02,417.0
1,1885.0,0.72,188.0
1,2375.0,0.11,237.0
1,1290.0,0.04,129.0
1,9469.0,0.04,946.0
1,7832.0,0.06,783.0
1,954.0,0.06,95.0
1,9447.0,0.13,944.0
1,8993.0,0.02,899.0
1,6850.0,0.02,685.0
1,4563.0,0.04,456.0
1,5401.0,0.04,540.0
1,1902.0,0.04,190.0
1,9878.0,0.15,987.0
1,7136.0,0.81,713.0
1,1839.0,0.04,183.0
1,3252.0,0.04,325.0
1,7377.0,0.06,737.0
1,761.0,0.86,76.0
1,1733.0,0.04,173.0
1,4732.0,0.06,473.0
1,9894.0,0.06,989.0
1,2051.0,0.02,205.0
1,1961.0,0.07,196.0
1,10007.0,0.03,1000.0
1,3161.0,0.03,316.0
1,5604.0,0.03,560.0
1,8743.0,0.15,874.0
1,4899.0,0.19,489.0
1,4304.0,0.02,430.0
1,851.0,0.28,85.0
1,3471.0,0.04,347.0
1,9345.0,0.34,934.0
1,8358.0,0.08,835.0
1,7310.0,0.12,731.0
1,2981.0,0.3,298.0
1,7060.0,0.04,706.0
1,3601.0,0.3,360.0
1,6005.0,0.38,600.0
1,1518.0,0.08,151.0
1,7726.0,0.06,772.0
1,6336.0,0.08,633.0
1,1140.0,0.06,114.0
1,5191.0,0.39,519.0
1,8450.0,0.39,845.0
1,617.0,0.06,61.0
1,1601.0,0.09,160.0
1,6075.0,0.48,607.0
1,5869.0,0.06,586.0
1,8676.0,0.04,867.0
1,6868.0,0.39,686.0
1,6200.0,0.39,620.0
1,5228.0,0.08,522.0
1,7817.0,0.82,781.0
1,1894.0,0.02,189.0
1,2713.0,0.33,271.0
1,8135.0,0.33,813.0
1,2999.0,0.03,299.0
1,6606.0,0.03,660.0
1,9789.0,0.02,978.0
1,9176.0,0.02,917.0
1,6265.0,0.02,626.0
1,8166.0,0.06,816.0
1,8838.0,0.02,883.0
1,705.0,0.08,70.0
1,5661.0,0.09,566.0
1,8708.0,0.02,870.0
1,9312.0,0.02,931.0
1,4934.0,0.19,493.0
1,5668.0,0.19,566.0
1,3448.0,0.04,344.0
1,9668.0,0.07,966.0
1,5318.0,0.02,531.0
1,5054.0,0.02,505.0
1,4924.0,0.02,492.0
1,7888.0,0.02,788.0
1,4023.0,0.02,402.0
1,2201.0,0.07,220.0
1,10192.0,0.46,1019.0
1,9921.0,0.07,992.0
1,4561.0,0.07,456.0
1,830.0,0.02,83.0
1,8837.0,0.02,883.0
1,7016.0,0.15,701.0
1,7403.0,0.63,740.0
1,4802.0,0.13,480.0
1,430.0,0.13,43.0
1,6108.0,0.11,610.0
1,10251.0,0.13,1025.0
1,4455.0,0.01,445.0
1,6600.0,0.01,660.0
1,5178.0,0.01,517.0
1,3191.0,0.02,319.0
1,8846.0,0.13,884.0
1,7095.0,0.77,709.0
1,5611.0,0.02,561.0
1,9425.0,0.04,942.0
1,8618.0,0.02,861.0
1,1976.0,0.02,197.0
1,2849.0,0.07,284.0
1,6619.0,0.29,661.0
1,3110.0,0.29,311.0
1,10018.0,0.02,1001.0
1,5790.0,0.04,579.0
1,7922.0,0.02,792.0
1,5287.0,0.48,528.0
1,4385.0,0.48,438.0
1,6963.0,0.48,696.0
1,2122.0,0.02,212.0
1,7765.0,0.08,776.0
1,7672.0,0.14,767.0
1,2569.0,0.09,256.0
1,5713.0,0.09,571.0
1,9363.0,0.06,936.0
1,5570.0,0.05,557.0
1,7364.0,0.03,736.0
1,1544.0,0.47,154.0
1,526.0,0.52,52.0
1,3376.0,0.52,337.0
1,2174.0,0.03,217.0
1,2481.0,0.44,248.0
1,8713.0,0.02,871.0
1,9854.0,0.02,985.0
1,7201.0,0.08,720.0
1,9830.0,0.02,983.0
1,9305.0,0.02,930.0
1,3190.0,0.02,319.0
1,3000.0,0.04,300.0
1,812.0,0.01,81.0
1,4226.0,0.34,422.0
1,1656.0,0.34,165.0
1,8193.0,0.34,819.0
1,6207.0,0.05,620.0
1,1311.0,0.08,131.0
1,4287.0,0.02,428.0
1,5953.0,0.84,595.0
1,9502.0,0.09,950.0
1,585.0,0.02,58.0
1,6072.0,0.02,607.0
1,6554.0,0.06,655.0
1,1407.0,0.04,140.0
1,5644.0,0.04,564.0
1,1302.0,0.32,130.0
1,5853.0,0.02,585.0
1,9542.0,0.02,954.0
1,6344.0,0.15,634.0
1,7127.0,0.34,712.0
1,2146.0,0.28,214.0
1,3010.0,0.03,301.0
1,3307.0,0.29,330.0
1,10009.0,0.04,1000.0
1,3732.0,0.04,373.0
1,9064.0,0.32,906.0
1,9894.0,0.37,989.0
1,5167.0,0.37,516.0
1,7959.0,0.37,795.0
1,1547.0,0.4,154.0
1,7185.0,0.04,718.0
1,6767.0,0.02,676.0
1,346.0,0.8,34.0
1,1676.0,0.02,167.0
1,808.0,0.33,80.0
1,1173.0,0.33,117.0
1,9506.0,0.08,950.0
1,6435.0,0.02,643.0
1,9151.0,0.04,915.0
1,8992.0,0.23,899.0
1,1548.0,0.23,154.0
1,4227.0,0.08,422.0
1,5168.0,0.02,516.0
1,7866.0,0.02,786.0
1,590.0,0.06,59.0
1,3443.0,0.2,344.0
1,2578.0,0.38,257.0
1,1185.0,0.04,118.0
1,4181.0,0.04,418.0
1,5343.0,0.04,534.0
1,3112.0,0.04,311.0
1,10329.0,0.14,1032.0
1,6869.0,0.02,686.0
1,8282.0,0.09,828.0
1,9566.0,0.02,956.0
1,7713.0,0.02,771.0
1,1438.0,0.02,143.0
1,8100.0,0.3,810.0
1,8888.0,0.14,888.0
1,7020.0,0.33,702.0
1,1717.0,0.33,171.0
1,3128.0,0.09,312.0
1,5600.0,0.13,560.0
1,5152.0,0.13,515.0
1,9066.0,0.37,906.0
1,6552.0,0.37,655.0
1,3081.0,0.06,308.0
1,5686.0,0.04,568.0
1,1274.0,0.64,127.0
1,4290.0,0.08,429.0
1,7539.0,0.52,753.0
1,7844.0,0.35,784.0
1,8791.0,0.41,879.0
1,7534.0,0.41,753.0
1,5199.0,0.06,519.0
1,9680.0,0.05,968.0
1,5911.0,0.04,591.0
1,8704.0,0.02,870.0
1,4273.0,0.23,427.0
1,7969.0,0.23,796.0
1,9732.0,0.36,973.0
1,1706.0,0.21,170.0
1,8953.0,0.21,895.0
1,7566.0,0.02,756.0
1,8229.0,0.29,822.0
1,5375.0,0.29,537.0
1,5706.0,0.02,570.0
1,9440.0,0.07,944.0
1,4382.0,0.04,438.0
1,4515.0,0.04,451.0
1,7966.0,0.27,796.0
1,7745.0,0.02,774.0
1,5552.0,0.1,555.0
1,2711.0,0.1,271.0
1,989.0,0.1,98.0
1,8622.0,0.06,862.0
1,1126.0,0.06,112.0
1,3509.0,0.04,350.0
1,8968.0,0.04,896.0
1,8907.0,0.08,890.0
1,7604.0,0.06,760.0
1,7682.0,0.02,768.0
1,2887.0,0.06,288.0
1,3550.0,0.04,355.0
1,5716.0,0.09,571.0
1,6547.0,0.27,654.0
1,2105.0,0.23,210.0
1,6915.0,0.35,691.0
1,4840.0,0.06,484.0
1,6069.0,0.06,606.0
1,6556.0,0.06,655.0
1,4506.0,0.08,450.0
1,773.0,0.02,77.0
1,2695.0,0.05,269.0
1,10353.0,0.04,1035.0
1,8204.0,0.21,820.0
1,3280.0,0.04,328.0
1,9276.0,0.1,927.0
1,9261.0,0.03,926.0
1,1327.0,0.45,132.0
1,2144.0,0.25,214.0
1,184.0,0.06,18.0
1,2409.0,0.17,240.0
1,1295.0,0.17,129.0
1,2159.0,0.38,215.0
1,9104.0,0.06,910.0
1,7992.0,0.02,799.0
1,3654.0,0.13,365.0
1,10424.0,0.03,1042.0
1,4065.0,0.02,406.0
1,5152.0,0.02,515.0
1,3073.0,0.56,307.0
1,7512.0,0.78,751.0
1,2542.0,0.12,254.0
1,1539.0,0.37,153.0
1,9179.0,0.37,917.0
1,7132.0,0.12,713.0
1,6119.0,0.2,611.0
1,4433.0,0.1,443.0
1,2624.0,0.06,262.0
1,9751.0,0.02,975.0
1,2212.0,0.21,221.0
1,3955.0,0.21,395.0
1,7080.0,0.04,708.0
1,7643.0,0.15,764.0
1,2449.0,0.02,244.0
1,4750.0,0.04,475.0
1,7027.0,0.16,702.0
1,8005.0,0.13,800.0
1,8140.0,0.2,814.0
1,9350.0,0.06,935.0
1,5407.0,0.38,540.0
1,8682.0,0.02,868.0
1,8736.0,0.06,873.0
1,5345.0,0.06,534.0
1,6291.0,0.11,629.0
1,203.0,0.18,20.0
1,5090.0,0.05,509.0
1,2836.0,0.13,283.0
1,2420.0,0.04,242.0
1,1406.0,0.03,140.0
1,3383.0,0.07,338.0
1,8780.0,0.13,878.0
1,4453.0,0.02,445.0
1,1375.0,0.21,137.0
1,3010.0,0.02,301.0
1,5244.0,0.02,524.0
1,7172.0,0.04,717.0
1,2646.0,0.04,264.0
1,1216.0,0.17,121.0
1,9424.0,0.42,942.0
1,9764.0,0.03,976.0
1,5843.0,0.19,584.0
1,3439.0,0.02,343.0
1,1107.0,0.19,110.0
1,1698.0,0.02,169.0
1,7698.0,0.02,769.0
1,4383.0,0.02,438.0
1,1762.0,0.15,176.0
1,390.0,0.01,39.0
1,4268.0,0.18,426.0
1,5836.0,0.04,583.0
1,7799.0,0.04,779.0
1,5126.0,0.04,512.0
1,2237.0,0.25,223.0
1,8892.0,0.13,889.0
1,7930.0,0.42,793.0
1,6957.0,0.42,695.0
1,7602.0,0.02,760.0
1,144.0,0.29,14.0
1,7682.0,0.02,768.0
1,5557.0,0.02,555.0
1,3813.0,0.39,381.0
1,1991.0,0.39,199.0
1,6407.0,0.06,640.0
1,1306.0,0.07,130.0
1,3843.0,0.07,384.0
1,3385.0,0.07,338.0
1,2276.0,0.01,227.0
1,574.0,0.04,57.0
1,6823.0,0.06,682.0
1,4822.0,0.04,482.0
1,8776.0,0.02,877.0
1,6840.0,0.02,684.0
1,4954.0,0.28,495.0
1,1801.0,0.04,180.0
1,8993.0,0.1,899.0
1,6561.0,0.12,656.0
1,2768.0,0.38,276.0
1,2966.0,0.38,296.0
1,9931.0,0.38,993.0
1,8150.0,0.1,815.0
1,1893.0,0.02,189.0
1,4128.0,0.02,412.0
1,2327.0,0.02,232.0
1,625.0,0.18,62.0
1,538.0,0.69,53.0
1,1495.0,0.37,149.0
1,8292.0,0.37,829.0
1,5512.0,0.04,551.0
1,1708.0,0.04,170.0
1,2164.0,0.02,216.0
1,7694.0,0.04,769.0
1,9872.0,0.28,987.0
1,586.0,0.04,58.0
1,684.0,0.02,68.0
1,5083.0,0.12,508.0
1,7402.0,0.26,740.0
1,2508.0,0.85,250.0
1,5035.0,0.12,503.0
1,6467.0,0.02,646.0
1,9223.0,0.02,922.0
1,6246.0,0.12,624.0
1,6848.0,0.01,684.0
1,6248.0,0.01,624.0
1,639.0,0.35,63.0
1,2674.0,0.02,267.0
1,10224.0,0.01,1022.0
1,9307.0,0.32,930.0
1,7633.0,0.04,763.0
1,1101.0,0.3,110.0
1,5501.0,0.74,550.0
1,1913.0,0.25,191.0
1,1972.0,0.25,197.0
1,8851.0,0.4,885.0
1,4839.0,0.23,483.0
1,2396.0,0.23,239.0
1,4099.0,0.01,409.0
1,7476.0,0.01,747.0
1,1878.0,0.74,187.0
1,2041.0,0.17,204.0
1,2015.0,0.21,201.0
1,9294.0,0.02,929.0
1,6860.0,0.94,686.0
1,2584.0,0.08,258.0
1,7605.0,0.08,760.0
1,8966.0,0.1,896.0
1,8424.0,0.02,842.0
1,7499.0,0.78,749.0
1,815.0,0.78,81.0
1,7524.0,0.14,752.0
1,4768.0,0.14,476.0
1,286.0,0.06,28.0
1,6305.0,0.48,630.0
1,1452.0,0.48,145.0
1,3950.0,0.03,395.0
1,1042.0,0.39,104.0
1,2245.0,0.39,224.0
1,8996.0,0.38,899.0
1,9555.0,0.35,955.0
1,1557.0,0.02,155.0
1,2329.0,0.68,232.0
1,5934.0,0.02,593.0
1,1929.0,0.26,192.0
1,942.0,0.11,94.0
1,4317.0,0.02,431.0
1,1492.0,0.02,149.0
1,1319.0,0.14,131.0
1,733.0,0.02,73.0
1,2666.0,0.08,266.0
1,4333.0,0.13,433.0
1,8493.0,0.04,849.0
1,8789.0,0.07,878.0
1,9561.0,0.03,956.0
1,3816.0,0.03,381.0
1,9458.0,0.03,945.0
1,4794.0,0.01,479.0
1,3621.0,0.04,362.0
1,6037.0,0.01,603.0
1,7575.0,0.03,757.0
1,8269.0,0.12,826.0
1,2549.0,0.03,254.0
1,1265.0,0.01,126.0
1,8930.0,0.39,893.0
1,1570.0,0.02,157.0
1,9557.0,0.14,955.0
1,4043.0,0.14,404.0
1,5001.0,0.14,500.0
1,7751.0,0.14,775.0
1,9652.0,0.17,965.0
1,5054.0,0.04,505.0
1,9594.0,0.06,959.0
1,9359.0,0.06,935.0
1,3982.0,0.08,398.0
1,3334.0,0.04,333.0
1,4042.0,0.08,404.0
1,7890.0,0.08,789.0
1,1426.0,0.02,142.0
1,9077.0,0.02,907.0
1,5274.0,0.02,527.0
1,8353.0,0.02,835.0
1,6936.0,0.69,693.0
1,651.0,0.02,65.0
1,7754.0,0.53,775.0
1,6508.0,0.1,650.0
1,1024.0,0.04,102.0
1,7139.0,0.25,713.0
1,2572.0,0.05,257.0
1,7037.0,0.02,703.0
1,6767.0,0.02,676.0
1,7366.0,0.68,736.0
1,5488.0,0.03,548.0
1,5302.0,0.37,530.0
1,8528.0,0.02,852.0
1,3888.0,0.02,388.0
1,4676.0,0.02,467.0
1,2715.0,0.02,271.0
1,5491.0,0.02,549.0
1,6153.0,0.04,615.0
1,3609.0,0.1,360.0
1,4468.0,0.02,446.0
1,1523.0,0.02,152.0
1,7117.0,0.09,711.0
1,6837.0,0.09,683.0
1,1794.0,0.04,179.0
1,3621.0,0.02,362.0
1,6983.0,0.02,698.0
1,5730.0,0.15,573.0
1,2951.0,0.31,295.0
1,6673.0,0.17,667.0
1,5298.0,0.11,529.0
1,2595.0,0.06,259.0
1,4972.0,0.02,497.0
1,1286.0,0.26,128.0
1,3168.0,0.06,316.0
1,9156.0,0.02,915.0
1,8532.0,0.06,853.0
1,8222.0,0.09,822.0
1,3887.0,0.04,388.0
1,9993.0,0.35,999.0
1,9885.0,0.05,988.0
1,9718.0,0.02,971.0
1,6161.0,0.04,616.0
1,753.0,0.02,75.0
1,9930.0,0.04,993.0
1,8592.0,0.02,859.0
1,7564.0,0.64,756.0
1,714.0,0.03,71.0
1,8574.0,0.03,857.0
1,2482.0,0.03,248.0
1,9087.0,0.22,908.0
1,4016.0,0.22,401.0
1,6288.0,0.02,628.0
1,4426.0,0.68,442.0
1,4686.0,0.09,468.0
1,6296.0,0.02,629.0
1,1633.0,0.07,163.0
1,9452.0,0.27,945.0
1,6969.0,0.14,696.0
1,9369.0,0.14,936.0
1,731.0,0.14,73.0
1,1208.0,0.14,120.0
1,4233.0,0.12,423.0
1,1989.0,0.02,198.0
1,3683.0,0.02,368.0
1,9404.0,0.02,940.0
1,3483.0,0.13,348.0
1,5830.0,0.13,583.0
1,10054.0,0.03,1005.0
1,5526.0,0.06,552.0
1,9298.0,0.04,929.0
1,2632.0,0.08,263.0
1,2272.0,0.02,227.0
1,3266.0,0.44,326.0
1,9737.0,0.44,973.0
1,6431.0,0.44,643.0
1,7498.0,0.02,749.0
1,7925.0,0.21,792.0
1,4804.0,0.02,480.0
1,1489.0,0.04,148.0
1,4474.0,0.08,447.0
1,6275.0,0.25,627.0
1,9114.0,0.04,911.0
1,2615.0,0.06,261.0
1,7164.0,0.17,716.0
1,7288.0,0.04,728.0
1,751.0,0.06,75.0
1,7583.0,0.31,758.0
1,9598.0,0.3,959.0
1,2431.0,0.3,243.0
1,4629.0,0.34,462.0
1,3618.0,0.38,361.0
1,536.0,0.38,53.0
1,4290.0,0.38,429.0
1,8729.0,0.38,872.0
1,2122.0,0.27,212.0
1,7024.0,0.27,702.0
1,857.0,0.27,85.0
1,4015.0,0.02,401.0
1,7115.0,0.18,711.0
1,8729.0,0.64,872.0
1,2267.0,0.64,226.0
1,3227.0,0.03,322.0
1,94.0,0.02,9.0
1,2439.0,0.01,243.0
1,4655.0,0.05,465.0
1,1837.0,0.05,183.0
1,8257.0,0.08,825.0
1,4707.0,0.09,470.0
1,7423.0,0.09,742.0
1,9490.0,0.18,949.0
1,3267.0,0.08,326.0
1,4397.0,0.12,439.0
1,7804.0,0.34,780.0
1,9749.0,0.05,974.0
1,4645.0,0.02,464.0
1,5302.0,0.02,530.0
1,7372.0,0.08,737.0
1,2426.0,0.08,242.0
1,8580.0,0.02,858.0
1,3597.0,0.2,359.0
1,9851.0,0.02,985.0
1,3273.0,0.09,327.0
1,6504.0,0.06,650.0
1,4571.0,0.75,457.0
1,1424.0,0.09,142.0
1,4052.0,0.01,405.0
1,125.0,0.09,12.0
1,8143.0,0.78,814.0
1,8446.0,0.06,844.0
1,8370.0,0.02,837.0
1,1494.0,0.04,149.0
1,6311.0,0.08,631.0
1,4033.0,0.02,403.0
1,6413.0,0.02,641.0
1,2635.0,0.1,263.0
1,1213.0,0.02,121.0
1,7028.0,0.06,702.0
1,1982.0,0.27,198.0
1,7633.0,0.27,763.0
1,2132.0,0.95,213.0
1,10162.0,0.21,1016.0
1,9864.0,0.21,986.0
1,1691.0,0.21,169.0
1,9717.0,0.08,971.0
1,8632.0,0.04,863.0
1,6395.0,0.06,639.0
1,8919.0,0.15,891.0
1,1649.0,0.27,164.0
1,6598.0,0.07,659.0
1,8162.0,0.07,816.0
1,5156.0,0.01,515.0
1,7822.0,0.01,782.0
1,4610.0,0.01,461.0
1,2465.0,0.74,246.0
1,9286.0,0.02,928.0
1,6442.0,0.02,644.0
1,2365.0,0.04,236.0
1,8498.0,0.01,849.0
1,951.0,0.01,95.0
1,890.0,0.02,89.0
1,3007.0,0.15,300.0
1,1220.0,0.04,122.0
1,689.0,0.79,68.0
1,5623.0,0.25,562.0
1,8112.0,0.02,811.0
1,1695.0,0.02,169.0
1,6980.0,0.02,698.0
1,1274.0,0.69,127.0
1,3454.0,0.1,345.0
1,10018.0,0.04,1001.0
1,4540.0,0.67,454.0
1,4817.0,0.67,481.0
1,6094.0,0.08,609.0
1,6656.0,0.02,665.0
1,1213.0,0.02,121.0
1,3919.0,0.02,391.0
1,2867.0,0.74,286.0
1,5728.0,0.74,572.0
1,1358.0,0.07,135.0
1,4487.0,0.17,448.0
1,10063.0,0.09,1006.0
1,9443.0,0.09,944.0
1,4630.0,0.02,463.0
1,5004.0,0.02,500.0
1,8359.0,0.09,835.0
1,670.0,0.09,67.0
1,4053.0,0.09,405.0
1,5181.0,0.09,518.0
1,1901.0,0.09,190.0
1,3310.0,0.09,331.0
1,2446.0,0.09,244.0
1,1199.0,0.09,119.0
1,3565.0,0.02,356.0
1,1476.0,0.04,147.0
1,2900.0,0.12,290.0
1,7388.0,0.27,738.0
1,7587.0,0.02,758.0
1,5782.0,0.06,578.0
1,6429.0,0.04,642.0
1,7277.0,0.34,727.0
1,9440.0,0.04,944.0
1,9638.0,0.16,963.0
1,2974.0,0.02,297.0
1,2555.0,0.02,255.0
1,2597.0,0.19,259.0
1,369.0,0.01,36.0
1,9064.0,0.01,906.0
1,4876.0,0.03,487.0
1,321.0,0.51,32.0
1,3841.0,0.51,384.0
1,2987.0,0.07,298.0
1,1997.0,0.13,199.0
1,7805.0,0.03,780.0
1,2472.0,0.03,247.0
1,2738.0,0.03,273.0
1,9656.0,0.02,965.0
1,5482.0,0.1,548.0
1,7432.0,0.1,743.0
1,6866.0,0.06,686.0
1,9494.0,0.02,949.0
1,6582.0,0.06,658.0
1,6239.0,0.78,623.0
1,2922.0,0.02,292.0
1,8229.0,0.02,822.0
1,2022.0,0.22,202.0
1,2136.0,0.03,213.0
1,8853.0,0.04,885.0
1,3650.0,0.02,365.0
1,2690.0,0.08,269.0
1,6458.0,0.08,645.0
1,9301.0,0.02,930.0
1,2175.0,0.02,217.0
1,6314.0,0.02,631.0
1,5360.0,0.41,536.0
1,6900.0,0.07,690.0
1,9538.0,0.36,953.0
1,8430.0,0.36,843.0
1,6492.0,0.14,649.0
1,3021.0,0.08,302.0
1,6021.0,0.02,602.0
1,7586.0,0.03,758.0
1,2528.0,0.01,252.0
1,8960.0,0.18,896.0
1,7035.0,0.06,703.0
1,2275.0,0.02,227.0
1,1535.0,0.02,153.0
1,195.0,0.02,19.0
1,6296.0,0.02,629.0
1,8446.0,0.02,844.0
1,7598.0,0.55,759.0
1,10175.0,0.04,1017.0
1,464.0,0.13,46.0
1,10493.0,0.06,1049.0
1,8150.0,0.09,815.0
1,4534.0,0.02,453.0
1,2456.0,0.15,245.0
1,2741.0,0.37,274.0
1,9429.0,0.37,942.0
1,7751.0,0.12,775.0
1,9259.0,0.29,925.0
1,9244.0,0.03,924.0
1,865.0,0.28,86.0
1,1720.0,0.01,172.0
1,2969.0,0.01,296.0
1,9999.0,0.01,999.0
1,1798.0,0.02,179.0
1,2484.0,0.02,248.0
1,4371.0,0.02,437.0
1,7490.0,0.08,749.0
1,8013.0,0.34,801.0
1,2083.0,0.14,208.0
1,3710.0,0.02,371.0
1,1984.0,0.02,198.0
1,1368.0,0.38,136.0
1,9991.0,0.06,999.0
1,8494.0,0.06,849.0
1,8963.0,0.04,896.0
1,5584.0,0.14,558.0
1,3781.0,0.14,378.0
1,5062.0,0.04,506.0
1,9429.0,0.23,942.0
1,7434.0,0.56,743.0
1,3968.0,0.02,396.0
1,5781.0,0.45,578.0
1,7663.0,0.08,766.0
1,1572.0,0.03,157.0
1,3317.0,0.07,331.0
1,4531.0,0.07,453.0
1,2856.0,0.18,285.0
1,8774.0,0.02,877.0
1,2091.0,0.32,209.0
1,8697.0,0.05,869.0
1,9070.0,0.33,907.0
1,1910.0,0.2,191.0
1,6856.0,0.65,685.0
1,197.0,0.06,19.0
1,10018.0,0.06,1001.0
1,184.0,0.11,18.0
1,9300.0,0.12,930.0
1,8715.0,0.02,871.0
1,9089.0,0.14,908.0
1,1053.0,0.26,105.0
1,9562.0,0.02,956.0
1,1401.0,0.02,140.0
1,2796.0,0.02,279.0
1,2850.0,0.04,285.0
1,607.0,0.89,60.0
1,3220.0,0.09,322.0
1,4390.0,0.06,439.0
1,5598.0,0.37,559.0
1,8930.0,0.15,893.0
1,5798.0,0.15,579.0
1,3953.0,0.04,395.0
1,1520.0,0.47,152.0
1,8523.0,0.18,852.0
1,8389.0,0.04,838.0
1,5546.0,0.32,554.0
1,8586.0,0.06,858.0
1,7775.0,0.08,777.0
1,5624.0,0.89,562.0
1,4923.0,0.29,492.0
1,2268.0,0.02,226.0
1,9182.0,0.02,918.0
1,5666.0,0.11,566.0
1,2516.0,0.17,251.0
1,7739.0,0.06,773.0
1,4855.0,0.06,485.0
1,2379.0,0.04,237.0
1,1202.0,0.24,120.0
1,9749.0,0.13,974.0
1,3862.0,0.6,386.0
1,2478.0,0.05,247.0
1,2625.0,0.06,262.0
1,5362.0,0.04,536.0
1,5576.0,0.04,557.0
1,5702.0,0.04,570.0
1,3335.0,0.13,333.0
1,10157.0,0.32,1015.0
1,8478.0,0.32,847.0
1,6969.0,0.08,696.0
1,2813.0,0.02,281.0
1,658.0,0.02,65.0
1,5075.0,0.09,507.0
1,9261.0,0.07,926.0
1,5674.0,0.09,567.0
1,2269.0,0.78,226.0
1,1208.0,0.78,120.0
1,8453.0,0.08,845.0
1,3123.0,0.67,312.0
1,4865.0,0.96,486.0
1,7284.0,0.04,728.0
1,6428.0,0.02,642.0
1,6921.0,0.04,692.0
1,9782.0,0.08,978.0
1,5076.0,0.02,507.0
1,3754.0,0.04,375.0
1,2065.0,0.08,206.0
1,1772.0,0.21,177.0
1,3619.0,0.24,361.0
1,8241.0,0.23,824.0
1,1982.0,0.47,198.0
1,876.0,0.14,87.0
1,9929.0,0.3,992.0
1,7929.0,0.04,792.0
1,1363.0,0.04,136.0
1,1237.0,0.07,123.0
1,1389.0,0.04,138.0
1,545.0,0.11,54.0
1,4537.0,0.05,453.0
1,4171.0,0.23,417.0
1,9150.0,0.02,915.0
1,618.0,0.24,61.0
1,4325.0,0.62,432.0
1,7981.0,0.02,798.0
1,9875.0,0.15,987.0
1,735.0,0.15,73.0
1,6903.0,0.15,690.0
1,9222.0,0.05,922.0
1,9941.0,0.02,994.0
1,7443.0,0.11,744.0
1,6695.0,0.02,669.0
1,1120.0,0.02,112.0
1,7139.0,0.02,713.0
1,10278.0,0.06,1027.0
1,7014.0,0.06,701.0
1,7735.0,0.04,773.0
1,2139.0,0.02,213.0
1,5542.0,0.1,554.0
1,6119.0,0.27,611.0
1,9365.0,0.06,936.0
1,1973.0,0.08,197.0
1,2606.0,0.08,260.0
1,10147.0,0.08,1014.0
1,1986.0,0.08,198.0
1,9032.0,0.03,903.0
1,2310.0,0.04,231.0
1,9461.0,0.02,946.0
1,348.0,0.02,34.0
1,8429.0,0.4,842.0
1,8334.0,0.4,833.0
1,6403.0,0.4,640.0
1,8767.0,0.02,876.0
1,6458.0,0.02,645.0
1,3362.0,0.08,336.0
1,8587.0,0.08,858.0
1,9069.0,0.02,906.0
1,1141.0,0.07,114.0
1,4994.0,0.05,499.0
1,6574.0,0.05,657.0
1,976.0,0.19,97.0
1,3436.0,0.73,343.0
1,2976.0,0.04,297.0
1,599.0,0.06,59.0
1,4300.0,0.02,430.0
1,5397.0,0.02,539.0
1,4131.0,0.05,413.0
1,1370.0,0.61,137.0
1,4317.0,0.13,431.0
1,4240.0,0.09,424.0
1,8381.0,0.12,838.0
1,8106.0,0.27,810.0
1,6600.0,0.06,660.0
1,10284.0,0.07,1028.0
1,4067.0,0.07,406.0
1,4608.0,0.22,460.0
1,812.0,0.18,81.0
1,2847.0,0.02,284.0
1,2177.0,0.17,217.0
1,8908.0,0.17,890.0
1,3611.0,0.57,361.0
1,7380.0,0.11,738.0
1,7520.0,0.02,752.0
1,8264.0,0.11,826.0
1,8619.0,0.03,861.0
1,600.0,0.03,60.0
1,4610.0,0.13,461.0
1,1569.0,0.07,156.0
1,1067.0,0.07,106.0
1,5152.0,0.02,515.0
1,9072.0,0.02,907.0
1,6565.0,0.07,656.0
1,4695.0,0.3,469.0
1,3453.0,0.02,345.0
1,7217.0,0.02,721.0
1,3683.0,0.02,368.0
1,1828.0,0.04,182.0
1,10002.0,0.09,1000.0
1,9883.0,0.04,988.0
1,8188.0,0.18,818.0
1,4707.0,0.06,470.0
1,7988.0,0.34,798.0
1,1180.0,0.02,118.0
1,7395.0,0.37,739.0
1,5129.0,0.02,512.0
1,8387.0,0.02,838.0
1,1345.0,0.04,134.0
1,4693.0,0.01,469.0
1,5344.0,0.01,534.0
1,8017.0,0.35,801.0
1,884.0,0.04,88.0
1,1809.0,0.1,180.0
1,8397.0,0.04,839.0
1,8645.0,0.14,864.0
1,5214.0,0.42,521.0
1,2525.0,0.42,252.0
1,7115.0,0.04,711.0
1,5206.0,0.21,520.0
1,5880.0,0.04,588.0
1,5999.0,0.04,599.0
1,2011.0,0.04,201.0
1,7439.0,0.14,743.0
1,4496.0,0.13,449.0
1,3485.0,0.02,348.0
1,6508.0,0.57,650.0
1,2509.0,0.18,250.0
1,2440.0,0.04,244.0
1,4313.0,0.15,431.0
1,6610.0,0.37,661.0
1,7054.0,0.02,705.0
1,849.0,0.08,84.0
1,10325.0,0.02,1032.0
1,9496.0,0.02,949.0
1,1095.0,0.01,109.0
1,2025.0,0.01,202.0
1,452.0,0.06,45.0
1,2727.0,0.34,272.0
1,6313.0,0.02,631.0
1,6489.0,0.02,648.0
1,6378.0,0.06,637.0
1,6551.0,0.13,655.0
1,7990.0,0.36,799.0
1,5178.0,0.08,517.0
1,1076.0,0.02,107.0
1,8478.0,0.06,847.0
1,8537.0,0.04,853.0
1,6378.0,0.04,637.0
1,4698.0,0.17,469.0
1,8898.0,0.08,889.0
1,5511.0,0.08,551.0
1,4589.0,0.5,458.0
1,2459.0,0.03,245.0
1,6894.0,0.06,689.0
1,533.0,0.06,53.0
1,1821.0,0.14,182.0
1,8429.0,0.37,842.0
1,6368.0,0.04,636.0
1,1714.0,0.02,171.0
1,197.0,0.4,19.0
1,6227.0,0.06,622.0
1,2929.0,0.06,292.0
1,962.0,0.06,96.0
1,7804.0,0.04,780.0
1,7700.0,0.04,770.0
1,5575.0,0.09,557.0
1,6611.0,0.02,661.0
1,4055.0,0.1,405.0
1,9337.0,0.1,933.0
1,6857.0,0.11,685.0
1,6282.0,0.15,628.0
1,5735.0,0.05,573.0
1,1984.0,0.11,198.0
1,10179.0,0.13,1017.0
1,783.0,0.07,78.0
1,9623.0,0.07,962.0
1,5782.0,0.07,578.0
1,9539.0,0.02,953.0
1,1507.0,0.09,150.0
1,8826.0,0.04,882.0
1,2317.0,0.04,231.0
1,6298.0,0.04,629.0
1,2064.0,0.06,206.0
1,6832.0,0.09,683.0
1,3672.0,0.02,367.0
1,7298.0,0.1,729.0
1,7123.0,0.02,712.0
1,4796.0,0.07,479.0
1,8139.0,0.07,813.0
1,1357.0,0.04,135.0
1,7115.0,0.17,711.0
1,6559.0,0.6,655.0
1,9603.0,0.04,960.0
1,4819.0,0.04,481.0
1,4431.0,0.08,443.0
1,908.0,0.08,90.0
1,874.0,0.08,87.0
1,556.0,0.02,55.0
1,3710.0,0.04,371.0
1,4226.0,0.02,422.0
1,6493.0,0.06,649.0
1,3890.0,0.02,389.0
1,4434.0,0.19,443.0
1,2349.0,0.02,234.0
1,1544.0,0.04,154.0
1,10297.0,0.04,1029.0
1,5246.0,0.02,524.0
1,2635.0,0.15,263.0
1,1156.0,0.15,115.0
1,6481.0,0.08,648.0
1,7341.0,0.29,734.0
1,9134.0,0.06,913.0
1,4540.0,0.06,454.0
1,3859.0,0.38,385.0
1,7399.0,0.04,739.0
1,2965.0,0.06,296.0
1,4520.0,0.04,452.0
1,6272.0,0.04,627.0
1,5342.0,0.04,534.0
1,4617.0,0.08,461.0
1,692.0,0.08,69.0
1,3711.0,0.17,371.0
1,3812.0,0.07,381.0
1,5869.0,0.02,586.0
1,2853.0,0.37,285.0
1,7112.0,0.06,711.0
1,7347.0,0.04,734.0
1,1652.0,0.04,165.0
1,2098.0,0.08,209.0
1,5421.0,0.02,542.0
1,8297.0,0.04,829.0
1,9411.0,0.04,941.0
1,9029.0,0.02,902.0
1,8539.0,0.21,853.0
1,8348.0,0.06,834.0
1,8703.0,0.02,870.0
1,1972.0,0.02,197.0
1,10058.0,0.02,1005.0
1,7688.0,0.02,768.0
1,5599.0,0.1,559.0
1,6797.0,0.1,679.0
1,6948.0,0.1,694.0
1,1674.0,0.02,167.0
1,9065.0,0.04,906.0
1,8830.0,0.36,883.0
1,3345.0,0.02,334.0
1,9661.0,0.15,966.0
1,2217.0,0.03,221.0
1,2081.0,0.02,208.0
1,2778.0,0.27,277.0
1,9095.0,0.27,909.0
1,999.0,0.04,99.0
1,2776.0,0.02,277.0
1,424.0,0.06,42.0
1,3070.0,0.03,307.0
1,2395.0,0.01,239.0
1,3082.0,0.11,308.0
1,5115.0,0.11,511.0
1,8787.0,0.14,878.0
1,6264.0,0.01,626.0
1,7297.0,0.12,729.0
1,5284.0,0.01,528.0
1,5023.0,0.01,502.0
1,2894.0,0.11,289.0
1,2902.0,0.02,290.0
1,5364.0,0.02,536.0
1,4576.0,0.72,457.0
1,7402.0,0.11,740.0
1,8353.0,0.04,835.0
1,8651.0,0.04,865.0
1,4159.0,0.06,415.0
1,6686.0,0.06,668.0
1,4922.0,0.13,492.0
1,1712.0,0.02,171.0
1,8311.0,0.02,831.0
1,4594.0,0.04,459.0
1,4285.0,0.04,428.0
1,6126.0,0.04,612.0
1,3496.0,0.15,349.0
1,1597.0,0.81,159.0
1,2168.0,0.04,216.0
1,7814.0,0.04,781.0
1,927.0,0.06,92.0
1,2793.0,0.86,279.0
1,5908.0,0.04,590.0
1,9017.0,0.06,901.0
1,3870.0,0.06,387.0
1,4103.0,0.02,410.0
1,6935.0,0.07,693.0
1,9929.0,0.03,992.0
1,10037.0,0.03,1003.0
1,4688.0,0.03,468.0
1,6170.0,0.15,617.0
1,9581.0,0.19,958.0
1,4939.0,0.02,493.0
1,9335.0,0.28,933.0
1,1606.0,0.04,160.0
1,10139.0,0.34,1013.0
1,9005.0,0.08,900.0
1,10184.0,0.12,1018.0
1,2019.0,0.3,201.0
1,4926.0,0.04,492.0
1,4258.0,0.3,425.0
1,4924.0,0.38,492.0
1,5239.0,0.08,523.0
1,1609.0,0.06,160.0
1,6063.0,0.08,606.0
1,6230.0,0.06,623.0
1,5386.0,0.39,538.0
1,6229.0,0.39,622.0
1,5515.0,0.06,551.0
1,6683.0,0.09,668.0
1,5696.0,0.48,569.0
1,6741.0,0.06,674.0
1,4043.0,0.04,404.0
1,4726.0,0.39,472.0
1,3707.0,0.39,370.0
1,3287.0,0.08,328.0
1,3441.0,0.82,344.0
1,3915.0,0.02,391.0
1,9010.0,0.33,901.0
1,8424.0,0.33,842.0
1,4548.0,0.03,454.0
1,7123.0,0.03,712.0
1,1407.0,0.02,140.0
1,7237.0,0.02,723.0
1,1758.0,0.02,175.0
1,3564.0,0.06,356.0
1,2366.0,0.02,236.0
1,6172.0,0.08,617.0
1,3472.0,0.09,347.0
1,9948.0,0.02,994.0
1,1601.0,0.02,160.0
1,7997.0,0.19,799.0
1,6297.0,0.19,629.0
1,546.0,0.04,54.0
1,8516.0,0.07,851.0
1,7696.0,0.02,769.0
1,2437.0,0.02,243.0
1,4852.0,0.02,485.0
1,8333.0,0.02,833.0
1,8859.0,0.02,885.0
1,8636.0,0.07,863.0
1,1016.0,0.46,101.0
1,3886.0,0.07,388.0
1,4691.0,0.07,469.0
1,3730.0,0.02,373.0
1,7598.0,0.02,759.0
1,7966.0,0.15,796.0
1,4063.0,0.63,406.0
1,4647.0,0.13,464.0
1,1441.0,0.13,144.0
1,3809.0,0.11,380.0
1,3343.0,0.13,334.0
1,2047.0,0.01,204.0
1,9104.0,0.01,910.0
1,1628.0,0.01,162.0
1,5972.0,0.02,597.0
1,622.0,0.13,62.0
1,568.0,0.77,56.0
1,2556.0,0.02,255.0
1,3581.0,0.04,358.0
1,6392.0,0.02,639.0
1,7757.0,0.02,775.0
1,10014.0,0.07,1001.0
1,7409.0,0.29,740.0
1,7672.0,0.29,767.0
1,9440.0,0.02,944.0
1,7401.0,0.04,740.0
1,1235.0,0.02,123.0
1,1415.0,0.48,141.0
1,2626.0,0.48,262.0
1,6160.0,0.48,616.0
1,1767.0,0.02,176.0
1,6014.0,0.08,601.0
1,6955.0,0.14,695.0
1,9412.0,0.09,941.0
1,7883.0,0.09,788.0
1,639.0,0.06,63.0
1,9082.0,0.05,908.0
1,2673.0,0.03,267.0
1,4898.0,0.47,489.0
1,1296.0,0.52,129.0
1,8955.0,0.52,895.0
1,8559.0,0.03,855.0
1,1417.0,0.44,141.0
1,4285.0,0.02,428.0
1,138.0,0.02,13.0
1,7738.0,0.08,773.0
1,8023.0,0.02,802.0
1,2562.0,0.02,256.0
1,8403.0,0.02,840.0
1,8421.0,0.04,842.0
1,1973.0,0.01,197.0
1,1533.0,0.34,153.0
1,7950.0,0.34,795.0
1,482.0,0.34,48.0
1,3487.0,0.05,348.0
1,5282.0,0.08,528.0
1,3848.0,0.02,384.0
1,2330.0,0.84,233.0
1,1652.0,0.09,165.0
1,7927.0,0.02,792.0
1,7374.0,0.02,737.0
1,1562.0,0.06,156.0
1,2710.0,0.04,271.0
1,4807.0,0.04,480.0
1,8922.0,0.32,892.0
1,8393.0,0.02,839.0
1,8611.0,0.02,861.0
1,9628.0,0.15,962.0
1,5836.0,0.34,583.0
1,9501.0,0.28,950.0
1,9040.0,0.03,904.0
1,7445.0,0.29,744.0
1,3147.0,0.04,314.0
1,4787.0,0.04,478.0
1,5025.0,0.32,502.0
1,1239.0,0.37,123.0
1,8912.0,0.37,891.0
1,6079.0,0.37,607.0
1,7486.0,0.4,748.0
1,5565.0,0.04,556.0
1,852.0,0.02,85.0
1,4636.0,0.8,463.0
1,2442.0,0.02,244.0
1,764.0,0.33,76.0
1,9929.0,0.33,992.0
1,8608.0,0.08,860.0
1,5935.0,0.02,593.0
1,8119.0,0.04,811.0
1,7395.0,0.23,739.0
1,538.0,0.23,53.0
1,6400.0,0.08,640.0
1,2259.0,0.02,225.0
1,4511.0,0.02,451.0
1,8722.0,0.06,872.0
1,5504.0,0.2,550.0
1,4887.0,0.38,488.0
1,8599.0,0.04,859.0
1,9093.0,0.04,909.0
1,2993.0,0.04,299.0
1,8412.0,0.04,841.0
1,2312.0,0.14,231.0
1,6853.0,0.02,685.0
1,9760.0,0.09,976.0
1,9707.0,0.02,970.0
1,8412.0,0.02,841.0
1,913.0,0.02,91.0
1,3847.0,0.3,384.0
1,3312.0,0.14,331.0
1,565.0,0.33,56.0
1,5778.0,0.33,577.0
1,7210.0,0.09,721.0
1,8285.0,0.13,828.0
1,3835.0,0.13,383.0
1,5856.0,0.37,585.0
1,7086.0,0.37,708.0
1,5915.0,0.06,591.0
1,7125.0,0.04,712.0
1,4089.0,0.64,408.0
1,7236.0,0.08,723.0
1,506.0,0.52,50.0
1,1146.0,0.35,114.0
1,8495.0,0.41,849.0
1,4441.0,0.41,444.0
1,7628.0,0.06,762.0
1,3155.0,0.05,315.0
1,9618.0,0.04,961.0
1,2039.0,0.02,203.0
1,3083.0,0.23,308.0
1,8293.0,0.23,829.0
1,6319.0,0.36,631.0
1,4839.0,0.21,483.0
1,9275.0,0.21,927.0
1,3301.0,0.02,330.0
1,3710.0,0.29,371.0
1,3496.0,0.29,349.0
1,5367.0,0.02,536.0
1,10305.0,0.07,1030.0
1,3233.0,0.04,323.0
1,4395.0,0.04,439.0
1,8634.0,0.27,863.0
1,5679.0,0.02,567.0
1,4985.0,0.1,498.0
1,2758.0,0.1,275.0
1,4265.0,0.1,426.0
1,7172.0,0.06,717.0
1,3294.0,0.06,329.0
1,9154.0,0.04,915.0
1,6566.0,0.04,656.0
1,2180.0,0.08,218.0
1,1639.0,0.06,163.0
1,5789.0,0.02,578.0
1,2083.0,0.06,208.0
1,8387.0,0.04,838.0
1,2260.0,0.09,226.0
1,6502.0,0.27,650.0
1,1468.0,0.23,146.0
1,5100.0,0.35,510.0
1,4242.0,0.06,424.0
1,4776.0,0.06,477.0
1,3144.0,0.06,314.0
1,858.0,0.08,85.0
1,5266.0,0.02,526.0
1,3981.0,0.05,398.0
1,3277.0,0.04,327.0
1,7303.0,0.21,730.0
1,2557.0,0.04,255.0
1,6196.0,0.1,619.0
1,6592.0,0.03,659.0
1,3890.0,0.45,389.0
1,4604.0,0.25,460.0
1,5492.0,0.06,549.0
1,2721.0,0.17,272.0
1,1916.0,0.17,191.0
1,8307.0,0.38,830.0
1,3185.0,0.06,318.0
1,2187.0,0.02,218.0
1,7768.0,0.13,776.0
1,1388.0,0.03,138.0
1,7221.0,0.02,722.0
1,9319.0,0.02,931.0
1,9193.0,0.56,919.0
1,5718.0,0.78,571.0
1,8962.0,0.12,896.0
1,9083.0,0.37,908.0
1,7606.0,0.37,760.0
1,7988.0,0.12,798.0
1,1345.0,0.2,134.0
1,1314.0,0.1,131.0
1,7593.0,0.06,759.0
1,10272.0,0.02,1027.0
1,2208.0,0.21,220.0
1,6588.0,0.21,658.0
1,9270.0,0.04,927.0
1,4436.0,0.15,443.0
1,4977.0,0.02,497.0
1,6861.0,0.04,686.0
1,8706.0,0.16,870.0
1,9949.0,0.13,994.0
1,7749.0,0.2,774.0
1,2135.0,0.06,213.0
1,1045.0,0.38,104.0
1,7333.0,0.02,733.0
1,8727.0,0.06,872.0
1,1136.0,0.06,113.0
1,7077.0,0.11,707.0
1,964.0,0.18,96.0
1,6946.0,0.05,694.0
1,8285.0,0.13,828.0
1,8976.0,0.04,897.0
1,4050.0,0.03,405.0
1,2993.0,0.07,299.0
1,3859.0,0.13,385.0
1,3932.0,0.02,393.0
1,1825.0,0.21,182.0
1,3143.0,0.02,314.0
1,7247.0,0.02,724.0
1,4443.0,0.04,444.0
1,8808.0,0.04,880.0
1,917.0,0.17,91.0
1,1594.0,0.42,159.0
1,3594.0,0.03,359.0
1,1838.0,0.19,183.0
1,1152.0,0.02,115.0
1,6300.0,0.19,630.0
1,8134.0,0.02,813.0
1,2170.0,0.02,217.0
1,8919.0,0.02,891.0
1,4703.0,0.15,470.0
1,3641.0,0.01,364.0
1,836.0,0.18,83.0
1,1684.0,0.04,168.0
1,6493.0,0.04,649.0
1,847.0,0.04,84.0
1,9789.0,0.25,978.0
1,1469.0,0.13,146.0
1,6870.0,0.42,687.0
1,9720.0,0.42,972.0
1,6396.0,0.02,639.0
1,3857.0,0.29,385.0
1,9229.0,0.02,922.0
1,10174.0,0.02,1017.0
1,4200.0,0.39,420.0
1,4227.0,0.39,422.0
1,1702.0,0.06,170.0
1,615.0,0.07,61.0
1,2923.0,0.07,292.0
1,1104.0,0.07,110.0
1,4353.0,0.01,435.0
1,4003.0,0.04,400.0
1,7980.0,0.06,798.0
1,6714.0,0.04,671.0
1,6414.0,0.02,641.0
1,1555.0,0.02,155.0
1,4460.0,0.28,446.0
1,9768.0,0.04,976.0
1,4539.0,0.1,453.0
1,3406.0,0.12,340.0
1,3080.0,0.38,308.0
1,4786.0,0.38,478.0
1,2958.0,0.38,295.0
1,4233.0,0.1,423.0
1,1837.0,0.02,183.0
1,8629.0,0.02,862.0
1,450.0,0.02,45.0
1,3475.0,0.18,347.0
1,7792.0,0.69,779.0
1,5176.0,0.37,517.0
1,3376.0,0.37,337.0
1,7238.0,0.04,723.0
1,7722.0,0.04,772.0
1,5900.0,0.02,590.0
1,6599.0,0.04,659.0
1,3787.0,0.28,378.0
1,713.0,0.04,71.0
1,1909.0,0.02,190.0
1,7870.0,0.12,787.0
1,2148.0,0.26,214.0
1,8486.0,0.85,848.0
1,1202.0,0.12,120.0
1,8204.0,0.02,820.0
1,414.0,0.02,41.0
1,6078.0,0.12,607.0
1,2145.0,0.01,214.0
1,3484.0,0.01,348.0
1,6015.0,0.35,601.0
1,3768.0,0.02,376.0
1,5760.0,0.01,576.0
1,3045.0,0.32,304.0
1,8386.0,0.04,838.0
1,9507.0,0.3,950.0
1,6790.0,0.74,679.0
1,5070.0,0.25,507.0
1,8238.0,0.25,823.0
1,7239.0,0.4,723.0
1,5881.0,0.23,588.0
1,6203.0,0.23,620.0
1,7637.0,0.01,763.0
1,4216.0,0.01,421.0
1,3780.0,0.74,378.0
1,7100.0,0.17,710.0
1,769.0,0.21,76.0
1,5858.0,0.02,585.0
1,6106.0,0.94,610.0
1,9273.0,0.08,927.0
1,7963.0,0.08,796.0
1,8654.0,0.1,865.0
1,5692.0,0.02,569.0
1,8729.0,0.78,872.0
1,3850.0,0.78,385.0
1,3719.0,0.14,371.0
1,2454.0,0.14,245.0
1,7720.0,0.06,772.0
1,6767.0,0.48,676.0
1,6688.0,0.48,668.0
1,9147.0,0.03,914.0
1,4030.0,0.39,403.0
1,5680.0,0.39,568.0
1,3065.0,0.38,306.0
1,2325.0,0.35,232.0
1,2543.0,0.02,254.0
1,5827.0,0.68,582.0
1,3537.0,0.02,353.0
1,1803.0,0.26,180.0
1,8273.0,0.11,827.0
1,8996.0,0.02,899.0
1,8833.0,0.02,883.0
1,1362.0,0.14,136.0
1,6069.0,0.02,606.0
1,2562.0,0.08,256.0
1,4834.0,0.13,483.0
1,667.0,0.04,66.0
1,7674.0,0.07,767.0
1,2911.0,0.03,291.0
1,3350.0,0.03,335.0
1,8267.0,0.03,826.0
1,5286.0,0.01,528.0
1,7286.0,0.04,728.0
1,6442.0,0.01,644.0
1,4913.0,0.03,491.0
1,4300.0,0.12,430.0
1,3539.0,0.03,353.0
1,5961.0,0.01,596.0
1,6186.0,0.39,618.0
1,8829.0,0.02,882.0
1,1976.0,0.14,197.0
1,4731.0,0.14,473.0
1,2996.0,0.14,299.0
1,9440.0,0.14,944.0
1,979.0,0.17,97.0
1,5882.0,0.04,588.0
1,8276.0,0.06,827.0
1,4373.0,0.06,437.0
1,6873.0,0.08,687.0
1,9699.0,0.04,969.0
1,6309.0,0.08,630.0
1,2301.0,0.08,230.0
1,8855.0,0.02,885.0
1,2638.0,0.02,263.0
1,6720.0,0.02,672.0
1,1104.0,0.02,110.0
1,99.0,0.69,9.0
1,1394.0,0.02,139.0
1,9520.0,0.53,952.0
1,10368.0,0.1,1036.0
1,9002.0,0.04,900.0
1,9782.0,0.25,978.0
1,5413.0,0.05,541.0
1,4633.0,0.02,463.0
1,2621.0,0.02,262.0
1,1502.0,0.68,150.0
1,8874.0,0.03,887.0
1,7064.0,0.37,706.0
1,9513.0,0.02,951.0
1,544.0,0.02,54.0
1,771.0,0.02,77.0
1,3856.0,0.02,385.0
1,9931.0,0.02,993.0
1,1690.0,0.04,169.0
1,780.0,0.1,78.0
1,5228.0,0.02,522.0
1,5956.0,0.02,595.0
1,4383.0,0.09,438.0
1,9676.0,0.09,967.0
1,7178.0,0.04,717.0
1,6704.0,0.02,670.0
1,7367.0,0.02,736.0
1,2393.0,0.15,239.0
1,3219.0,0.31,321.0
1,7469.0,0.17,746.0
1,8330.0,0.11,833.0
1,9273.0,0.06,927.0
1,5108.0,0.02,510.0
1,2110.0,0.26,211.0
1,9971.0,0.06,997.0
1,7094.0,0.02,709.0
1,2976.0,0.06,297.0
1,3755.0,0.09,375.0
1,2678.0,0.04,267.0
1,2510.0,0.35,251.0
1,2801.0,0.05,280.0
1,721.0,0.02,72.0
1,3746.0,0.04,374.0
1,1989.0,0.02,198.0
1,492.0,0.04,49.0
1,3866.0,0.02,386.0
1,2628.0,0.64,262.0
1,6328.0,0.03,632.0
1,1079.0,0.03,107.0
1,7969.0,0.03,796.0
1,6055.0,0.22,605.0
1,8612.0,0.22,861.0
1,7804.0,0.02,780.0
1,1102.0,0.68,110.0
1,5285.0,0.09,528.0
1,7753.0,0.02,775.0
1,3136.0,0.07,313.0
1,8246.0,0.27,824.0
1,4619.0,0.14,461.0
1,4256.0,0.14,425.0
1,8908.0,0.14,890.0
1,3691.0,0.14,369.0
1,3088.0,0.12,308.0
1,6414.0,0.02,641.0
1,8412.0,0.02,841.0
1,6732.0,0.02,673.0
1,8489.0,0.13,848.0
1,5479.0,0.13,547.0
1,2285.0,0.03,228.0
1,3677.0,0.06,367.0
1,1448.0,0.04,144.0
1,4944.0,0.08,494.0
1,6847.0,0.02,684.0
1,6870.0,0.44,687.0
1,6571.0,0.44,657.0
1,8284.0,0.44,828.0
1,8763.0,0.02,876.0
1,6539.0,0.21,653.0
1,2882.0,0.02,288.0
1,8076.0,0.04,807.0
1,4232.0,0.08,423.0
1,7852.0,0.25,785.0
1,7152.0,0.04,715.0
1,4913.0,0.06,491.0
1,4444.0,0.17,444.0
1,7511.0,0.04,751.0
1,9999.0,0.06,999.0
1,2856.0,0.31,285.0
1,8048.0,0.3,804.0
1,9615.0,0.3,961.0
1,1874.0,0.34,187.0
1,5936.0,0.38,593.0
1,5460.0,0.38,546.0
1,7333.0,0.38,733.0
1,6207.0,0.38,620.0
1,3660.0,0.27,366.0
1,8863.0,0.27,886.0
1,8328.0,0.27,832.0
1,801.0,0.02,80.0
1,5542.0,0.18,554.0
1,1783.0,0.64,178.0
1,9610.0,0.64,961.0
1,704.0,0.03,70.0
1,3174.0,0.02,317.0
1,5441.0,0.01,544.0
1,6984.0,0.05,698.0
1,5561.0,0.05,556.0
1,2895.0,0.08,289.0
1,6582.0,0.09,658.0
1,1715.0,0.09,171.0
1,1904.0,0.18,190.0
1,2294.0,0.08,229.0
1,5058.0,0.12,505.0
1,8198.0,0.34,819.0
1,3268.0,0.05,326.0
1,2880.0,0.02,288.0
1,9533.0,0.02,953.0
1,2061.0,0.08,206.0
1,7106.0,0.08,710.0
1,6544.0,0.02,654.0
1,2362.0,0.2,236.0
1,1832.0,0.02,183.0
1,9253.0,0.09,925.0
1,3837.0,0.06,383.0
1,707.0,0.75,70.0
1,3712.0,0.09,371.0
1,9685.0,0.01,968.0
1,6023.0,0.09,602.0
1,4880.0,0.78,488.0
1,1548.0,0.06,154.0
1,10286.0,0.02,1028.0
1,802.0,0.04,80.0
1,3093.0,0.08,309.0
1,7841.0,0.02,784.0
1,5379.0,0.02,537.0
1,1300.0,0.1,130.0
1,8503.0,0.02,850.0
1,1720.0,0.06,172.0
1,4365.0,0.27,436.0
1,4342.0,0.27,434.0
1,8823.0,0.95,882.0
1,3143.0,0.21,314.0
1,7717.0,0.21,771.0
1,9997.0,0.21,999.0
1,8355.0,0.08,835.0
1,529.0,0.04,52.0
1,3311.0,0.06,331.0
1,8308.0,0.15,830.0
1,8337.0,0.27,833.0
1,5459.0,0.07,545.0
1,8232.0,0.07,823.0
1,5525.0,0.01,552.0
1,3215.0,0.01,321.0
1,484.0,0.01,48.0
1,8312.0,0.74,831.0
1,424.0,0.02,42.0
1,747.0,0.02,74.0
1,4204.0,0.04,420.0
1,3691.0,0.01,369.0
1,4943.0,0.01,494.0
1,1295.0,0.02,129.0
1,5154.0,0.15,515.0
1,4032.0,0.04,403.0
1,8508.0,0.79,850.0
1,4263.0,0.25,426.0
1,1759.0,0.02,175.0
1,6363.0,0.02,636.0
1,3362.0,0.02,336.0
1,9182.0,0.69,918.0
1,2808.0,0.1,280.0
1,8853.0,0.04,885.0
1,3975.0,0.67,397.0
1,1037.0,0.67,103.0
1,596.0,0.08,59.0
1,6817.0,0.02,681.0
1,5908.0,0.02,590.0
1,4515.0,0.02,451.0
1,8538.0,0.74,853.0
1,3352.0,0.74,335.0
1,1781.0,0.07,178.0
1,9566.0,0.17,956.0
1,7916.0,0.09,791.0
1,1542.0,0.09,154.0
1,2724.0,0.02,272.0
1,8462.0,0.02,846.0
1,2617.0,0.09,261.0
1,2294.0,0.09,229.0
1,3147.0,0.09,314.0
1,7005.0,0.09,700.0
1,8364.0,0.09,836.0
1,3972.0,0.09,397.0
1,5007.0,0.09,500.0
1,297.0,0.09,29.0
1,8216.0,0.02,821.0
1,1470.0,0.04,147.0
1,9972.0,0.12,997.0
1,4900.0,0.27,490.0
1,5411.0,0.02,541.0
1,8765.0,0.06,876.0
1,904.0,0.04,90.0
1,10078.0,0.34,1007.0
1,2570.0,0.04,257.0
1,3088.0,0.16,308.0
1,5372.0,0.02,537.0
1,3657.0,0.02,365.0
1,4317.0,0.19,431.0
1,2526.0,0.01,252.0
1,9006.0,0.01,900.0
1,4193.0,0.03,419.0
1,1985.0,0.51,198.0
1,3029.0,0.51,302.0
1,964.0,0.07,96.0
1,6060.0,0.13,606.0
1,9806.0,0.03,980.0
1,10489.0,0.03,1048.0
1,5171.0,0.03,517.0
1,3598.0,0.02,359.0
1,7837.0,0.1,783.0
1,3246.0,0.1,324.0
1,2631.0,0.06,263.0
1,3175.0,0.02,317.0
1,2765.0,0.06,276.0
1,2459.0,0.78,245.0
1,7068.0,0.02,706.0
1,3221.0,0.02,322.0
1,7475.0,0.22,747.0
1,6858.0,0.03,685.0
1,2461.0,0.04,246.0
1,8406.0,0.02,840.0
1,751.0,0.08,75.0
1,3802.0,0.08,380.0
1,8196.0,0.02,819.0
1,10041.0,0.02,1004.0
1,7303.0,0.02,730.0
1,9920.0,0.41,992.0
1,9596.0,0.07,959.0
1,8788.0,0.36,878.0
1,5340.0,0.36,534.0
1,4418.0,0.14,441.0
1,1448.0,0.08,144.0
1,679.0,0.02,67.0
1,4307.0,0.03,430.0
1,774.0,0.01,77.0
1,9113.0,0.18,911.0
1,9455.0,0.06,945.0
1,2965.0,0.02,296.0
1,7993.0,0.02,799.0
1,1582.0,0.02,158.0
1,3280.0,0.02,328.0
1,8589.0,0.02,858.0
1,1793.0,0.55,179.0
1,2142.0,0.04,214.0
1,8312.0,0.13,831.0
1,7081.0,0.06,708.0
1,7908.0,0.09,790.0
1,10156.0,0.02,1015.0
1,7804.0,0.15,780.0
1,7530.0,0.37,753.0
1,2513.0,0.37,251.0
1,5974.0,0.12,597.0
1,3517.0,0.29,351.0
1,5583.0,0.03,558.0
1,8368.0,0.28,836.0
1,3705.0,0.01,370.0
1,8674.0,0.01,867.0
1,8854.0,0.01,885.0
1,9805.0,0.02,980.0
1,889.0,0.02,88.0
1,6691.0,0.02,669.0
1,3961.0,0.08,396.0
1,7937.0,0.34,793.0
1,8081.0,0.14,808.0
1,9633.0,0.02,963.0
1,1117.0,0.02,111.0
1,6259.0,0.38,625.0
1,2651.0,0.06,265.0
1,6899.0,0.06,689.0
1,422.0,0.04,42.0
1,8378.0,0.14,837.0
1,705.0,0.14,70.0
1,4349.0,0.04,434.0
1,3404.0,0.23,340.0
1,5886.0,0.56,588.0
1,804.0,0.02,80.0
1,1212.0,0.45,121.0
1,10058.0,0.08,1005.0
1,8076.0,0.03,807.0
1,3605.0,0.07,360.0
1,8012.0,0.07,801.0
1,8344.0,0.18,834.0
1,1599.0,0.02,159.0
1,8620.0,0.32,862.0
1,9279.0,0.05,927.0
1,5484.0,0.33,548.0
1,7112.0,0.2,711.0
1,9704.0,0.65,970.0
1,5710.0,0.06,571.0
1,8687.0,0.06,868.0
1,852.0,0.11,85.0
1,6465.0,0.12,646.0
1,9740.0,0.02,974.0
1,10080.0,0.14,1008.0
1,6874.0,0.26,687.0
1,1490.0,0.02,149.0
1,1432.0,0.02,143.0
1,6895.0,0.02,689.0
1,4489.0,0.04,448.0
1,9709.0,0.89,970.0
1,9649.0,0.09,964.0
1,9454.0,0.06,945.0
1,1534.0,0.37,153.0
1,7250.0,0.15,725.0
1,7726.0,0.15,772.0
1,162.0,0.04,16.0
1,9047.0,0.47,904.0
1,7775.0,0.18,777.0
1,8230.0,0.04,823.0
1,6274.0,0.32,627.0
1,3470.0,0.06,347.0
1,5273.0,0.08,527.0
1,9042.0,0.89,904.0
1,9419.0,0.29,941.0
1,5329.0,0.02,532.0
1,4086.0,0.02,408.0
1,2206.0,0.11,220.0
1,5067.0,0.17,506.0
1,4144.0,0.06,414.0
1,2627.0,0.06,262.0
1,766.0,0.04,76.0
1,4110.0,0.24,411.0
1,7035.0,0.13,703.0
1,5914.0,0.6,591.0
1,3653.0,0.05,365.0
1,966.0,0.06,96.0
1,4198.0,0.04,419.0
1,8223.0,0.04,822.0
1,1980.0,0.04,198.0
1,9506.0,0.13,950.0
1,2681.0,0.32,268.0
1,4620.0,0.32,462.0
1,8862.0,0.08,886.0
1,3707.0,0.02,370.0
1,10449.0,0.02,1044.0
1,6831.0,0.09,683.0
1,6446.0,0.07,644.0
1,6768.0,0.09,676.0
1,3038.0,0.78,303.0
1,5584.0,0.78,558.0
1,1105.0,0.08,110.0
1,3286.0,0.67,328.0
1,535.0,0.96,53.0
1,7305.0,0.04,730.0
1,2834.0,0.02,283.0
1,203.0,0.04,20.0
1,7075.0,0.08,707.0
1,5873.0,0.02,587.0
1,2385.0,0.04,238.0
1,8787.0,0.08,878.0
1,1853.0,0.21,185.0
1,8384.0,0.24,838.0
1,8296.0,0.23,829.0
1,2244.0,0.47,224.0
1,7391.0,0.14,739.0
1,6709.0,0.3,670.0
1,3088.0,0.04,308.0
1,2840.0,0.04,284.0
1,2398.0,0.07,239.0
1,9100.0,0.04,910.0
1,7022.0,0.11,702.0
1,5130.0,0.05,513.0
1,2001.0,0.23,200.0
1,556.0,0.02,55.0
1,6183.0,0.24,618.0
1,10155.0,0.62,1015.0
1,8202.0,0.02,820.0
1,4294.0,0.15,429.0
1,6664.0,0.15,666.0
1,4589.0,0.15,458.0
1,6294.0,0.05,629.0
1,4719.0,0.02,471.0
1,8988.0,0.11,898.0
1,4962.0,0.02,496.0
1,2512.0,0.02,251.0
1,3656.0,0.02,365.0
1,10467.0,0.06,1046.0
1,7815.0,0.06,781.0
1,1482.0,0.04,148.0
1,8427.0,0.02,842.0
1,8072.0,0.1,807.0
1,3163.0,0.27,316.0
1,6452.0,0.06,645.0
1,9072.0,0.08,907.0
1,3744.0,0.08,374.0
1,6071.0,0.08,607.0
1,6222.0,0.08,622.0
1,2733.0,0.03,273.0
1,1739.0,0.04,173.0
1,4076.0,0.02,407.0
1,9025.0,0.02,902.0
1,8135.0,0.4,813.0
1,2906.0,0.4,290.0
1,4516.0,0.4,451.0
1,9449.0,0.02,944.0
1,9918.0,0.02,991.0
1,3494.0,0.08,349.0
1,529.0,0.08,52.0
1,3339.0,0.02,333.0
1,5789.0,0.07,578.0
1,10141.0,0.05,1014.0
1,2161.0,0.05,216.0
1,9126.0,0.19,912.0
1,6041.0,0.73,604.0
1,2781.0,0.04,278.0
1,1574.0,0.06,157.0
1,1068.0,0.02,106.0
1,2931.0,0.02,293.0
1,3145.0,0.05,314.0
1,1171.0,0.61,117.0
1,2030.0,0.13,203.0
1,688.0,0.09,68.0
1,9717.0,0.12,971.0
1,5717.0,0.27,571.0
1,8789.0,0.06,878.0
1,5456.0,0.07,545.0
1,3056.0,0.07,305.0
1,2660.0,0.22,266.0
1,1246.0,0.18,124.0
1,2248.0,0.02,224.0
1,8535.0,0.17,853.0
1,1216.0,0.17,121.0
1,4951.0,0.57,495.0
1,2470.0,0.11,247.0
1,8766.0,0.02,876.0
1,1101.0,0.11,110.0
1,8476.0,0.03,847.0
1,8989.0,0.03,898.0
1,6440.0,0.13,644.0
1,7602.0,0.07,760.0
1,4667.0,0.07,466.0
1,5470.0,0.02,547.0
1,5823.0,0.02,582.0
1,7704.0,0.07,770.0
1,3434.0,0.3,343.0
1,3163.0,0.02,316.0
1,3824.0,0.02,382.0
1,8537.0,0.02,853.0
1,9387.0,0.04,938.0
1,656.0,0.09,65.0
1,1467.0,0.04,146.0
1,2420.0,0.18,242.0
1,9391.0,0.06,939.0
1,2649.0,0.34,264.0
1,7764.0,0.02,776.0
1,6697.0,0.37,669.0
1,6539.0,0.02,653.0
1,9314.0,0.02,931.0
1,6189.0,0.04,618.0
1,8417.0,0.01,841.0
1,9863.0,0.01,986.0
1,2992.0,0.35,299.0
1,10218.0,0.04,1021.0
1,9639.0,0.1,963.0
1,1701.0,0.04,170.0
1,7915.0,0.14,791.0
1,2672.0,0.42,267.0
1,7679.0,0.42,767.0
1,4583.0,0.04,458.0
1,4850.0,0.21,485.0
1,8281.0,0.04,828.0
1,3272.0,0.04,327.0
1,2976.0,0.04,297.0
1,1753.0,0.14,175.0
1,1446.0,0.13,144.0
1,9008.0,0.02,900.0
1,7616.0,0.57,761.0
1,3036.0,0.18,303.0
1,9387.0,0.04,938.0
1,4829.0,0.15,482.0
1,8426.0,0.37,842.0
1,2119.0,0.02,211.0
1,882.0,0.08,88.0
1,6520.0,0.02,652.0
1,1654.0,0.02,165.0
1,7194.0,0.01,719.0
1,8896.0,0.01,889.0
1,4194.0,0.06,419.0
1,5391.0,0.34,539.0
1,8950.0,0.02,895.0
1,5367.0,0.02,536.0
1,8910.0,0.06,891.0
1,1105.0,0.13,110.0
1,2310.0,0.36,231.0
1,3117.0,0.08,311.0
1,4763.0,0.02,476.0
1,7902.0,0.06,790.0
1,10428.0,0.04,1042.0
1,2107.0,0.04,210.0
1,3200.0,0.17,320.0
1,6693.0,0.08,669.0
1,1315.0,0.08,131.0
1,6831.0,0.5,683.0
1,6548.0,0.03,654.0
1,2497.0,0.06,249.0
1,10074.0,0.06,1007.0
1,6340.0,0.14,634.0
1,1828.0,0.37,182.0
1,905.0,0.04,90.0
1,2412.0,0.02,241.0
1,5733.0,0.4,573.0
1,7886.0,0.06,788.0
1,4165.0,0.06,416.0
1,501.0,0.06,50.0
1,9698.0,0.04,969.0
1,8538.0,0.04,853.0
1,2514.0,0.09,251.0
1,8431.0,0.02,843.0
1,7109.0,0.1,710.0
1,3038.0,0.1,303.0
1,5636.0,0.11,563.0
1,6725.0,0.15,672.0
1,3297.0,0.05,329.0
1,9571.0,0.11,957.0
1,7703.0,0.13,770.0
1,2008.0,0.07,200.0
1,3002.0,0.07,300.0
1,1991.0,0.07,199.0
1,4473.0,0.02,447.0
1,4287.0,0.09,428.0
1,8142.0,0.04,814.0
1,5429.0,0.04,542.0
1,3893.0,0.04,389.0
1,6012.0,0.06,601.0
1,4336.0,0.09,433.0
1,7891.0,0.02,789.0
1,9715.0,0.1,971.0
1,5354.0,0.02,535.0
1,7123.0,0.07,712.0
1,6089.0,0.07,608.0
1,2933.0,0.04,293.0
1,4255.0,0.17,425.0
1,5837.0,0.6,583.0
1,5529.0,0.04,552.0
1,3249.0,0.04,324.0
1,4677.0,0.08,467.0
1,9711.0,0.08,971.0
1,8744.0,0.08,874.0
1,8660.0,0.02,866.0
1,2024.0,0.04,202.0
1,887.0,0.02,88.0
1,5337.0,0.06,533.0
1,4463.0,0.02,446.0
1,2918.0,0.19,291.0
1,8115.0,0.02,811.0
1,319.0,0.04,31.0
1,4649.0,0.04,464.0
1,4946.0,0.02,494.0
1,1480.0,0.15,148.0
1,5262.0,0.15,526.0
1,728.0,0.08,72.0
1,6421.0,0.29,642.0
1,5375.0,0.06,537.0
1,9226.0,0.06,922.0
1,10325.0,0.38,1032.0
1,4477.0,0.04,447.0
1,5854.0,0.06,585.0
1,7119.0,0.04,711.0
1,4935.0,0.04,493.0
1,2225.0,0.04,222.0
1,6253.0,0.08,625.0
1,960.0,0.08,96.0
1,8328.0,0.17,832.0
1,3327.0,0.07,332.0
1,10113.0,0.02,1011.0
1,3796.0,0.37,379.0
1,8881.0,0.06,888.0
1,10007.0,0.04,1000.0
1,2079.0,0.04,207.0
1,6081.0,0.08,608.0
1,6810.0,0.02,681.0
1,6356.0,0.04,635.0
1,6626.0,0.04,662.0
1,2271.0,0.02,227.0
1,7948.0,0.21,794.0
1,1007.0,0.06,100.0
1,7113.0,0.02,711.0
1,3515.0,0.02,351.0
1,7294.0,0.02,729.0
1,2956.0,0.02,295.0
1,2085.0,0.1,208.0
1,9596.0,0.1,959.0
1,9217.0,0.1,921.0
1,3398.0,0.02,339.0
1,8527.0,0.04,852.0
1,2444.0,0.36,244.0
1,5177.0,0.02,517.0
1,9016.0,0.15,901.0
1,6731.0,0.03,673.0
1,901.0,0.02,90.0
1,532.0,0.27,53.0
1,9791.0,0.27,979.0
1,4525.0,0.04,452.0
1,4708.0,0.02,470.0
1,1420.0,0.06,142.0
1,8603.0,0.03,860.0
1,6956.0,0.01,695.0
1,2963.0,0.11,296.0
1,3979.0,0.11,397.0
1,3172.0,0.14,317.0
1,1400.0,0.01,140.0
1,9822.0,0.12,982.0
1,4166.0,0.01,416.0
1,6971.0,0.01,697.0
1,308.0,0.11,30.0
1,4805.0,0.02,480.0
1,5615.0,0.02,561.0
1,6234.0,0.72,623.0
1,3824.0,0.11,382.0
1,8762.0,0.04,876.0
1,1890.0,0.04,189.0
1,2214.0,0.06,221.0
1,5945.0,0.06,594.0
1,8188.0,0.13,818.0
1,6157.0,0.02,615.0
1,5566.0,0.02,556.0
1,6522.0,0.04,652.0
1,7125.0,0.04,712.0
1,7115.0,0.04,711.0
1,3207.0,0.15,320.0
1,7728.0,0.81,772.0
1,849.0,0.04,84.0
1,6258.0,0.04,625.0
1,8545.0,0.06,854.0
1,4618.0,0.86,461.0
1,2425.0,0.04,242.0
1,4052.0,0.06,405.0
1,2050.0,0.06,205.0
1,2895.0,0.02,289.0
1,939.0,0.07,93.0
1,6418.0,0.03,641.0
1,9290.0,0.03,929.0
1,8157.0,0.03,815.0
1,1845.0,0.15,184.0
1,9781.0,0.19,978.0
1,6898.0,0.02,689.0
1,5697.0,0.28,569.0
1,6412.0,0.04,641.0
1,2319.0,0.34,231.0
1,5731.0,0.08,573.0
1,6093.0,0.12,609.0
1,238.0,0.3,23.0
1,6188.0,0.04,618.0
1,3971.0,0.3,397.0
1,289.0,0.38,28.0
1,1598.0,0.08,159.0
1,7670.0,0.06,767.0
1,3275.0,0.08,327.0
1,1830.0,0.06,183.0
1,4516.0,0.39,451.0
1,3984.0,0.39,398.0
1,7111.0,0.06,711.0
1,6845.0,0.09,684.0
1,8900.0,0.48,890.0
1,621.0,0.06,62.0
1,6303.0,0.04,630.0
1,7036.0,0.39,703.0
1,3672.0,0.39,367.0
1,2303.0,0.08,230.0
1,3303.0,0.82,330.0
1,8871.0,0.02,887.0
1,4671.0,0.33,467.0
1,3745.0,0.33,374.0
1,6361.0,0.03,636.0
1,7870.0,0.03,787.0
1,1991.0,0.02,199.0
1,8760.0,0.02,876.0
1,3866.0,0.02,386.0
1,4902.0,0.06,490.0
1,6991.0,0.02,699.0
1,3311.0,0.08,331.0
1,7806.0,0.09,780.0
1,8691.0,0.02,869.0
1,4157.0,0.02,415.0
1,4209.0,0.19,420.0
1,2319.0,0.19,231.0
1,6182.0,0.04,618.0
1,5472.0,0.07,547.0
1,9177.0,0.02,917.0
1,2798.0,0.02,279.0
1,5014.0,0.02,501.0
1,5535.0,0.02,553.0
1,6996.0,0.02,699.0
1,9752.0,0.07,975.0
1,7648.0,0.46,764.0
1,2211.0,0.07,221.0
1,1087.0,0.07,108.0
1,4533.0,0.02,453.0
1,9564.0,0.02,956.0
1,3263.0,0.15,326.0
1,5136.0,0.63,513.0
1,2816.0,0.13,281.0
1,1845.0,0.13,184.0
1,7126.0,0.11,712.0
1,7684.0,0.13,768.0
1,8725.0,0.01,872.0
1,2633.0,0.01,263.0
1,9655.0,0.01,965.0
1,6445.0,0.02,644.0
1,5890.0,0.13,589.0
1,8005.0,0.77,800.0
1,736.0,0.02,73.0
1,9800.0,0.04,980.0
1,1450.0,0.02,145.0
1,355.0,0.02,35.0
1,3766.0,0.07,376.0
1,1385.0,0.29,138.0
1,5801.0,0.29,580.0
1,6230.0,0.02,623.0
1,9648.0,0.04,964.0
1,9584.0,0.02,958.0
1,3701.0,0.48,370.0
1,9653.0,0.48,965.0
1,6858.0,0.48,685.0
1,5625.0,0.02,562.0
1,404.0,0.08,40.0
1,6090.0,0.14,609.0
1,7586.0,0.09,758.0
1,6168.0,0.09,616.0
1,8160.0,0.06,816.0
1,9948.0,0.05,994.0
1,10011.0,0.03,1001.0
1,10282.0,0.47,1028.0
1,3888.0,0.52,388.0
1,617.0,0.52,61.0
1,1242.0,0.03,124.0
1,6189.0,0.44,618.0
1,9390.0,0.02,939.0
1,3377.0,0.02,337.0
1,1219.0,0.08,121.0
1,1628.0,0.02,162.0
1,9881.0,0.02,988.0
1,2026.0,0.02,202.0
1,8750.0,0.04,875.0
1,6777.0,0.01,677.0
1,5201.0,0.34,520.0
1,5633.0,0.34,563.0
1,4785.0,0.34,478.0
1,4999.0,0.05,499.0
1,1805.0,0.08,180.0
1,1393.0,0.02,139.0
1,338.0,0.84,33.0
1,4718.0,0.09,471.0
1,7826.0,0.02,782.0
1,8717.0,0.02,871.0
1,3462.0,0.06,346.0
1,7832.0,0.04,783.0
1,5729.0,0.04,572.0
1,1806.0,0.32,180.0
1,456.0,0.02,45.0
1,6760.0,0.02,676.0
1,8413.0,0.15,841.0
1,8331.0,0.34,833.0
1,8630.0,0.28,863.0
1,1438.0,0.03,143.0
1,2070.0,0.29,207.0
1,3329.0,0.04,332.0
1,5545.0,0.04,554.0
1,1507.0,0.32,150.0
1,3556.0,0.37,355.0
1,6478.0,0.37,647.0
1,3447.0,0.37,344.0
1,5327.0,0.4,532.0
1,7641.0,0.04,764.0
1,449.0,0.02,44.0
1,2224.0,0.8,222.0
1,5911.0,0.02,591.0
1,2533.0,0.33,253.0
1,8064.0,0.33,806.0
1,3932.0,0.08,393.0
1,9425.0,0.02,942.0
1,10301.0,0.04,1030.0
1,1009.0,0.23,100.0
1,7053.0,0.23,705.0
1,4614.0,0.08,461.0
1,4199.0,0.02,419.0
1,4480.0,0.02,448.0
1,8359.0,0.06,835.0
1,9222.0,0.2,922.0
1,1221.0,0.38,122.0
1,2566.0,0.04,256.0
1,2528.0,0.04,252.0
1,6049.0,0.04,604.0
1,1396.0,0.04,139.0
1,4469.0,0.14,446.0
1,10372.0,0.02,1037.0
1,6667.0,0.09,666.0
1,9306.0,0.02,930.0
1,8659.0,0.02,865.0
1,3355.0,0.02,335.0
1,6567.0,0.3,656.0
1,8746.0,0.14,874.0
1,6853.0,0.33,685.0
1,8330.0,0.33,833.0
1,5375.0,0.09,537.0
1,5128.0,0.13,512.0
1,2480.0,0.13,248.0
1,4059.0,0.37,405.0
1,4415.0,0.37,441.0
1,9864.0,0.06,986.0
1,1214.0,0.04,121.0
1,1762.0,0.64,176.0
1,4004.0,0.08,400.0
1,1251.0,0.52,125.0
1,6896.0,0.35,689.0
1,4800.0,0.41,480.0
1,6283.0,0.41,628.0
1,2294.0,0.06,229.0
1,3143.0,0.05,314.0
1,4719.0,0.04,471.0
1,4989.0,0.02,498.0
1,4898.0,0.23,489.0
1,3230.0,0.23,323.0
1,9234.0,0.36,923.0
1,9034.0,0.21,903.0
1,3976.0,0.21,397.0
1,7466.0,0.02,746.0
1,3908.0,0.29,390.0
1,9698.0,0.29,969.0
1,6523.0,0.02,652.0
1,4153.0,0.07,415.0
1,5048.0,0.04,504.0
1,1808.0,0.04,180.0
1,3427.0,0.27,342.0
1,9365.0,0.02,936.0
1,3154.0,0.1,315.0
1,6337.0,0.1,633.0
1,6211.0,0.1,621.0
1,7116.0,0.06,711.0
1,8109.0,0.06,810.0
1,9010.0,0.04,901.0
1,6127.0,0.04,612.0
1,2291.0,0.08,229.0
1,6036.0,0.06,603.0
1,2603.0,0.02,260.0
1,8869.0,0.06,886.0
1,6945.0,0.04,694.0
1,4668.0,0.09,466.0
1,2326.0,0.27,232.0
1,2136.0,0.23,213.0
1,3937.0,0.35,393.0
1,9945.0,0.06,994.0
1,2051.0,0.06,205.0
1,3816.0,0.06,381.0
1,6870.0,0.08,687.0
1,5931.0,0.02,593.0
1,5291.0,0.05,529.0
1,5191.0,0.04,519.0
1,4829.0,0.21,482.0
1,1496.0,0.04,149.0
1,478.0,0.1,47.0
1,3406.0,0.03,340.0
1,4682.0,0.45,468.0
1,5645.0,0.25,564.0
1,9875.0,0.06,987.0
1,2410.0,0.17,241.0
1,1364.0,0.17,136.0
1,6874.0,0.38,687.0
1,958.0,0.06,95.0
1,3212.0,0.02,321.0
1,1791.0,0.13,179.0
1,1596.0,0.03,159.0
1,6629.0,0.02,662.0
1,7394.0,0.02,739.0
1,8271.0,0.56,827.0
1,5145.0,0.78,514.0
1,4116.0,0.12,411.0
1,1955.0,0.37,195.0
1,8610.0,0.37,861.0
1,3525.0,0.12,352.0
1,5234.0,0.2,523.0
1,5762.0,0.1,576.0
1,1047.0,0.06,104.0
1,9296.0,0.02,929.0
1,9042.0,0.21,904.0
1,1596.0,0.21,159.0
1,8585.0,0.04,858.0
1,9155.0,0.15,915.0
1,3323.0,0.02,332.0
1,6668.0,0.04,666.0
1,6781.0,0.16,678.0
1,2332.0,0.13,233.0
1,1416.0,0.2,141.0
1,3799.0,0.06,379.0
1,4843.0,0.38,484.0
1,7648.0,0.02,764.0
1,1961.0,0.06,196.0
1,5611.0,0.06,561.0
1,5583.0,0.11,558.0
1,5699.0,0.18,569.0
1,6679.0,0.05,667.0
1,4286.0,0.13,428.0
1,5977.0,0.04,597.0
1,6814.0,0.03,681.0
1,2198.0,0.07,219.0
1,2570.0,0.13,257.0
1,6279.0,0.02,627.0
1,4619.0,0.21,461.0
1,893.0,0.02,89.0
1,5688.0,0.02,568.0
1,5008.0,0.04,500.0
1,4633.0,0.04,463.0
1,3971.0,0.17,397.0
1,2453.0,0.42,245.0
1,8577.0,0.03,857.0
1,6644.0,0.19,664.0
1,9107.0,0.02,910.0
1,3926.0,0.19,392.0
1,2822.0,0.02,282.0
1,835.0,0.02,83.0
1,5428.0,0.02,542.0
1,7647.0,0.15,764.0
1,6915.0,0.01,691.0
1,7835.0,0.18,783.0
1,6859.0,0.04,685.0
1,2077.0,0.04,207.0
1,2008.0,0.04,200.0
1,5552.0,0.25,555.0
1,3944.0,0.13,394.0
1,368.0,0.42,36.0
1,9035.0,0.42,903.0
1,5799.0,0.02,579.0
1,7286.0,0.29,728.0
1,2273.0,0.02,227.0
1,2365.0,0.02,236.0
1,5367.0,0.39,536.0
1,4232.0,0.39,423.0
1,6059.0,0.06,605.0
1,6814.0,0.07,681.0
1,6249.0,0.07,624.0
1,5746.0,0.07,574.0
1,1717.0,0.01,171.0
1,10096.0,0.04,1009.0
1,7214.0,0.06,721.0
1,3270.0,0.04,327.0
1,6409.0,0.02,640.0
1,7836.0,0.02,783.0
1,839.0,0.28,83.0
1,6020.0,0.04,602.0
1,8704.0,0.1,870.0
1,6955.0,0.12,695.0
1,9732.0,0.38,973.0
1,9806.0,0.38,980.0
1,9828.0,0.38,982.0
1,9885.0,0.1,988.0
1,9267.0,0.02,926.0
1,9354.0,0.02,935.0
1,8920.0,0.02,892.0
1,4827.0,0.18,482.0
1,2677.0,0.69,267.0
1,1818.0,0.37,181.0
1,7234.0,0.37,723.0
1,7665.0,0.04,766.0
1,3967.0,0.04,396.0
1,838.0,0.02,83.0
1,4429.0,0.04,442.0
1,8957.0,0.28,895.0
1,5314.0,0.04,531.0
1,2072.0,0.02,207.0
1,399.0,0.12,39.0
1,7085.0,0.26,708.0
1,2798.0,0.85,279.0
1,7823.0,0.12,782.0
1,5417.0,0.02,541.0
1,7138.0,0.02,713.0
1,2762.0,0.12,276.0
1,8237.0,0.01,823.0
1,6190.0,0.01,619.0
1,3205.0,0.35,320.0
1,1388.0,0.02,138.0
1,5377.0,0.01,537.0
1,2157.0,0.32,215.0
1,5008.0,0.04,500.0
1,6003.0,0.3,600.0
1,2120.0,0.74,212.0
1,4956.0,0.25,495.0
1,7278.0,0.25,727.0
1,4931.0,0.4,493.0
1,6374.0,0.23,637.0
1,2809.0,0.23,280.0
1,7014.0,0.01,701.0
1,2397.0,0.01,239.0
1,9389.0,0.74,938.0
1,7525.0,0.17,752.0
1,1375.0,0.21,137.0
1,3371.0,0.02,337.0
1,7674.0,0.94,767.0
1,8783.0,0.08,878.0
1,4312.0,0.08,431.0
1,919.0,0.1,91.0
1,1949.0,0.02,194.0
1,6563.0,0.78,656.0
1,1016.0,0.78,101.0
1,5537.0,0.14,553.0
1,8009.0,0.14,800.0
1,1208.0,0.06,120.0
1,8662.0,0.48,866.0
1,1676.0,0.48,167.0
1,1754.0,0.03,175.0
1,9920.0,0.39,992.0
1,8021.0,0.39,802.0
1,9560.0,0.38,956.0
1,1757.0,0.35,175.0
1,2353.0,0.02,235.0
1,6547.0,0.68,654.0
1,9577.0,0.02,957.0
1,5848.0,0.26,584.0
1,425.0,0.11,42.0
1,10220.0,0.02,1022.0
1,6014.0,0.02,601.0
1,6154.0,0.14,615.0
1,8976.0,0.02,897.0
1,2262.0,0.08,226.0
1,6968.0,0.13,696.0
1,2630.0,0.04,263.0
1,9849.0,0.07,984.0
1,1839.0,0.03,183.0
1,1444.0,0.03,144.0
1,9549.0,0.03,954.0
1,10082.0,0.01,1008.0
1,7006.0,0.04,700.0
1,10186.0,0.01,1018.0
1,1572.0,0.03,157.0
1,1854.0,0.12,185.0
1,9513.0,0.03,951.0
1,1446.0,0.01,144.0
1,6028.0,0.39,602.0
1,1070.0,0.02,107.0
1,8617.0,0.14,861.0
1,2701.0,0.14,270.0
1,446.0,0.14,44.0
1,9551.0,0.14,955.0
1,10107.0,0.17,1010.0
1,8790.0,0.04,879.0
1,2949.0,0.06,294.0
1,3350.0,0.06,335.0
1,2556.0,0.08,255.0
1,5780.0,0.04,578.0
1,6619.0,0.08,661.0
1,4448.0,0.08,444.0
1,8046.0,0.02,804.0
1,3060.0,0.02,306.0
1,9929.0,0.02,992.0
1,9137.0,0.02,913.0
1,7358.0,0.69,735.0
1,8805.0,0.02,880.0
1,4254.0,0.53,425.0
1,9295.0,0.1,929.0
1,8437.0,0.04,843.0
1,4475.0,0.25,447.0
1,4809.0,0.05,480.0
1,5662.0,0.02,566.0
1,4390.0,0.02,439.0
1,4750.0,0.68,475.0
1,6378.0,0.03,637.0
1,5201.0,0.37,520.0
1,6995.0,0.02,699.0
1,1580.0,0.02,158.0
1,7795.0,0.02,779.0
1,6758.0,0.02,675.0
1,4195.0,0.02,419.0
1,1098.0,0.04,109.0
1,4914.0,0.1,491.0
1,2158.0,0.02,215.0
1,2460.0,0.02,246.0
1,8732.0,0.09,873.0
1,2317.0,0.09,231.0
1,4177.0,0.04,417.0
1,6206.0,0.02,620.0
1,8225.0,0.02,822.0
1,2524.0,0.15,252.0
1,7970.0,0.31,797.0
1,2209.0,0.17,220.0
1,9820.0,0.11,982.0
1,3159.0,0.06,315.0
1,1255.0,0.02,125.0
1,3959.0,0.26,395.0
1,10314.0,0.06,1031.0
1,7493.0,0.02,749.0
1,4344.0,0.06,434.0
1,5570.0,0.09,557.0
1,6582.0,0.04,658.0
1,3941.0,0.35,394.0
1,7989.0,0.05,798.0
1,4926.0,0.02,492.0
1,7096.0,0.04,709.0
1,7558.0,0.02,755.0
1,7336.0,0.04,733.0
1,5940.0,0.02,594.0
1,5115.0,0.64,511.0
1,3399.0,0.03,339.0
1,6289.0,0.03,628.0
1,4256.0,0.03,425.0
1,7058.0,0.22,705.0
1,1380.0,0.22,138.0
1,356.0,0.02,35.0
1,4111.0,0.68,411.0
1,6298.0,0.09,629.0
1,6944.0,0.02,694.0
1,3025.0,0.07,302.0
1,8053.0,0.27,805.0
1,1606.0,0.14,160.0
1,4512.0,0.14,451.0
1,10058.0,0.14,1005.0
1,7143.0,0.14,714.0
1,5097.0,0.12,509.0
1,2436.0,0.02,243.0
1,7038.0,0.02,703.0
1,6116.0,0.02,611.0
1,3594.0,0.13,359.0
1,2216.0,0.13,221.0
1,3925.0,0.03,392.0
1,4232.0,0.06,423.0
1,3234.0,0.04,323.0
1,3440.0,0.08,344.0
1,7179.0,0.02,717.0
1,2202.0,0.44,220.0
1,1024.0,0.44,102.0
1,9972.0,0.44,997.0
1,506.0,0.02,50.0
1,7876.0,0.21,787.0
1,2237.0,0.02,223.0
1,4341.0,0.04,434.0
1,1096.0,0.08,109.0
1,3070.0,0.25,307.0
1,4828.0,0.04,482.0
1,6157.0,0.06,615.0
1,6725.0,0.17,672.0
1,9777.0,0.04,977.0
1,2184.0,0.06,218.0
1,2605.0,0.31,260.0
1,4320.0,0.3,432.0
1,6536.0,0.3,653.0
1,2924.0,0.34,292.0
1,3105.0,0.38,310.0
1,9796.0,0.38,979.0
1,7810.0,0.38,781.0
1,9112.0,0.38,911.0
1,1150.0,0.27,115.0
1,7169.0,0.27,716.0
1,2787.0,0.27,278.0
1,9510.0,0.02,951.0
1,7258.0,0.18,725.0
1,6668.0,0.64,666.0
1,7980.0,0.64,798.0
1,5071.0,0.03,507.0
1,8061.0,0.02,806.0
