0,6856,685,0.24
1,2499,249,0.23
2,624,62,0.47
3,8939,893,0.14
4,10145,1014,0.30
5,6953,695,0.04
6,9528,952,0.04
7,1671,167,0.07
8,1417,141,0.04
9,8497,849,0.11
10,5841,584,0.05
11,8632,863,0.23
12,6405,640,0.02
13,1065,106,0.24
14,9805,980,0.62
15,9580,958,0.02
16,8378,837,0.15
17,3216,321,0.15
18,7138,713,0.15
19,8605,860,0.05
20,8923,892,0.02
21,3482,348,0.11
22,3699,369,0.02
23,3924,392,0.02
24,6834,683,0.02
25,7260,726,0.06
26,5659,565,0.06
27,5416,541,0.04
28,3871,387,0.02
29,189,18,0.10
30,7306,730,0.27
31,6229,622,0.06
32,6627,662,0.08
33,9780,978,0.08
34,2139,213,0.08
35,9058,905,0.08
36,3382,338,0.03
37,8245,824,0.04
38,3347,334,0.02
39,7843,784,0.02
40,1992,199,0.40
41,2358,235,0.40
42,586,58,0.40
43,6565,656,0.02
44,5472,547,0.02
45,7076,707,0.08
46,3500,350,0.08
47,822,82,0.02
48,6946,694,0.07
49,8246,824,0.05
50,5411,541,0.05
51,9548,954,0.19
52,1598,159,0.73
53,3853,385,0.04
54,6795,679,0.06
55,828,82,0.02
56,3588,358,0.02
57,4218,421,0.05
58,908,90,0.61
59,6018,601,0.13
60,6050,605,0.09
61,1591,159,0.12
62,2227,222,0.27
63,2147,214,0.06
64,454,45,0.07
65,1684,168,0.07
66,9119,911,0.22
67,4594,459,0.18
68,7249,724,0.02
69,10299,1029,0.17
70,9998,999,0.17
71,7811,781,0.57
72,401,40,0.11
73,7499,749,0.02
74,1165,116,0.11
75,7129,712,0.03
76,7778,777,0.03
77,9067,906,0.13
78,8747,874,0.07
79,2595,259,0.07
80,7817,781,0.02
81,3012,301,0.02
82,3321,332,0.07
83,6220,622,0.30
84,2658,265,0.02
85,8356,835,0.02
86,315,31,0.02
87,3207,320,0.04
88,4186,418,0.09
89,340,34,0.04
90,10272,1027,0.18
91,9529,952,0.06
92,7355,735,0.34
93,6210,621,0.02
94,5077,507,0.37
95,4366,436,0.02
96,9880,988,0.02
97,6527,652,0.04
98,3294,329,0.01
99,1512,151,0.01
100,5903,590,0.35
101,6999,699,0.04
102,5726,572,0.10
103,7894,789,0.04
104,1068,106,0.14
105,2225,222,0.42
106,961,96,0.42
107,3585,358,0.04
108,4015,401,0.21
109,8514,851,0.04
110,1699,169,0.04
111,8107,810,0.04
112,5484,548,0.14
113,2591,259,0.13
114,4201,420,0.02
115,1127,112,0.57
116,1495,149,0.18
117,5721,572,0.04
118,3575,357,0.15
119,6040,604,0.37
120,7520,752,0.02
121,8601,860,0.08
122,7016,701,0.02
123,2795,279,0.02
124,1210,121,0.01
125,5220,522,0.01
126,5095,509,0.06
127,6755,675,0.34
128,9802,980,0.02
129,577,57,0.02
130,4189,418,0.06
131,1788,178,0.13
132,2733,273,0.36
133,1259,125,0.08
134,3174,317,0.02
135,6747,674,0.06
136,5126,512,0.04
137,5222,522,0.04
138,10033,1003,0.17
139,10017,1001,0.08
140,9331,933,0.08
141,5523,552,0.50
142,3028,302,0.03
143,3424,342,0.06
144,181,18,0.06
145,9645,964,0.14
146,9930,993,0.37
147,6322,632,0.04
148,10107,1010,0.02
149,6832,683,0.40
150,416,41,0.06
151,3973,397,0.06
152,4821,482,0.06
153,6266,626,0.04
154,5982,598,0.04
155,6487,648,0.09
156,6509,650,0.02
157,9725,972,0.10
158,6635,663,0.10
159,631,63,0.11
160,9592,959,0.15
161,1540,154,0.05
162,8150,815,0.11
163,3439,343,0.13
164,1783,178,0.07
165,2481,248,0.07
166,6074,607,0.07
167,6825,682,0.02
168,9729,972,0.09
169,7527,752,0.04
170,2272,227,0.04
171,4586,458,0.04
172,6697,669,0.06
173,228,22,0.09
174,2472,247,0.02
175,4780,478,0.10
176,3626,362,0.02
177,10267,1026,0.07
178,8848,884,0.07
179,8911,891,0.04
180,5905,590,0.17
181,999,99,0.60
182,4444,444,0.04
183,1954,195,0.04
184,6373,637,0.08
185,6577,657,0.08
186,5578,557,0.08
187,9298,929,0.02
188,8377,837,0.04
189,3519,351,0.02
190,4749,474,0.06
191,8090,809,0.02
192,6464,646,0.19
193,1380,138,0.02
194,7328,732,0.04
195,8105,810,0.04
196,10188,1018,0.02
197,7206,720,0.15
198,2782,278,0.15
199,622,62,0.08
200,6325,632,0.29
201,7304,730,0.06
202,8571,857,0.06
203,1203,120,0.38
204,4809,480,0.04
205,9801,980,0.06
206,2982,298,0.04
207,1948,194,0.04
208,9471,947,0.04
209,6919,691,0.08
210,5142,514,0.08
211,6043,604,0.17
212,2620,262,0.07
213,7161,716,0.02
214,4157,415,0.37
215,1663,166,0.06
216,4778,477,0.04
217,5352,535,0.04
218,1211,121,0.08
219,1092,109,0.02
220,6201,620,0.04
221,8063,806,0.04
222,491,49,0.02
223,7072,707,0.21
224,7277,727,0.06
225,6732,673,0.02
226,5296,529,0.02
227,7304,730,0.02
228,1031,103,0.02
229,2002,200,0.10
230,6043,604,0.10
231,5977,597,0.10
232,7504,750,0.02
233,5314,531,0.04
234,582,58,0.36
235,8326,832,0.02
236,6716,671,0.15
237,9405,940,0.03
238,165,16,0.02
239,8600,860,0.27
240,6906,690,0.27
241,3784,378,0.04
242,8650,865,0.02
243,4676,467,0.06
244,4867,486,0.03
245,5338,533,0.01
246,9597,959,0.11
247,4780,478,0.11
248,2761,276,0.14
249,8022,802,0.01
250,8143,814,0.12
251,4331,433,0.01
252,7262,726,0.01
253,4269,426,0.11
254,3615,361,0.02
255,9129,912,0.02
256,257,25,0.72
257,6583,658,0.11
258,8277,827,0.04
259,5548,554,0.04
260,2193,219,0.06
261,1792,179,0.06
262,8130,813,0.13
263,7843,784,0.02
264,3129,312,0.02
265,7260,726,0.04
266,2860,286,0.04
267,7273,727,0.04
268,4291,429,0.15
269,5098,509,0.81
270,3473,347,0.04
271,9888,988,0.04
272,4972,497,0.06
273,8669,866,0.86
274,8742,874,0.04
275,4113,411,0.06
276,1713,171,0.06
277,3120,312,0.02
278,4746,474,0.07
279,6189,618,0.03
280,995,99,0.03
281,9266,926,0.03
282,4844,484,0.15
283,1161,116,0.19
284,8390,839,0.02
285,3941,394,0.28
286,2547,254,0.04
287,2956,295,0.34
288,9909,990,0.08
289,8044,804,0.12
290,7644,764,0.30
291,1824,182,0.04
292,2849,284,0.30
293,7271,727,0.38
294,6042,604,0.08
295,3225,322,0.06
296,5210,521,0.08
297,3636,363,0.06
298,4146,414,0.39
299,7224,722,0.39
300,10007,1000,0.06
301,3480,348,0.09
302,2808,280,0.48
303,8703,870,0.06
304,5999,599,0.04
305,5931,593,0.39
306,1195,119,0.39
307,7151,715,0.08
308,8726,872,0.82
309,1804,180,0.02
310,5352,535,0.33
311,6165,616,0.33
312,7161,716,0.03
313,9029,902,0.03
314,10479,1047,0.02
315,7068,706,0.02
316,3086,308,0.02
317,7948,794,0.06
318,6888,688,0.02
319,3630,363,0.08
320,5464,546,0.09
321,8290,829,0.02
322,5185,518,0.02
323,3707,370,0.19
324,8691,869,0.19
325,732,73,0.04
326,1516,151,0.07
327,8484,848,0.02
328,7520,752,0.02
329,4796,479,0.02
330,8610,861,0.02
331,2403,240,0.02
332,1220,122,0.07
333,1075,107,0.46
334,5862,586,0.07
335,9213,921,0.07
336,10021,1002,0.02
337,560,56,0.02
338,7651,765,0.15
339,2782,278,0.63
340,8394,839,0.13
341,715,71,0.13
342,9351,935,0.11
343,3876,387,0.13
344,6978,697,0.01
345,6296,629,0.01
346,7764,776,0.01
347,5856,585,0.02
348,7565,756,0.13
349,6071,607,0.77
350,5233,523,0.02
351,10383,1038,0.04
352,8018,801,0.02
353,7378,737,0.02
354,2931,293,0.07
355,1999,199,0.29
356,3462,346,0.29
357,5527,552,0.02
358,7918,791,0.04
359,8849,884,0.02
360,3021,302,0.48
361,9462,946,0.48
362,1771,177,0.48
363,7819,781,0.02
364,6684,668,0.08
365,8317,831,0.14
366,3972,397,0.09
367,4461,446,0.09
368,2484,248,0.06
369,8584,858,0.05
370,2353,235,0.03
371,2161,216,0.47
372,2029,202,0.52
373,10187,1018,0.52
374,4567,456,0.03
375,2272,227,0.44
376,6339,633,0.02
377,387,38,0.02
378,5492,549,0.08
379,1681,168,0.02
380,6543,654,0.02
381,2576,257,0.02
382,7613,761,0.04
383,9440,944,0.01
384,5304,530,0.34
385,6477,647,0.34
386,8579,857,0.34
387,2496,249,0.05
388,4358,435,0.08
389,4209,420,0.02
390,1371,137,0.84
391,4070,407,0.09
392,5818,581,0.02
393,7430,743,0.02
394,6624,662,0.06
395,7622,762,0.04
396,937,93,0.04
397,5550,555,0.32
398,7203,720,0.02
399,3871,387,0.02
400,8243,824,0.15
401,985,98,0.34
402,7223,722,0.28
403,966,96,0.03
404,7189,718,0.29
405,9593,959,0.04
406,9757,975,0.04
407,7470,747,0.32
408,5445,544,0.37
409,4334,433,0.37
410,3972,397,0.37
411,1881,188,0.40
412,3233,323,0.04
413,2091,209,0.02
414,3401,340,0.80
415,2122,212,0.02
416,3200,320,0.33
417,872,87,0.33
418,9078,907,0.08
419,8945,894,0.02
420,8927,892,0.04
421,1120,112,0.23
422,4538,453,0.23
423,7816,781,0.08
424,1931,193,0.02
425,1893,189,0.02
426,3042,304,0.06
427,4201,420,0.20
428,1347,134,0.38
429,6372,637,0.04
430,271,27,0.04
431,9412,941,0.04
432,1548,154,0.04
433,814,81,0.14
434,8221,822,0.02
435,9704,970,0.09
436,10082,1008,0.02
437,4002,400,0.02
438,3726,372,0.02
439,2094,209,0.30
440,1416,141,0.14
441,9394,939,0.33
442,4633,463,0.33
443,3425,342,0.09
444,1215,121,0.13
445,1126,112,0.13
446,6006,600,0.37
447,8092,809,0.37
448,9595,959,0.06
449,7389,738,0.04
450,497,49,0.64
451,7869,786,0.08
452,4497,449,0.52
453,5765,576,0.35
454,4738,473,0.41
455,2764,276,0.41
456,4321,432,0.06
457,5652,565,0.05
458,3688,368,0.04
459,1171,117,0.02
460,6785,678,0.23
461,6954,695,0.23
462,1428,142,0.36
463,1517,151,0.21
464,9471,947,0.21
465,3678,367,0.02
466,3509,350,0.29
467,997,99,0.29
468,7648,764,0.02
469,9007,900,0.07
470,4368,436,0.04
471,849,84,0.04
472,2258,225,0.27
473,3702,370,0.02
474,4628,462,0.10
475,9736,973,0.10
476,7153,715,0.10
477,9488,948,0.06
478,450,45,0.06
479,919,91,0.04
480,3196,319,0.04
481,1949,194,0.08
482,7042,704,0.06
483,9367,936,0.02
484,8551,855,0.06
485,9949,994,0.04
486,5913,591,0.09
487,4356,435,0.27
488,8385,838,0.23
489,6019,601,0.35
490,3233,323,0.06
491,2917,291,0.06
492,1736,173,0.06
493,8466,846,0.08
494,3725,372,0.02
495,3734,373,0.05
496,7488,748,0.04
497,9786,978,0.21
498,2966,296,0.04
499,6767,676,0.10
500,3816,381,0.03
501,4404,440,0.45
502,9952,995,0.25
503,6802,680,0.06
504,3195,319,0.17
505,6296,629,0.17
506,1239,123,0.38
507,6212,621,0.06
508,4942,494,0.02
509,5699,569,0.13
510,4002,400,0.03
511,2537,253,0.02
512,6233,623,0.02
513,1127,112,0.56
514,7096,709,0.78
515,3652,365,0.12
516,7722,772,0.37
517,8133,813,0.37
518,9670,967,0.12
519,8097,809,0.20
520,6246,624,0.10
521,6451,645,0.06
522,6821,682,0.02
523,6970,697,0.21
524,7772,777,0.21
525,4238,423,0.04
526,2184,218,0.15
527,6278,627,0.02
528,5104,510,0.04
529,9521,952,0.16
530,7932,793,0.13
531,4487,448,0.20
532,3562,356,0.06
533,8108,810,0.38
534,5266,526,0.02
535,6095,609,0.06
536,5531,553,0.06
537,2059,205,0.11
538,6376,637,0.18
539,1987,198,0.05
540,4802,480,0.13
541,5695,569,0.04
542,10093,1009,0.03
543,6969,696,0.07
544,8196,819,0.13
545,7665,766,0.02
546,3065,306,0.21
547,8484,848,0.02
548,5368,536,0.02
549,1523,152,0.04
550,3169,316,0.04
551,8991,899,0.17
552,1440,144,0.42
553,2252,225,0.03
554,9185,918,0.19
555,7703,770,0.02
556,2959,295,0.19
557,9622,962,0.02
558,1327,132,0.02
559,3197,319,0.02
560,7011,701,0.15
561,4024,402,0.01
562,6562,656,0.18
563,9971,997,0.04
564,6377,637,0.04
565,4209,420,0.04
566,1462,146,0.25
567,3699,369,0.13
568,6935,693,0.42
569,7048,704,0.42
570,8682,868,0.02
571,9571,957,0.29
572,6850,685,0.02
573,2511,251,0.02
574,8479,847,0.39
575,5081,508,0.39
576,6965,696,0.06
577,6884,688,0.07
578,1560,156,0.07
579,2573,257,0.07
580,821,82,0.01
581,8864,886,0.04
582,9779,977,0.06
583,503,50,0.04
584,5238,523,0.02
585,9252,925,0.02
586,8070,807,0.28
587,6887,688,0.04
588,9485,948,0.10
589,2698,269,0.12
590,6613,661,0.38
591,7807,780,0.38
592,2170,217,0.38
593,5884,588,0.10
594,7943,794,0.02
595,5242,524,0.02
596,3960,396,0.02
597,2195,219,0.18
598,8632,863,0.69
599,7098,709,0.37
600,5117,511,0.37
601,8817,881,0.04
602,1171,117,0.04
603,5212,521,0.02
604,5458,545,0.04
605,8093,809,0.28
606,5521,552,0.04
607,4211,421,0.02
608,5339,533,0.12
609,4938,493,0.26
610,1152,115,0.85
611,9282,928,0.12
612,7422,742,0.02
613,6632,663,0.02
614,5752,575,0.12
615,6792,679,0.01
616,4947,494,0.01
617,3219,321,0.35
618,7385,738,0.02
619,2236,223,0.01
620,4249,424,0.32
621,3236,323,0.04
622,5927,592,0.30
623,2838,283,0.74
624,4871,487,0.25
625,5275,527,0.25
626,8273,827,0.40
627,751,75,0.23
628,501,50,0.23
629,8471,847,0.01
630,5532,553,0.01
631,9238,923,0.74
632,8328,832,0.17
633,3467,346,0.21
634,9882,988,0.02
635,2560,256,0.94
636,4111,411,0.08
637,2389,238,0.08
638,5128,512,0.10
639,3220,322,0.02
640,5796,579,0.78
641,4760,476,0.78
642,3797,379,0.14
643,3895,389,0.14
644,2400,240,0.06
645,7699,769,0.48
646,2431,243,0.48
647,4934,493,0.03
648,8894,889,0.39
649,8626,862,0.39
650,3371,337,0.38
651,885,88,0.35
652,8883,888,0.02
653,1236,123,0.68
654,4964,496,0.02
655,9384,938,0.26
656,9789,978,0.11
657,1161,116,0.02
658,6921,692,0.02
659,3566,356,0.14
660,10223,1022,0.02
661,1674,167,0.08
662,7925,792,0.13
663,2389,238,0.04
664,8092,809,0.07
665,2885,288,0.03
666,5263,526,0.03
667,331,33,0.03
668,1726,172,0.01
669,5568,556,0.04
670,8171,817,0.01
671,5247,524,0.03
672,3319,331,0.12
673,3422,342,0.03
674,9876,987,0.01
675,7850,785,0.39
676,6307,630,0.02
677,6447,644,0.14
678,3197,319,0.14
679,7183,718,0.14
680,2978,297,0.14
681,9102,910,0.17
682,5454,545,0.04
683,6653,665,0.06
684,1772,177,0.06
685,4836,483,0.08
686,7756,775,0.04
687,5450,545,0.08
688,520,52,0.08
689,7925,792,0.02
690,4478,447,0.02
691,9547,954,0.02
692,5236,523,0.02
693,4348,434,0.69
694,3044,304,0.02
695,7117,711,0.53
696,4774,477,0.10
697,6343,634,0.04
698,3471,347,0.25
699,6776,677,0.05
700,3159,315,0.02
701,3815,381,0.02
702,5887,588,0.68
703,4981,498,0.03
704,6963,696,0.37
705,8399,839,0.02
706,3000,300,0.02
707,9862,986,0.02
708,6050,605,0.02
709,1589,158,0.02
710,1045,104,0.04
711,995,99,0.10
712,6826,682,0.02
713,1161,116,0.02
714,2855,285,0.09
715,9662,966,0.09
716,5739,573,0.04
717,4391,439,0.02
718,9935,993,0.02
719,2040,204,0.15
720,1232,123,0.31
721,3899,389,0.17
722,2587,258,0.11
723,3491,349,0.06
724,8653,865,0.02
725,4704,470,0.26
726,252,25,0.06
727,3741,374,0.02
728,6585,658,0.06
729,2169,216,0.09
730,3668,366,0.04
731,1888,188,0.35
732,3926,392,0.05
733,3425,342,0.02
734,7047,704,0.04
735,2718,271,0.02
736,1839,183,0.04
737,4277,427,0.02
738,6939,693,0.64
739,9856,985,0.03
740,7684,768,0.03
741,5456,545,0.03
742,7225,722,0.22
743,1090,109,0.22
744,7335,733,0.02
745,8263,826,0.68
746,4982,498,0.09
747,4736,473,0.02
748,419,41,0.07
749,7135,713,0.27
750,1770,177,0.14
751,2501,250,0.14
752,5737,573,0.14
753,9590,959,0.14
754,9831,983,0.12
755,7079,707,0.02
756,731,73,0.02
757,6766,676,0.02
758,1054,105,0.13
759,10015,1001,0.13
760,7627,762,0.03
761,10080,1008,0.06
762,4331,433,0.04
763,2880,288,0.08
764,9490,949,0.02
765,10124,1012,0.44
766,4035,403,0.44
767,5845,584,0.44
768,10086,1008,0.02
769,5527,552,0.21
770,1712,171,0.02
771,9802,980,0.04
772,2242,224,0.08
773,5678,567,0.25
774,3980,398,0.04
775,3319,331,0.06
776,2160,216,0.17
777,6236,623,0.04
778,10030,1003,0.06
779,501,50,0.31
780,5778,577,0.30
781,6815,681,0.30
782,9521,952,0.34
783,9062,906,0.38
784,1200,120,0.38
785,7876,787,0.38
786,1832,183,0.38
787,2294,229,0.27
788,2037,203,0.27
789,2970,297,0.27
790,6227,622,0.02
791,8426,842,0.18
792,4538,453,0.64
793,1106,110,0.64
794,4144,414,0.03
795,8786,878,0.02
796,7488,748,0.01
797,9715,971,0.05
798,8355,835,0.05
799,5025,502,0.08
800,6059,605,0.09
801,3043,304,0.09
802,2167,216,0.18
803,1455,145,0.08
804,10338,1033,0.12
805,9778,977,0.34
806,771,77,0.05
807,9415,941,0.02
808,561,56,0.02
809,10229,1022,0.08
810,2280,228,0.08
811,4419,441,0.02
812,9367,936,0.20
813,6814,681,0.02
814,2409,240,0.09
815,9517,951,0.06
816,1171,117,0.75
817,5609,560,0.09
818,3492,349,0.01
819,4524,452,0.09
820,4728,472,0.78
821,1912,191,0.06
822,6762,676,0.02
823,2916,291,0.04
824,2121,212,0.08
825,8037,803,0.02
826,5913,591,0.02
827,4070,407,0.10
828,6539,653,0.02
829,983,98,0.06
830,3054,305,0.27
831,5225,522,0.27
832,6495,649,0.95
833,4550,455,0.21
834,671,67,0.21
835,243,24,0.21
836,3892,389,0.08
837,4785,478,0.04
838,3179,317,0.06
839,8228,822,0.15
840,2465,246,0.27
841,5556,555,0.07
842,1088,108,0.07
843,8112,811,0.01
844,8455,845,0.01
845,4653,465,0.01
846,6717,671,0.74
847,2919,291,0.02
848,5010,501,0.02
849,5319,531,0.04
850,7239,723,0.01
851,3901,390,0.01
852,1323,132,0.02
853,3740,374,0.15
854,3951,395,0.04
855,805,80,0.79
856,3980,398,0.25
857,8998,899,0.02
858,9299,929,0.02
859,5681,568,0.02
860,6042,604,0.69
861,6832,683,0.10
862,9315,931,0.04
863,10064,1006,0.67
864,6468,646,0.67
865,4398,439,0.08
866,5063,506,0.02
867,7903,790,0.02
868,6618,661,0.02
869,9040,904,0.74
870,363,36,0.74
871,8439,843,0.07
872,5010,501,0.17
873,703,70,0.09
874,7656,765,0.09
875,1028,102,0.02
876,4884,488,0.02
877,416,41,0.09
878,4304,430,0.09
879,4631,463,0.09
880,3189,318,0.09
881,465,46,0.09
882,5753,575,0.09
883,1770,177,0.09
884,7153,715,0.09
885,2585,258,0.02
886,2979,297,0.04
887,8650,865,0.12
888,10184,1018,0.27
889,4871,487,0.02
890,6394,639,0.06
891,4622,462,0.04
892,2959,295,0.34
893,6686,668,0.04
894,4110,411,0.16
895,7029,702,0.02
896,8974,897,0.02
897,7180,718,0.19
898,3630,363,0.01
899,4362,436,0.01
900,696,69,0.03
901,7348,734,0.51
902,1722,172,0.51
903,5749,574,0.07
904,2720,272,0.13
905,437,43,0.03
906,1984,198,0.03
907,3543,354,0.03
908,7347,734,0.02
909,1784,178,0.10
910,886,88,0.10
911,7791,779,0.06
912,8451,845,0.02
913,3741,374,0.06
914,2950,295,0.78
915,9422,942,0.02
916,2281,228,0.02
917,1321,132,0.22
918,1571,157,0.03
919,3803,380,0.04
920,9196,919,0.02
921,4004,400,0.08
922,2825,282,0.08
923,8273,827,0.02
924,2426,242,0.02
925,7210,721,0.02
926,2883,288,0.41
927,5731,573,0.07
928,5710,571,0.36
929,3354,335,0.36
930,9167,916,0.14
931,8793,879,0.08
932,4574,457,0.02
933,419,41,0.03
934,8844,884,0.01
935,459,45,0.18
936,1179,117,0.06
937,10478,1047,0.02
938,1360,136,0.02
939,5235,523,0.02
940,2834,283,0.02
941,3154,315,0.02
942,7737,773,0.55
943,9684,968,0.04
944,6045,604,0.13
945,4731,473,0.06
946,4446,444,0.09
947,7714,771,0.02
948,5697,569,0.15
949,8923,892,0.37
950,797,79,0.37
951,1457,145,0.12
952,1963,196,0.29
953,3556,355,0.03
954,2283,228,0.28
955,878,87,0.01
956,9933,993,0.01
957,4391,439,0.01
958,4970,497,0.02
959,4043,404,0.02
960,9305,930,0.02
961,3951,395,0.08
962,5787,578,0.34
963,1709,170,0.14
964,5547,554,0.02
965,1612,161,0.02
966,3686,368,0.38
967,987,98,0.06
968,4814,481,0.06
969,6808,680,0.04
970,5792,579,0.14
971,1381,138,0.14
972,4421,442,0.04
973,6653,665,0.23
974,9066,906,0.56
975,10011,1001,0.02
976,569,56,0.45
977,4429,442,0.08
978,5722,572,0.03
979,8429,842,0.07
980,6578,657,0.07
981,1682,168,0.18
982,8457,845,0.02
983,9755,975,0.32
984,7936,793,0.05
985,2646,264,0.33
986,8743,874,0.20
987,9723,972,0.65
988,600,60,0.06
989,6493,649,0.06
990,2315,231,0.11
991,4318,431,0.12
992,7738,773,0.02
993,5428,542,0.14
994,9649,964,0.26
995,7592,759,0.02
996,10031,1003,0.02
997,5333,533,0.02
998,9210,921,0.04
999,5253,525,0.89
1000,882,88,0.09
1001,9148,914,0.06
1002,5100,510,0.37
1003,6813,681,0.15
1004,602,60,0.15
1005,6681,668,0.04
1006,971,97,0.47
1007,4655,465,0.18
1008,4383,438,0.04
1009,1458,145,0.32
1010,5268,526,0.06
1011,7278,727,0.08
1012,1091,109,0.89
1013,4155,415,0.29
1014,2732,273,0.02
1015,1445,144,0.02
1016,4173,417,0.11
1017,4684,468,0.17
1018,1559,155,0.06
1019,479,47,0.06
1020,8674,867,0.04
1021,1743,174,0.24
1022,2902,290,0.13
1023,5278,527,0.60
1024,1553,155,0.05
1025,6973,697,0.06
1026,4306,430,0.04
1027,4623,462,0.04
1028,737,73,0.04
1029,5521,552,0.13
1030,3982,398,0.32
1031,8267,826,0.32
1032,2311,231,0.08
1033,1888,188,0.02
1034,9369,936,0.02
1035,2334,233,0.09
1036,5835,583,0.07
1037,7246,724,0.09
1038,2445,244,0.78
1039,7410,741,0.78
1040,4307,430,0.08
1041,6484,648,0.67
1042,10047,1004,0.96
1043,7990,799,0.04
1044,6349,634,0.02
1045,7548,754,0.04
1046,7630,763,0.08
1047,3137,313,0.02
1048,7395,739,0.04
1049,8551,855,0.08
1050,6864,686,0.21
1051,4933,493,0.24
1052,6471,647,0.23
1053,8668,866,0.47
1054,10222,1022,0.14
1055,6544,654,0.30
1056,5689,568,0.04
1057,9919,991,0.04
1058,6267,626,0.07
1059,5283,528,0.04
1060,9035,903,0.11
1061,9728,972,0.05
1062,4798,479,0.23
1063,7739,773,0.02
1064,4833,483,0.24
1065,9841,984,0.62
1066,1706,170,0.02
1067,3546,354,0.15
1068,6928,692,0.15
1069,712,71,0.15
1070,6048,604,0.05
1071,9750,975,0.02
1072,2802,280,0.11
1073,450,45,0.02
1074,1945,194,0.02
1075,5390,539,0.02
1076,6556,655,0.06
1077,9686,968,0.06
1078,3162,316,0.04
1079,5258,525,0.02
1080,2745,274,0.10
1081,3347,334,0.27
1082,9689,968,0.06
1083,8691,869,0.08
1084,5946,594,0.08
1085,8629,862,0.08
1086,3247,324,0.08
1087,2336,233,0.03
1088,3093,309,0.04
1089,9288,928,0.02
1090,2594,259,0.02
1091,5353,535,0.40
1092,9601,960,0.40
1093,4360,436,0.40
1094,3142,314,0.02
1095,5698,569,0.02
1096,3019,301,0.08
1097,6678,667,0.08
1098,699,69,0.02
1099,1872,187,0.07
1100,6931,693,0.05
1101,2856,285,0.05
1102,4226,422,0.19
1103,9965,996,0.73
1104,4335,433,0.04
1105,4856,485,0.06
1106,4044,404,0.02
1107,7132,713,0.02
1108,6023,602,0.05
1109,1112,111,0.61
1110,10089,1008,0.13
1111,7753,775,0.09
1112,1942,194,0.12
1113,1340,134,0.27
1114,954,95,0.06
1115,9965,996,0.07
1116,2538,253,0.07
1117,6916,691,0.22
1118,3328,332,0.18
1119,6113,611,0.02
1120,2080,208,0.17
1121,5506,550,0.17
1122,5123,512,0.57
1123,10106,1010,0.11
1124,3562,356,0.02
1125,4064,406,0.11
1126,3302,330,0.03
1127,9520,952,0.03
1128,8957,895,0.13
1129,10218,1021,0.07
1130,381,38,0.07
1131,8568,856,0.02
1132,3477,347,0.02
1133,796,79,0.07
1134,5979,597,0.30
1135,7959,795,0.02
1136,6680,668,0.02
1137,8330,833,0.02
1138,8736,873,0.04
1139,8240,824,0.09
1140,6069,606,0.04
1141,1495,149,0.18
1142,3627,362,0.06
1143,599,59,0.34
1144,945,94,0.02
1145,5112,511,0.37
1146,2382,238,0.02
1147,10389,1038,0.02
1148,7399,739,0.04
1149,5858,585,0.01
1150,3652,365,0.01
1151,7279,727,0.35
1152,7085,708,0.04
1153,5615,561,0.10
1154,8291,829,0.04
1155,8791,879,0.14
1156,4832,483,0.42
1157,9512,951,0.42
1158,8759,875,0.04
1159,9074,907,0.21
1160,7551,755,0.04
1161,6870,687,0.04
1162,1494,149,0.04
1163,8422,842,0.14
1164,6783,678,0.13
1165,7423,742,0.02
1166,603,60,0.57
1167,896,89,0.18
1168,9081,908,0.04
1169,9644,964,0.15
1170,8864,886,0.37
1171,9894,989,0.02
1172,5440,544,0.08
1173,6029,602,0.02
1174,1261,126,0.02
1175,6297,629,0.01
1176,9992,999,0.01
1177,1093,109,0.06
1178,7165,716,0.34
1179,8263,826,0.02
1180,7966,796,0.02
1181,4231,423,0.06
1182,1057,105,0.13
1183,4906,490,0.36
1184,2796,279,0.08
1185,3310,331,0.02
1186,5455,545,0.06
1187,8565,856,0.04
1188,1452,145,0.04
1189,3700,370,0.17
1190,2988,298,0.08
1191,8497,849,0.08
1192,4259,425,0.50
1193,2849,284,0.03
1194,1039,103,0.06
1195,5690,569,0.06
1196,2618,261,0.14
1197,3663,366,0.37
1198,4692,469,0.04
1199,5088,508,0.02
1200,5092,509,0.40
1201,4089,408,0.06
1202,7092,709,0.06
1203,7775,777,0.06
1204,7716,771,0.04
1205,6796,679,0.04
1206,5161,516,0.09
1207,1294,129,0.02
1208,8080,808,0.10
1209,7653,765,0.10
1210,3457,345,0.11
1211,2979,297,0.15
1212,8267,826,0.05
1213,914,91,0.11
1214,5725,572,0.13
1215,4050,405,0.07
1216,7105,710,0.07
1217,6031,603,0.07
1218,2172,217,0.02
1219,10394,1039,0.09
1220,7356,735,0.04
1221,5311,531,0.04
1222,5924,592,0.04
1223,8758,875,0.06
1224,563,56,0.09
1225,6045,604,0.02
1226,9477,947,0.10
1227,1197,119,0.02
1228,8500,850,0.07
1229,1632,163,0.07
1230,4131,413,0.04
1231,7361,736,0.17
1232,4306,430,0.60
1233,7216,721,0.04
1234,9549,954,0.04
1235,1031,103,0.08
1236,9683,968,0.08
1237,2015,201,0.08
1238,6282,628,0.02
1239,6171,617,0.04
1240,6078,607,0.02
1241,6335,633,0.06
1242,4096,409,0.02
1243,2551,255,0.19
1244,964,96,0.02
1245,3028,302,0.04
1246,5574,557,0.04
1247,5847,584,0.02
1248,2222,222,0.15
1249,2764,276,0.15
1250,1755,175,0.08
1251,8699,869,0.29
1252,4527,452,0.06
1253,10029,1002,0.06
1254,3085,308,0.38
1255,1834,183,0.04
1256,1953,195,0.06
1257,1708,170,0.04
1258,3709,370,0.04
1259,3162,316,0.04
1260,1280,128,0.08
1261,8865,886,0.08
1262,5033,503,0.17
1263,10161,1016,0.07
1264,305,30,0.02
1265,5756,575,0.37
1266,502,50,0.06
1267,7564,756,0.04
1268,1710,171,0.04
1269,2699,269,0.08
1270,7271,727,0.02
1271,9645,964,0.04
1272,5651,565,0.04
1273,7572,757,0.02
1274,7217,721,0.21
1275,6085,608,0.06
1276,4424,442,0.02
1277,3022,302,0.02
1278,6624,662,0.02
1279,4434,443,0.02
1280,1698,169,0.10
1281,4698,469,0.10
1282,7001,700,0.10
1283,4998,499,0.02
1284,4798,479,0.04
1285,732,73,0.36
1286,3360,336,0.02
1287,3831,383,0.15
1288,1379,137,0.03
1289,5470,547,0.02
1290,3107,310,0.27
1291,7036,703,0.27
1292,4007,400,0.04
1293,9814,981,0.02
1294,5193,519,0.06
1295,1050,105,0.03
1296,4714,471,0.01
1297,935,93,0.11
1298,4973,497,0.11
1299,6980,698,0.14
1300,4205,420,0.01
1301,7963,796,0.12
1302,8459,845,0.01
1303,970,97,0.01
1304,8838,883,0.11
1305,5925,592,0.02
1306,6028,602,0.02
1307,7316,731,0.72
1308,9356,935,0.11
1309,5615,561,0.04
1310,6599,659,0.04
1311,5890,589,0.06
1312,4206,420,0.06
1313,9888,988,0.13
1314,1794,179,0.02
1315,4035,403,0.02
1316,2480,248,0.04
1317,1968,196,0.04
1318,5083,508,0.04
1319,7416,741,0.15
1320,2762,276,0.81
1321,4202,420,0.04
1322,3205,320,0.04
1323,6845,684,0.06
1324,4453,445,0.86
1325,5879,587,0.04
1326,3653,365,0.06
1327,8153,815,0.06
1328,1634,163,0.02
1329,973,97,0.07
1330,4060,406,0.03
1331,4103,410,0.03
1332,8534,853,0.03
1333,1174,117,0.15
1334,7579,757,0.19
1335,354,35,0.02
1336,7315,731,0.28
1337,568,56,0.04
1338,7144,714,0.34
1339,9063,906,0.08
1340,7100,710,0.12
1341,9571,957,0.30
1342,9245,924,0.04
1343,589,58,0.30
1344,1650,165,0.38
1345,1214,121,0.08
1346,1176,117,0.06
1347,5136,513,0.08
1348,2486,248,0.06
1349,3724,372,0.39
1350,5303,530,0.39
1351,5358,535,0.06
1352,4058,405,0.09
1353,2055,205,0.48
1354,8555,855,0.06
1355,10138,1013,0.04
1356,6758,675,0.39
1357,6299,629,0.39
1358,9142,914,0.08
1359,6064,606,0.82
1360,9796,979,0.02
1361,477,47,0.33
1362,7794,779,0.33
1363,4017,401,0.03
1364,1074,107,0.03
1365,1666,166,0.02
1366,7267,726,0.02
1367,3145,314,0.02
1368,2684,268,0.06
1369,9371,937,0.02
1370,9533,953,0.08
1371,4543,454,0.09
1372,5575,557,0.02
1373,8389,838,0.02
1374,6235,623,0.19
1375,2926,292,0.19
1376,3034,303,0.04
1377,10079,1007,0.07
1378,567,56,0.02
1379,3704,370,0.02
1380,4668,466,0.02
1381,7335,733,0.02
1382,6960,696,0.02
1383,314,31,0.07
1384,9418,941,0.46
1385,4187,418,0.07
1386,976,97,0.07
1387,5273,527,0.02
1388,6400,640,0.02
1389,9535,953,0.15
1390,9157,915,0.63
1391,2927,292,0.13
1392,695,69,0.13
1393,2741,274,0.11
1394,3503,350,0.13
1395,1922,192,0.01
1396,4749,474,0.01
1397,5200,520,0.01
1398,4000,400,0.02
1399,1490,149,0.13
1400,6194,619,0.77
1401,2753,275,0.02
1402,3604,360,0.04
1403,8754,875,0.02
1404,8804,880,0.02
1405,3171,317,0.07
1406,1109,110,0.29
1407,5176,517,0.29
1408,3197,319,0.02
1409,366,36,0.04
1410,952,95,0.02
1411,405,40,0.48
1412,4091,409,0.48
1413,4955,495,0.48
1414,9814,981,0.02
1415,7663,766,0.08
1416,6412,641,0.14
1417,8071,807,0.09
1418,790,79,0.09
1419,8483,848,0.06
1420,8258,825,0.05
1421,7284,728,0.03
1422,2166,216,0.47
1423,6945,694,0.52
1424,1770,177,0.52
1425,7676,767,0.03
1426,1861,186,0.44
1427,3708,370,0.02
1428,4079,407,0.02
1429,5490,549,0.08
1430,1661,166,0.02
1431,8389,838,0.02
1432,5028,502,0.02
1433,5838,583,0.04
1434,673,67,0.01
1435,3993,399,0.34
1436,4791,479,0.34
1437,8860,886,0.34
1438,8014,801,0.05
1439,7518,751,0.08
1440,2762,276,0.02
1441,6044,604,0.84
1442,1570,157,0.09
1443,1758,175,0.02
1444,8483,848,0.02
1445,2075,207,0.06
1446,1235,123,0.04
1447,7850,785,0.04
1448,5767,576,0.32
1449,8178,817,0.02
1450,7213,721,0.02
1451,7412,741,0.15
1452,488,48,0.34
1453,4569,456,0.28
1454,7305,730,0.03
1455,9810,981,0.29
1456,8816,881,0.04
1457,7511,751,0.04
1458,8370,837,0.32
1459,10219,1021,0.37
1460,9880,988,0.37
1461,2796,279,0.37
1462,4748,474,0.40
1463,5564,556,0.04
1464,3125,312,0.02
1465,556,55,0.80
1466,1892,189,0.02
1467,1045,104,0.33
1468,602,60,0.33
1469,6475,647,0.08
1470,8526,852,0.02
1471,7447,744,0.04
1472,3177,317,0.23
1473,7696,769,0.23
1474,9606,960,0.08
1475,396,39,0.02
1476,6120,612,0.02
1477,7524,752,0.06
1478,8957,895,0.20
1479,5514,551,0.38
1480,2452,245,0.04
1481,6066,606,0.04
1482,6352,635,0.04
1483,6419,641,0.04
1484,8410,841,0.14
1485,1032,103,0.02
1486,8070,807,0.09
1487,1594,159,0.02
1488,4634,463,0.02
1489,10226,1022,0.02
1490,2404,240,0.30
1491,3744,374,0.14
1492,1070,107,0.33
1493,7837,783,0.33
1494,7074,707,0.09
1495,2606,260,0.13
1496,2639,263,0.13
1497,2669,266,0.37
1498,8844,884,0.37
1499,3665,366,0.06
1500,3060,306,0.04
1501,10107,1010,0.64
1502,523,52,0.08
1503,6748,674,0.52
1504,9456,945,0.35
1505,8609,860,0.41
1506,9098,909,0.41
1507,4369,436,0.06
1508,7706,770,0.05
1509,9143,914,0.04
1510,2000,200,0.02
1511,2503,250,0.23
1512,4054,405,0.23
1513,3681,368,0.36
1514,7140,714,0.21
1515,4029,402,0.21
1516,726,72,0.02
1517,9288,928,0.29
1518,5498,549,0.29
1519,6827,682,0.02
1520,6961,696,0.07
1521,7782,778,0.04
1522,3197,319,0.04
1523,9436,943,0.27
1524,8071,807,0.02
1525,3220,322,0.10
1526,8707,870,0.10
1527,1772,177,0.10
1528,610,61,0.06
1529,7807,780,0.06
1530,6831,683,0.04
1531,8741,874,0.04
1532,657,65,0.08
1533,3865,386,0.06
1534,9381,938,0.02
1535,6755,675,0.06
1536,7519,751,0.04
1537,3822,382,0.09
1538,1800,180,0.27
1539,10094,1009,0.23
1540,4764,476,0.35
1541,3152,315,0.06
1542,6997,699,0.06
1543,3952,395,0.06
1544,2418,241,0.08
1545,933,93,0.02
1546,538,53,0.05
1547,3512,351,0.04
1548,9341,934,0.21
1549,8459,845,0.04
1550,3626,362,0.10
1551,8857,885,0.03
1552,4630,463,0.45
1553,5364,536,0.25
1554,3094,309,0.06
1555,533,53,0.17
1556,1642,164,0.17
1557,2914,291,0.38
1558,10053,1005,0.06
1559,10217,1021,0.02
1560,8803,880,0.13
1561,8415,841,0.03
1562,551,55,0.02
1563,6793,679,0.02
1564,8856,885,0.56
1565,8965,896,0.78
1566,7746,774,0.12
1567,4131,413,0.37
1568,570,57,0.37
1569,9304,930,0.12
1570,9362,936,0.20
1571,7916,791,0.10
1572,1891,189,0.06
1573,8731,873,0.02
1574,738,73,0.21
1575,9451,945,0.21
1576,3266,326,0.04
1577,3286,328,0.15
1578,1798,179,0.02
1579,6228,622,0.04
1580,2508,250,0.16
1581,4496,449,0.13
1582,3120,312,0.20
1583,7981,798,0.06
1584,6951,695,0.38
1585,913,91,0.02
1586,4137,413,0.06
1587,8691,869,0.06
1588,3853,385,0.11
1589,5353,535,0.18
1590,790,79,0.05
1591,2693,269,0.13
1592,4905,490,0.04
1593,5933,593,0.03
1594,3773,377,0.07
1595,10002,1000,0.13
1596,9201,920,0.02
1597,8252,825,0.21
1598,2787,278,0.02
1599,3666,366,0.02
1600,2618,261,0.04
1601,4541,454,0.04
1602,2024,202,0.17
1603,3686,368,0.42
1604,860,86,0.03
1605,7954,795,0.19
1606,7058,705,0.02
1607,2879,287,0.19
1608,3761,376,0.02
1609,3441,344,0.02
1610,2679,267,0.02
1611,4964,496,0.15
1612,1935,193,0.01
1613,3930,393,0.18
1614,6707,670,0.04
1615,1369,136,0.04
1616,9252,925,0.04
1617,8518,851,0.25
1618,8075,807,0.13
1619,5926,592,0.42
1620,9925,992,0.42
1621,3297,329,0.02
1622,6056,605,0.29
1623,9271,927,0.02
1624,8142,814,0.02
1625,2342,234,0.39
1626,691,69,0.39
1627,8870,887,0.06
1628,9902,990,0.07
1629,1395,139,0.07
1630,930,93,0.07
1631,3304,330,0.01
1632,2174,217,0.04
1633,5467,546,0.06
1634,6426,642,0.04
1635,2483,248,0.02
1636,4642,464,0.02
1637,5665,566,0.28
1638,4383,438,0.04
1639,6844,684,0.10
1640,4112,411,0.12
1641,3826,382,0.38
1642,5811,581,0.38
1643,2372,237,0.38
1644,7601,760,0.10
1645,1894,189,0.02
1646,7091,709,0.02
1647,778,77,0.02
1648,8654,865,0.18
1649,5147,514,0.69
1650,2500,250,0.37
1651,8084,808,0.37
1652,2068,206,0.04
1653,8995,899,0.04
1654,7668,766,0.02
1655,2246,224,0.04
1656,8808,880,0.28
1657,2532,253,0.04
1658,7378,737,0.02
1659,10130,1013,0.12
1660,2856,285,0.26
1661,6721,672,0.85
1662,8152,815,0.12
1663,2200,220,0.02
1664,2397,239,0.02
1665,9345,934,0.12
1666,2174,217,0.01
1667,2223,222,0.01
1668,6062,606,0.35
1669,7263,726,0.02
1670,4522,452,0.01
1671,6629,662,0.32
1672,7764,776,0.04
1673,3441,344,0.30
1674,5693,569,0.74
1675,2070,207,0.25
1676,9456,945,0.25
1677,3001,300,0.40
1678,4131,413,0.23
1679,4779,477,0.23
1680,610,61,0.01
1681,9801,980,0.01
1682,5695,569,0.74
1683,4935,493,0.17
1684,3078,307,0.21
1685,8187,818,0.02
1686,9841,984,0.94
1687,8027,802,0.08
1688,7975,797,0.08
1689,4214,421,0.10
1690,4109,410,0.02
1691,9848,984,0.78
1692,1662,166,0.78
1693,9338,933,0.14
1694,5905,590,0.14
1695,5650,565,0.06
1696,6062,606,0.48
1697,1293,129,0.48
1698,5834,583,0.03
1699,1733,173,0.39
1700,8003,800,0.39
1701,8715,871,0.38
1702,9974,997,0.35
1703,9729,972,0.02
1704,4056,405,0.68
1705,6847,684,0.02
1706,4558,455,0.26
1707,7186,718,0.11
1708,7843,784,0.02
1709,7193,719,0.02
1710,8726,872,0.14
1711,8479,847,0.02
1712,5140,514,0.08
1713,9829,982,0.13
1714,6755,675,0.04
1715,9145,914,0.07
1716,7006,700,0.03
1717,5151,515,0.03
1718,3673,367,0.03
1719,7267,726,0.01
1720,6315,631,0.04
1721,6298,629,0.01
1722,7603,760,0.03
1723,7912,791,0.12
1724,9991,999,0.03
1725,8618,861,0.01
1726,9276,927,0.39
1727,915,91,0.02
1728,2526,252,0.14
1729,10121,1012,0.14
1730,2919,291,0.14
1731,899,89,0.14
1732,6163,616,0.17
1733,4925,492,0.04
1734,2693,269,0.06
1735,2533,253,0.06
1736,10185,1018,0.08
1737,8812,881,0.04
1738,5946,594,0.08
1739,2749,274,0.08
1740,8925,892,0.02
1741,2187,218,0.02
1742,9800,980,0.02
1743,6126,612,0.02
1744,5515,551,0.69
1745,7764,776,0.02
1746,8675,867,0.53
1747,6071,607,0.10
1748,6735,673,0.04
1749,4374,437,0.25
1750,5679,567,0.05
1751,2487,248,0.02
1752,2441,244,0.02
1753,7595,759,0.68
1754,10196,1019,0.03
1755,8358,835,0.37
1756,1499,149,0.02
1757,8616,861,0.02
1758,3302,330,0.02
1759,4309,430,0.02
1760,10337,1033,0.02
1761,5260,526,0.04
1762,3889,388,0.10
1763,6013,601,0.02
1764,9830,983,0.02
1765,4726,472,0.09
1766,8696,869,0.09
1767,3655,365,0.04
1768,4390,439,0.02
1769,8772,877,0.02
1770,9595,959,0.15
1771,2178,217,0.31
1772,10016,1001,0.17
1773,7810,781,0.11
1774,1634,163,0.06
1775,2067,206,0.02
1776,8577,857,0.26
1777,7127,712,0.06
1778,8191,819,0.02
1779,8977,897,0.06
1780,1668,166,0.09
1781,7277,727,0.04
1782,8677,867,0.35
1783,4992,499,0.05
1784,10296,1029,0.02
1785,2408,240,0.04
1786,4879,487,0.02
1787,6676,667,0.04
1788,7296,729,0.02
1789,8116,811,0.64
1790,6729,672,0.03
1791,9627,962,0.03
1792,6268,626,0.03
1793,10006,1000,0.22
1794,7927,792,0.22
1795,7905,790,0.02
1796,9926,992,0.68
1797,7251,725,0.09
1798,1727,172,0.02
1799,7580,758,0.07
1800,6317,631,0.27
1801,3873,387,0.14
1802,1602,160,0.14
1803,8853,885,0.14
1804,6909,690,0.14
1805,4685,468,0.12
1806,5611,561,0.02
1807,8992,899,0.02
1808,9412,941,0.02
1809,2328,232,0.13
1810,5199,519,0.13
1811,3987,398,0.03
1812,3773,377,0.06
1813,7861,786,0.04
1814,583,58,0.08
1815,740,74,0.02
1816,6728,672,0.44
1817,9863,986,0.44
1818,4042,404,0.44
1819,7838,783,0.02
1820,8621,862,0.21
1821,3199,319,0.02
1822,9132,913,0.04
1823,9428,942,0.08
1824,4940,494,0.25
1825,4885,488,0.04
1826,7115,711,0.06
1827,6931,693,0.17
1828,9990,999,0.04
1829,4721,472,0.06
1830,5117,511,0.31
1831,9644,964,0.30
1832,6034,603,0.30
1833,7248,724,0.34
1834,5434,543,0.38
1835,5448,544,0.38
1836,7565,756,0.38
1837,1100,110,0.38
1838,7596,759,0.27
1839,8456,845,0.27
1840,6268,626,0.27
1841,3956,395,0.02
1842,2344,234,0.18
1843,7243,724,0.64
1844,10012,1001,0.64
1845,6371,637,0.03
1846,2391,239,0.02
1847,8627,862,0.01
1848,878,87,0.05
1849,8019,801,0.05
1850,7337,733,0.08
1851,2336,233,0.09
1852,3218,321,0.09
1853,6472,647,0.18
1854,4468,446,0.08
1855,2348,234,0.12
1856,2197,219,0.34
1857,9677,967,0.05
1858,340,34,0.02
1859,9848,984,0.02
1860,4131,413,0.08
1861,9936,993,0.08
1862,5987,598,0.02
1863,361,36,0.20
1864,1571,157,0.02
1865,1462,146,0.09
1866,1840,184,0.06
1867,6339,633,0.75
1868,3597,359,0.09
1869,1215,121,0.01
1870,4247,424,0.09
1871,2912,291,0.78
1872,5036,503,0.06
1873,1358,135,0.02
1874,1017,101,0.04
1875,6115,611,0.08
1876,453,45,0.02
1877,6018,601,0.02
1878,8250,825,0.10
1879,2205,220,0.02
1880,5826,582,0.06
1881,4267,426,0.27
1882,7525,752,0.27
1883,9323,932,0.95
1884,7618,761,0.21
1885,572,57,0.21
1886,8666,866,0.21
1887,4308,430,0.08
1888,2341,234,0.04
1889,4762,476,0.06
1890,2219,221,0.15
1891,6809,680,0.27
1892,4455,445,0.07
1893,5158,515,0.07
1894,3985,398,0.01
1895,7936,793,0.01
1896,8525,852,0.01
1897,3775,377,0.74
1898,9820,982,0.02
1899,1199,119,0.02
1900,8186,818,0.04
1901,5775,577,0.01
1902,8582,858,0.01
1903,9618,961,0.02
1904,5167,516,0.15
1905,5061,506,0.04
1906,8921,892,0.79
1907,2004,200,0.25
1908,9793,979,0.02
1909,9937,993,0.02
1910,4923,492,0.02
1911,4243,424,0.69
1912,4067,406,0.10
1913,7856,785,0.04
1914,2350,235,0.67
1915,1118,111,0.67
1916,5593,559,0.08
1917,8549,854,0.02
1918,4740,474,0.02
1919,2761,276,0.02
1920,963,96,0.74
1921,7128,712,0.74
1922,295,29,0.07
1923,1798,179,0.17
1924,744,74,0.09
1925,2459,245,0.09
1926,7855,785,0.02
1927,9643,964,0.02
1928,10240,1024,0.09
1929,9439,943,0.09
1930,9423,942,0.09
1931,7234,723,0.09
1932,7634,763,0.09
1933,5361,536,0.09
1934,2219,221,0.09
1935,1208,120,0.09
1936,2576,257,0.02
1937,2800,280,0.04
1938,5527,552,0.12
1939,2349,234,0.27
1940,2446,244,0.02
1941,8627,862,0.06
1942,5376,537,0.04
1943,1171,117,0.34
1944,1476,147,0.04
1945,9057,905,0.16
1946,7210,721,0.02
1947,903,90,0.02
1948,3681,368,0.19
1949,8749,874,0.01
1950,5667,566,0.01
1951,8783,878,0.03
1952,8883,888,0.51
1953,4298,429,0.51
1954,8695,869,0.07
1955,1362,136,0.13
1956,6488,648,0.03
1957,5571,557,0.03
1958,9478,947,0.03
1959,1115,111,0.02
1960,896,89,0.10
1961,3850,385,0.10
1962,9953,995,0.06
1963,3433,343,0.02
1964,9320,932,0.06
1965,7134,713,0.78
1966,2145,214,0.02
1967,4659,465,0.02
1968,335,33,0.22
1969,5367,536,0.03
1970,1538,153,0.04
1971,3543,354,0.02
1972,5035,503,0.08
1973,1286,128,0.08
1974,2139,213,0.02
1975,3074,307,0.02
1976,5181,518,0.02
1977,10101,1010,0.41
1978,1068,106,0.07
1979,7417,741,0.36
1980,10022,1002,0.36
1981,9751,975,0.14
1982,1696,169,0.08
1983,7714,771,0.02
1984,9542,954,0.03
1985,5762,576,0.01
1986,9992,999,0.18
1987,3686,368,0.06
1988,854,85,0.02
1989,5491,549,0.02
1990,9693,969,0.02
1991,3362,336,0.02
1992,3419,341,0.02
1993,8462,846,0.55
1994,4158,415,0.04
1995,2883,288,0.13
1996,10124,1012,0.06
1997,4011,401,0.09
1998,5422,542,0.02
1999,9939,993,0.15
2000,8526,852,0.37
2001,603,60,0.37
2002,8265,826,0.12
2003,3375,337,0.29
2004,6331,633,0.03
2005,6887,688,0.28
2006,1372,137,0.01
2007,3885,388,0.01
2008,2155,215,0.01
2009,1405,140,0.02
2010,4051,405,0.02
2011,1458,145,0.02
2012,2959,295,0.08
2013,7468,746,0.34
2014,4899,489,0.14
2015,8444,844,0.02
2016,6954,695,0.02
2017,283,28,0.38
2018,8648,864,0.06
2019,4349,434,0.06
2020,10285,1028,0.04
2021,4291,429,0.14
2022,6950,695,0.14
2023,8375,837,0.04
2024,5108,510,0.23
2025,9507,950,0.56
2026,8690,869,0.02
2027,3464,346,0.45
2028,4290,429,0.08
2029,5066,506,0.03
2030,2666,266,0.07
2031,4669,466,0.07
2032,9400,940,0.18
2033,8396,839,0.02
2034,4648,464,0.32
2035,800,80,0.05
2036,2269,226,0.33
2037,8323,832,0.20
2038,7074,707,0.65
2039,4941,494,0.06
2040,6572,657,0.06
2041,7869,786,0.11
2042,4611,461,0.12
2043,1669,166,0.02
2044,4150,415,0.14
2045,4435,443,0.26
2046,4288,428,0.02
2047,1446,144,0.02
2048,5760,576,0.02
2049,2442,244,0.04
2050,4961,496,0.89
2051,351,35,0.09
2052,2756,275,0.06
2053,5208,520,0.37
2054,2735,273,0.15
2055,8089,808,0.15
2056,2904,290,0.04
2057,2103,210,0.47
2058,6617,661,0.18
2059,5952,595,0.04
2060,814,81,0.32
2061,9744,974,0.06
2062,7781,778,0.08
2063,5123,512,0.89
2064,4490,449,0.29
2065,5218,521,0.02
2066,7793,779,0.02
2067,6860,686,0.11
2068,9989,998,0.17
2069,2863,286,0.06
2070,9600,960,0.06
2071,8581,858,0.04
2072,4624,462,0.24
2073,1314,131,0.13
2074,3804,380,0.60
2075,2939,293,0.05
2076,9070,907,0.06
2077,6560,656,0.04
2078,7987,798,0.04
2079,2921,292,0.04
2080,8403,840,0.13
2081,8026,802,0.32
2082,7956,795,0.32
2083,8207,820,0.08
2084,8142,814,0.02
2085,10219,1021,0.02
2086,2754,275,0.09
2087,380,38,0.07
2088,2854,285,0.09
2089,5554,555,0.78
2090,5640,564,0.78
2091,5813,581,0.08
2092,10341,1034,0.67
2093,9995,999,0.96
2094,8749,874,0.04
2095,5623,562,0.02
2096,542,54,0.04
2097,1155,115,0.08
2098,9128,912,0.02
2099,2477,247,0.04
2100,5246,524,0.08
2101,3829,382,0.21
2102,4104,410,0.24
2103,1662,166,0.23
2104,10101,1010,0.47
2105,3040,304,0.14
2106,7742,774,0.30
2107,1120,112,0.04
2108,6151,615,0.04
2109,6028,602,0.07
2110,6702,670,0.04
2111,7827,782,0.11
2112,8494,849,0.05
2113,10070,1007,0.23
2114,8883,888,0.02
2115,2919,291,0.24
2116,2175,217,0.62
2117,7890,789,0.02
2118,2233,223,0.15
2119,5714,571,0.15
2120,3268,326,0.15
2121,3179,317,0.05
2122,8711,871,0.02
2123,2092,209,0.11
2124,3537,353,0.02
2125,437,43,0.02
2126,3807,380,0.02
2127,4849,484,0.06
2128,2579,257,0.06
2129,823,82,0.04
2130,5689,568,0.02
2131,4246,424,0.10
2132,596,59,0.27
2133,7995,799,0.06
2134,6310,631,0.08
2135,2838,283,0.08
2136,5530,553,0.08
2137,1836,183,0.08
2138,8987,898,0.03
2139,7266,726,0.04
2140,2753,275,0.02
2141,844,84,0.02
2142,1871,187,0.40
2143,10041,1004,0.40
2144,7153,715,0.40
2145,7406,740,0.02
2146,6221,622,0.02
2147,6463,646,0.08
2148,6091,609,0.08
2149,3023,302,0.02
2150,3465,346,0.07
2151,5520,552,0.05
2152,4990,499,0.05
2153,5732,573,0.19
2154,7826,782,0.73
2155,4296,429,0.04
2156,5463,546,0.06
2157,4416,441,0.02
2158,3007,300,0.02
2159,5091,509,0.05
2160,2855,285,0.61
2161,5684,568,0.13
2162,2115,211,0.09
2163,7978,797,0.12
2164,2350,235,0.27
2165,1012,101,0.06
2166,5353,535,0.07
2167,1305,130,0.07
2168,7471,747,0.22
2169,4437,443,0.18
2170,3624,362,0.02
2171,8223,822,0.17
2172,7817,781,0.17
2173,5355,535,0.57
2174,1737,173,0.11
2175,5520,552,0.02
2176,4109,410,0.11
2177,5849,584,0.03
2178,1279,127,0.03
2179,8694,869,0.13
2180,1261,126,0.07
2181,7775,777,0.07
2182,8725,872,0.02
2183,4771,477,0.02
2184,795,79,0.07
2185,1156,115,0.30
2186,2414,241,0.02
2187,7540,754,0.02
2188,1167,116,0.02
2189,579,57,0.04
2190,10047,1004,0.09
2191,6605,660,0.04
2192,6334,633,0.18
2193,6125,612,0.06
2194,6461,646,0.34
2195,7158,715,0.02
2196,7160,716,0.37
2197,7006,700,0.02
2198,6925,692,0.02
2199,5162,516,0.04
2200,5859,585,0.01
2201,3106,310,0.01
2202,9818,981,0.35
2203,9171,917,0.04
2204,6626,662,0.10
2205,2107,210,0.04
2206,4533,453,0.14
2207,2580,258,0.42
2208,6788,678,0.42
2209,10411,1041,0.04
2210,8327,832,0.21
2211,1956,195,0.04
2212,3082,308,0.04
2213,3738,373,0.04
2214,2993,299,0.14
2215,8233,823,0.13
2216,2690,269,0.02
2217,3322,332,0.57
2218,5670,567,0.18
2219,5939,593,0.04
2220,3490,349,0.15
2221,5059,505,0.37
2222,7712,771,0.02
2223,2129,212,0.08
2224,5204,520,0.02
2225,6818,681,0.02
2226,6906,690,0.01
2227,5004,500,0.01
2228,7349,734,0.06
2229,7234,723,0.34
2230,8094,809,0.02
2231,6765,676,0.02
2232,1387,138,0.06
2233,3041,304,0.13
2234,7886,788,0.36
2235,3189,318,0.08
2236,5245,524,0.02
2237,3794,379,0.06
2238,6910,691,0.04
2239,2808,280,0.04
2240,9511,951,0.17
2241,6442,644,0.08
2242,5172,517,0.08
2243,6420,642,0.50
2244,10134,1013,0.03
2245,3771,377,0.06
2246,2980,298,0.06
2247,4267,426,0.14
2248,2209,220,0.37
2249,3047,304,0.04
2250,1698,169,0.02
2251,9235,923,0.40
2252,2141,214,0.06
2253,3331,333,0.06
2254,5251,525,0.06
2255,5510,551,0.04
2256,6424,642,0.04
2257,628,62,0.09
2258,4383,438,0.02
2259,10012,1001,0.10
2260,7396,739,0.10
2261,7828,782,0.11
2262,10094,1009,0.15
2263,594,59,0.05
2264,9510,951,0.11
2265,4375,437,0.13
2266,6416,641,0.07
2267,5383,538,0.07
2268,3766,376,0.07
2269,2722,272,0.02
2270,1127,112,0.09
2271,4233,423,0.04
2272,9060,906,0.04
2273,9585,958,0.04
2274,8353,835,0.06
2275,7310,731,0.09
2276,5338,533,0.02
2277,9487,948,0.10
2278,370,37,0.02
2279,3146,314,0.07
2280,1366,136,0.07
2281,845,84,0.04
2282,5524,552,0.17
2283,2584,258,0.60
2284,5246,524,0.04
2285,4846,484,0.04
2286,7716,771,0.08
2287,8366,836,0.08
2288,3829,382,0.08
2289,7476,747,0.02
2290,2496,249,0.04
2291,2560,256,0.02
2292,9275,927,0.06
2293,3841,384,0.02
2294,294,29,0.19
2295,9549,954,0.02
2296,8565,856,0.04
2297,1437,143,0.04
2298,976,97,0.02
2299,1391,139,0.15
2300,8950,895,0.15
2301,852,85,0.08
2302,9184,918,0.29
2303,8356,835,0.06
2304,8018,801,0.06
2305,8186,818,0.38
2306,1793,179,0.04
2307,5560,556,0.06
2308,611,61,0.04
2309,3153,315,0.04
2310,2390,239,0.04
2311,8549,854,0.08
2312,8592,859,0.08
2313,10023,1002,0.17
2314,6882,688,0.07
2315,1503,150,0.02
2316,2162,216,0.37
2317,3733,373,0.06
2318,7294,729,0.04
2319,2632,263,0.04
2320,115,11,0.08
2321,435,43,0.02
2322,2508,250,0.04
2323,4704,470,0.04
2324,8012,801,0.02
2325,9280,928,0.21
2326,6577,657,0.06
2327,5095,509,0.02
2328,10076,1007,0.02
2329,7026,702,0.02
2330,5291,529,0.02
2331,5114,511,0.10
2332,1269,126,0.10
2333,5785,578,0.10
2334,7371,737,0.02
2335,7571,757,0.04
2336,2427,242,0.36
2337,2080,208,0.02
2338,4859,485,0.15
2339,3036,303,0.03
2340,10472,1047,0.02
2341,5429,542,0.27
2342,9579,957,0.27
2343,9706,970,0.04
2344,4836,483,0.02
2345,9009,900,0.06
2346,7224,722,0.03
2347,9442,944,0.01
2348,3486,348,0.11
2349,2204,220,0.11
2350,3802,380,0.14
2351,3853,385,0.01
2352,809,80,0.12
2353,1307,130,0.01
2354,6265,626,0.01
2355,7278,727,0.11
2356,6815,681,0.02
2357,4178,417,0.02
2358,1885,188,0.72
2359,2375,237,0.11
2360,1290,129,0.04
2361,9469,946,0.04
2362,7832,783,0.06
2363,954,95,0.06
2364,9447,944,0.13
2365,8993,899,0.02
2366,6850,685,0.02
2367,4563,456,0.04
2368,5401,540,0.04
2369,1902,190,0.04
2370,9878,987,0.15
2371,7136,713,0.81
2372,1839,183,0.04
2373,3252,325,0.04
2374,7377,737,0.06
2375,761,76,0.86
2376,1733,173,0.04
2377,4732,473,0.06
2378,9894,989,0.06
2379,2051,205,0.02
2380,1961,196,0.07
2381,10007,1000,0.03
2382,3161,316,0.03
2383,5604,560,0.03
2384,8743,874,0.15
2385,4899,489,0.19
2386,4304,430,0.02
2387,851,85,0.28
2388,3471,347,0.04
2389,9345,934,0.34
2390,8358,835,0.08
2391,7310,731,0.12
2392,2981,298,0.30
2393,7060,706,0.04
2394,3601,360,0.30
2395,6005,600,0.38
2396,1518,151,0.08
2397,7726,772,0.06
2398,6336,633,0.08
2399,1140,114,0.06
2400,5191,519,0.39
2401,8450,845,0.39
2402,617,61,0.06
2403,1601,160,0.09
2404,6075,607,0.48
2405,5869,586,0.06
2406,8676,867,0.04
2407,6868,686,0.39
2408,6200,620,0.39
2409,5228,522,0.08
2410,7817,781,0.82
2411,1894,189,0.02
2412,2713,271,0.33
2413,8135,813,0.33
2414,2999,299,0.03
2415,6606,660,0.03
2416,9789,978,0.02
2417,9176,917,0.02
2418,6265,626,0.02
2419,8166,816,0.06
2420,8838,883,0.02
2421,705,70,0.08
2422,5661,566,0.09
2423,8708,870,0.02
2424,9312,931,0.02
2425,4934,493,0.19
2426,5668,566,0.19
2427,3448,344,0.04
2428,9668,966,0.07
2429,5318,531,0.02
2430,5054,505,0.02
2431,4924,492,0.02
2432,7888,788,0.02
2433,4023,402,0.02
2434,2201,220,0.07
2435,10192,1019,0.46
2436,9921,992,0.07
2437,4561,456,0.07
2438,830,83,0.02
2439,8837,883,0.02
2440,7016,701,0.15
2441,7403,740,0.63
2442,4802,480,0.13
2443,430,43,0.13
2444,6108,610,0.11
2445,10251,1025,0.13
2446,4455,445,0.01
2447,6600,660,0.01
2448,5178,517,0.01
2449,3191,319,0.02
2450,8846,884,0.13
2451,7095,709,0.77
2452,5611,561,0.02
2453,9425,942,0.04
2454,8618,861,0.02
2455,1976,197,0.02
2456,2849,284,0.07
2457,6619,661,0.29
2458,3110,311,0.29
2459,10018,1001,0.02
2460,5790,579,0.04
2461,7922,792,0.02
2462,5287,528,0.48
2463,4385,438,0.48
2464,6963,696,0.48
2465,2122,212,0.02
2466,7765,776,0.08
2467,7672,767,0.14
2468,2569,256,0.09
2469,5713,571,0.09
2470,9363,936,0.06
2471,5570,557,0.05
2472,7364,736,0.03
2473,1544,154,0.47
2474,526,52,0.52
2475,3376,337,0.52
2476,2174,217,0.03
2477,2481,248,0.44
2478,8713,871,0.02
2479,9854,985,0.02
2480,7201,720,0.08
2481,9830,983,0.02
2482,9305,930,0.02
2483,3190,319,0.02
2484,3000,300,0.04
2485,812,81,0.01
2486,4226,422,0.34
2487,1656,165,0.34
2488,8193,819,0.34
2489,6207,620,0.05
2490,1311,131,0.08
2491,4287,428,0.02
2492,5953,595,0.84
2493,9502,950,0.09
2494,585,58,0.02
2495,6072,607,0.02
2496,6554,655,0.06
2497,1407,140,0.04
2498,5644,564,0.04
2499,1302,130,0.32
2500,5853,585,0.02
2501,9542,954,0.02
2502,6344,634,0.15
2503,7127,712,0.34
2504,2146,214,0.28
2505,3010,301,0.03
2506,3307,330,0.29
2507,10009,1000,0.04
2508,3732,373,0.04
2509,9064,906,0.32
2510,9894,989,0.37
2511,5167,516,0.37
2512,7959,795,0.37
2513,1547,154,0.40
2514,7185,718,0.04
2515,6767,676,0.02
2516,346,34,0.80
2517,1676,167,0.02
2518,808,80,0.33
2519,1173,117,0.33
2520,9506,950,0.08
2521,6435,643,0.02
2522,9151,915,0.04
2523,8992,899,0.23
2524,1548,154,0.23
2525,4227,422,0.08
2526,5168,516,0.02
2527,7866,786,0.02
2528,590,59,0.06
2529,3443,344,0.20
2530,2578,257,0.38
2531,1185,118,0.04
2532,4181,418,0.04
2533,5343,534,0.04
2534,3112,311,0.04
2535,10329,1032,0.14
2536,6869,686,0.02
2537,8282,828,0.09
2538,9566,956,0.02
2539,7713,771,0.02
2540,1438,143,0.02
2541,8100,810,0.30
2542,8888,888,0.14
2543,7020,702,0.33
2544,1717,171,0.33
2545,3128,312,0.09
2546,5600,560,0.13
2547,5152,515,0.13
2548,9066,906,0.37
2549,6552,655,0.37
2550,3081,308,0.06
2551,5686,568,0.04
2552,1274,127,0.64
2553,4290,429,0.08
2554,7539,753,0.52
2555,7844,784,0.35
2556,8791,879,0.41
2557,7534,753,0.41
2558,5199,519,0.06
2559,9680,968,0.05
2560,5911,591,0.04
2561,8704,870,0.02
2562,4273,427,0.23
2563,7969,796,0.23
2564,9732,973,0.36
2565,1706,170,0.21
2566,8953,895,0.21
2567,7566,756,0.02
2568,8229,822,0.29
2569,5375,537,0.29
2570,5706,570,0.02
2571,9440,944,0.07
2572,4382,438,0.04
2573,4515,451,0.04
2574,7966,796,0.27
2575,7745,774,0.02
2576,5552,555,0.10
2577,2711,271,0.10
2578,989,98,0.10
2579,8622,862,0.06
2580,1126,112,0.06
2581,3509,350,0.04
2582,8968,896,0.04
2583,8907,890,0.08
2584,7604,760,0.06
2585,7682,768,0.02
2586,2887,288,0.06
2587,3550,355,0.04
2588,5716,571,0.09
2589,6547,654,0.27
2590,2105,210,0.23
2591,6915,691,0.35
2592,4840,484,0.06
2593,6069,606,0.06
2594,6556,655,0.06
2595,4506,450,0.08
2596,773,77,0.02
2597,2695,269,0.05
2598,10353,1035,0.04
2599,8204,820,0.21
2600,3280,328,0.04
2601,9276,927,0.10
2602,9261,926,0.03
2603,1327,132,0.45
2604,2144,214,0.25
2605,184,18,0.06
2606,2409,240,0.17
2607,1295,129,0.17
2608,2159,215,0.38
2609,9104,910,0.06
2610,7992,799,0.02
2611,3654,365,0.13
2612,10424,1042,0.03
2613,4065,406,0.02
2614,5152,515,0.02
2615,3073,307,0.56
2616,7512,751,0.78
2617,2542,254,0.12
2618,1539,153,0.37
2619,9179,917,0.37
2620,7132,713,0.12
2621,6119,611,0.20
2622,4433,443,0.10
2623,2624,262,0.06
2624,9751,975,0.02
2625,2212,221,0.21
2626,3955,395,0.21
2627,7080,708,0.04
2628,7643,764,0.15
2629,2449,244,0.02
2630,4750,475,0.04
2631,7027,702,0.16
2632,8005,800,0.13
2633,8140,814,0.20
2634,9350,935,0.06
2635,5407,540,0.38
2636,8682,868,0.02
2637,8736,873,0.06
2638,5345,534,0.06
2639,6291,629,0.11
2640,203,20,0.18
2641,5090,509,0.05
2642,2836,283,0.13
2643,2420,242,0.04
2644,1406,140,0.03
2645,3383,338,0.07
2646,8780,878,0.13
2647,4453,445,0.02
2648,1375,137,0.21
2649,3010,301,0.02
2650,5244,524,0.02
2651,7172,717,0.04
2652,2646,264,0.04
2653,1216,121,0.17
2654,9424,942,0.42
2655,9764,976,0.03
2656,5843,584,0.19
2657,3439,343,0.02
2658,1107,110,0.19
2659,1698,169,0.02
2660,7698,769,0.02
2661,4383,438,0.02
2662,1762,176,0.15
2663,390,39,0.01
2664,4268,426,0.18
2665,5836,583,0.04
2666,7799,779,0.04
2667,5126,512,0.04
2668,2237,223,0.25
2669,8892,889,0.13
2670,7930,793,0.42
2671,6957,695,0.42
2672,7602,760,0.02
2673,144,14,0.29
2674,7682,768,0.02
2675,5557,555,0.02
2676,3813,381,0.39
2677,1991,199,0.39
2678,6407,640,0.06
2679,1306,130,0.07
2680,3843,384,0.07
2681,3385,338,0.07
2682,2276,227,0.01
2683,574,57,0.04
2684,6823,682,0.06
2685,4822,482,0.04
2686,8776,877,0.02
2687,6840,684,0.02
2688,4954,495,0.28
2689,1801,180,0.04
2690,8993,899,0.10
2691,6561,656,0.12
2692,2768,276,0.38
2693,2966,296,0.38
2694,9931,993,0.38
2695,8150,815,0.10
2696,1893,189,0.02
2697,4128,412,0.02
2698,2327,232,0.02
2699,625,62,0.18
2700,538,53,0.69
2701,1495,149,0.37
2702,8292,829,0.37
2703,5512,551,0.04
2704,1708,170,0.04
2705,2164,216,0.02
2706,7694,769,0.04
2707,9872,987,0.28
2708,586,58,0.04
2709,684,68,0.02
2710,5083,508,0.12
2711,7402,740,0.26
2712,2508,250,0.85
2713,5035,503,0.12
2714,6467,646,0.02
2715,9223,922,0.02
2716,6246,624,0.12
2717,6848,684,0.01
2718,6248,624,0.01
2719,639,63,0.35
2720,2674,267,0.02
2721,10224,1022,0.01
2722,9307,930,0.32
2723,7633,763,0.04
2724,1101,110,0.30
2725,5501,550,0.74
2726,1913,191,0.25
2727,1972,197,0.25
2728,8851,885,0.40
2729,4839,483,0.23
2730,2396,239,0.23
2731,4099,409,0.01
2732,7476,747,0.01
2733,1878,187,0.74
2734,2041,204,0.17
2735,2015,201,0.21
2736,9294,929,0.02
2737,6860,686,0.94
2738,2584,258,0.08
2739,7605,760,0.08
2740,8966,896,0.10
2741,8424,842,0.02
2742,7499,749,0.78
2743,815,81,0.78
2744,7524,752,0.14
2745,4768,476,0.14
2746,286,28,0.06
2747,6305,630,0.48
2748,1452,145,0.48
2749,3950,395,0.03
2750,1042,104,0.39
2751,2245,224,0.39
2752,8996,899,0.38
2753,9555,955,0.35
2754,1557,155,0.02
2755,2329,232,0.68
2756,5934,593,0.02
2757,1929,192,0.26
2758,942,94,0.11
2759,4317,431,0.02
2760,1492,149,0.02
2761,1319,131,0.14
2762,733,73,0.02
2763,2666,266,0.08
2764,4333,433,0.13
2765,8493,849,0.04
2766,8789,878,0.07
2767,9561,956,0.03
2768,3816,381,0.03
2769,9458,945,0.03
2770,4794,479,0.01
2771,3621,362,0.04
2772,6037,603,0.01
2773,7575,757,0.03
2774,8269,826,0.12
2775,2549,254,0.03
2776,1265,126,0.01
2777,8930,893,0.39
2778,1570,157,0.02
2779,9557,955,0.14
2780,4043,404,0.14
2781,5001,500,0.14
2782,7751,775,0.14
2783,9652,965,0.17
2784,5054,505,0.04
2785,9594,959,0.06
2786,9359,935,0.06
2787,3982,398,0.08
2788,3334,333,0.04
2789,4042,404,0.08
2790,7890,789,0.08
2791,1426,142,0.02
2792,9077,907,0.02
2793,5274,527,0.02
2794,8353,835,0.02
2795,6936,693,0.69
2796,651,65,0.02
2797,7754,775,0.53
2798,6508,650,0.10
2799,1024,102,0.04
2800,7139,713,0.25
2801,2572,257,0.05
2802,7037,703,0.02
2803,6767,676,0.02
2804,7366,736,0.68
2805,5488,548,0.03
2806,5302,530,0.37
2807,8528,852,0.02
2808,3888,388,0.02
2809,4676,467,0.02
2810,2715,271,0.02
2811,5491,549,0.02
2812,6153,615,0.04
2813,3609,360,0.10
2814,4468,446,0.02
2815,1523,152,0.02
2816,7117,711,0.09
2817,6837,683,0.09
2818,1794,179,0.04
2819,3621,362,0.02
2820,6983,698,0.02
2821,5730,573,0.15
2822,2951,295,0.31
2823,6673,667,0.17
2824,5298,529,0.11
2825,2595,259,0.06
2826,4972,497,0.02
2827,1286,128,0.26
2828,3168,316,0.06
2829,9156,915,0.02
2830,8532,853,0.06
2831,8222,822,0.09
2832,3887,388,0.04
2833,9993,999,0.35
2834,9885,988,0.05
2835,9718,971,0.02
2836,6161,616,0.04
2837,753,75,0.02
2838,9930,993,0.04
2839,8592,859,0.02
2840,7564,756,0.64
2841,714,71,0.03
2842,8574,857,0.03
2843,2482,248,0.03
2844,9087,908,0.22
2845,4016,401,0.22
2846,6288,628,0.02
2847,4426,442,0.68
2848,4686,468,0.09
2849,6296,629,0.02
2850,1633,163,0.07
2851,9452,945,0.27
2852,6969,696,0.14
2853,9369,936,0.14
2854,731,73,0.14
2855,1208,120,0.14
2856,4233,423,0.12
2857,1989,198,0.02
2858,3683,368,0.02
2859,9404,940,0.02
2860,3483,348,0.13
2861,5830,583,0.13
2862,10054,1005,0.03
2863,5526,552,0.06
2864,9298,929,0.04
2865,2632,263,0.08
2866,2272,227,0.02
2867,3266,326,0.44
2868,9737,973,0.44
2869,6431,643,0.44
2870,7498,749,0.02
2871,7925,792,0.21
2872,4804,480,0.02
2873,1489,148,0.04
2874,4474,447,0.08
2875,6275,627,0.25
2876,9114,911,0.04
2877,2615,261,0.06
2878,7164,716,0.17
2879,7288,728,0.04
2880,751,75,0.06
2881,7583,758,0.31
2882,9598,959,0.30
2883,2431,243,0.30
2884,4629,462,0.34
2885,3618,361,0.38
2886,536,53,0.38
2887,4290,429,0.38
2888,8729,872,0.38
2889,2122,212,0.27
2890,7024,702,0.27
2891,857,85,0.27
2892,4015,401,0.02
2893,7115,711,0.18
2894,8729,872,0.64
2895,2267,226,0.64
2896,3227,322,0.03
2897,94,9,0.02
2898,2439,243,0.01
2899,4655,465,0.05
2900,1837,183,0.05
2901,8257,825,0.08
2902,4707,470,0.09
2903,7423,742,0.09
2904,9490,949,0.18
2905,3267,326,0.08
2906,4397,439,0.12
2907,7804,780,0.34
2908,9749,974,0.05
2909,4645,464,0.02
2910,5302,530,0.02
2911,7372,737,0.08
2912,2426,242,0.08
2913,8580,858,0.02
2914,3597,359,0.20
2915,9851,985,0.02
2916,3273,327,0.09
2917,6504,650,0.06
2918,4571,457,0.75
2919,1424,142,0.09
2920,4052,405,0.01
2921,125,12,0.09
2922,8143,814,0.78
2923,8446,844,0.06
2924,8370,837,0.02
2925,1494,149,0.04
2926,6311,631,0.08
2927,4033,403,0.02
2928,6413,641,0.02
2929,2635,263,0.10
2930,1213,121,0.02
2931,7028,702,0.06
2932,1982,198,0.27
2933,7633,763,0.27
2934,2132,213,0.95
2935,10162,1016,0.21
2936,9864,986,0.21
2937,1691,169,0.21
2938,9717,971,0.08
2939,8632,863,0.04
2940,6395,639,0.06
2941,8919,891,0.15
2942,1649,164,0.27
2943,6598,659,0.07
2944,8162,816,0.07
2945,5156,515,0.01
2946,7822,782,0.01
2947,4610,461,0.01
2948,2465,246,0.74
2949,9286,928,0.02
2950,6442,644,0.02
2951,2365,236,0.04
2952,8498,849,0.01
2953,951,95,0.01
2954,890,89,0.02
2955,3007,300,0.15
2956,1220,122,0.04
2957,689,68,0.79
2958,5623,562,0.25
2959,8112,811,0.02
2960,1695,169,0.02
2961,6980,698,0.02
2962,1274,127,0.69
2963,3454,345,0.10
2964,10018,1001,0.04
2965,4540,454,0.67
2966,4817,481,0.67
2967,6094,609,0.08
2968,6656,665,0.02
2969,1213,121,0.02
2970,3919,391,0.02
2971,2867,286,0.74
2972,5728,572,0.74
2973,1358,135,0.07
2974,4487,448,0.17
2975,10063,1006,0.09
2976,9443,944,0.09
2977,4630,463,0.02
2978,5004,500,0.02
2979,8359,835,0.09
2980,670,67,0.09
2981,4053,405,0.09
2982,5181,518,0.09
2983,1901,190,0.09
2984,3310,331,0.09
2985,2446,244,0.09
2986,1199,119,0.09
2987,3565,356,0.02
2988,1476,147,0.04
2989,2900,290,0.12
2990,7388,738,0.27
2991,7587,758,0.02
2992,5782,578,0.06
2993,6429,642,0.04
2994,7277,727,0.34
2995,9440,944,0.04
2996,9638,963,0.16
2997,2974,297,0.02
2998,2555,255,0.02
2999,2597,259,0.19
3000,369,36,0.01
3001,9064,906,0.01
3002,4876,487,0.03
3003,321,32,0.51
3004,3841,384,0.51
3005,2987,298,0.07
3006,1997,199,0.13
3007,7805,780,0.03
3008,2472,247,0.03
3009,2738,273,0.03
3010,9656,965,0.02
3011,5482,548,0.10
3012,7432,743,0.10
3013,6866,686,0.06
3014,9494,949,0.02
3015,6582,658,0.06
3016,6239,623,0.78
3017,2922,292,0.02
3018,8229,822,0.02
3019,2022,202,0.22
3020,2136,213,0.03
3021,8853,885,0.04
3022,3650,365,0.02
3023,2690,269,0.08
3024,6458,645,0.08
3025,9301,930,0.02
3026,2175,217,0.02
3027,6314,631,0.02
3028,5360,536,0.41
3029,6900,690,0.07
3030,9538,953,0.36
3031,8430,843,0.36
3032,6492,649,0.14
3033,3021,302,0.08
3034,6021,602,0.02
3035,7586,758,0.03
3036,2528,252,0.01
3037,8960,896,0.18
3038,7035,703,0.06
3039,2275,227,0.02
3040,1535,153,0.02
3041,195,19,0.02
3042,6296,629,0.02
3043,8446,844,0.02
3044,7598,759,0.55
3045,10175,1017,0.04
3046,464,46,0.13
3047,10493,1049,0.06
3048,8150,815,0.09
3049,4534,453,0.02
3050,2456,245,0.15
3051,2741,274,0.37
3052,9429,942,0.37
3053,7751,775,0.12
3054,9259,925,0.29
3055,9244,924,0.03
3056,865,86,0.28
3057,1720,172,0.01
3058,2969,296,0.01
3059,9999,999,0.01
3060,1798,179,0.02
3061,2484,248,0.02
3062,4371,437,0.02
3063,7490,749,0.08
3064,8013,801,0.34
3065,2083,208,0.14
3066,3710,371,0.02
3067,1984,198,0.02
3068,1368,136,0.38
3069,9991,999,0.06
3070,8494,849,0.06
3071,8963,896,0.04
3072,5584,558,0.14
3073,3781,378,0.14
3074,5062,506,0.04
3075,9429,942,0.23
3076,7434,743,0.56
3077,3968,396,0.02
3078,5781,578,0.45
3079,7663,766,0.08
3080,1572,157,0.03
3081,3317,331,0.07
3082,4531,453,0.07
3083,2856,285,0.18
3084,8774,877,0.02
3085,2091,209,0.32
3086,8697,869,0.05
3087,9070,907,0.33
3088,1910,191,0.20
3089,6856,685,0.65
3090,197,19,0.06
3091,10018,1001,0.06
3092,184,18,0.11
3093,9300,930,0.12
3094,8715,871,0.02
3095,9089,908,0.14
3096,1053,105,0.26
3097,9562,956,0.02
3098,1401,140,0.02
3099,2796,279,0.02
3100,2850,285,0.04
3101,607,60,0.89
3102,3220,322,0.09
3103,4390,439,0.06
3104,5598,559,0.37
3105,8930,893,0.15
3106,5798,579,0.15
3107,3953,395,0.04
3108,1520,152,0.47
3109,8523,852,0.18
3110,8389,838,0.04
3111,5546,554,0.32
3112,8586,858,0.06
3113,7775,777,0.08
3114,5624,562,0.89
3115,4923,492,0.29
3116,2268,226,0.02
3117,9182,918,0.02
3118,5666,566,0.11
3119,2516,251,0.17
3120,7739,773,0.06
3121,4855,485,0.06
3122,2379,237,0.04
3123,1202,120,0.24
3124,9749,974,0.13
3125,3862,386,0.60
3126,2478,247,0.05
3127,2625,262,0.06
3128,5362,536,0.04
3129,5576,557,0.04
3130,5702,570,0.04
3131,3335,333,0.13
3132,10157,1015,0.32
3133,8478,847,0.32
3134,6969,696,0.08
3135,2813,281,0.02
3136,658,65,0.02
3137,5075,507,0.09
3138,9261,926,0.07
3139,5674,567,0.09
3140,2269,226,0.78
3141,1208,120,0.78
3142,8453,845,0.08
3143,3123,312,0.67
3144,4865,486,0.96
3145,7284,728,0.04
3146,6428,642,0.02
3147,6921,692,0.04
3148,9782,978,0.08
3149,5076,507,0.02
3150,3754,375,0.04
3151,2065,206,0.08
3152,1772,177,0.21
3153,3619,361,0.24
3154,8241,824,0.23
3155,1982,198,0.47
3156,876,87,0.14
3157,9929,992,0.30
3158,7929,792,0.04
3159,1363,136,0.04
3160,1237,123,0.07
3161,1389,138,0.04
3162,545,54,0.11
3163,4537,453,0.05
3164,4171,417,0.23
3165,9150,915,0.02
3166,618,61,0.24
3167,4325,432,0.62
3168,7981,798,0.02
3169,9875,987,0.15
3170,735,73,0.15
3171,6903,690,0.15
3172,9222,922,0.05
3173,9941,994,0.02
3174,7443,744,0.11
3175,6695,669,0.02
3176,1120,112,0.02
3177,7139,713,0.02
3178,10278,1027,0.06
3179,7014,701,0.06
3180,7735,773,0.04
3181,2139,213,0.02
3182,5542,554,0.10
3183,6119,611,0.27
3184,9365,936,0.06
3185,1973,197,0.08
3186,2606,260,0.08
3187,10147,1014,0.08
3188,1986,198,0.08
3189,9032,903,0.03
3190,2310,231,0.04
3191,9461,946,0.02
3192,348,34,0.02
3193,8429,842,0.40
3194,8334,833,0.40
3195,6403,640,0.40
3196,8767,876,0.02
3197,6458,645,0.02
3198,3362,336,0.08
3199,8587,858,0.08
3200,9069,906,0.02
3201,1141,114,0.07
3202,4994,499,0.05
3203,6574,657,0.05
3204,976,97,0.19
3205,3436,343,0.73
3206,2976,297,0.04
3207,599,59,0.06
3208,4300,430,0.02
3209,5397,539,0.02
3210,4131,413,0.05
3211,1370,137,0.61
3212,4317,431,0.13
3213,4240,424,0.09
3214,8381,838,0.12
3215,8106,810,0.27
3216,6600,660,0.06
3217,10284,1028,0.07
3218,4067,406,0.07
3219,4608,460,0.22
3220,812,81,0.18
3221,2847,284,0.02
3222,2177,217,0.17
3223,8908,890,0.17
3224,3611,361,0.57
3225,7380,738,0.11
3226,7520,752,0.02
3227,8264,826,0.11
3228,8619,861,0.03
3229,600,60,0.03
3230,4610,461,0.13
3231,1569,156,0.07
3232,1067,106,0.07
3233,5152,515,0.02
3234,9072,907,0.02
3235,6565,656,0.07
3236,4695,469,0.30
3237,3453,345,0.02
3238,7217,721,0.02
3239,3683,368,0.02
3240,1828,182,0.04
3241,10002,1000,0.09
3242,9883,988,0.04
3243,8188,818,0.18
3244,4707,470,0.06
3245,7988,798,0.34
3246,1180,118,0.02
3247,7395,739,0.37
3248,5129,512,0.02
3249,8387,838,0.02
3250,1345,134,0.04
3251,4693,469,0.01
3252,5344,534,0.01
3253,8017,801,0.35
3254,884,88,0.04
3255,1809,180,0.10
3256,8397,839,0.04
3257,8645,864,0.14
3258,5214,521,0.42
3259,2525,252,0.42
3260,7115,711,0.04
3261,5206,520,0.21
3262,5880,588,0.04
3263,5999,599,0.04
3264,2011,201,0.04
3265,7439,743,0.14
3266,4496,449,0.13
3267,3485,348,0.02
3268,6508,650,0.57
3269,2509,250,0.18
3270,2440,244,0.04
3271,4313,431,0.15
3272,6610,661,0.37
3273,7054,705,0.02
3274,849,84,0.08
3275,10325,1032,0.02
3276,9496,949,0.02
3277,1095,109,0.01
3278,2025,202,0.01
3279,452,45,0.06
3280,2727,272,0.34
3281,6313,631,0.02
3282,6489,648,0.02
3283,6378,637,0.06
3284,6551,655,0.13
3285,7990,799,0.36
3286,5178,517,0.08
3287,1076,107,0.02
3288,8478,847,0.06
3289,8537,853,0.04
3290,6378,637,0.04
3291,4698,469,0.17
3292,8898,889,0.08
3293,5511,551,0.08
3294,4589,458,0.50
3295,2459,245,0.03
3296,6894,689,0.06
3297,533,53,0.06
3298,1821,182,0.14
3299,8429,842,0.37
3300,6368,636,0.04
3301,1714,171,0.02
3302,197,19,0.40
3303,6227,622,0.06
3304,2929,292,0.06
3305,962,96,0.06
3306,7804,780,0.04
3307,7700,770,0.04
3308,5575,557,0.09
3309,6611,661,0.02
3310,4055,405,0.10
3311,9337,933,0.10
3312,6857,685,0.11
3313,6282,628,0.15
3314,5735,573,0.05
3315,1984,198,0.11
3316,10179,1017,0.13
3317,783,78,0.07
3318,9623,962,0.07
3319,5782,578,0.07
3320,9539,953,0.02
3321,1507,150,0.09
3322,8826,882,0.04
3323,2317,231,0.04
3324,6298,629,0.04
3325,2064,206,0.06
3326,6832,683,0.09
3327,3672,367,0.02
3328,7298,729,0.10
3329,7123,712,0.02
3330,4796,479,0.07
3331,8139,813,0.07
3332,1357,135,0.04
3333,7115,711,0.17
3334,6559,655,0.60
3335,9603,960,0.04
3336,4819,481,0.04
3337,4431,443,0.08
3338,908,90,0.08
3339,874,87,0.08
3340,556,55,0.02
3341,3710,371,0.04
3342,4226,422,0.02
3343,6493,649,0.06
3344,3890,389,0.02
3345,4434,443,0.19
3346,2349,234,0.02
3347,1544,154,0.04
3348,10297,1029,0.04
3349,5246,524,0.02
3350,2635,263,0.15
3351,1156,115,0.15
3352,6481,648,0.08
3353,7341,734,0.29
3354,9134,913,0.06
3355,4540,454,0.06
3356,3859,385,0.38
3357,7399,739,0.04
3358,2965,296,0.06
3359,4520,452,0.04
3360,6272,627,0.04
3361,5342,534,0.04
3362,4617,461,0.08
3363,692,69,0.08
3364,3711,371,0.17
3365,3812,381,0.07
3366,5869,586,0.02
3367,2853,285,0.37
3368,7112,711,0.06
3369,7347,734,0.04
3370,1652,165,0.04
3371,2098,209,0.08
3372,5421,542,0.02
3373,8297,829,0.04
3374,9411,941,0.04
3375,9029,902,0.02
3376,8539,853,0.21
3377,8348,834,0.06
3378,8703,870,0.02
3379,1972,197,0.02
3380,10058,1005,0.02
3381,7688,768,0.02
3382,5599,559,0.10
3383,6797,679,0.10
3384,6948,694,0.10
3385,1674,167,0.02
3386,9065,906,0.04
3387,8830,883,0.36
3388,3345,334,0.02
3389,9661,966,0.15
3390,2217,221,0.03
3391,2081,208,0.02
3392,2778,277,0.27
3393,9095,909,0.27
3394,999,99,0.04
3395,2776,277,0.02
3396,424,42,0.06
3397,3070,307,0.03
3398,2395,239,0.01
3399,3082,308,0.11
3400,5115,511,0.11
3401,8787,878,0.14
3402,6264,626,0.01
3403,7297,729,0.12
3404,5284,528,0.01
3405,5023,502,0.01
3406,2894,289,0.11
3407,2902,290,0.02
3408,5364,536,0.02
3409,4576,457,0.72
3410,7402,740,0.11
3411,8353,835,0.04
3412,8651,865,0.04
3413,4159,415,0.06
3414,6686,668,0.06
3415,4922,492,0.13
3416,1712,171,0.02
3417,8311,831,0.02
3418,4594,459,0.04
3419,4285,428,0.04
3420,6126,612,0.04
3421,3496,349,0.15
3422,1597,159,0.81
3423,2168,216,0.04
3424,7814,781,0.04
3425,927,92,0.06
3426,2793,279,0.86
3427,5908,590,0.04
3428,9017,901,0.06
3429,3870,387,0.06
3430,4103,410,0.02
3431,6935,693,0.07
3432,9929,992,0.03
3433,10037,1003,0.03
3434,4688,468,0.03
3435,6170,617,0.15
3436,9581,958,0.19
3437,4939,493,0.02
3438,9335,933,0.28
3439,1606,160,0.04
3440,10139,1013,0.34
3441,9005,900,0.08
3442,10184,1018,0.12
3443,2019,201,0.30
3444,4926,492,0.04
3445,4258,425,0.30
3446,4924,492,0.38
3447,5239,523,0.08
3448,1609,160,0.06
3449,6063,606,0.08
3450,6230,623,0.06
3451,5386,538,0.39
3452,6229,622,0.39
3453,5515,551,0.06
3454,6683,668,0.09
3455,5696,569,0.48
3456,6741,674,0.06
3457,4043,404,0.04
3458,4726,472,0.39
3459,3707,370,0.39
3460,3287,328,0.08
3461,3441,344,0.82
3462,3915,391,0.02
3463,9010,901,0.33
3464,8424,842,0.33
3465,4548,454,0.03
3466,7123,712,0.03
3467,1407,140,0.02
3468,7237,723,0.02
3469,1758,175,0.02
3470,3564,356,0.06
3471,2366,236,0.02
3472,6172,617,0.08
3473,3472,347,0.09
3474,9948,994,0.02
3475,1601,160,0.02
3476,7997,799,0.19
3477,6297,629,0.19
3478,546,54,0.04
3479,8516,851,0.07
3480,7696,769,0.02
3481,2437,243,0.02
3482,4852,485,0.02
3483,8333,833,0.02
3484,8859,885,0.02
3485,8636,863,0.07
3486,1016,101,0.46
3487,3886,388,0.07
3488,4691,469,0.07
3489,3730,373,0.02
3490,7598,759,0.02
3491,7966,796,0.15
3492,4063,406,0.63
3493,4647,464,0.13
3494,1441,144,0.13
3495,3809,380,0.11
3496,3343,334,0.13
3497,2047,204,0.01
3498,9104,910,0.01
3499,1628,162,0.01
3500,5972,597,0.02
3501,622,62,0.13
3502,568,56,0.77
3503,2556,255,0.02
3504,3581,358,0.04
3505,6392,639,0.02
3506,7757,775,0.02
3507,10014,1001,0.07
3508,7409,740,0.29
3509,7672,767,0.29
3510,9440,944,0.02
3511,7401,740,0.04
3512,1235,123,0.02
3513,1415,141,0.48
3514,2626,262,0.48
3515,6160,616,0.48
3516,1767,176,0.02
3517,6014,601,0.08
3518,6955,695,0.14
3519,9412,941,0.09
3520,7883,788,0.09
3521,639,63,0.06
3522,9082,908,0.05
3523,2673,267,0.03
3524,4898,489,0.47
3525,1296,129,0.52
3526,8955,895,0.52
3527,8559,855,0.03
3528,1417,141,0.44
3529,4285,428,0.02
3530,138,13,0.02
3531,7738,773,0.08
3532,8023,802,0.02
3533,2562,256,0.02
3534,8403,840,0.02
3535,8421,842,0.04
3536,1973,197,0.01
3537,1533,153,0.34
3538,7950,795,0.34
3539,482,48,0.34
3540,3487,348,0.05
3541,5282,528,0.08
3542,3848,384,0.02
3543,2330,233,0.84
3544,1652,165,0.09
3545,7927,792,0.02
3546,7374,737,0.02
3547,1562,156,0.06
3548,2710,271,0.04
3549,4807,480,0.04
3550,8922,892,0.32
3551,8393,839,0.02
3552,8611,861,0.02
3553,9628,962,0.15
3554,5836,583,0.34
3555,9501,950,0.28
3556,9040,904,0.03
3557,7445,744,0.29
3558,3147,314,0.04
3559,4787,478,0.04
3560,5025,502,0.32
3561,1239,123,0.37
3562,8912,891,0.37
3563,6079,607,0.37
3564,7486,748,0.40
3565,5565,556,0.04
3566,852,85,0.02
3567,4636,463,0.80
3568,2442,244,0.02
3569,764,76,0.33
3570,9929,992,0.33
3571,8608,860,0.08
3572,5935,593,0.02
3573,8119,811,0.04
3574,7395,739,0.23
3575,538,53,0.23
3576,6400,640,0.08
3577,2259,225,0.02
3578,4511,451,0.02
3579,8722,872,0.06
3580,5504,550,0.20
3581,4887,488,0.38
3582,8599,859,0.04
3583,9093,909,0.04
3584,2993,299,0.04
3585,8412,841,0.04
3586,2312,231,0.14
3587,6853,685,0.02
3588,9760,976,0.09
3589,9707,970,0.02
3590,8412,841,0.02
3591,913,91,0.02
3592,3847,384,0.30
3593,3312,331,0.14
3594,565,56,0.33
3595,5778,577,0.33
3596,7210,721,0.09
3597,8285,828,0.13
3598,3835,383,0.13
3599,5856,585,0.37
3600,7086,708,0.37
3601,5915,591,0.06
3602,7125,712,0.04
3603,4089,408,0.64
3604,7236,723,0.08
3605,506,50,0.52
3606,1146,114,0.35
3607,8495,849,0.41
3608,4441,444,0.41
3609,7628,762,0.06
3610,3155,315,0.05
3611,9618,961,0.04
3612,2039,203,0.02
3613,3083,308,0.23
3614,8293,829,0.23
3615,6319,631,0.36
3616,4839,483,0.21
3617,9275,927,0.21
3618,3301,330,0.02
3619,3710,371,0.29
3620,3496,349,0.29
3621,5367,536,0.02
3622,10305,1030,0.07
3623,3233,323,0.04
3624,4395,439,0.04
3625,8634,863,0.27
3626,5679,567,0.02
3627,4985,498,0.10
3628,2758,275,0.10
3629,4265,426,0.10
3630,7172,717,0.06
3631,3294,329,0.06
3632,9154,915,0.04
3633,6566,656,0.04
3634,2180,218,0.08
3635,1639,163,0.06
3636,5789,578,0.02
3637,2083,208,0.06
3638,8387,838,0.04
3639,2260,226,0.09
3640,6502,650,0.27
3641,1468,146,0.23
3642,5100,510,0.35
3643,4242,424,0.06
3644,4776,477,0.06
3645,3144,314,0.06
3646,858,85,0.08
3647,5266,526,0.02
3648,3981,398,0.05
3649,3277,327,0.04
3650,7303,730,0.21
3651,2557,255,0.04
3652,6196,619,0.10
3653,6592,659,0.03
3654,3890,389,0.45
3655,4604,460,0.25
3656,5492,549,0.06
3657,2721,272,0.17
3658,1916,191,0.17
3659,8307,830,0.38
3660,3185,318,0.06
3661,2187,218,0.02
3662,7768,776,0.13
3663,1388,138,0.03
3664,7221,722,0.02
3665,9319,931,0.02
3666,9193,919,0.56
3667,5718,571,0.78
3668,8962,896,0.12
3669,9083,908,0.37
3670,7606,760,0.37
3671,7988,798,0.12
3672,1345,134,0.20
3673,1314,131,0.10
3674,7593,759,0.06
3675,10272,1027,0.02
3676,2208,220,0.21
3677,6588,658,0.21
3678,9270,927,0.04
3679,4436,443,0.15
3680,4977,497,0.02
3681,6861,686,0.04
3682,8706,870,0.16
3683,9949,994,0.13
3684,7749,774,0.20
3685,2135,213,0.06
3686,1045,104,0.38
3687,7333,733,0.02
3688,8727,872,0.06
3689,1136,113,0.06
3690,7077,707,0.11
3691,964,96,0.18
3692,6946,694,0.05
3693,8285,828,0.13
3694,8976,897,0.04
3695,4050,405,0.03
3696,2993,299,0.07
3697,3859,385,0.13
3698,3932,393,0.02
3699,1825,182,0.21
3700,3143,314,0.02
3701,7247,724,0.02
3702,4443,444,0.04
3703,8808,880,0.04
3704,917,91,0.17
3705,1594,159,0.42
3706,3594,359,0.03
3707,1838,183,0.19
3708,1152,115,0.02
3709,6300,630,0.19
3710,8134,813,0.02
3711,2170,217,0.02
3712,8919,891,0.02
3713,4703,470,0.15
3714,3641,364,0.01
3715,836,83,0.18
3716,1684,168,0.04
3717,6493,649,0.04
3718,847,84,0.04
3719,9789,978,0.25
3720,1469,146,0.13
3721,6870,687,0.42
3722,9720,972,0.42
3723,6396,639,0.02
3724,3857,385,0.29
3725,9229,922,0.02
3726,10174,1017,0.02
3727,4200,420,0.39
3728,4227,422,0.39
3729,1702,170,0.06
3730,615,61,0.07
3731,2923,292,0.07
3732,1104,110,0.07
3733,4353,435,0.01
3734,4003,400,0.04
3735,7980,798,0.06
3736,6714,671,0.04
3737,6414,641,0.02
3738,1555,155,0.02
3739,4460,446,0.28
3740,9768,976,0.04
3741,4539,453,0.10
3742,3406,340,0.12
3743,3080,308,0.38
3744,4786,478,0.38
3745,2958,295,0.38
3746,4233,423,0.10
3747,1837,183,0.02
3748,8629,862,0.02
3749,450,45,0.02
3750,3475,347,0.18
3751,7792,779,0.69
3752,5176,517,0.37
3753,3376,337,0.37
3754,7238,723,0.04
3755,7722,772,0.04
3756,5900,590,0.02
3757,6599,659,0.04
3758,3787,378,0.28
3759,713,71,0.04
3760,1909,190,0.02
3761,7870,787,0.12
3762,2148,214,0.26
3763,8486,848,0.85
3764,1202,120,0.12
3765,8204,820,0.02
3766,414,41,0.02
3767,6078,607,0.12
3768,2145,214,0.01
3769,3484,348,0.01
3770,6015,601,0.35
3771,3768,376,0.02
3772,5760,576,0.01
3773,3045,304,0.32
3774,8386,838,0.04
3775,9507,950,0.30
3776,6790,679,0.74
3777,5070,507,0.25
3778,8238,823,0.25
3779,7239,723,0.40
3780,5881,588,0.23
3781,6203,620,0.23
3782,7637,763,0.01
3783,4216,421,0.01
3784,3780,378,0.74
3785,7100,710,0.17
3786,769,76,0.21
3787,5858,585,0.02
3788,6106,610,0.94
3789,9273,927,0.08
3790,7963,796,0.08
3791,8654,865,0.10
3792,5692,569,0.02
3793,8729,872,0.78
3794,3850,385,0.78
3795,3719,371,0.14
3796,2454,245,0.14
3797,7720,772,0.06
3798,6767,676,0.48
3799,6688,668,0.48
3800,9147,914,0.03
3801,4030,403,0.39
3802,5680,568,0.39
3803,3065,306,0.38
3804,2325,232,0.35
3805,2543,254,0.02
3806,5827,582,0.68
3807,3537,353,0.02
3808,1803,180,0.26
3809,8273,827,0.11
3810,8996,899,0.02
3811,8833,883,0.02
3812,1362,136,0.14
3813,6069,606,0.02
3814,2562,256,0.08
3815,4834,483,0.13
3816,667,66,0.04
3817,7674,767,0.07
3818,2911,291,0.03
3819,3350,335,0.03
3820,8267,826,0.03
3821,5286,528,0.01
3822,7286,728,0.04
3823,6442,644,0.01
3824,4913,491,0.03
3825,4300,430,0.12
3826,3539,353,0.03
3827,5961,596,0.01
3828,6186,618,0.39
3829,8829,882,0.02
3830,1976,197,0.14
3831,4731,473,0.14
3832,2996,299,0.14
3833,9440,944,0.14
3834,979,97,0.17
3835,5882,588,0.04
3836,8276,827,0.06
3837,4373,437,0.06
3838,6873,687,0.08
3839,9699,969,0.04
3840,6309,630,0.08
3841,2301,230,0.08
3842,8855,885,0.02
3843,2638,263,0.02
3844,6720,672,0.02
3845,1104,110,0.02
3846,99,9,0.69
3847,1394,139,0.02
3848,9520,952,0.53
3849,10368,1036,0.10
3850,9002,900,0.04
3851,9782,978,0.25
3852,5413,541,0.05
3853,4633,463,0.02
3854,2621,262,0.02
3855,1502,150,0.68
3856,8874,887,0.03
3857,7064,706,0.37
3858,9513,951,0.02
3859,544,54,0.02
3860,771,77,0.02
3861,3856,385,0.02
3862,9931,993,0.02
3863,1690,169,0.04
3864,780,78,0.10
3865,5228,522,0.02
3866,5956,595,0.02
3867,4383,438,0.09
3868,9676,967,0.09
3869,7178,717,0.04
3870,6704,670,0.02
3871,7367,736,0.02
3872,2393,239,0.15
3873,3219,321,0.31
3874,7469,746,0.17
3875,8330,833,0.11
3876,9273,927,0.06
3877,5108,510,0.02
3878,2110,211,0.26
3879,9971,997,0.06
3880,7094,709,0.02
3881,2976,297,0.06
3882,3755,375,0.09
3883,2678,267,0.04
3884,2510,251,0.35
3885,2801,280,0.05
3886,721,72,0.02
3887,3746,374,0.04
3888,1989,198,0.02
3889,492,49,0.04
3890,3866,386,0.02
3891,2628,262,0.64
3892,6328,632,0.03
3893,1079,107,0.03
3894,7969,796,0.03
3895,6055,605,0.22
3896,8612,861,0.22
3897,7804,780,0.02
3898,1102,110,0.68
3899,5285,528,0.09
3900,7753,775,0.02
3901,3136,313,0.07
3902,8246,824,0.27
3903,4619,461,0.14
3904,4256,425,0.14
3905,8908,890,0.14
3906,3691,369,0.14
3907,3088,308,0.12
3908,6414,641,0.02
3909,8412,841,0.02
3910,6732,673,0.02
3911,8489,848,0.13
3912,5479,547,0.13
3913,2285,228,0.03
3914,3677,367,0.06
3915,1448,144,0.04
3916,4944,494,0.08
3917,6847,684,0.02
3918,6870,687,0.44
3919,6571,657,0.44
3920,8284,828,0.44
3921,8763,876,0.02
3922,6539,653,0.21
3923,2882,288,0.02
3924,8076,807,0.04
3925,4232,423,0.08
3926,7852,785,0.25
3927,7152,715,0.04
3928,4913,491,0.06
3929,4444,444,0.17
3930,7511,751,0.04
3931,9999,999,0.06
3932,2856,285,0.31
3933,8048,804,0.30
3934,9615,961,0.30
3935,1874,187,0.34
3936,5936,593,0.38
3937,5460,546,0.38
3938,7333,733,0.38
3939,6207,620,0.38
3940,3660,366,0.27
3941,8863,886,0.27
3942,8328,832,0.27
3943,801,80,0.02
3944,5542,554,0.18
3945,1783,178,0.64
3946,9610,961,0.64
3947,704,70,0.03
3948,3174,317,0.02
3949,5441,544,0.01
3950,6984,698,0.05
3951,5561,556,0.05
3952,2895,289,0.08
3953,6582,658,0.09
3954,1715,171,0.09
3955,1904,190,0.18
3956,2294,229,0.08
3957,5058,505,0.12
3958,8198,819,0.34
3959,3268,326,0.05
3960,2880,288,0.02
3961,9533,953,0.02
3962,2061,206,0.08
3963,7106,710,0.08
3964,6544,654,0.02
3965,2362,236,0.20
3966,1832,183,0.02
3967,9253,925,0.09
3968,3837,383,0.06
3969,707,70,0.75
3970,3712,371,0.09
3971,9685,968,0.01
3972,6023,602,0.09
3973,4880,488,0.78
3974,1548,154,0.06
3975,10286,1028,0.02
3976,802,80,0.04
3977,3093,309,0.08
3978,7841,784,0.02
3979,5379,537,0.02
3980,1300,130,0.10
3981,8503,850,0.02
3982,1720,172,0.06
3983,4365,436,0.27
3984,4342,434,0.27
3985,8823,882,0.95
3986,3143,314,0.21
3987,7717,771,0.21
3988,9997,999,0.21
3989,8355,835,0.08
3990,529,52,0.04
3991,3311,331,0.06
3992,8308,830,0.15
3993,8337,833,0.27
3994,5459,545,0.07
3995,8232,823,0.07
3996,5525,552,0.01
3997,3215,321,0.01
3998,484,48,0.01
3999,8312,831,0.74
4000,424,42,0.02
4001,747,74,0.02
4002,4204,420,0.04
4003,3691,369,0.01
4004,4943,494,0.01
4005,1295,129,0.02
4006,5154,515,0.15
4007,4032,403,0.04
4008,8508,850,0.79
4009,4263,426,0.25
4010,1759,175,0.02
4011,6363,636,0.02
4012,3362,336,0.02
4013,9182,918,0.69
4014,2808,280,0.10
4015,8853,885,0.04
4016,3975,397,0.67
4017,1037,103,0.67
4018,596,59,0.08
4019,6817,681,0.02
4020,5908,590,0.02
4021,4515,451,0.02
4022,8538,853,0.74
4023,3352,335,0.74
4024,1781,178,0.07
4025,9566,956,0.17
4026,7916,791,0.09
4027,1542,154,0.09
4028,2724,272,0.02
4029,8462,846,0.02
4030,2617,261,0.09
4031,2294,229,0.09
4032,3147,314,0.09
4033,7005,700,0.09
4034,8364,836,0.09
4035,3972,397,0.09
4036,5007,500,0.09
4037,297,29,0.09
4038,8216,821,0.02
4039,1470,147,0.04
4040,9972,997,0.12
4041,4900,490,0.27
4042,5411,541,0.02
4043,8765,876,0.06
4044,904,90,0.04
4045,10078,1007,0.34
4046,2570,257,0.04
4047,3088,308,0.16
4048,5372,537,0.02
4049,3657,365,0.02
4050,4317,431,0.19
4051,2526,252,0.01
4052,9006,900,0.01
4053,4193,419,0.03
4054,1985,198,0.51
4055,3029,302,0.51
4056,964,96,0.07
4057,6060,606,0.13
4058,9806,980,0.03
4059,10489,1048,0.03
4060,5171,517,0.03
4061,3598,359,0.02
4062,7837,783,0.10
4063,3246,324,0.10
4064,2631,263,0.06
4065,3175,317,0.02
4066,2765,276,0.06
4067,2459,245,0.78
4068,7068,706,0.02
4069,3221,322,0.02
4070,7475,747,0.22
4071,6858,685,0.03
4072,2461,246,0.04
4073,8406,840,0.02
4074,751,75,0.08
4075,3802,380,0.08
4076,8196,819,0.02
4077,10041,1004,0.02
4078,7303,730,0.02
4079,9920,992,0.41
4080,9596,959,0.07
4081,8788,878,0.36
4082,5340,534,0.36
4083,4418,441,0.14
4084,1448,144,0.08
4085,679,67,0.02
4086,4307,430,0.03
4087,774,77,0.01
4088,9113,911,0.18
4089,9455,945,0.06
4090,2965,296,0.02
4091,7993,799,0.02
4092,1582,158,0.02
4093,3280,328,0.02
4094,8589,858,0.02
4095,1793,179,0.55
4096,2142,214,0.04
4097,8312,831,0.13
4098,7081,708,0.06
4099,7908,790,0.09
4100,10156,1015,0.02
4101,7804,780,0.15
4102,7530,753,0.37
4103,2513,251,0.37
4104,5974,597,0.12
4105,3517,351,0.29
4106,5583,558,0.03
4107,8368,836,0.28
4108,3705,370,0.01
4109,8674,867,0.01
4110,8854,885,0.01
4111,9805,980,0.02
4112,889,88,0.02
4113,6691,669,0.02
4114,3961,396,0.08
4115,7937,793,0.34
4116,8081,808,0.14
4117,9633,963,0.02
4118,1117,111,0.02
4119,6259,625,0.38
4120,2651,265,0.06
4121,6899,689,0.06
4122,422,42,0.04
4123,8378,837,0.14
4124,705,70,0.14
4125,4349,434,0.04
4126,3404,340,0.23
4127,5886,588,0.56
4128,804,80,0.02
4129,1212,121,0.45
4130,10058,1005,0.08
4131,8076,807,0.03
4132,3605,360,0.07
4133,8012,801,0.07
4134,8344,834,0.18
4135,1599,159,0.02
4136,8620,862,0.32
4137,9279,927,0.05
4138,5484,548,0.33
4139,7112,711,0.20
4140,9704,970,0.65
4141,5710,571,0.06
4142,8687,868,0.06
4143,852,85,0.11
4144,6465,646,0.12
4145,9740,974,0.02
4146,10080,1008,0.14
4147,6874,687,0.26
4148,1490,149,0.02
4149,1432,143,0.02
4150,6895,689,0.02
4151,4489,448,0.04
4152,9709,970,0.89
4153,9649,964,0.09
4154,9454,945,0.06
4155,1534,153,0.37
4156,7250,725,0.15
4157,7726,772,0.15
4158,162,16,0.04
4159,9047,904,0.47
4160,7775,777,0.18
4161,8230,823,0.04
4162,6274,627,0.32
4163,3470,347,0.06
4164,5273,527,0.08
4165,9042,904,0.89
4166,9419,941,0.29
4167,5329,532,0.02
4168,4086,408,0.02
4169,2206,220,0.11
4170,5067,506,0.17
4171,4144,414,0.06
4172,2627,262,0.06
4173,766,76,0.04
4174,4110,411,0.24
4175,7035,703,0.13
4176,5914,591,0.60
4177,3653,365,0.05
4178,966,96,0.06
4179,4198,419,0.04
4180,8223,822,0.04
4181,1980,198,0.04
4182,9506,950,0.13
4183,2681,268,0.32
4184,4620,462,0.32
4185,8862,886,0.08
4186,3707,370,0.02
4187,10449,1044,0.02
4188,6831,683,0.09
4189,6446,644,0.07
4190,6768,676,0.09
4191,3038,303,0.78
4192,5584,558,0.78
4193,1105,110,0.08
4194,3286,328,0.67
4195,535,53,0.96
4196,7305,730,0.04
4197,2834,283,0.02
4198,203,20,0.04
4199,7075,707,0.08
4200,5873,587,0.02
4201,2385,238,0.04
4202,8787,878,0.08
4203,1853,185,0.21
4204,8384,838,0.24
4205,8296,829,0.23
4206,2244,224,0.47
4207,7391,739,0.14
4208,6709,670,0.30
4209,3088,308,0.04
4210,2840,284,0.04
4211,2398,239,0.07
4212,9100,910,0.04
4213,7022,702,0.11
4214,5130,513,0.05
4215,2001,200,0.23
4216,556,55,0.02
4217,6183,618,0.24
4218,10155,1015,0.62
4219,8202,820,0.02
4220,4294,429,0.15
4221,6664,666,0.15
4222,4589,458,0.15
4223,6294,629,0.05
4224,4719,471,0.02
4225,8988,898,0.11
4226,4962,496,0.02
4227,2512,251,0.02
4228,3656,365,0.02
4229,10467,1046,0.06
4230,7815,781,0.06
4231,1482,148,0.04
4232,8427,842,0.02
4233,8072,807,0.10
4234,3163,316,0.27
4235,6452,645,0.06
4236,9072,907,0.08
4237,3744,374,0.08
4238,6071,607,0.08
4239,6222,622,0.08
4240,2733,273,0.03
4241,1739,173,0.04
4242,4076,407,0.02
4243,9025,902,0.02
4244,8135,813,0.40
4245,2906,290,0.40
4246,4516,451,0.40
4247,9449,944,0.02
4248,9918,991,0.02
4249,3494,349,0.08
4250,529,52,0.08
4251,3339,333,0.02
4252,5789,578,0.07
4253,10141,1014,0.05
4254,2161,216,0.05
4255,9126,912,0.19
4256,6041,604,0.73
4257,2781,278,0.04
4258,1574,157,0.06
4259,1068,106,0.02
4260,2931,293,0.02
4261,3145,314,0.05
4262,1171,117,0.61
4263,2030,203,0.13
4264,688,68,0.09
4265,9717,971,0.12
4266,5717,571,0.27
4267,8789,878,0.06
4268,5456,545,0.07
4269,3056,305,0.07
4270,2660,266,0.22
4271,1246,124,0.18
4272,2248,224,0.02
4273,8535,853,0.17
4274,1216,121,0.17
4275,4951,495,0.57
4276,2470,247,0.11
4277,8766,876,0.02
4278,1101,110,0.11
4279,8476,847,0.03
4280,8989,898,0.03
4281,6440,644,0.13
4282,7602,760,0.07
4283,4667,466,0.07
4284,5470,547,0.02
4285,5823,582,0.02
4286,7704,770,0.07
4287,3434,343,0.30
4288,3163,316,0.02
4289,3824,382,0.02
4290,8537,853,0.02
4291,9387,938,0.04
4292,656,65,0.09
4293,1467,146,0.04
4294,2420,242,0.18
4295,9391,939,0.06
4296,2649,264,0.34
4297,7764,776,0.02
4298,6697,669,0.37
4299,6539,653,0.02
4300,9314,931,0.02
4301,6189,618,0.04
4302,8417,841,0.01
4303,9863,986,0.01
4304,2992,299,0.35
4305,10218,1021,0.04
4306,9639,963,0.10
4307,1701,170,0.04
4308,7915,791,0.14
4309,2672,267,0.42
4310,7679,767,0.42
4311,4583,458,0.04
4312,4850,485,0.21
4313,8281,828,0.04
4314,3272,327,0.04
4315,2976,297,0.04
4316,1753,175,0.14
4317,1446,144,0.13
4318,9008,900,0.02
4319,7616,761,0.57
4320,3036,303,0.18
4321,9387,938,0.04
4322,4829,482,0.15
4323,8426,842,0.37
4324,2119,211,0.02
4325,882,88,0.08
4326,6520,652,0.02
4327,1654,165,0.02
4328,7194,719,0.01
4329,8896,889,0.01
4330,4194,419,0.06
4331,5391,539,0.34
4332,8950,895,0.02
4333,5367,536,0.02
4334,8910,891,0.06
4335,1105,110,0.13
4336,2310,231,0.36
4337,3117,311,0.08
4338,4763,476,0.02
4339,7902,790,0.06
4340,10428,1042,0.04
4341,2107,210,0.04
4342,3200,320,0.17
4343,6693,669,0.08
4344,1315,131,0.08
4345,6831,683,0.50
4346,6548,654,0.03
4347,2497,249,0.06
4348,10074,1007,0.06
4349,6340,634,0.14
4350,1828,182,0.37
4351,905,90,0.04
4352,2412,241,0.02
4353,5733,573,0.40
4354,7886,788,0.06
4355,4165,416,0.06
4356,501,50,0.06
4357,9698,969,0.04
4358,8538,853,0.04
4359,2514,251,0.09
4360,8431,843,0.02
4361,7109,710,0.10
4362,3038,303,0.10
4363,5636,563,0.11
4364,6725,672,0.15
4365,3297,329,0.05
4366,9571,957,0.11
4367,7703,770,0.13
4368,2008,200,0.07
4369,3002,300,0.07
4370,1991,199,0.07
4371,4473,447,0.02
4372,4287,428,0.09
4373,8142,814,0.04
4374,5429,542,0.04
4375,3893,389,0.04
4376,6012,601,0.06
4377,4336,433,0.09
4378,7891,789,0.02
4379,9715,971,0.10
4380,5354,535,0.02
4381,7123,712,0.07
4382,6089,608,0.07
4383,2933,293,0.04
4384,4255,425,0.17
4385,5837,583,0.60
4386,5529,552,0.04
4387,3249,324,0.04
4388,4677,467,0.08
4389,9711,971,0.08
4390,8744,874,0.08
4391,8660,866,0.02
4392,2024,202,0.04
4393,887,88,0.02
4394,5337,533,0.06
4395,4463,446,0.02
4396,2918,291,0.19
4397,8115,811,0.02
4398,319,31,0.04
4399,4649,464,0.04
4400,4946,494,0.02
4401,1480,148,0.15
4402,5262,526,0.15
4403,728,72,0.08
4404,6421,642,0.29
4405,5375,537,0.06
4406,9226,922,0.06
4407,10325,1032,0.38
4408,4477,447,0.04
4409,5854,585,0.06
4410,7119,711,0.04
4411,4935,493,0.04
4412,2225,222,0.04
4413,6253,625,0.08
4414,960,96,0.08
4415,8328,832,0.17
4416,3327,332,0.07
4417,10113,1011,0.02
4418,3796,379,0.37
4419,8881,888,0.06
4420,10007,1000,0.04
4421,2079,207,0.04
4422,6081,608,0.08
4423,6810,681,0.02
4424,6356,635,0.04
4425,6626,662,0.04
4426,2271,227,0.02
4427,7948,794,0.21
4428,1007,100,0.06
4429,7113,711,0.02
4430,3515,351,0.02
4431,7294,729,0.02
4432,2956,295,0.02
4433,2085,208,0.10
4434,9596,959,0.10
4435,9217,921,0.10
4436,3398,339,0.02
4437,8527,852,0.04
4438,2444,244,0.36
4439,5177,517,0.02
4440,9016,901,0.15
4441,6731,673,0.03
4442,901,90,0.02
4443,532,53,0.27
4444,9791,979,0.27
4445,4525,452,0.04
4446,4708,470,0.02
4447,1420,142,0.06
4448,8603,860,0.03
4449,6956,695,0.01
4450,2963,296,0.11
4451,3979,397,0.11
4452,3172,317,0.14
4453,1400,140,0.01
4454,9822,982,0.12
4455,4166,416,0.01
4456,6971,697,0.01
4457,308,30,0.11
4458,4805,480,0.02
4459,5615,561,0.02
4460,6234,623,0.72
4461,3824,382,0.11
4462,8762,876,0.04
4463,1890,189,0.04
4464,2214,221,0.06
4465,5945,594,0.06
4466,8188,818,0.13
4467,6157,615,0.02
4468,5566,556,0.02
4469,6522,652,0.04
4470,7125,712,0.04
4471,7115,711,0.04
4472,3207,320,0.15
4473,7728,772,0.81
4474,849,84,0.04
4475,6258,625,0.04
4476,8545,854,0.06
4477,4618,461,0.86
4478,2425,242,0.04
4479,4052,405,0.06
4480,2050,205,0.06
4481,2895,289,0.02
4482,939,93,0.07
4483,6418,641,0.03
4484,9290,929,0.03
4485,8157,815,0.03
4486,1845,184,0.15
4487,9781,978,0.19
4488,6898,689,0.02
4489,5697,569,0.28
4490,6412,641,0.04
4491,2319,231,0.34
4492,5731,573,0.08
4493,6093,609,0.12
4494,238,23,0.30
4495,6188,618,0.04
4496,3971,397,0.30
4497,289,28,0.38
4498,1598,159,0.08
4499,7670,767,0.06
4500,3275,327,0.08
4501,1830,183,0.06
4502,4516,451,0.39
4503,3984,398,0.39
4504,7111,711,0.06
4505,6845,684,0.09
4506,8900,890,0.48
4507,621,62,0.06
4508,6303,630,0.04
4509,7036,703,0.39
4510,3672,367,0.39
4511,2303,230,0.08
4512,3303,330,0.82
4513,8871,887,0.02
4514,4671,467,0.33
4515,3745,374,0.33
4516,6361,636,0.03
4517,7870,787,0.03
4518,1991,199,0.02
4519,8760,876,0.02
4520,3866,386,0.02
4521,4902,490,0.06
4522,6991,699,0.02
4523,3311,331,0.08
4524,7806,780,0.09
4525,8691,869,0.02
4526,4157,415,0.02
4527,4209,420,0.19
4528,2319,231,0.19
4529,6182,618,0.04
4530,5472,547,0.07
4531,9177,917,0.02
4532,2798,279,0.02
4533,5014,501,0.02
4534,5535,553,0.02
4535,6996,699,0.02
4536,9752,975,0.07
4537,7648,764,0.46
4538,2211,221,0.07
4539,1087,108,0.07
4540,4533,453,0.02
4541,9564,956,0.02
4542,3263,326,0.15
4543,5136,513,0.63
4544,2816,281,0.13
4545,1845,184,0.13
4546,7126,712,0.11
4547,7684,768,0.13
4548,8725,872,0.01
4549,2633,263,0.01
4550,9655,965,0.01
4551,6445,644,0.02
4552,5890,589,0.13
4553,8005,800,0.77
4554,736,73,0.02
4555,9800,980,0.04
4556,1450,145,0.02
4557,355,35,0.02
4558,3766,376,0.07
4559,1385,138,0.29
4560,5801,580,0.29
4561,6230,623,0.02
4562,9648,964,0.04
4563,9584,958,0.02
4564,3701,370,0.48
4565,9653,965,0.48
4566,6858,685,0.48
4567,5625,562,0.02
4568,404,40,0.08
4569,6090,609,0.14
4570,7586,758,0.09
4571,6168,616,0.09
4572,8160,816,0.06
4573,9948,994,0.05
4574,10011,1001,0.03
4575,10282,1028,0.47
4576,3888,388,0.52
4577,617,61,0.52
4578,1242,124,0.03
4579,6189,618,0.44
4580,9390,939,0.02
4581,3377,337,0.02
4582,1219,121,0.08
4583,1628,162,0.02
4584,9881,988,0.02
4585,2026,202,0.02
4586,8750,875,0.04
4587,6777,677,0.01
4588,5201,520,0.34
4589,5633,563,0.34
4590,4785,478,0.34
4591,4999,499,0.05
4592,1805,180,0.08
4593,1393,139,0.02
4594,338,33,0.84
4595,4718,471,0.09
4596,7826,782,0.02
4597,8717,871,0.02
4598,3462,346,0.06
4599,7832,783,0.04
4600,5729,572,0.04
4601,1806,180,0.32
4602,456,45,0.02
4603,6760,676,0.02
4604,8413,841,0.15
4605,8331,833,0.34
4606,8630,863,0.28
4607,1438,143,0.03
4608,2070,207,0.29
4609,3329,332,0.04
4610,5545,554,0.04
4611,1507,150,0.32
4612,3556,355,0.37
4613,6478,647,0.37
4614,3447,344,0.37
4615,5327,532,0.40
4616,7641,764,0.04
4617,449,44,0.02
4618,2224,222,0.80
4619,5911,591,0.02
4620,2533,253,0.33
4621,8064,806,0.33
4622,3932,393,0.08
4623,9425,942,0.02
4624,10301,1030,0.04
4625,1009,100,0.23
4626,7053,705,0.23
4627,4614,461,0.08
4628,4199,419,0.02
4629,4480,448,0.02
4630,8359,835,0.06
4631,9222,922,0.20
4632,1221,122,0.38
4633,2566,256,0.04
4634,2528,252,0.04
4635,6049,604,0.04
4636,1396,139,0.04
4637,4469,446,0.14
4638,10372,1037,0.02
4639,6667,666,0.09
4640,9306,930,0.02
4641,8659,865,0.02
4642,3355,335,0.02
4643,6567,656,0.30
4644,8746,874,0.14
4645,6853,685,0.33
4646,8330,833,0.33
4647,5375,537,0.09
4648,5128,512,0.13
4649,2480,248,0.13
4650,4059,405,0.37
4651,4415,441,0.37
4652,9864,986,0.06
4653,1214,121,0.04
4654,1762,176,0.64
4655,4004,400,0.08
4656,1251,125,0.52
4657,6896,689,0.35
4658,4800,480,0.41
4659,6283,628,0.41
4660,2294,229,0.06
4661,3143,314,0.05
4662,4719,471,0.04
4663,4989,498,0.02
4664,4898,489,0.23
4665,3230,323,0.23
4666,9234,923,0.36
4667,9034,903,0.21
4668,3976,397,0.21
4669,7466,746,0.02
4670,3908,390,0.29
4671,9698,969,0.29
4672,6523,652,0.02
4673,4153,415,0.07
4674,5048,504,0.04
4675,1808,180,0.04
4676,3427,342,0.27
4677,9365,936,0.02
4678,3154,315,0.10
4679,6337,633,0.10
4680,6211,621,0.10
4681,7116,711,0.06
4682,8109,810,0.06
4683,9010,901,0.04
4684,6127,612,0.04
4685,2291,229,0.08
4686,6036,603,0.06
4687,2603,260,0.02
4688,8869,886,0.06
4689,6945,694,0.04
4690,4668,466,0.09
4691,2326,232,0.27
4692,2136,213,0.23
4693,3937,393,0.35
4694,9945,994,0.06
4695,2051,205,0.06
4696,3816,381,0.06
4697,6870,687,0.08
4698,5931,593,0.02
4699,5291,529,0.05
4700,5191,519,0.04
4701,4829,482,0.21
4702,1496,149,0.04
4703,478,47,0.10
4704,3406,340,0.03
4705,4682,468,0.45
4706,5645,564,0.25
4707,9875,987,0.06
4708,2410,241,0.17
4709,1364,136,0.17
4710,6874,687,0.38
4711,958,95,0.06
4712,3212,321,0.02
4713,1791,179,0.13
4714,1596,159,0.03
4715,6629,662,0.02
4716,7394,739,0.02
4717,8271,827,0.56
4718,5145,514,0.78
4719,4116,411,0.12
4720,1955,195,0.37
4721,8610,861,0.37
4722,3525,352,0.12
4723,5234,523,0.20
4724,5762,576,0.10
4725,1047,104,0.06
4726,9296,929,0.02
4727,9042,904,0.21
4728,1596,159,0.21
4729,8585,858,0.04
4730,9155,915,0.15
4731,3323,332,0.02
4732,6668,666,0.04
4733,6781,678,0.16
4734,2332,233,0.13
4735,1416,141,0.20
4736,3799,379,0.06
4737,4843,484,0.38
4738,7648,764,0.02
4739,1961,196,0.06
4740,5611,561,0.06
4741,5583,558,0.11
4742,5699,569,0.18
4743,6679,667,0.05
4744,4286,428,0.13
4745,5977,597,0.04
4746,6814,681,0.03
4747,2198,219,0.07
4748,2570,257,0.13
4749,6279,627,0.02
4750,4619,461,0.21
4751,893,89,0.02
4752,5688,568,0.02
4753,5008,500,0.04
4754,4633,463,0.04
4755,3971,397,0.17
4756,2453,245,0.42
4757,8577,857,0.03
4758,6644,664,0.19
4759,9107,910,0.02
4760,3926,392,0.19
4761,2822,282,0.02
4762,835,83,0.02
4763,5428,542,0.02
4764,7647,764,0.15
4765,6915,691,0.01
4766,7835,783,0.18
4767,6859,685,0.04
4768,2077,207,0.04
4769,2008,200,0.04
4770,5552,555,0.25
4771,3944,394,0.13
4772,368,36,0.42
4773,9035,903,0.42
4774,5799,579,0.02
4775,7286,728,0.29
4776,2273,227,0.02
4777,2365,236,0.02
4778,5367,536,0.39
4779,4232,423,0.39
4780,6059,605,0.06
4781,6814,681,0.07
4782,6249,624,0.07
4783,5746,574,0.07
4784,1717,171,0.01
4785,10096,1009,0.04
4786,7214,721,0.06
4787,3270,327,0.04
4788,6409,640,0.02
4789,7836,783,0.02
4790,839,83,0.28
4791,6020,602,0.04
4792,8704,870,0.10
4793,6955,695,0.12
4794,9732,973,0.38
4795,9806,980,0.38
4796,9828,982,0.38
4797,9885,988,0.10
4798,9267,926,0.02
4799,9354,935,0.02
4800,8920,892,0.02
4801,4827,482,0.18
4802,2677,267,0.69
4803,1818,181,0.37
4804,7234,723,0.37
4805,7665,766,0.04
4806,3967,396,0.04
4807,838,83,0.02
4808,4429,442,0.04
4809,8957,895,0.28
4810,5314,531,0.04
4811,2072,207,0.02
4812,399,39,0.12
4813,7085,708,0.26
4814,2798,279,0.85
4815,7823,782,0.12
4816,5417,541,0.02
4817,7138,713,0.02
4818,2762,276,0.12
4819,8237,823,0.01
4820,6190,619,0.01
4821,3205,320,0.35
4822,1388,138,0.02
4823,5377,537,0.01
4824,2157,215,0.32
4825,5008,500,0.04
4826,6003,600,0.30
4827,2120,212,0.74
4828,4956,495,0.25
4829,7278,727,0.25
4830,4931,493,0.40
4831,6374,637,0.23
4832,2809,280,0.23
4833,7014,701,0.01
4834,2397,239,0.01
4835,9389,938,0.74
4836,7525,752,0.17
4837,1375,137,0.21
4838,3371,337,0.02
4839,7674,767,0.94
4840,8783,878,0.08
4841,4312,431,0.08
4842,919,91,0.10
4843,1949,194,0.02
4844,6563,656,0.78
4845,1016,101,0.78
4846,5537,553,0.14
4847,8009,800,0.14
4848,1208,120,0.06
4849,8662,866,0.48
4850,1676,167,0.48
4851,1754,175,0.03
4852,9920,992,0.39
4853,8021,802,0.39
4854,9560,956,0.38
4855,1757,175,0.35
4856,2353,235,0.02
4857,6547,654,0.68
4858,9577,957,0.02
4859,5848,584,0.26
4860,425,42,0.11
4861,10220,1022,0.02
4862,6014,601,0.02
4863,6154,615,0.14
4864,8976,897,0.02
4865,2262,226,0.08
4866,6968,696,0.13
4867,2630,263,0.04
4868,9849,984,0.07
4869,1839,183,0.03
4870,1444,144,0.03
4871,9549,954,0.03
4872,10082,1008,0.01
4873,7006,700,0.04
4874,10186,1018,0.01
4875,1572,157,0.03
4876,1854,185,0.12
4877,9513,951,0.03
4878,1446,144,0.01
4879,6028,602,0.39
4880,1070,107,0.02
4881,8617,861,0.14
4882,2701,270,0.14
4883,446,44,0.14
4884,9551,955,0.14
4885,10107,1010,0.17
4886,8790,879,0.04
4887,2949,294,0.06
4888,3350,335,0.06
4889,2556,255,0.08
4890,5780,578,0.04
4891,6619,661,0.08
4892,4448,444,0.08
4893,8046,804,0.02
4894,3060,306,0.02
4895,9929,992,0.02
4896,9137,913,0.02
4897,7358,735,0.69
4898,8805,880,0.02
4899,4254,425,0.53
4900,9295,929,0.10
4901,8437,843,0.04
4902,4475,447,0.25
4903,4809,480,0.05
4904,5662,566,0.02
4905,4390,439,0.02
4906,4750,475,0.68
4907,6378,637,0.03
4908,5201,520,0.37
4909,6995,699,0.02
4910,1580,158,0.02
4911,7795,779,0.02
4912,6758,675,0.02
4913,4195,419,0.02
4914,1098,109,0.04
4915,4914,491,0.10
4916,2158,215,0.02
4917,2460,246,0.02
4918,8732,873,0.09
4919,2317,231,0.09
4920,4177,417,0.04
4921,6206,620,0.02
4922,8225,822,0.02
4923,2524,252,0.15
4924,7970,797,0.31
4925,2209,220,0.17
4926,9820,982,0.11
4927,3159,315,0.06
4928,1255,125,0.02
4929,3959,395,0.26
4930,10314,1031,0.06
4931,7493,749,0.02
4932,4344,434,0.06
4933,5570,557,0.09
4934,6582,658,0.04
4935,3941,394,0.35
4936,7989,798,0.05
4937,4926,492,0.02
4938,7096,709,0.04
4939,7558,755,0.02
4940,7336,733,0.04
4941,5940,594,0.02
4942,5115,511,0.64
4943,3399,339,0.03
4944,6289,628,0.03
4945,4256,425,0.03
4946,7058,705,0.22
4947,1380,138,0.22
4948,356,35,0.02
4949,4111,411,0.68
4950,6298,629,0.09
4951,6944,694,0.02
4952,3025,302,0.07
4953,8053,805,0.27
4954,1606,160,0.14
4955,4512,451,0.14
4956,10058,1005,0.14
4957,7143,714,0.14
4958,5097,509,0.12
4959,2436,243,0.02
4960,7038,703,0.02
4961,6116,611,0.02
4962,3594,359,0.13
4963,2216,221,0.13
4964,3925,392,0.03
4965,4232,423,0.06
4966,3234,323,0.04
4967,3440,344,0.08
4968,7179,717,0.02
4969,2202,220,0.44
4970,1024,102,0.44
4971,9972,997,0.44
4972,506,50,0.02
4973,7876,787,0.21
4974,2237,223,0.02
4975,4341,434,0.04
4976,1096,109,0.08
4977,3070,307,0.25
4978,4828,482,0.04
4979,6157,615,0.06
4980,6725,672,0.17
4981,9777,977,0.04
4982,2184,218,0.06
4983,2605,260,0.31
4984,4320,432,0.30
4985,6536,653,0.30
4986,2924,292,0.34
4987,3105,310,0.38
4988,9796,979,0.38
4989,7810,781,0.38
4990,9112,911,0.38
4991,1150,115,0.27
4992,7169,716,0.27
4993,2787,278,0.27
4994,9510,951,0.02
4995,7258,725,0.18
4996,6668,666,0.64
4997,7980,798,0.64
4998,5071,507,0.03
4999,8061,806,0.02
