1834924	8000.0	0	500.0	0.8	0	16.0	16.8
1726698	11000.0	0	500.0	1.1	16.8	22.0	39.900000000000006
1774846	10000.0	0	500.0	1.0	39.9	20.0	60.9
1661941	9000.0	0	500.0	0.9	60.9	18.0	79.8
1682209	8000.0	0	500.0	0.8	79.8	16.0	96.6
1773101	7000.0	0	500.0	0.7	96.6	14.0	111.3
1845067	12000.0	0	500.0	1.2	111.3	24.0	136.5
1653098	8000.0	0	500.0	0.8	136.5	16.0	153.3
1844024	7000.0	0	500.0	0.7	153.3	14.0	168.0
1680857	9000.0	0	500.0	0.9	168.0	18.0	186.9
1761979	8000.0	0	500.0	0.8	186.9	16.0	203.70000000000002
1721991	8000.0	0	500.0	0.8	203.7	16.0	220.5
1677192	9000.0	0	500.0	0.9	220.5	18.0	239.4
1775624	8000.0	0	500.0	0.8	239.4	16.0	256.20000000000005
1725424	7000.0	0	500.0	0.7	256.2	14.0	270.9
1683013	4000.0	0	500.0	0.4	270.9	8.0	279.29999999999995
1724650	6000.0	0	500.0	0.6	279.3	12.0	291.90000000000003
1727312	7000.0	0	500.0	0.7	291.9	14.0	306.59999999999997
1781463	9000.0	0	500.0	0.9	306.6	18.0	325.5
1775022	7000.0	0	500.0	0.7	325.5	14.0	340.2
1723260	6000.0	0	500.0	0.6	340.2	12.0	352.8
1689299	6000.0	0	500.0	0.6	352.8	12.0	365.40000000000003
1673755	8000.0	0	500.0	0.8	365.4	16.0	382.2
1804081	7000.0	0	500.0	0.7	382.2	14.0	396.9
1671425	7000.0	0	500.0	0.7	396.9	14.0	411.59999999999997
1813878	7000.0	0	500.0	0.7	411.6	14.0	426.3
1646727	7000.0	0	500.0	0.7	426.3	14.0	441.0
1638414	7000.0	0	500.0	0.7	441.0	14.0	455.7
1717209	7000.0	0	500.0	0.7	455.7	14.0	470.4
1638046	7000.0	0	500.0	0.7	470.4	14.0	485.09999999999997
1735042	9000.0	0	500.0	0.9	485.1	18.0	504.0
1738379	9000.0	0	500.0	0.9	504.0	18.0	522.9
1647324	8000.0	0	500.0	0.8	522.9	16.0	539.6999999999999
1805208	9000.0	0	500.0	0.9	539.7	18.0	558.6
1698270	7000.0	0	500.0	0.7	558.6	14.0	573.3000000000001
1785841	9000.0	0	500.0	0.9	573.3	18.0	592.1999999999999
1702001	6000.0	0	500.0	0.6	592.2	12.0	604.8000000000001
1809458	8000.0	0	500.0	0.8	604.8	16.0	621.5999999999999
1701991	8000.0	0	500.0	0.8	621.6	16.0	638.4
1759578	8000.0	0	500.0	0.8	638.4	16.0	655.1999999999999
1821861	9000.0	0	500.0	0.9	655.2	18.0	674.1
1721110	9000.0	0	500.0	0.9	674.1	18.0	693.0
1666877	7000.0	0	500.0	0.7	693.0	14.0	707.7
1821227	10000.0	0	500.0	1.0	707.7	20.0	728.7
1692776	7000.0	0	500.0	0.7	728.7	14.0	743.4000000000001
1669233	8000.0	0	500.0	0.8	743.4	16.0	760.1999999999999
1825383	8000.0	0	500.0	0.8	760.2	16.0	777.0
1636420	11000.0	0	500.0	1.1	777.0	22.0	800.1
1692447	9000.0	0	500.0	0.9	800.1	18.0	819.0
1747420	10000.0	1	500.0	1.0	0	20.0	21.0
1767036	7000.0	1	500.0	0.7	21.0	14.0	35.7
1842512	6000.0	1	500.0	0.6	35.7	12.0	48.300000000000004
1834753	7000.0	1	500.0	0.7	48.3	14.0	63.0
1728828	10000.0	1	500.0	1.0	63.0	20.0	84.0
1768135	9000.0	1	500.0	0.9	84.0	18.0	102.9
1839214	9000.0	1	500.0	0.9	102.9	18.0	121.80000000000001
1773845	9000.0	1	500.0	0.9	121.8	18.0	140.7
1833424	7000.0	1	500.0	0.7	140.7	14.0	155.39999999999998
1680335	7000.0	1	500.0	0.7	155.4	14.0	170.1
1832816	7000.0	1	500.0	0.7	170.1	14.0	184.79999999999998
1843663	10000.0	1	500.0	1.0	184.8	20.0	205.8
1835867	7000.0	1	500.0	0.7	205.8	14.0	220.5
1769385	8000.0	1	500.0	0.8	220.5	16.0	237.3
1682677	8000.0	1	500.0	0.8	237.3	16.0	254.10000000000002
1689142	9000.0	1	500.0	0.9	254.1	18.0	273.0
1718933	8000.0	1	500.0	0.8	273.0	16.0	289.8
1756346	8000.0	1	500.0	0.8	289.8	16.0	306.6
1713794	6000.0	1	500.0	0.6	306.6	12.0	319.20000000000005
1743102	7000.0	1	500.0	0.7	319.2	14.0	333.9
1712752	8000.0	1	500.0	0.8	333.9	16.0	350.7
1823870	12000.0	1	500.0	1.2	350.7	24.0	375.9
1656474	8000.0	1	500.0	0.8	375.9	16.0	392.7
1733687	9000.0	1	500.0	0.9	392.7	18.0	411.59999999999997
1714431	7000.0	1	500.0	0.7	411.6	14.0	426.3
1638260	6000.0	1	500.0	0.6	426.3	12.0	438.90000000000003
1671364	4000.0	1	500.0	0.4	438.9	8.0	447.29999999999995
1736206	9000.0	1	500.0	0.9	447.3	18.0	466.2
1646353	7000.0	1	500.0	0.7	466.2	14.0	480.9
1814823	10000.0	1	500.0	1.0	480.9	20.0	501.9
1672017	9000.0	1	500.0	0.9	501.9	18.0	520.8
1735222	7000.0	1	500.0	0.7	520.8	14.0	535.5
1803347	12000.0	1	500.0	1.2	535.5	24.0	560.7
1655068	7000.0	1	500.0	0.7	560.7	14.0	575.4000000000001
1655096	6000.0	1	500.0	0.6	575.4	12.0	588.0
1809366	7000.0	1	500.0	0.7	588.0	14.0	602.7
1720916	9000.0	1	500.0	0.9	602.7	18.0	621.6
1749308	6000.0	1	500.0	0.6	621.6	12.0	634.2
1751074	9000.0	1	500.0	0.9	634.2	18.0	653.1
1831121	7000.0	1	500.0	0.7	653.1	14.0	667.8000000000001
1829250	10000.0	1	500.0	1.0	667.8	20.0	688.8
1665654	7000.0	1	500.0	0.7	688.8	14.0	703.5
1693517	7000.0	1	500.0	0.7	703.5	14.0	718.2
1642122	9000.0	1	500.0	0.9	718.2	18.0	737.1
1758245	7000.0	1	500.0	0.7	737.1	14.0	751.8000000000001
1692454	9000.0	1	500.0	0.9	751.8	18.0	770.6999999999999
1708786	9000.0	1	500.0	0.9	770.7	18.0	789.6
1835056	9000.0	2	1000.0	0.9	0	9.0	9.9
1679976	7000.0	2	1000.0	0.7	9.9	7.0	17.6
1838382	14000.0	2	1000.0	1.4	17.6	14.0	33.0
1807438	6000.0	2	1000.0	0.6	33.0	6.0	39.6
1678136	7000.0	2	1000.0	0.7	39.6	7.0	47.300000000000004
1688173	7000.0	2	1000.0	0.7	47.3	7.0	55.0
1653527	8000.0	2	1000.0	0.8	55.0	8.0	63.8
1728072	7000.0	2	1000.0	0.7	63.8	7.0	71.5
1728665	7000.0	2	1000.0	0.7	71.5	7.0	79.2
1760928	11000.0	2	1000.0	1.1	79.2	11.0	91.3
1836459	7000.0	2	1000.0	0.7	91.3	7.0	99.0
1780954	6000.0	2	1000.0	0.6	99.0	6.0	105.6
1729164	10000.0	2	1000.0	1.0	105.6	10.0	116.6
1765878	7000.0	2	1000.0	0.7	116.6	7.0	124.3
1723082	7000.0	2	1000.0	0.7	124.3	7.0	132.0
1686850	7000.0	2	1000.0	0.7	132.0	7.0	139.7
1740936	9000.0	2	1000.0	0.9	139.7	9.0	149.6
1823614	9000.0	2	1000.0	0.9	149.6	9.0	159.5
1741711	8000.0	2	1000.0	0.8	159.5	8.0	168.3
1741645	7000.0	2	1000.0	0.7	168.3	7.0	176.0
1756503	9000.0	2	1000.0	0.9	176.0	9.0	185.9
1850051	8000.0	2	1000.0	0.8	185.9	8.0	194.70000000000002
1731815	9000.0	2	1000.0	0.9	194.7	9.0	204.6
1674903	8000.0	2	1000.0	0.8	204.6	8.0	213.4
1672426	8000.0	2	1000.0	0.8	213.4	8.0	222.20000000000002
1803852	9000.0	2	1000.0	0.9	222.2	9.0	232.1
1738180	10000.0	2	1000.0	1.0	232.1	10.0	243.1
1672886	9000.0	2	1000.0	0.9	243.1	9.0	253.0
1793644	9000.0	2	1000.0	0.9	253.0	9.0	262.9
1826445	9000.0	2	1000.0	0.9	262.9	9.0	272.79999999999995
1819883	8000.0	2	1000.0	0.8	272.8	8.0	281.6
1821970	8000.0	2	1000.0	0.8	281.6	8.0	290.40000000000003
1639514	9000.0	2	1000.0	0.9	290.4	9.0	300.29999999999995
1821209	8000.0	2	1000.0	0.8	300.3	8.0	309.1
1649582	9000.0	2	1000.0	0.9	309.1	9.0	319.0
1817551	8000.0	2	1000.0	0.8	319.0	8.0	327.8
1757289	8000.0	2	1000.0	0.8	327.8	8.0	336.6
1825530	7000.0	2	1000.0	0.7	336.6	7.0	344.3
1636648	8000.0	2	1000.0	0.8	344.3	8.0	353.1
1649835	7000.0	2	1000.0	0.7	353.1	7.0	360.8
1701514	8000.0	2	1000.0	0.8	360.8	8.0	369.6
1691540	9000.0	3	1000.0	0.9	0	9.0	9.9
1833161	9000.0	3	1000.0	0.9	9.9	9.0	19.8
1766317	6000.0	3	1000.0	0.6	19.8	6.0	26.400000000000002
1761003	6000.0	3	1000.0	0.6	26.4	6.0	33.0
1663197	9000.0	3	1000.0	0.9	33.0	9.0	42.9
1771439	7000.0	3	1000.0	0.7	42.9	7.0	50.6
1768709	8000.0	3	1000.0	0.8	50.6	8.0	59.4
1702261	12000.0	3	1000.0	1.2	59.4	12.0	72.6
1812397	7000.0	3	1000.0	0.7	72.6	7.0	80.3
1696433	6000.0	3	1000.0	0.6	80.3	6.0	86.89999999999999
1807660	7000.0	3	1000.0	0.7	86.9	7.0	94.60000000000001
1734057	9000.0	3	1000.0	0.9	94.6	9.0	104.5
1659445	10000.0	3	1000.0	1.0	104.5	10.0	115.5
1711185	9000.0	3	1000.0	0.9	115.5	9.0	125.4
1757255	9000.0	3	1000.0	0.9	125.4	9.0	135.3
1752299	11000.0	3	1000.0	1.1	135.3	11.0	147.4
1696581	9000.0	3	1000.0	0.9	147.4	9.0	157.3
1736058	9000.0	3	1000.0	0.9	157.3	9.0	167.20000000000002
1803202	8000.0	3	1000.0	0.8	167.2	8.0	176.0
1755222	6000.0	3	1000.0	0.6	176.0	6.0	182.6
1793742	11000.0	3	1000.0	1.1	182.6	11.0	194.7
1749515	9000.0	3	1000.0	0.9	194.7	9.0	204.6
1826997	8000.0	3	1000.0	0.8	204.6	8.0	213.4
1785919	12000.0	3	1000.0	1.2	213.4	12.0	226.6
1820592	10000.0	3	1000.0	1.0	226.6	10.0	237.6
1744992	9000.0	3	1000.0	0.9	237.6	9.0	247.5
1789606	6000.0	3	1000.0	0.6	247.5	6.0	254.1
1783133	9000.0	3	1000.0	0.9	254.1	9.0	264.0
1783245	8000.0	3	1000.0	0.8	264.0	8.0	272.8
1820724	8000.0	3	1000.0	0.8	272.8	8.0	281.6
1667014	7000.0	3	1000.0	0.7	281.6	7.0	289.3
1784144	7000.0	3	1000.0	0.7	289.3	7.0	297.0
1799520	11000.0	3	1000.0	1.1	297.0	11.0	309.1
1824697	8000.0	3	1000.0	0.8	309.1	8.0	317.90000000000003
1642476	9000.0	3	1000.0	0.9	317.9	9.0	327.79999999999995
1847557	9000.0	3	1000.0	0.9	327.8	9.0	337.7
1799371	12000.0	3	1000.0	1.2	337.7	12.0	350.9
1668300	7000.0	3	1000.0	0.7	350.9	7.0	358.59999999999997
1719180	9000.0	3	1000.0	0.9	358.6	9.0	368.5
1700597	9000.0	3	1000.0	0.9	368.5	9.0	378.4
1705407	9000.0	3	1000.0	0.9	378.4	9.0	388.29999999999995
1722119	8000.0	4	4000.0	0.8038	0	2.0	2.8038
1776784	9000.0	4	4000.0	0.9038	2.8038	2.25	5.957599999999999
1691687	10000.0	4	4000.0	1.0038	5.9576	2.5	9.461400000000001
1686220	10000.0	4	4000.0	1.0038	9.4614	2.5	12.9652
1726374	7000.0	4	4000.0	0.7038	12.9652	1.75	15.418999999999999
1747161	7000.0	4	4000.0	0.7038	15.419	1.75	17.8728
1775597	8000.0	4	4000.0	0.8038	17.8728	2.0	20.6766
1679288	7000.0	4	4000.0	0.7038	20.6766	1.75	23.1304
1761260	7000.0	4	4000.0	0.7038	23.1304	1.75	25.584200000000003
1678950	7000.0	4	4000.0	0.7038	25.5842	1.75	28.038
1727541	8000.0	4	4000.0	0.8038	28.038	2.0	30.8418
1689430	11000.0	4	4000.0	1.1038	30.8418	2.75	34.6956
1765716	11000.0	4	4000.0	1.1038	34.6956	2.75	38.5494
1759787	8000.0	4	4000.0	0.8038	38.5494	2.0	41.3532
1842147	9000.0	4	4000.0	0.9038	41.3532	2.25	44.507
1780767	8000.0	4	4000.0	0.8038	44.507	2.0	47.3108
1659537	9000.0	4	4000.0	0.9038	47.3108	2.25	50.4646
1812099	14000.0	4	4000.0	1.4038	50.4646	3.5	55.368399999999994
1849814	8000.0	4	4000.0	0.8038	55.3684	2.0	58.172200000000004
1816627	8000.0	4	4000.0	0.8038	58.1722	2.0	60.976
1792324	8000.0	4	4000.0	0.8038	60.976	2.0	63.7798
1811847	8000.0	4	4000.0	0.8038	63.7798	2.0	66.5836
1656445	9000.0	4	4000.0	0.9038	66.5836	2.25	69.73740000000001
1742690	8000.0	4	4000.0	0.8038	69.7374	2.0	72.54119999999999
1742505	11000.0	4	4000.0	1.1038	72.5412	2.75	76.39500000000001
1811396	11000.0	4	4000.0	1.1038	76.395	2.75	80.2488
1811506	11000.0	4	4000.0	1.1038	80.2488	2.75	84.10260000000001
1736131	10000.0	4	4000.0	1.0038	84.1026	2.5	87.6064
1814955	8000.0	4	4000.0	0.8038	87.6064	2.0	90.41019999999999
1671714	6000.0	4	4000.0	0.6038	90.4102	1.5	92.51400000000001
1753426	10000.0	4	4000.0	1.0038	92.514	2.5	96.0178
1656043	8000.0	4	4000.0	0.8038	96.0178	2.0	98.82159999999999
1803655	7000.0	4	4000.0	0.7038	98.8216	1.75	101.2754
1786922	8000.0	4	4000.0	0.8038	101.2754	2.0	104.0792
1786035	6000.0	4	4000.0	0.6038	104.0792	1.5	106.183
1826970	8000.0	4	4000.0	0.8038	106.183	2.0	108.9868
1845595	8000.0	4	4000.0	0.8038	108.9868	2.0	111.7906
1830802	6000.0	4	4000.0	0.6038	111.7906	1.5	113.8944
1830976	8000.0	4	4000.0	0.8038	113.8944	2.0	116.6982
1796201	8000.0	4	4000.0	0.8038	116.6982	2.0	119.502
1821239	6000.0	4	4000.0	0.6038	119.502	1.5	121.6058
1818272	8000.0	4	4000.0	0.8038	121.6058	2.0	124.4096
1800070	8000.0	4	4000.0	0.8038	124.4096	2.0	127.2134
1649320	9000.0	4	4000.0	0.9038	127.2134	2.25	130.3672
1657375	8000.0	4	4000.0	0.8038	130.3672	2.0	133.171
1642094	8000.0	4	4000.0	0.8038	133.171	2.0	135.9748
1825533	9000.0	4	4000.0	0.9038	135.9748	2.25	139.12859999999998
1659971	12000.0	4	4000.0	1.2038	139.1286	3.0	143.3324
1798244	8000.0	4	4000.0	0.8038	143.3324	2.0	146.1362
1799045	7000.0	4	4000.0	0.7038	146.1362	1.75	148.59
1707907	9000.0	4	4000.0	0.9038	148.59	2.25	151.7438
1680931	7000.0	5	4000.0	0.7038	0	1.75	2.4538
1844370	10000.0	5	4000.0	1.0038	2.4538	2.5	5.9576
1762609	7000.0	5	4000.0	0.7038	5.9576	1.75	8.4114
1765539	29000.0	5	4000.0	2.9038	8.4114	7.25	18.5652
1764882	6000.0	5	4000.0	0.6038	18.5652	1.5	20.669
1832150	8000.0	5	4000.0	0.8038	20.669	2.0	23.4728
1773632	7000.0	5	4000.0	0.7038	23.4728	1.75	25.9266
1843412	11000.0	5	4000.0	1.1038	25.9266	2.75	29.7804
1679850	10000.0	5	4000.0	1.0038	29.7804	2.5	33.2842
1775512	8000.0	5	4000.0	0.8038	33.2842	2.0	36.088
1837273	8000.0	5	4000.0	0.8038	36.088	2.0	38.8918
1780151	9000.0	5	4000.0	0.9038	38.8918	2.25	42.0456
1683685	7000.0	5	4000.0	0.7038	42.0456	1.75	44.4994
1663200	6000.0	5	4000.0	0.6038	44.4994	1.5	46.6032
1777742	9000.0	5	4000.0	0.9038	46.6032	2.25	49.757
1779301	8000.0	5	4000.0	0.8038	49.757	2.0	52.5608
1769654	9000.0	5	4000.0	0.9038	52.5608	2.25	55.7146
1761491	6000.0	5	4000.0	0.6038	55.7146	1.5	57.8184
1747038	8000.0	5	4000.0	0.8038	57.8184	2.0	60.6222
1678652	8000.0	5	4000.0	0.8038	60.6222	2.0	63.426
1808626	7000.0	5	4000.0	0.7038	63.426	1.75	65.8798
1715069	8000.0	5	4000.0	0.8038	65.8798	2.0	68.6836
1718745	7000.0	5	4000.0	0.7038	68.6836	1.75	71.1374
1733862	11000.0	5	4000.0	1.1038	71.1374	2.75	74.9912
1713055	8000.0	5	4000.0	0.8038	74.9912	2.0	77.795
1849296	10000.0	5	4000.0	1.0038	77.795	2.5	81.2988
1711540	10000.0	5	4000.0	1.0038	81.2988	2.5	84.8026
1712429	12000.0	5	4000.0	1.2038	84.8026	3.0	89.0064
1806160	6000.0	5	4000.0	0.6038	89.0064	1.5	91.1102
1674250	10000.0	5	4000.0	1.0038	91.1102	2.5	94.614
1811395	6000.0	5	4000.0	0.6038	94.614	1.5	96.71780000000001
1637208	4000.0	5	4000.0	0.4038	96.7178	1.0	98.1216
1804030	9000.0	5	4000.0	0.9038	98.1216	2.25	101.2754
1763389	10000.0	5	4000.0	1.0038	101.2754	2.5	104.7792
1792906	9000.0	5	4000.0	0.9038	104.7792	2.25	107.933
1647409	6000.0	5	4000.0	0.6038	107.933	1.5	110.03680000000001
1826325	7000.0	5	4000.0	0.7038	110.0368	1.75	112.4906
1797113	9000.0	5	4000.0	0.9038	112.4906	2.25	115.6444
1830290	6000.0	5	4000.0	0.6038	115.6444	1.5	117.74820000000001
1830132	9000.0	5	4000.0	0.9038	117.7482	2.25	120.902
1759484	8000.0	5	4000.0	0.8038	120.902	2.0	123.7058
1830724	6000.0	5	4000.0	0.6038	123.7058	1.5	125.8096
1831056	7000.0	5	4000.0	0.7038	125.8096	1.75	128.2634
1828319	6000.0	5	4000.0	0.6038	128.2634	1.5	130.3672
1676023	8000.0	5	4000.0	0.8038	130.3672	2.0	133.171
1748936	9000.0	5	4000.0	0.9038	133.171	2.25	136.32479999999998
1829526	8000.0	5	4000.0	0.8038	136.3248	2.0	139.1286
1818315	7000.0	5	4000.0	0.7038	139.1286	1.75	141.5824
1692810	10000.0	5	4000.0	1.0038	141.5824	2.5	145.08620000000002
1668200	10000.0	5	4000.0	1.0038	145.0862	2.5	148.59
1799991	8000.0	5	4000.0	0.8038	148.59	2.0	151.3938
1667719	9000.0	5	4000.0	0.9038	151.3938	2.25	154.5476
1707863	9000.0	5	4000.0	0.9038	154.5476	2.25	157.70139999999998
1772744	7000.0	6	5000.0	0.7038	0	1.4	2.1037999999999997
1726071	9000.0	6	5000.0	0.9038	2.1038	1.8	4.8076
1684238	9000.0	6	5000.0	0.9038	4.8076	1.8	7.5114
1687434	9000.0	6	5000.0	0.9038	7.5114	1.8	10.215200000000001
1779332	7000.0	6	5000.0	0.7038	10.2152	1.4	12.318999999999999
1762506	9000.0	6	5000.0	0.9038	12.319	1.8	15.022800000000002
1781182	6000.0	6	5000.0	0.6038	15.0228	1.2	16.8266
1835648	12000.0	6	5000.0	1.2038	16.8266	2.4	20.4304
1756674	8000.0	6	5000.0	0.8038	20.4304	1.6	22.8342
1734102	9000.0	6	5000.0	0.9038	22.8342	1.8	25.538
1739732	7000.0	6	5000.0	0.7038	25.538	1.4	27.6418
1812517	8000.0	6	5000.0	0.8038	27.6418	1.6	30.0456
1756480	10000.0	6	5000.0	1.0038	30.0456	2.0	33.0494
1812599	8000.0	6	5000.0	0.8038	33.0494	1.6	35.4532
1713201	10000.0	6	5000.0	1.0038	35.4532	2.0	38.457
1811432	8000.0	6	5000.0	0.8038	38.457	1.6	40.860800000000005
1813302	10000.0	6	5000.0	1.0038	40.8608	2.0	43.864599999999996
1813400	10000.0	6	5000.0	1.0038	43.8646	2.0	46.8684
1793976	8000.0	6	5000.0	0.8038	46.8684	1.6	49.272200000000005
1822825	9000.0	6	5000.0	0.9038	49.2722	1.8	51.97599999999999
1695046	8000.0	6	5000.0	0.8038	51.976	1.6	54.3798
1816125	10000.0	6	5000.0	1.0038	54.3798	2.0	57.3836
1851816	7000.0	6	5000.0	0.7038	57.3836	1.4	59.4874
1819582	9000.0	6	5000.0	0.9038	59.4874	1.8	62.191199999999995
1640623	8000.0	6	5000.0	0.8038	62.1912	1.6	64.595
1668446	8000.0	6	5000.0	0.8038	64.595	1.6	66.99879999999999
1698913	9000.0	6	5000.0	0.9038	66.9988	1.8	69.7026
1799581	7000.0	6	5000.0	0.7038	69.7026	1.4	71.80640000000001
1825392	10000.0	6	5000.0	1.0038	71.8064	2.0	74.8102
1797929	7000.0	6	5000.0	0.7038	74.8102	1.4	76.914
1685784	7000.0	7	5000.0	0.7038	0	1.4	2.1037999999999997
1832177	9000.0	7	5000.0	0.9038	2.1038	1.8	4.8076
1662276	8000.0	7	5000.0	0.8038	4.8076	1.6	7.211399999999999
1776398	11000.0	7	5000.0	1.1038	7.2114	2.2	10.5152
1726451	7000.0	7	5000.0	0.7038	10.5152	1.4	12.619
1807292	7000.0	7	5000.0	0.7038	12.619	1.4	14.7228
1775658	7000.0	7	5000.0	0.7038	14.7228	1.4	16.8266
1729838	7000.0	7	5000.0	0.7038	16.8266	1.4	18.9304
1841070	8000.0	7	5000.0	0.8038	18.9304	1.6	21.3342
1653058	7000.0	7	5000.0	0.7038	21.3342	1.4	23.438
1725292	7000.0	7	5000.0	0.7038	23.438	1.4	25.5418
1747787	8000.0	7	5000.0	0.8038	25.5418	1.6	27.9456
1809186	9000.0	7	5000.0	0.9038	27.9456	1.8	30.6494
1760673	6000.0	7	5000.0	0.6038	30.6494	1.2	32.4532
1780202	8000.0	7	5000.0	0.8038	32.4532	1.6	34.857000000000006
1658442	6000.0	7	5000.0	0.6038	34.857	1.2	36.6608
1849766	8000.0	7	5000.0	0.8038	36.6608	1.6	39.064600000000006
1756775	9000.0	7	5000.0	0.9038	39.0646	1.8	41.76839999999999
1734244	8000.0	7	5000.0	0.8038	41.7684	1.6	44.172200000000004
1811208	9000.0	7	5000.0	0.9038	44.1722	1.8	46.87599999999999
1808482	8000.0	7	5000.0	0.8038	46.876	1.6	49.2798
1791775	10000.0	7	5000.0	1.0038	49.2798	2.0	52.2836
1808489	10000.0	7	5000.0	1.0038	52.2836	2.0	55.2874
1738983	6000.0	7	5000.0	0.6038	55.2874	1.2	57.0912
1658917	8000.0	7	5000.0	0.8038	57.0912	1.6	59.495000000000005
1815163	8000.0	7	5000.0	0.8038	59.495	1.6	61.8988
1671694	10000.0	7	5000.0	1.0038	61.8988	2.0	64.9026
1813921	6000.0	7	5000.0	0.6038	64.9026	1.2	66.70640000000002
1794864	11000.0	7	5000.0	1.1038	66.7064	2.2	70.01020000000001
1805126	9000.0	7	5000.0	0.9038	70.0102	1.8	72.714
1813136	8000.0	7	5000.0	0.8038	72.714	1.6	75.11779999999999
1670764	7000.0	7	5000.0	0.7038	75.1178	1.4	77.22160000000001
1788922	9000.0	7	5000.0	0.9038	77.2216	1.8	79.9254
1751036	6000.0	7	5000.0	0.6038	79.9254	1.2	81.7292
1809506	6000.0	7	5000.0	0.6038	81.7292	1.2	83.53300000000002
1787881	7000.0	7	5000.0	0.7038	83.533	1.4	85.63680000000001
1788137	6000.0	7	5000.0	0.6038	85.6368	1.2	87.4406
1676211	7000.0	7	5000.0	0.7038	87.4406	1.4	89.54440000000001
1795579	8000.0	7	5000.0	0.8038	89.5444	1.6	91.94819999999999
1784098	10000.0	7	5000.0	1.0038	91.9482	2.0	94.952
1790835	9000.0	7	5000.0	0.9038	94.952	1.8	97.6558
1709556	7000.0	7	5000.0	0.7038	97.6558	1.4	99.7596
1640678	8000.0	7	5000.0	0.8038	99.7596	1.6	102.1634
1799232	9000.0	7	5000.0	0.9038	102.1634	1.8	104.8672
1661956	7000.0	8	5000.0	0.7067	0	1.4	2.1067
1842701	8000.0	8	5000.0	0.8067	2.1067	1.6	4.513400000000001
1774157	9000.0	8	5000.0	0.9067	4.5134	1.8	7.2200999999999995
1808950	10000.0	8	5000.0	1.0067	7.2201	2.0	10.2268
1833348	11000.0	8	5000.0	1.1067	10.2268	2.2	13.5335
1832953	8000.0	8	5000.0	0.8067	13.5335	1.6	15.940199999999999
1723469	10000.0	8	5000.0	1.0067	15.9402	2.0	18.9469
1842409	8000.0	8	5000.0	0.8067	18.9469	1.6	21.3536
1835344	9000.0	8	5000.0	0.9067	21.3536	1.8	24.0603
1727267	7000.0	8	5000.0	0.7067	24.0603	1.4	26.167
1844637	10000.0	8	5000.0	1.0067	26.167	2.0	29.1737
1772106	9000.0	8	5000.0	0.9067	29.1737	1.8	31.8804
1741483	6000.0	8	5000.0	0.6067	31.8804	1.2	33.6871
1739283	8000.0	8	5000.0	0.8067	33.6871	1.6	36.0938
1648317	6000.0	8	5000.0	0.6067	36.0938	1.2	37.90050000000001
1800288	6000.0	8	5000.0	0.6067	37.9005	1.2	39.7072
1800299	6000.0	8	5000.0	0.6067	39.7072	1.2	41.51390000000001
1811773	10000.0	8	5000.0	1.0067	41.5139	2.0	44.5206
1643905	9000.0	8	5000.0	0.9067	44.5206	1.8	47.2273
1671529	9000.0	8	5000.0	0.9067	47.2273	1.8	49.934
1716867	9000.0	8	5000.0	0.9067	49.934	1.8	52.640699999999995
1672058	10000.0	8	5000.0	1.0067	52.6407	2.0	55.647400000000005
1814437	8000.0	8	5000.0	0.8067	55.6474	1.6	58.0541
1718126	11000.0	8	5000.0	1.1067	58.0541	2.2	61.3608
1802602	8000.0	8	5000.0	0.8067	61.3608	1.6	63.7675
1670825	12000.0	8	5000.0	1.2067	63.7675	2.4	67.3742
1787179	8000.0	8	5000.0	0.8067	67.3742	1.6	69.7809
1820389	7000.0	8	5000.0	0.7067	69.7809	1.4	71.8876
1749964	9000.0	8	5000.0	0.9067	71.8876	1.8	74.5943
1788557	8000.0	8	5000.0	0.8067	74.5943	1.6	77.001
1829449	7000.0	8	5000.0	0.7067	77.001	1.4	79.10770000000001
1721122	7000.0	8	5000.0	0.7067	79.1077	1.4	81.2144
1845492	10000.0	8	5000.0	1.0067	81.2144	2.0	84.22109999999999
1784143	7000.0	8	5000.0	0.7067	84.2211	1.4	86.32780000000001
1642203	7000.0	8	5000.0	0.7067	86.3278	1.4	88.4345
1719165	7000.0	8	5000.0	0.7067	88.4345	1.4	90.5412
1669282	7000.0	8	5000.0	0.7067	90.5412	1.4	92.6479
1799858	8000.0	8	5000.0	0.8067	92.6479	1.6	95.05460000000001
1806684	10000.0	8	5000.0	1.0067	95.0546	2.0	98.06129999999999
1699221	7000.0	8	5000.0	0.7067	98.0613	1.4	100.168
1825166	9000.0	8	5000.0	0.9067	100.168	1.8	102.8747
1699542	9000.0	8	5000.0	0.9067	102.8747	1.8	105.5814
1731104	9000.0	8	5000.0	0.9067	105.5814	1.8	108.2881
1675310	10000.0	8	5000.0	1.0067	108.2881	2.0	111.2948
1748166	10000.0	9	6000.0	1.0067	0	1.6667	2.6734
1725215	8000.0	9	6000.0	0.8067	2.6734	1.3333	4.8134
1834670	9000.0	9	6000.0	0.9067	4.8134	1.5	7.2200999999999995
1651509	7000.0	9	6000.0	0.7067	7.2201	1.1667	9.0935
1745525	8000.0	9	6000.0	0.8067	9.0935	1.3333	11.2335
1721740	9000.0	9	6000.0	0.9067	11.2335	1.5	13.6402
1832716	9000.0	9	6000.0	0.9067	13.6402	1.5	16.0469
1678411	7000.0	9	6000.0	0.7067	16.0469	1.1667	17.9203
1684162	7000.0	9	6000.0	0.7067	17.9203	1.1667	19.7937
1729286	7000.0	9	6000.0	0.7067	19.7937	1.1667	21.6671
1838626	8000.0	9	6000.0	0.8067	21.6671	1.3333	23.807100000000002
1769589	10000.0	9	6000.0	1.0067	23.8071	1.6667	26.480499999999996
1682943	8000.0	9	6000.0	0.8067	26.4805	1.3333	28.6205
1840503	7000.0	9	6000.0	0.7067	28.6205	1.1667	30.4939
1682071	50000.0	9	6000.0	5.0067	30.4939	8.3333	43.8339
1840592	11000.0	9	6000.0	1.1067	43.8339	1.8333	46.773900000000005
1648729	9000.0	9	6000.0	0.9067	46.7739	1.5	49.1806
1637397	5000.0	9	6000.0	0.5067	49.1806	0.8333	50.5206
1756472	8000.0	9	6000.0	0.8067	50.5206	1.3333	52.6606
1739862	7000.0	9	6000.0	0.7067	52.6606	1.1667	54.534
1816566	8000.0	9	6000.0	0.8067	54.534	1.3333	56.674
1823479	6000.0	9	6000.0	0.6067	56.674	1.0	58.280699999999996
1651632	7000.0	9	6000.0	0.7067	58.2807	1.1667	60.1541
1733139	9000.0	9	6000.0	0.9067	60.1541	1.5	62.5608
1638214	6000.0	9	6000.0	0.6067	62.5608	1.0	64.1675
1736401	10000.0	9	6000.0	1.0067	64.1675	1.6667	66.8409
1823006	9000.0	9	6000.0	0.9067	66.8409	1.5	69.2476
1815718	8000.0	9	6000.0	0.8067	69.2476	1.3333	71.3876
1851469	7000.0	9	6000.0	0.7067	71.3876	1.1667	73.26100000000001
1802575	10000.0	9	6000.0	1.0067	73.261	1.6667	75.9344
1792800	8000.0	9	6000.0	0.8067	75.9344	1.3333	78.0744
1655383	7000.0	9	6000.0	0.7067	78.0744	1.1667	79.9478
1805221	9000.0	9	6000.0	0.9067	79.9478	1.5	82.3545
1786652	6000.0	9	6000.0	0.6067	82.3545	1.0	83.9612
1750716	10000.0	9	6000.0	1.0067	83.9612	1.6667	86.6346
1657772	9000.0	9	6000.0	0.9067	86.6346	1.5	89.0413
1819673	6000.0	9	6000.0	0.6067	89.0413	1.0	90.64800000000001
1666648	8000.0	9	6000.0	0.8067	90.648	1.3333	92.788
1783433	10000.0	9	6000.0	1.0067	92.788	1.6667	95.4614
1818067	8000.0	9	6000.0	0.8067	95.4614	1.3333	97.6014
1709455	8000.0	9	6000.0	0.8067	97.6014	1.3333	99.7414
1730788	7000.0	9	6000.0	0.7067	99.7414	1.1667	101.6148
1640744	12000.0	9	6000.0	1.2067	101.6148	2.0	104.8215
1705354	6000.0	9	6000.0	0.6067	104.8215	1.0	106.4282
1799014	9000.0	9	6000.0	0.9067	106.4282	1.5	108.8349
1700632	9000.0	9	6000.0	0.9067	108.8349	1.5	111.2416
1840164	7000.0	10	6000.0	0.7067	0	1.1667	1.8734000000000002
1770877	11000.0	10	6000.0	1.1067	1.8734	1.8333	4.8134
1703240	9000.0	10	6000.0	0.9067	4.8134	1.5	7.2200999999999995
1843366	8000.0	10	6000.0	0.8067	7.2201	1.3333	9.3601
1843493	7000.0	10	6000.0	0.7067	9.3601	1.1667	11.2335
1775730	9000.0	10	6000.0	0.9067	11.2335	1.5	13.6402
1748436	8000.0	10	6000.0	0.8067	13.6402	1.3333	15.780199999999999
1771029	8000.0	10	6000.0	0.8067	15.7802	1.3333	17.9202
1835332	7000.0	10	6000.0	0.7067	17.9202	1.1667	19.7936
1725815	8000.0	10	6000.0	0.8067	19.7936	1.3333	21.933600000000002
1724628	7000.0	10	6000.0	0.7067	21.9336	1.1667	23.807
1662439	7000.0	10	6000.0	0.7067	23.807	1.1667	25.6804
1748747	6000.0	10	6000.0	0.6067	25.6804	1.0	27.2871
1835275	8000.0	10	6000.0	0.8067	27.2871	1.3333	29.4271
1689269	9000.0	10	6000.0	0.9067	29.4271	1.5	31.8338
1669534	9000.0	10	6000.0	0.9067	31.8338	1.5	34.2405
1648347	5000.0	10	6000.0	0.5067	34.2405	0.8333	35.5805
1711849	7000.0	10	6000.0	0.7067	35.5805	1.1667	37.4539
1794316	6000.0	10	6000.0	0.6067	37.4539	1.0	39.060599999999994
1763054	9000.0	10	6000.0	0.9067	39.0606	1.5	41.4673
1717317	8000.0	10	6000.0	0.8067	41.4673	1.3333	43.6073
1814058	7000.0	10	6000.0	0.7067	43.6073	1.1667	45.4807
1754321	9000.0	10	6000.0	0.9067	45.4807	1.5	47.8874
1695076	8000.0	10	6000.0	0.8067	47.8874	1.3333	50.0274
1803097	7000.0	10	6000.0	0.7067	50.0274	1.1667	51.9008
1755792	8000.0	10	6000.0	0.8067	51.9008	1.3333	54.0408
1786236	8000.0	10	6000.0	0.8067	54.0408	1.3333	56.1808
1819477	8000.0	10	6000.0	0.8067	56.1808	1.3333	58.3208
1797148	9000.0	10	6000.0	0.9067	58.3208	1.5	60.7275
1809626	8000.0	10	6000.0	0.8067	60.7275	1.3333	62.8675
1745085	7000.0	10	6000.0	0.7067	62.8675	1.1667	64.7409
1666416	10000.0	10	6000.0	1.0067	64.7409	1.6667	67.4143
1668451	11000.0	10	6000.0	1.1067	67.4143	1.8333	70.3543
1799970	8000.0	10	6000.0	0.8067	70.3543	1.3333	72.4943
1848498	9000.0	10	6000.0	0.9067	72.4943	1.5	74.901
1693300	8000.0	10	6000.0	0.8067	74.901	1.3333	77.041
1825637	8000.0	10	6000.0	0.8067	77.041	1.3333	79.181
1675379	8000.0	10	6000.0	0.8067	79.181	1.3333	81.321
1701536	9000.0	10	6000.0	0.9067	81.321	1.5	83.7277
1751512	15000.0	10	6000.0	1.5067	83.7277	2.5	87.7344
1641429	7000.0	10	6000.0	0.7067	87.7344	1.1667	89.6078
1850182	6000.0	10	6000.0	0.6067	89.6078	1.0	91.2145
1782866	7000.0	11	6000.0	0.7067	0	1.1667	1.8734000000000002
1770804	11000.0	11	6000.0	1.1067	1.8734	1.8333	4.8134
1653291	8000.0	11	6000.0	0.8067	4.8134	1.3333	6.9534
1832256	10000.0	11	6000.0	1.0067	6.9534	1.6667	9.626800000000001
1832444	7000.0	11	6000.0	0.7067	9.6268	1.1667	11.5002
1764653	6000.0	11	6000.0	0.6067	11.5002	1.0	13.1069
1745440	8000.0	11	6000.0	0.8067	13.1069	1.3333	15.246899999999998
1703533	9000.0	11	6000.0	0.9067	15.2469	1.5	17.6536
1833674	8000.0	11	6000.0	0.8067	17.6536	1.3333	19.7936
1832611	10000.0	11	6000.0	1.0067	19.7936	1.6667	22.467
1770754	7000.0	11	6000.0	0.7067	22.467	1.1667	24.3404
1681812	9000.0	11	6000.0	0.9067	24.3404	1.5	26.7471
1662765	8000.0	11	6000.0	0.8067	26.7471	1.3333	28.8871
1683229	9000.0	11	6000.0	0.9067	28.8871	1.5	31.2938
1779283	8000.0	11	6000.0	0.8067	31.2938	1.3333	33.433800000000005
1689586	8000.0	11	6000.0	0.8067	33.4338	1.3333	35.5738
1689098	10000.0	11	6000.0	1.0067	35.5738	1.6667	38.2472
1682044	8000.0	11	6000.0	0.8067	38.2472	1.3333	40.3872
1801034	4000.0	11	6000.0	0.4067	40.3872	0.6667	41.4606
1802214	9000.0	11	6000.0	0.9067	41.4606	1.5	43.8673
1734736	8000.0	11	6000.0	0.8067	43.8673	1.3333	46.0073
1734026	8000.0	11	6000.0	0.8067	46.0073	1.3333	48.1473
1697328	7000.0	11	6000.0	0.7067	48.1473	1.1667	50.0207
1741972	10000.0	11	6000.0	1.0067	50.0207	1.6667	52.6941
1741893	8000.0	11	6000.0	0.8067	52.6941	1.3333	54.8341
1674367	9000.0	11	6000.0	0.9067	54.8341	1.5	57.2408
1811406	10000.0	11	6000.0	1.0067	57.2408	1.6667	59.9142
1648949	9000.0	11	6000.0	0.9067	59.9142	1.5	62.3209
1755243	8000.0	11	6000.0	0.8067	62.3209	1.3333	64.4609
1670282	6000.0	11	6000.0	0.6067	64.4609	1.0	66.0676
1645336	9000.0	11	6000.0	0.9067	66.0676	1.5	68.4743
1702024	6000.0	11	6000.0	0.6067	68.4743	1.0	70.081
1652065	8000.0	11	6000.0	0.8067	70.081	1.3333	72.221
1789451	9000.0	11	6000.0	0.9067	72.221	1.5	74.6277
1809603	8000.0	11	6000.0	0.8067	74.6277	1.3333	76.7677
1758898	8000.0	11	6000.0	0.8067	76.7677	1.3333	78.9077
1783541	10000.0	11	6000.0	1.0067	78.9077	1.6667	81.5811
1666495	10000.0	11	6000.0	1.0067	81.5811	1.6667	84.25450000000001
1783357	7000.0	11	6000.0	0.7067	84.2545	1.1667	86.1279
1829312	7000.0	11	6000.0	0.7067	86.1279	1.1667	88.0013
1821263	10000.0	11	6000.0	1.0067	88.0013	1.6667	90.6747
1636617	7000.0	11	6000.0	0.7067	90.6747	1.1667	92.5481
1699307	8000.0	11	6000.0	0.8067	92.5481	1.3333	94.6881
1731219	10000.0	11	6000.0	1.0067	94.6881	1.6667	97.3615
1701389	7000.0	11	6000.0	0.7067	97.3615	1.1667	99.23490000000001
1765312	8000.0	12	6000.0	0.8	0	1.3333	2.1333
1682331	8000.0	12	6000.0	0.8	2.1333	1.3333	4.2666
1772377	7000.0	12	6000.0	0.7	4.2666	1.1667	6.1333
1651081	9000.0	12	6000.0	0.9	6.1333	1.5	8.5333
1664559	6000.0	12	6000.0	0.6	8.5333	1.0	10.1333
1722399	9000.0	12	6000.0	0.9	10.1333	1.5	12.5333
1690214	8000.0	12	6000.0	0.8	12.5333	1.3333	14.6666
1795203	8000.0	12	6000.0	0.8	14.6666	1.3333	16.7999
1831913	9000.0	12	6000.0	0.9	16.7999	1.5	19.1999
1685889	8000.0	12	6000.0	0.8	19.1999	1.3333	21.3332
1779808	11000.0	12	6000.0	1.1	21.3332	1.8333	24.266500000000004
1835913	8000.0	12	6000.0	0.8	24.2665	1.3333	26.399800000000003
1662617	9000.0	12	6000.0	0.9	26.3998	1.5	28.799799999999998
1780152	8000.0	12	6000.0	0.8	28.7998	1.3333	30.933100000000003
1772204	7000.0	12	6000.0	0.7	30.9331	1.1667	32.7998
1772130	8000.0	12	6000.0	0.8	32.7998	1.3333	34.933099999999996
1689314	9000.0	12	6000.0	0.9	34.9331	1.5	37.3331
1706007	9000.0	12	6000.0	0.9	37.3331	1.5	39.7331
1740753	10000.0	12	6000.0	1.0	39.7331	1.6667	42.3998
1644589	11000.0	12	6000.0	1.1	42.3998	1.8333	45.3331
1697034	9000.0	12	6000.0	0.9	45.3331	1.5	47.7331
1697792	7000.0	12	6000.0	0.7	47.7331	1.1667	49.5998
1736292	9000.0	12	6000.0	0.9	49.5998	1.5	51.9998
1672584	8000.0	12	6000.0	0.8	51.9998	1.3333	54.1331
1738688	6000.0	12	6000.0	0.6	54.1331	1.0	55.7331
1695799	8000.0	12	6000.0	0.8	55.7331	1.3333	57.8664
1805077	8000.0	12	6000.0	0.8	57.8664	1.3333	59.9997
1803657	10000.0	12	6000.0	1.0	59.9997	1.6667	62.666399999999996
1743238	6000.0	12	6000.0	0.6	62.6664	1.0	64.2664
1789510	9000.0	12	6000.0	0.9	64.2664	1.5	66.66640000000001
1787839	9000.0	12	6000.0	0.9	66.6664	1.5	69.0664
1660394	9000.0	12	6000.0	0.9	69.0664	1.5	71.46640000000001
1692055	8000.0	12	6000.0	0.8	71.4664	1.3333	73.59969999999998
1784031	6000.0	12	6000.0	0.6	73.5997	1.0	75.19969999999999
1797616	8000.0	12	6000.0	0.8	75.1997	1.3333	77.333
1719399	8000.0	12	6000.0	0.8	77.333	1.3333	79.46629999999999
1752087	8000.0	12	6000.0	0.8	79.4663	1.3333	81.5996
1799605	12000.0	12	6000.0	1.2	81.5996	2.0	84.7996
1709751	10000.0	12	6000.0	1.0	84.7996	1.6667	87.4663
1743385	8000.0	12	6000.0	0.8	87.4663	1.3333	89.5996
1790767	8000.0	12	6000.0	0.8	89.5996	1.3333	91.73289999999999
1759767	7000.0	12	6000.0	0.7	91.7329	1.1667	93.59960000000001
1730986	7000.0	12	6000.0	0.7	93.5996	1.1667	95.4663
1839601	7000.0	13	8000.0	0.7	0	0.875	1.575
1765406	7000.0	13	8000.0	0.7	1.575	0.875	3.15
1653121	7000.0	13	8000.0	0.7	3.15	0.875	4.725
1832267	7000.0	13	8000.0	0.7	4.725	0.875	6.3
1677896	11000.0	13	8000.0	1.1	6.3	1.375	8.775
1728398	14000.0	13	8000.0	1.4	8.775	1.75	11.925
1767507	7000.0	13	8000.0	0.7	11.925	0.875	13.5
1838848	9000.0	13	8000.0	0.9	13.5	1.125	15.525
1844927	7000.0	13	8000.0	0.7	15.525	0.875	17.1
1682598	7000.0	13	8000.0	0.7	17.1	0.875	18.675
1682048	9000.0	13	8000.0	0.9	18.675	1.125	20.7
1727226	8000.0	13	8000.0	0.8	20.7	1.0	22.5
1775872	8000.0	13	8000.0	0.8	22.5	1.0	24.3
1702141	7000.0	13	8000.0	0.7	24.3	0.875	25.875
1637499	9000.0	13	8000.0	0.9	25.875	1.125	27.9
1648304	8000.0	13	8000.0	0.8	27.9	1.0	29.7
1644662	5000.0	13	8000.0	0.5	29.7	0.625	30.825
1696203	7000.0	13	8000.0	0.7	30.825	0.875	32.4
1740075	8000.0	13	8000.0	0.8	32.4	1.0	34.199999999999996
1807694	7000.0	13	8000.0	0.7	34.2	0.875	35.775000000000006
1743132	9000.0	13	8000.0	0.9	35.775	1.125	37.8
1712904	10000.0	13	8000.0	1.0	37.8	1.25	40.05
1849027	6000.0	13	8000.0	0.6	40.05	0.75	41.4
1743181	12000.0	13	8000.0	1.2	41.4	1.5	44.1
1736210	8000.0	13	8000.0	0.8	44.1	1.0	45.9
1717818	7000.0	13	8000.0	0.7	45.9	0.875	47.475
1815009	8000.0	13	8000.0	0.8	47.475	1.0	49.275
1804248	7000.0	13	8000.0	0.7	49.275	0.875	50.85
1646678	6000.0	13	8000.0	0.6	50.85	0.75	52.2
1646016	9000.0	13	8000.0	0.9	52.2	1.125	54.225
1754693	12000.0	13	8000.0	1.2	54.225	1.5	56.925000000000004
1753172	7000.0	13	8000.0	0.7	56.925	0.875	58.5
1647309	9000.0	13	8000.0	0.9	58.5	1.125	60.525
1815844	8000.0	13	8000.0	0.8	60.525	1.0	62.324999999999996
1695384	8000.0	13	8000.0	0.8	62.325	1.0	64.125
1812877	7000.0	13	8000.0	0.7	64.125	0.875	65.7
1817494	7000.0	13	8000.0	0.7	65.7	0.875	67.275
1826989	10000.0	13	8000.0	1.0	67.275	1.25	69.525
1796471	8000.0	13	8000.0	0.8	69.525	1.0	71.325
1796475	8000.0	13	8000.0	0.8	71.325	1.0	73.125
1826343	8000.0	13	8000.0	0.8	73.125	1.0	74.925
1829563	9000.0	13	8000.0	0.9	74.925	1.125	76.95
1796020	7000.0	13	8000.0	0.7	76.95	0.875	78.525
1828480	6000.0	13	8000.0	0.6	78.525	0.75	79.875
1789888	10000.0	13	8000.0	1.0	79.875	1.25	82.125
1847349	8000.0	13	8000.0	0.8	82.125	1.0	83.925
1657045	9000.0	13	8000.0	0.9	83.925	1.125	85.95
1693398	7000.0	13	8000.0	0.7	85.95	0.875	87.525
1799897	9000.0	13	8000.0	0.9	87.525	1.125	89.55000000000001
1667532	12000.0	13	8000.0	1.2	89.55	1.5	92.25
1781790	7000.0	14	12000.0	0.7	0	0.5833	1.2833
1662405	7000.0	14	12000.0	0.7	1.2833	0.5833	2.5666
1684362	8000.0	14	12000.0	0.8	2.5666	0.6667	4.0333
1679903	9000.0	14	12000.0	0.9	4.0333	0.75	5.6833
1831554	8000.0	14	12000.0	0.8	5.6833	0.6667	7.1499999999999995
1747552	8000.0	14	12000.0	0.8	7.15	0.6667	8.6167
1703757	9000.0	14	12000.0	0.9	8.6167	0.75	10.2667
1746936	8000.0	14	12000.0	0.8	10.2667	0.6667	11.733400000000001
1726345	7000.0	14	12000.0	0.7	11.7334	0.5833	13.016699999999998
1721917	8000.0	14	12000.0	0.8	13.0167	0.6667	14.483400000000001
1779577	10000.0	14	12000.0	1.0	14.4834	0.8333	16.3167
1762231	7000.0	14	12000.0	0.7	16.3167	0.5833	17.6
1838803	8000.0	14	12000.0	0.8	17.6	0.6667	19.0667
1781243	10000.0	14	12000.0	1.0	19.0667	0.8333	20.900000000000002
1840663	8000.0	14	12000.0	0.8	20.9	0.6667	22.366699999999998
1653493	7000.0	14	12000.0	0.7	22.3667	0.5833	23.650000000000002
1715144	8000.0	14	12000.0	0.8	23.65	0.6667	25.116699999999998
1849603	9000.0	14	12000.0	0.9	25.1167	0.75	26.7667
1734034	6000.0	14	12000.0	0.6	26.7667	0.5	27.8667
1811088	8000.0	14	12000.0	0.8	27.8667	0.6667	29.3334
1693630	9000.0	14	12000.0	0.9	29.3334	0.75	30.9834
1712575	8000.0	14	12000.0	0.8	30.9834	0.6667	32.4501
1656853	8000.0	14	12000.0	0.8	32.4501	0.6667	33.916799999999995
1753503	3000.0	14	12000.0	0.3	33.9168	0.25	34.4668
1813540	7000.0	14	12000.0	0.7	34.4668	0.5833	35.7501
1813577	9000.0	14	12000.0	0.9	35.7501	0.75	37.4001
1814424	8000.0	14	12000.0	0.8	37.4001	0.6667	38.8668
1717564	9000.0	14	12000.0	0.9	38.8668	0.75	40.516799999999996
1793133	10000.0	14	12000.0	1.0	40.5168	0.8333	42.350100000000005
1851083	11000.0	14	12000.0	1.1	42.3501	0.9167	44.3668
1645053	7000.0	14	12000.0	0.7	44.3668	0.5833	45.6501
1827263	8000.0	14	12000.0	0.8	45.6501	0.6667	47.1168
1787537	6000.0	14	12000.0	0.6	47.1168	0.5	48.2168
1827096	8000.0	14	12000.0	0.8	48.2168	0.6667	49.683499999999995
1720786	9000.0	14	12000.0	0.9	49.6835	0.75	51.3335
1653700	7000.0	14	12000.0	0.7	51.3335	0.5833	52.616800000000005
1830371	8000.0	14	12000.0	0.8	52.6168	0.6667	54.083499999999994
1831272	8000.0	14	12000.0	0.8	54.0835	0.6667	55.5502
1828462	7000.0	14	12000.0	0.7	55.5502	0.5833	56.8335
1796160	10000.0	14	12000.0	1.0	56.8335	0.8333	58.6668
1784425	9000.0	14	12000.0	0.9	58.6668	0.75	60.3168
1693101	7000.0	14	12000.0	0.7	60.3168	0.5833	61.600100000000005
1709508	7000.0	14	12000.0	0.7	61.6001	0.5833	62.8834
1847324	10000.0	14	12000.0	1.0	62.8834	0.8333	64.7167
1669370	8000.0	14	12000.0	0.8	64.7167	0.6667	66.1834
1693247	8000.0	14	12000.0	0.8	66.1834	0.6667	67.65010000000001
1846066	9000.0	14	12000.0	0.9	67.6501	0.75	69.3001
1825399	9000.0	14	12000.0	0.9	69.3001	0.75	70.9501
1818892	8000.0	14	12000.0	0.8	70.9501	0.6667	72.41680000000001
1701190	9000.0	14	12000.0	0.9	72.4168	0.75	74.0668
1761177	9000.0	15	16000.0	0.9	0	0.5625	1.4625
1772247	8000.0	15	16000.0	0.8	1.4625	0.5	2.7625
1746116	7000.0	15	16000.0	0.7	2.7625	0.4375	3.9000000000000004
1746867	8000.0	15	16000.0	0.8	3.9	0.5	5.2
1774841	9000.0	15	16000.0	0.9	5.2	0.5625	6.6625000000000005
1727112	7000.0	15	16000.0	0.7	6.6625	0.4375	7.8
1782471	8000.0	15	16000.0	0.8	7.8	0.5	9.1
1833405	9000.0	15	16000.0	0.9	9.1	0.5625	10.5625
1833469	8000.0	15	16000.0	0.8	10.5625	0.5	11.8625
1845159	9000.0	15	16000.0	0.9	11.8625	0.5625	13.325000000000001
1721692	6000.0	15	16000.0	0.6	13.325	0.375	14.299999999999999
1773954	7000.0	15	16000.0	0.7	14.3	0.4375	15.4375
1840812	7000.0	15	16000.0	0.7	15.4375	0.4375	16.575
1777476	10000.0	15	16000.0	1.0	16.575	0.625	18.2
1775143	8000.0	15	16000.0	0.8	18.2	0.5	19.5
1746381	11000.0	15	16000.0	1.1	19.5	0.6875	21.2875
1835493	9000.0	15	16000.0	0.9	21.2875	0.5625	22.75
1765981	8000.0	15	16000.0	0.8	22.75	0.5	24.05
1767819	8000.0	15	16000.0	0.8	24.05	0.5	25.35
1742697	11000.0	15	16000.0	1.1	25.35	0.6875	27.137500000000003
1794243	10000.0	15	16000.0	1.0	27.1375	0.625	28.7625
1658549	8000.0	15	16000.0	0.8	28.7625	0.5	30.0625
1672139	9000.0	15	16000.0	0.9	30.0625	0.5625	31.525
1645214	11000.0	15	16000.0	1.1	31.525	0.6875	33.3125
1654876	8000.0	15	16000.0	0.8	33.3125	0.5	34.6125
1669935	8000.0	15	16000.0	0.8	34.6125	0.5	35.912499999999994
1715797	5000.0	15	16000.0	0.5	35.9125	0.3125	36.725
1735089	7000.0	15	16000.0	0.7	36.725	0.4375	37.862500000000004
1753065	10000.0	15	16000.0	1.0	37.8625	0.625	39.4875
1752834	7000.0	15	16000.0	0.7	39.4875	0.4375	40.625
1656167	9000.0	15	16000.0	0.9	40.625	0.5625	42.0875
1796720	6000.0	15	16000.0	0.6	42.0875	0.375	43.0625
1652110	8000.0	15	16000.0	0.8	43.0625	0.5	44.3625
1785895	7000.0	15	16000.0	0.7	44.3625	0.4375	45.5
1786181	10000.0	15	16000.0	1.0	45.5	0.625	47.125
1785732	7000.0	15	16000.0	0.7	47.125	0.4375	48.2625
1831047	12000.0	15	16000.0	1.2	48.2625	0.75	50.212500000000006
1676028	11000.0	15	16000.0	1.1	50.2125	0.6875	52.0
1785343	9000.0	15	16000.0	0.9	52.0	0.5625	53.4625
1665569	9000.0	15	16000.0	0.9	53.4625	0.5625	54.925
1743269	6000.0	15	16000.0	0.6	54.925	0.375	55.9
1817826	8000.0	15	16000.0	0.8	55.9	0.5	57.199999999999996
1669266	7000.0	15	16000.0	0.7	57.2	0.4375	58.337500000000006
1790598	7000.0	15	16000.0	0.7	58.3375	0.4375	59.475
1700554	7000.0	15	16000.0	0.7	59.475	0.4375	60.612500000000004
1846802	10000.0	15	16000.0	1.0	60.6125	0.625	62.2375
1751923	6000.0	15	16000.0	0.6	62.2375	0.375	63.2125
1730972	7000.0	15	16000.0	0.7	63.2125	0.4375	64.35
1782918	9000.0	16	18000.0	0.9058	0	0.5	1.4058000000000002
1664225	8000.0	16	18000.0	0.8058	1.4058	0.4444	2.6559999999999997
1691289	8000.0	16	18000.0	0.8058	2.656	0.4444	3.9062
1677554	10000.0	16	18000.0	1.0058	3.9062	0.5556	5.4676
1687997	6000.0	16	18000.0	0.6058	5.4676	0.3333	6.406700000000001
1727161	9000.0	16	18000.0	0.9058	6.4067	0.5	7.8125
1680471	8000.0	16	18000.0	0.8058	7.8125	0.4444	9.0627
1759919	6000.0	16	18000.0	0.6058	9.0627	0.3333	10.0018
1680755	11000.0	16	18000.0	1.1058	10.0018	0.6111	11.7187
1759867	8000.0	16	18000.0	0.8058	11.7187	0.4444	12.9689
1680296	7000.0	16	18000.0	0.7058	12.9689	0.3889	14.0636
1779849	9000.0	16	18000.0	0.9058	14.0636	0.5	15.469399999999998
1838612	9000.0	16	18000.0	0.9058	15.4694	0.5	16.8752
1729689	10000.0	16	18000.0	1.0058	16.8752	0.5556	18.4366
1766355	8000.0	16	18000.0	0.8058	18.4366	0.4444	19.6868
1722962	8000.0	16	18000.0	0.8058	19.6868	0.4444	20.937000000000005
1767915	7000.0	16	18000.0	0.7058	20.937	0.3889	22.0317
1681575	6000.0	16	18000.0	0.6058	22.0317	0.3333	22.9708
1801354	8000.0	16	18000.0	0.8058	22.9708	0.4444	24.221000000000004
1651714	9000.0	16	18000.0	0.9058	24.221	0.5	25.6268
1694151	7000.0	16	18000.0	0.7058	25.6268	0.3889	26.7215
1713551	9000.0	16	18000.0	0.9058	26.7215	0.5	28.127299999999998
1705766	9000.0	16	18000.0	0.9058	28.1273	0.5	29.5331
1736020	9000.0	16	18000.0	0.9058	29.5331	0.5	30.9389
1645148	9000.0	16	18000.0	0.9058	30.9389	0.5	32.3447
1654914	7000.0	16	18000.0	0.7058	32.3447	0.3889	33.4394
1695856	7000.0	16	18000.0	0.7058	33.4394	0.3889	34.5341
1786777	9000.0	16	18000.0	0.9058	34.5341	0.5	35.9399
1826095	8000.0	16	18000.0	0.8058	35.9399	0.4444	37.1901
1720086	7000.0	16	18000.0	0.7058	37.1901	0.3889	38.2848
1665165	7000.0	16	18000.0	0.7058	38.2848	0.3889	39.3795
1650608	10000.0	16	18000.0	1.0058	39.3795	0.5556	40.9409
1721265	10000.0	16	18000.0	1.0058	40.9409	0.5556	42.5023
1642497	9000.0	16	18000.0	0.9058	42.5023	0.5	43.9081
1744067	8000.0	16	18000.0	0.8058	43.9081	0.4444	45.1583
1693414	8000.0	16	18000.0	0.8058	45.1583	0.4444	46.4085
1743648	8000.0	16	18000.0	0.8058	46.4085	0.4444	47.658699999999996
1657508	8000.0	16	18000.0	0.8058	47.6587	0.4444	48.9089
1730399	8000.0	16	18000.0	0.8058	48.9089	0.4444	50.1591
1845677	8000.0	16	18000.0	0.8058	50.1591	0.4444	51.4093
1758112	7000.0	16	18000.0	0.7058	51.4093	0.3889	52.504
1707157	6000.0	16	18000.0	0.6058	52.504	0.3333	53.4431
1757613	8000.0	16	18000.0	0.8058	53.4431	0.4444	54.6933
1782753	6000.0	17	24000.0	0.6058	0	0.25	0.8558
1833906	7000.0	17	24000.0	0.7058	0.8558	0.2917	1.8533
1748032	9000.0	17	24000.0	0.9058	1.8533	0.375	3.1341
1702966	9000.0	17	24000.0	0.9058	3.1341	0.375	4.4149
1840232	9000.0	17	24000.0	0.9058	4.4149	0.375	5.6957
1845144	9000.0	17	24000.0	0.9058	5.6957	0.375	6.976500000000001
1767208	9000.0	17	24000.0	0.9058	6.9765	0.375	8.2573
1772982	9000.0	17	24000.0	0.9058	8.2573	0.375	9.5381
1653166	6000.0	17	24000.0	0.6058	9.5381	0.25	10.3939
1687610	10000.0	17	24000.0	1.0058	10.3939	0.4167	11.816400000000002
1725611	8000.0	17	24000.0	0.8058	11.8164	0.3333	12.955499999999999
1725463	9000.0	17	24000.0	0.9058	12.9555	0.375	14.2363
1650926	8000.0	17	24000.0	0.8058	14.2363	0.3333	15.375399999999999
1661537	8000.0	17	24000.0	0.8058	15.3754	0.3333	16.5145
1663839	8000.0	17	24000.0	0.8058	16.5145	0.3333	17.653600000000004
1678579	8000.0	17	24000.0	0.8058	17.6536	0.3333	18.792700000000004
1723154	8000.0	17	24000.0	0.8058	18.7927	0.3333	19.931800000000003
1816822	7000.0	17	24000.0	0.7058	19.9318	0.2917	20.929299999999998
1715196	12000.0	17	24000.0	1.2058	20.9293	0.5	22.6351
1740380	7000.0	17	24000.0	0.7058	22.6351	0.2917	23.6326
1694071	7000.0	17	24000.0	0.7058	23.6326	0.2917	24.6301
1816599	8000.0	17	24000.0	0.8058	24.6301	0.3333	25.7692
1713300	7000.0	17	24000.0	0.7058	25.7692	0.2917	26.7667
1696792	9000.0	17	24000.0	0.9058	26.7667	0.375	28.0475
1648803	9000.0	17	24000.0	0.9058	28.0475	0.375	29.3283
1733790	7000.0	17	24000.0	0.7058	29.3283	0.2917	30.325799999999997
1716666	10000.0	17	24000.0	1.0058	30.3258	0.4167	31.7483
1795007	9000.0	17	24000.0	0.9058	31.7483	0.375	33.0291
1637983	7000.0	17	24000.0	0.7058	33.0291	0.2917	34.026599999999995
1805200	8000.0	17	24000.0	0.8058	34.0266	0.3333	35.1657
1803643	7000.0	17	24000.0	0.7058	35.1657	0.2917	36.163199999999996
1820254	10000.0	17	24000.0	1.0058	36.1632	0.4167	37.5857
1820312	8000.0	17	24000.0	0.8058	37.5857	0.3333	38.7248
1795557	11000.0	17	24000.0	1.1058	38.7248	0.4583	40.288900000000005
1821931	10000.0	17	24000.0	1.0058	40.2889	0.4167	41.7114
1649734	10000.0	17	24000.0	1.0058	41.7114	0.4167	43.1339
1847629	6000.0	17	24000.0	0.6058	43.1339	0.25	43.9897
1800157	10000.0	17	24000.0	1.0058	43.9897	0.4167	45.4122
1743493	8000.0	17	24000.0	0.8058	45.4122	0.3333	46.5513
1675621	9000.0	17	24000.0	0.9058	46.5513	0.375	47.8321
1790090	9000.0	17	24000.0	0.9058	47.8321	0.375	49.112899999999996
1649960	9000.0	17	24000.0	0.9058	49.1129	0.375	50.3937
1699773	10000.0	17	24000.0	1.0058	50.3937	0.4167	51.8162
1641934	8000.0	17	24000.0	0.8058	51.8162	0.3333	52.9553
1799164	8000.0	17	24000.0	0.8058	52.9553	0.3333	54.0944
1707529	6000.0	17	24000.0	0.6058	54.0944	0.25	54.9502
1765226	8000.0	18	30000.0	0.8058	0	0.2667	1.0725
1833867	9000.0	18	30000.0	0.9058	1.0725	0.3	2.2782999999999998
1746934	7000.0	18	30000.0	0.7058	2.2783	0.2333	3.2174
1652436	8000.0	18	30000.0	0.8058	3.2174	0.2667	4.2899
1726207	8000.0	18	30000.0	0.8058	4.2899	0.2667	5.3624
1638707	8000.0	18	30000.0	0.8058	5.3624	0.2667	6.4349
1837733	6000.0	18	30000.0	0.6058	6.4349	0.2	7.2407
1760082	10000.0	18	30000.0	1.0058	7.2407	0.3333	8.5798
1836252	9000.0	18	30000.0	0.9058	8.5798	0.3	9.7856
1761255	8000.0	18	30000.0	0.8058	9.7856	0.2667	10.8581
1687486	6000.0	18	30000.0	0.6058	10.8581	0.2	11.6639
1728664	8000.0	18	30000.0	0.8058	11.6639	0.2667	12.7364
1760899	8000.0	18	30000.0	0.8058	12.7364	0.2667	13.8089
1704256	7000.0	18	30000.0	0.7058	13.8089	0.2333	14.748
1725460	9000.0	18	30000.0	0.9058	14.748	0.3	15.9538
1702639	7000.0	18	30000.0	0.7058	15.9538	0.2333	16.892899999999997
1769812	10000.0	18	30000.0	1.0058	16.8929	0.3333	18.232000000000003
1663496	10000.0	18	30000.0	1.0058	18.232	0.3333	19.5711
1748276	9000.0	18	30000.0	0.9058	19.5711	0.3	20.7769
1849618	11000.0	18	30000.0	1.1058	20.7769	0.3667	22.2494
1654244	9000.0	18	30000.0	0.9058	22.2494	0.3	23.4552
1812181	8000.0	18	30000.0	0.8058	23.4552	0.2667	24.527700000000003
1669649	8000.0	18	30000.0	0.8058	24.5277	0.2667	25.6002
1808473	7000.0	18	30000.0	0.7058	25.6002	0.2333	26.5393
1711193	6000.0	18	30000.0	0.6058	26.5393	0.2	27.3451
1696625	8000.0	18	30000.0	0.8058	27.3451	0.2667	28.4176
1719016	11000.0	18	30000.0	1.1058	28.4176	0.3667	29.8901
1672381	8000.0	18	30000.0	0.8058	29.8901	0.2667	30.962600000000002
1646954	8000.0	18	30000.0	0.8058	30.9626	0.2667	32.0351
1646550	8000.0	18	30000.0	0.8058	32.0351	0.2667	33.1076
1671727	18000.0	18	30000.0	1.8058	33.1076	0.6	35.5134
1803118	9000.0	18	30000.0	0.9058	35.5134	0.3	36.719199999999994
1673063	7000.0	18	30000.0	0.7058	36.7192	0.2333	37.6583
1655264	6000.0	18	30000.0	0.6058	37.6583	0.2	38.4641
1670348	8000.0	18	30000.0	0.8058	38.4641	0.2667	39.5366
1803573	9000.0	18	30000.0	0.9058	39.5366	0.3	40.742399999999996
1827071	8000.0	18	30000.0	0.8058	40.7424	0.2667	41.8149
1639735	7000.0	18	30000.0	0.7058	41.8149	0.2333	42.754000000000005
1786220	8000.0	18	30000.0	0.8058	42.754	0.2667	43.826499999999996
1785583	10000.0	18	30000.0	1.0058	43.8265	0.3333	45.165600000000005
1783505	10000.0	18	30000.0	1.0058	45.1656	0.3333	46.5047
1665317	7000.0	18	30000.0	0.7058	46.5047	0.2333	47.443799999999996
1676060	9000.0	18	30000.0	0.9058	47.4438	0.3	48.6496
1668312	8000.0	18	30000.0	0.8058	48.6496	0.2667	49.7221
1668861	8000.0	18	30000.0	0.8058	49.7221	0.2667	50.794599999999996
1848319	8000.0	18	30000.0	0.8058	50.7946	0.2667	51.8671
1743391	7000.0	18	30000.0	0.7058	51.8671	0.2333	52.806200000000004
1810398	9000.0	18	30000.0	0.9058	52.8062	0.3	54.01199999999999
1730425	5000.0	18	30000.0	0.5058	54.012	0.1667	54.6845
1845830	13000.0	18	30000.0	1.3058	54.6845	0.4333	56.4236
1845893	9000.0	18	30000.0	0.9058	56.4236	0.3	57.6294
1677491	6000.0	19	30000.0	0.6058	0	0.2	0.8058000000000001
1839562	9000.0	19	30000.0	0.9058	0.8058	0.3	2.0116
1772489	9000.0	19	30000.0	0.9058	2.0116	0.3	3.2174
1834831	11000.0	19	30000.0	1.1058	3.2174	0.3667	4.6899
1759922	9000.0	19	30000.0	0.9058	4.6899	0.3	5.8957
1762768	8000.0	19	30000.0	0.8058	5.8957	0.2667	6.9681999999999995
1779987	9000.0	19	30000.0	0.9058	6.9682	0.3	8.174000000000001
1807599	7000.0	19	30000.0	0.7058	8.174	0.2333	9.1131
1679149	8000.0	19	30000.0	0.8058	9.1131	0.2667	10.185599999999999
1662566	11000.0	19	30000.0	1.1058	10.1856	0.3667	11.658100000000001
1660930	9000.0	19	30000.0	0.9058	11.6581	0.3	12.8639
1687227	10000.0	19	30000.0	1.0058	12.8639	0.3333	14.203
1765864	9000.0	19	30000.0	0.9058	14.203	0.3	15.4088
1745359	9000.0	19	30000.0	0.9058	15.4088	0.3	16.6146
1740816	9000.0	19	30000.0	0.9058	16.6146	0.3	17.8204
1734232	7000.0	19	30000.0	0.7058	17.8204	0.2333	18.7595
1739235	6000.0	19	30000.0	0.6058	18.7595	0.2	19.565299999999997
1740381	9000.0	19	30000.0	0.9058	19.5653	0.3	20.7711
1734691	10000.0	19	30000.0	1.0058	20.7711	0.3333	22.110200000000003
1823495	8000.0	19	30000.0	0.8058	22.1102	0.2667	23.1827
1713018	6000.0	19	30000.0	0.6058	23.1827	0.2	23.9885
1697882	8000.0	19	30000.0	0.8058	23.9885	0.2667	25.061
1791571	9000.0	19	30000.0	0.9058	25.061	0.3	26.2668
1672488	8000.0	19	30000.0	0.8058	26.2668	0.2667	27.3393
1671686	8000.0	19	30000.0	0.8058	27.3393	0.2667	28.411800000000003
1672038	9000.0	19	30000.0	0.9058	28.4118	0.3	29.6176
1646566	7000.0	19	30000.0	0.7058	29.6176	0.2333	30.5567
1717654	9000.0	19	30000.0	0.9058	30.5567	0.3	31.7625
1850888	10000.0	19	30000.0	1.0058	31.7625	0.3333	33.1016
1792446	10000.0	19	30000.0	1.0058	33.1016	0.3333	34.4407
1792805	8000.0	19	30000.0	0.8058	34.4407	0.2667	35.5132
1805384	9000.0	19	30000.0	0.9058	35.5132	0.3	36.718999999999994
1820017	9000.0	19	30000.0	0.9058	36.719	0.3	37.9248
1819801	9000.0	19	30000.0	0.9058	37.9248	0.3	39.130599999999994
1666383	8000.0	19	30000.0	0.8058	39.1306	0.2667	40.2031
1785204	9000.0	19	30000.0	0.9058	40.2031	0.3	41.408899999999996
1666276	7000.0	19	30000.0	0.7058	41.4089	0.2333	42.348
1821147	8000.0	19	30000.0	0.8058	42.348	0.2667	43.4205
1635752	11000.0	19	30000.0	1.1058	43.4205	0.3667	44.893
1790868	10000.0	19	30000.0	1.0058	44.893	0.3333	46.2321
1818216	10000.0	19	30000.0	1.0058	46.2321	0.3333	47.571200000000005
1699125	10000.0	19	30000.0	1.0058	47.5712	0.3333	48.9103
1743398	9000.0	19	30000.0	0.9058	48.9103	0.3	50.116099999999996
1719653	9000.0	19	30000.0	0.9058	50.1161	0.3	51.3219
1701604	11000.0	19	30000.0	1.1058	51.3219	0.3667	52.7944
