60996	2000.0	0	500.0	0.2	0	4.0	4.2
60984	2000.0	0	500.0	0.2	4.2	4.0	8.4
61053	1000.0	0	500.0	0.1	8.4	2.0	10.5
59819	1000.0	0	500.0	0.1	10.5	2.0	12.6
61829	8000.0	0	500.0	0.8	12.6	16.0	29.4
61847	3000.0	0	500.0	0.3	29.4	6.0	35.7
61157	8000.0	0	500.0	0.8	35.7	16.0	52.5
62188	1000.0	0	500.0	0.1	52.5	2.0	54.6
59710	1000.0	0	500.0	0.1	54.6	2.0	56.7
62271	1000.0	0	500.0	0.1	56.7	2.0	58.800000000000004
60983	2000.0	0	500.0	0.2	58.8	4.0	63.0
59716	1000.0	0	500.0	0.1	63.0	2.0	65.1
62143	2000.0	0	500.0	0.2	65.1	4.0	69.3
62159	1000.0	0	500.0	0.1	69.3	2.0	71.39999999999999
59677	1000.0	0	500.0	0.1	71.4	2.0	73.5
60948	1000.0	0	500.0	0.1	73.5	2.0	75.6
59670	1000.0	0	500.0	0.1	75.6	2.0	77.69999999999999
62234	1000.0	0	500.0	0.1	77.7	2.0	79.8
59632	2000.0	0	500.0	0.2	79.8	4.0	84.0
61961	2000.0	0	500.0	0.2	84.0	4.0	88.2
61956	1000.0	0	500.0	0.1	88.2	2.0	90.3
61973	1000.0	0	500.0	0.1	90.3	2.0	92.39999999999999
59803	2000.0	0	500.0	0.2	92.4	4.0	96.60000000000001
59521	2000.0	0	500.0	0.2	96.6	4.0	100.8
61946	1000.0	0	500.0	0.1	100.8	2.0	102.89999999999999
59600	2000.0	0	500.0	0.2	102.9	4.0	107.10000000000001
61680	1000.0	0	500.0	0.1	107.1	2.0	109.19999999999999
60569	8000.0	0	500.0	0.8	109.2	16.0	126.0
59180	2000.0	0	500.0	0.2	126.0	4.0	130.2
62585	1000.0	0	500.0	0.1	130.2	2.0	132.29999999999998
59213	1000.0	0	500.0	0.1	132.3	2.0	134.4
60465	7000.0	0	500.0	0.7	134.4	14.0	149.1
61576	7000.0	0	500.0	0.7	149.1	14.0	163.79999999999998
61562	1000.0	0	500.0	0.1	163.8	2.0	165.9
61563	2000.0	0	500.0	0.2	165.9	4.0	170.1
62582	1000.0	0	500.0	0.1	170.1	2.0	172.2
62425	1000.0	0	500.0	0.1	172.2	2.0	174.29999999999998
59075	1000.0	0	500.0	0.1	174.3	2.0	176.4
62411	2000.0	0	500.0	0.2	176.4	4.0	180.6
62379	1000.0	0	500.0	0.1	180.6	2.0	182.7
62362	7000.0	0	500.0	0.7	182.7	14.0	197.39999999999998
62385	1000.0	0	500.0	0.1	197.4	2.0	199.5
59128	1000.0	0	500.0	0.1	199.5	2.0	201.6
59119	2000.0	0	500.0	0.2	201.6	4.0	205.79999999999998
62556	1000.0	0	500.0	0.1	205.8	2.0	207.9
59141	1000.0	0	500.0	0.1	207.9	2.0	210.0
62443	2000.0	0	500.0	0.2	210.0	4.0	214.2
62535	2000.0	0	500.0	0.2	214.2	4.0	218.39999999999998
62507	8000.0	0	500.0	0.8	218.4	16.0	235.20000000000002
59259	2000.0	0	500.0	0.2	235.2	4.0	239.39999999999998
60789	1000.0	0	500.0	0.1	239.4	2.0	241.5
61195	1000.0	0	500.0	0.1	241.5	2.0	243.6
60510	7000.0	0	500.0	0.7	243.6	14.0	258.29999999999995
60706	7000.0	0	500.0	0.7	258.3	14.0	273.0
59416	1000.0	0	500.0	0.1	273.0	2.0	275.1
59430	1000.0	0	500.0	0.1	275.1	2.0	277.20000000000005
60834	4000.0	0	500.0	0.4	277.2	8.0	285.59999999999997
60882	7000.0	0	500.0	0.7	285.6	14.0	300.3
60851	6000.0	0	500.0	0.6	300.3	12.0	312.90000000000003
59297	1000.0	0	500.0	0.1	312.9	2.0	315.0
60634	1000.0	0	500.0	0.1	315.0	2.0	317.1
59271	1000.0	0	500.0	0.1	317.1	2.0	319.20000000000005
61434	2000.0	0	500.0	0.2	319.2	4.0	323.4
61438	1000.0	0	500.0	0.1	323.4	2.0	325.5
60619	9000.0	0	500.0	0.9	325.5	18.0	344.4
61233	1000.0	0	500.0	0.1	344.4	2.0	346.5
61299	1000.0	0	500.0	0.1	346.5	2.0	348.6
60174	2000.0	0	500.0	0.2	348.6	4.0	352.8
62804	1000.0	0	500.0	0.1	352.8	2.0	354.90000000000003
59975	1000.0	0	500.0	0.1	354.9	2.0	357.0
60252	1000.0	0	500.0	0.1	357.0	2.0	359.1
60421	1000.0	0	500.0	0.1	359.1	2.0	361.20000000000005
59978	1000.0	0	500.0	0.1	361.2	2.0	363.3
62928	3000.0	0	500.0	0.3	363.3	6.0	369.6
62941	2000.0	0	500.0	0.2	369.6	4.0	373.8
62983	2000.0	0	500.0	0.2	373.8	4.0	378.0
62988	1000.0	0	500.0	0.1	378.0	2.0	380.1
62999	3000.0	0	500.0	0.3	380.1	6.0	386.40000000000003
59858	7000.0	0	500.0	0.7	386.4	14.0	401.09999999999997
62910	1000.0	0	500.0	0.1	401.1	2.0	403.20000000000005
60332	2000.0	0	500.0	0.2	403.2	4.0	407.4
61062	1000.0	1	500.0	0.1	0	2.0	2.1
61056	1000.0	1	500.0	0.1	2.1	2.0	4.2
61059	1000.0	1	500.0	0.1	4.2	2.0	6.3
61067	2000.0	1	500.0	0.2	6.3	4.0	10.5
61182	1000.0	1	500.0	0.1	10.5	2.0	12.6
62635	2000.0	1	500.0	0.2	12.6	4.0	16.799999999999997
61169	2000.0	1	500.0	0.2	16.8	4.0	21.0
61064	1000.0	1	500.0	0.1	21.0	2.0	23.1
62174	1000.0	1	500.0	0.1	23.1	2.0	25.200000000000003
60913	1000.0	1	500.0	0.1	25.2	2.0	27.3
60978	2000.0	1	500.0	0.2	27.3	4.0	31.5
59717	1000.0	1	500.0	0.1	31.5	2.0	33.6
59730	2000.0	1	500.0	0.2	33.6	4.0	37.800000000000004
59639	1000.0	1	500.0	0.1	37.8	2.0	39.9
60966	1000.0	1	500.0	0.1	39.9	2.0	42.0
62261	2000.0	1	500.0	0.2	42.0	4.0	46.2
62695	2000.0	1	500.0	0.2	46.2	4.0	50.400000000000006
62267	1000.0	1	500.0	0.1	50.4	2.0	52.5
60941	1000.0	1	500.0	0.1	52.5	2.0	54.6
62237	8000.0	1	500.0	0.8	54.6	16.0	71.4
59704	8000.0	1	500.0	0.8	71.4	16.0	88.2
59798	1000.0	1	500.0	0.1	88.2	2.0	90.3
61928	3000.0	1	500.0	0.3	90.3	6.0	96.6
59811	1000.0	1	500.0	0.1	96.6	2.0	98.69999999999999
59609	2000.0	1	500.0	0.2	98.7	4.0	102.9
59738	8000.0	1	500.0	0.8	102.9	16.0	119.7
62591	2000.0	1	500.0	0.2	119.7	4.0	123.9
60547	1000.0	1	500.0	0.1	123.9	2.0	126.0
61526	7000.0	1	500.0	0.7	126.0	14.0	140.7
59250	2000.0	1	500.0	0.2	140.7	4.0	144.89999999999998
61586	9000.0	1	500.0	0.9	144.9	18.0	163.8
61558	1000.0	1	500.0	0.1	163.8	2.0	165.9
61740	2000.0	1	500.0	0.2	165.9	4.0	170.1
62356	2000.0	1	500.0	0.2	170.1	4.0	174.29999999999998
62422	1000.0	1	500.0	0.1	174.3	2.0	176.4
61750	2000.0	1	500.0	0.2	176.4	4.0	180.6
61778	2000.0	1	500.0	0.2	180.6	4.0	184.79999999999998
62552	2000.0	1	500.0	0.2	184.8	4.0	189.0
59138	7000.0	1	500.0	0.7	189.0	14.0	203.7
62473	2000.0	1	500.0	0.2	203.7	4.0	207.89999999999998
62477	1000.0	1	500.0	0.1	207.9	2.0	210.0
62517	1000.0	1	500.0	0.1	210.0	2.0	212.1
60755	1000.0	1	500.0	0.1	212.1	2.0	214.2
61201	3000.0	1	500.0	0.3	214.2	6.0	220.5
59336	1000.0	1	500.0	0.1	220.5	2.0	222.6
60690	1000.0	1	500.0	0.1	222.6	2.0	224.7
62323	1000.0	1	500.0	0.1	224.7	2.0	226.79999999999998
60894	3000.0	1	500.0	0.3	226.8	6.0	233.10000000000002
62328	6000.0	1	500.0	0.6	233.1	12.0	245.7
60844	2000.0	1	500.0	0.2	245.7	4.0	249.89999999999998
60890	1000.0	1	500.0	0.1	249.9	2.0	252.0
60860	1000.0	1	500.0	0.1	252.0	2.0	254.1
61384	2000.0	1	500.0	0.2	254.1	4.0	258.29999999999995
60641	2000.0	1	500.0	0.2	258.3	4.0	262.5
59262	1000.0	1	500.0	0.1	262.5	2.0	264.6
61213	1000.0	1	500.0	0.1	264.6	2.0	266.70000000000005
61360	2000.0	1	500.0	0.2	266.7	4.0	270.9
61311	2000.0	1	500.0	0.2	270.9	4.0	275.09999999999997
61316	2000.0	1	500.0	0.2	275.1	4.0	279.3
63048	3000.0	1	500.0	0.3	279.3	6.0	285.6
62806	1000.0	1	500.0	0.1	285.6	2.0	287.70000000000005
62799	2000.0	1	500.0	0.2	287.7	4.0	291.9
60139	2000.0	1	500.0	0.2	291.9	4.0	296.09999999999997
60151	7000.0	1	500.0	0.7	296.1	14.0	310.8
60301	2000.0	1	500.0	0.2	310.8	4.0	315.0
60124	1000.0	1	500.0	0.1	315.0	2.0	317.1
59997	9000.0	1	500.0	0.9	317.1	18.0	336.0
60430	7000.0	1	500.0	0.7	336.0	14.0	350.7
62717	7000.0	1	500.0	0.7	350.7	14.0	365.4
62708	1000.0	1	500.0	0.1	365.4	2.0	367.5
62742	1000.0	1	500.0	0.1	367.5	2.0	369.6
60106	1000.0	1	500.0	0.1	369.6	2.0	371.70000000000005
60118	1000.0	1	500.0	0.1	371.7	2.0	373.8
59948	2000.0	1	500.0	0.2	373.8	4.0	378.0
60075	1000.0	1	500.0	0.1	378.0	2.0	380.1
60428	2000.0	1	500.0	0.2	380.1	4.0	384.3
63096	1000.0	1	500.0	0.1	384.3	2.0	386.40000000000003
63009	1000.0	1	500.0	0.1	386.4	2.0	388.5
63093	1000.0	1	500.0	0.1	388.5	2.0	390.6
62930	1000.0	1	500.0	0.1	390.6	2.0	392.70000000000005
62939	1000.0	1	500.0	0.1	392.7	2.0	394.8
63122	1000.0	1	500.0	0.1	394.8	2.0	396.90000000000003
63107	1000.0	1	500.0	0.1	396.9	2.0	399.0
59848	1000.0	1	500.0	0.1	399.0	2.0	401.1
63111	9000.0	1	500.0	0.9	401.1	18.0	420.0
62892	3000.0	1	500.0	0.3	420.0	6.0	426.3
63025	1000.0	1	500.0	0.1	426.3	2.0	428.40000000000003
61895	2000.0	2	1000.0	0.2	0	2.0	2.2
59823	1000.0	2	1000.0	0.1	2.2	1.0	3.3000000000000003
62290	1000.0	2	1000.0	0.1	3.3	1.0	4.4
59000	2000.0	2	1000.0	0.2	4.4	2.0	6.6000000000000005
61174	2000.0	2	1000.0	0.2	6.6	2.0	8.8
61866	1000.0	2	1000.0	0.1	8.8	1.0	9.9
61116	2000.0	2	1000.0	0.2	9.9	2.0	12.1
60521	1000.0	2	1000.0	0.1	12.1	1.0	13.2
59008	2000.0	2	1000.0	0.2	13.2	2.0	15.399999999999999
59718	1000.0	2	1000.0	0.1	15.4	1.0	16.5
59680	1000.0	2	1000.0	0.1	16.5	1.0	17.6
62691	2000.0	2	1000.0	0.2	17.6	2.0	19.8
62677	2000.0	2	1000.0	0.2	19.8	2.0	22.0
62212	1000.0	2	1000.0	0.1	22.0	1.0	23.1
62227	3000.0	2	1000.0	0.3	23.1	3.0	26.400000000000002
59537	1000.0	2	1000.0	0.1	26.4	1.0	27.5
61987	1000.0	2	1000.0	0.1	27.5	1.0	28.6
61952	2000.0	2	1000.0	0.2	28.6	2.0	30.8
61933	3000.0	2	1000.0	0.3	30.8	3.0	34.1
61915	1000.0	2	1000.0	0.1	34.1	1.0	35.2
59796	1000.0	2	1000.0	0.1	35.2	1.0	36.300000000000004
61897	10000.0	2	1000.0	1.0	36.3	10.0	47.3
59564	1000.0	2	1000.0	0.1	47.3	1.0	48.4
62069	1000.0	2	1000.0	0.1	48.4	1.0	49.5
59762	1000.0	2	1000.0	0.1	49.5	1.0	50.6
62033	1000.0	2	1000.0	0.1	50.6	1.0	51.7
62025	1000.0	2	1000.0	0.1	51.7	1.0	52.800000000000004
59040	8000.0	2	1000.0	0.8	52.8	8.0	61.599999999999994
60477	2000.0	2	1000.0	0.2	61.6	2.0	63.800000000000004
60487	2000.0	2	1000.0	0.2	63.8	2.0	66.0
61658	1000.0	2	1000.0	0.1	66.0	1.0	67.1
59216	1000.0	2	1000.0	0.1	67.1	1.0	68.19999999999999
59202	2000.0	2	1000.0	0.2	68.2	2.0	70.4
61530	1000.0	2	1000.0	0.1	70.4	1.0	71.5
61592	7000.0	2	1000.0	0.7	71.5	7.0	79.2
60574	2000.0	2	1000.0	0.2	79.2	2.0	81.4
61568	1000.0	2	1000.0	0.1	81.4	1.0	82.5
61735	2000.0	2	1000.0	0.2	82.5	2.0	84.7
62440	8000.0	2	1000.0	0.8	84.7	8.0	93.5
61797	1000.0	2	1000.0	0.1	93.5	1.0	94.6
61801	2000.0	2	1000.0	0.2	94.6	2.0	96.8
62364	2000.0	2	1000.0	0.2	96.8	2.0	99.0
61754	1000.0	2	1000.0	0.1	99.0	1.0	100.1
59136	1000.0	2	1000.0	0.1	100.1	1.0	101.19999999999999
62537	7000.0	2	1000.0	0.7	101.2	7.0	108.9
59084	7000.0	2	1000.0	0.7	108.9	7.0	116.60000000000001
62472	1000.0	2	1000.0	0.1	116.6	1.0	117.69999999999999
62532	1000.0	2	1000.0	0.1	117.7	1.0	118.8
59102	2000.0	2	1000.0	0.2	118.8	2.0	121.0
62531	1000.0	2	1000.0	0.1	121.0	1.0	122.1
60752	1000.0	2	1000.0	0.1	122.1	1.0	123.19999999999999
59371	7000.0	2	1000.0	0.7	123.2	7.0	130.9
59370	8000.0	2	1000.0	0.8	130.9	8.0	139.70000000000002
61200	1000.0	2	1000.0	0.1	139.7	1.0	140.79999999999998
59424	1000.0	2	1000.0	0.1	140.8	1.0	141.9
60845	1000.0	2	1000.0	0.1	141.9	1.0	143.0
61409	2000.0	2	1000.0	0.2	143.0	2.0	145.2
61418	1000.0	2	1000.0	0.1	145.2	1.0	146.29999999999998
59299	8000.0	2	1000.0	0.8	146.3	8.0	155.10000000000002
61373	1000.0	2	1000.0	0.1	155.1	1.0	156.2
59270	2000.0	2	1000.0	0.2	156.2	2.0	158.39999999999998
61263	1000.0	2	1000.0	0.1	158.4	1.0	159.5
61225	2000.0	2	1000.0	0.2	159.5	2.0	161.7
61236	1000.0	2	1000.0	0.1	161.7	1.0	162.79999999999998
61241	2000.0	2	1000.0	0.2	162.8	2.0	165.0
61250	1000.0	2	1000.0	0.1	165.0	1.0	166.1
60651	1000.0	2	1000.0	0.1	166.1	1.0	167.2
60189	1000.0	2	1000.0	0.1	167.2	1.0	168.29999999999998
60145	2000.0	2	1000.0	0.2	168.3	2.0	170.5
62788	1000.0	2	1000.0	0.1	170.5	1.0	171.6
60264	1000.0	2	1000.0	0.1	171.6	1.0	172.7
60212	7000.0	2	1000.0	0.7	172.7	7.0	180.39999999999998
60239	1000.0	2	1000.0	0.1	180.4	1.0	181.5
60398	2000.0	2	1000.0	0.2	181.5	2.0	183.7
60041	1000.0	2	1000.0	0.1	183.7	1.0	184.79999999999998
59965	2000.0	2	1000.0	0.2	184.8	2.0	187.0
59976	1000.0	2	1000.0	0.1	187.0	1.0	188.1
63097	2000.0	2	1000.0	0.2	188.1	2.0	190.29999999999998
59889	2000.0	2	1000.0	0.2	190.3	2.0	192.5
62937	1000.0	2	1000.0	0.1	192.5	1.0	193.6
63117	3000.0	2	1000.0	0.3	193.6	3.0	196.9
63024	1000.0	2	1000.0	0.1	196.9	1.0	198.0
59492	6000.0	3	1000.0	0.6	0	6.0	6.6
61024	8000.0	3	1000.0	0.8	6.6	8.0	15.399999999999999
61001	1000.0	3	1000.0	0.1	15.4	1.0	16.5
61833	1000.0	3	1000.0	0.1	16.5	1.0	17.6
62615	6000.0	3	1000.0	0.6	17.6	6.0	24.200000000000003
61860	1000.0	3	1000.0	0.1	24.2	1.0	25.3
62625	1000.0	3	1000.0	0.1	25.3	1.0	26.400000000000002
62631	1000.0	3	1000.0	0.1	26.4	1.0	27.5
61168	2000.0	3	1000.0	0.2	27.5	2.0	29.7
61089	2000.0	3	1000.0	0.2	29.7	2.0	31.9
59656	2000.0	3	1000.0	0.2	31.9	2.0	34.1
62169	2000.0	3	1000.0	0.2	34.1	2.0	36.300000000000004
59645	1000.0	3	1000.0	0.1	36.3	1.0	37.4
59643	10000.0	3	1000.0	1.0	37.4	10.0	48.4
59694	2000.0	3	1000.0	0.2	48.4	2.0	50.6
62243	1000.0	3	1000.0	0.1	50.6	1.0	51.7
59687	8000.0	3	1000.0	0.8	51.7	8.0	60.5
59703	2000.0	3	1000.0	0.2	60.5	2.0	62.7
59706	1000.0	3	1000.0	0.1	62.7	1.0	63.800000000000004
59780	1000.0	3	1000.0	0.1	63.8	1.0	64.9
61967	1000.0	3	1000.0	0.1	64.9	1.0	66.0
61965	1000.0	3	1000.0	0.1	66.0	1.0	67.1
58974	1000.0	3	1000.0	0.1	67.1	1.0	68.19999999999999
59551	2000.0	3	1000.0	0.2	68.2	2.0	70.4
61916	1000.0	3	1000.0	0.1	70.4	1.0	71.5
59809	1000.0	3	1000.0	0.1	71.5	1.0	72.6
62093	1000.0	3	1000.0	0.1	72.6	1.0	73.69999999999999
62087	1000.0	3	1000.0	0.1	73.7	1.0	74.8
62074	2000.0	3	1000.0	0.2	74.8	2.0	77.0
62097	1000.0	3	1000.0	0.1	77.0	1.0	78.1
62112	1000.0	3	1000.0	0.1	78.1	1.0	79.19999999999999
59615	1000.0	3	1000.0	0.1	79.2	1.0	80.3
62109	2000.0	3	1000.0	0.2	80.3	2.0	82.5
59574	1000.0	3	1000.0	0.1	82.5	1.0	83.6
59587	1000.0	3	1000.0	0.1	83.6	1.0	84.69999999999999
59229	1000.0	3	1000.0	0.1	84.7	1.0	85.8
61625	2000.0	3	1000.0	0.2	85.8	2.0	88.0
62595	2000.0	3	1000.0	0.2	88.0	2.0	90.2
62584	2000.0	3	1000.0	0.2	90.2	2.0	92.4
60488	2000.0	3	1000.0	0.2	92.4	2.0	94.60000000000001
61537	1000.0	3	1000.0	0.1	94.6	1.0	95.69999999999999
60506	2000.0	3	1000.0	0.2	95.7	2.0	97.9
61577	1000.0	3	1000.0	0.1	97.9	1.0	99.0
61578	2000.0	3	1000.0	0.2	99.0	2.0	101.2
59074	7000.0	3	1000.0	0.7	101.2	7.0	108.9
61693	1000.0	3	1000.0	0.1	108.9	1.0	110.0
61786	2000.0	3	1000.0	0.2	110.0	2.0	112.2
62539	2000.0	3	1000.0	0.2	112.2	2.0	114.4
62465	1000.0	3	1000.0	0.1	114.4	1.0	115.5
62526	1000.0	3	1000.0	0.1	115.5	1.0	116.6
61489	1000.0	3	1000.0	0.1	116.6	1.0	117.69999999999999
60781	1000.0	3	1000.0	0.1	117.7	1.0	118.8
60779	2000.0	3	1000.0	0.2	118.8	2.0	121.0
60770	3000.0	3	1000.0	0.3	121.0	3.0	124.3
61193	2000.0	3	1000.0	0.2	124.3	2.0	126.5
61192	1000.0	3	1000.0	0.1	126.5	1.0	127.6
60513	1000.0	3	1000.0	0.1	127.6	1.0	128.7
60705	1000.0	3	1000.0	0.1	128.7	1.0	129.79999999999998
61186	9000.0	3	1000.0	0.9	129.8	9.0	139.70000000000002
59427	9000.0	3	1000.0	0.9	139.7	9.0	149.6
62304	8000.0	3	1000.0	0.8	149.6	8.0	158.4
60835	1000.0	3	1000.0	0.1	158.4	1.0	159.5
60856	1000.0	3	1000.0	0.1	159.5	1.0	160.6
60848	8000.0	3	1000.0	0.8	160.6	8.0	169.4
61405	8000.0	3	1000.0	0.8	169.4	8.0	178.20000000000002
61414	3000.0	3	1000.0	0.3	178.2	3.0	181.5
60640	1000.0	3	1000.0	0.1	181.5	1.0	182.6
61388	2000.0	3	1000.0	0.2	182.6	2.0	184.79999999999998
60616	1000.0	3	1000.0	0.1	184.8	1.0	185.9
60627	1000.0	3	1000.0	0.1	185.9	1.0	187.0
59283	2000.0	3	1000.0	0.2	187.0	2.0	189.2
59282	2000.0	3	1000.0	0.2	189.2	2.0	191.39999999999998
59322	2000.0	3	1000.0	0.2	191.4	2.0	193.6
60658	6000.0	3	1000.0	0.6	193.6	6.0	200.2
61249	2000.0	3	1000.0	0.2	200.2	2.0	202.39999999999998
61330	2000.0	3	1000.0	0.2	202.4	2.0	204.6
60190	2000.0	3	1000.0	0.2	204.6	2.0	206.79999999999998
62822	2000.0	3	1000.0	0.2	206.8	2.0	209.0
60192	1000.0	3	1000.0	0.1	209.0	1.0	210.1
60154	2000.0	3	1000.0	0.2	210.1	2.0	212.29999999999998
60246	2000.0	3	1000.0	0.2	212.3	2.0	214.5
60026	1000.0	3	1000.0	0.1	214.5	1.0	215.6
60030	1000.0	3	1000.0	0.1	215.6	1.0	216.7
60426	2000.0	3	1000.0	0.2	216.7	2.0	218.89999999999998
60419	2000.0	3	1000.0	0.2	218.9	2.0	221.1
62731	2000.0	3	1000.0	0.2	221.1	2.0	223.29999999999998
59937	2000.0	3	1000.0	0.2	223.3	2.0	225.5
60121	1000.0	3	1000.0	0.1	225.5	1.0	226.6
60090	2000.0	3	1000.0	0.2	226.6	2.0	228.79999999999998
60304	1000.0	3	1000.0	0.1	228.8	1.0	229.9
63013	1000.0	3	1000.0	0.1	229.9	1.0	231.0
63102	1000.0	3	1000.0	0.1	231.0	1.0	232.1
63002	1000.0	3	1000.0	0.1	232.1	1.0	233.2
60374	1000.0	3	1000.0	0.1	233.2	1.0	234.29999999999998
62908	1000.0	3	1000.0	0.1	234.3	1.0	235.4
60314	2000.0	3	1000.0	0.2	235.4	2.0	237.6
60993	1000.0	4	4000.0	0.1038	0	0.25	0.3538
61022	2000.0	4	4000.0	0.2038	0.3538	0.5	1.0575999999999999
59023	2000.0	4	4000.0	0.2038	1.0576	0.5	1.7614
61040	1000.0	4	4000.0	0.1038	1.7614	0.25	2.1152
61005	2000.0	4	4000.0	0.2038	2.1152	0.5	2.8190000000000004
61839	9000.0	4	4000.0	0.9038	2.819	2.25	5.972799999999999
59004	1000.0	4	4000.0	0.1038	5.9728	0.25	6.3266
62627	6000.0	4	4000.0	0.6038	6.3266	1.5	8.430399999999999
61855	1000.0	4	4000.0	0.1038	8.4304	0.25	8.7842
59464	2000.0	4	4000.0	0.2038	8.7842	0.5	9.488
62649	2000.0	4	4000.0	0.2038	9.488	0.5	10.191799999999999
62190	1000.0	4	4000.0	0.1038	10.1918	0.25	10.5456
62181	1000.0	4	4000.0	0.1038	10.5456	0.25	10.8994
62201	2000.0	4	4000.0	0.2038	10.8994	0.5	11.6032
62199	1000.0	4	4000.0	0.1038	11.6032	0.25	11.956999999999999
62131	1000.0	4	4000.0	0.1038	11.957	0.25	12.3108
62137	2000.0	4	4000.0	0.2038	12.3108	0.5	13.0146
62158	1000.0	4	4000.0	0.1038	13.0146	0.25	13.3684
62254	2000.0	4	4000.0	0.2038	13.3684	0.5	14.072199999999999
62245	2000.0	4	4000.0	0.2038	14.0722	0.5	14.776
59701	2000.0	4	4000.0	0.2038	14.776	0.5	15.4798
59702	1000.0	4	4000.0	0.1038	15.4798	0.25	15.833599999999999
62233	2000.0	4	4000.0	0.2038	15.8336	0.5	16.5374
59666	1000.0	4	4000.0	0.1038	16.5374	0.25	16.8912
59768	1000.0	4	4000.0	0.1038	16.8912	0.25	17.245
59563	1000.0	4	4000.0	0.1038	17.245	0.25	17.5988
59555	2000.0	4	4000.0	0.2038	17.5988	0.5	18.3026
61926	1000.0	4	4000.0	0.1038	18.3026	0.25	18.6564
59513	2000.0	4	4000.0	0.2038	18.6564	0.5	19.360200000000003
62277	2000.0	4	4000.0	0.2038	19.3602	0.5	20.064
59742	1000.0	4	4000.0	0.1038	20.064	0.25	20.4178
58966	2000.0	4	4000.0	0.2038	20.4178	0.5	21.1216
62015	1000.0	4	4000.0	0.1038	21.1216	0.25	21.4754
59566	7000.0	4	4000.0	0.7038	21.4754	1.75	23.9292
62026	1000.0	4	4000.0	0.1038	23.9292	0.25	24.283
62020	1000.0	4	4000.0	0.1038	24.283	0.25	24.6368
60819	1000.0	4	4000.0	0.1038	24.6368	0.25	24.9906
61676	1000.0	4	4000.0	0.1038	24.9906	0.25	25.3444
59049	6000.0	4	4000.0	0.6038	25.3444	1.5	27.4482
59218	2000.0	4	4000.0	0.2038	27.4482	0.5	28.152
61539	8000.0	4	4000.0	0.8038	28.152	2.0	30.9558
61547	1000.0	4	4000.0	0.1038	30.9558	0.25	31.3096
60591	1000.0	4	4000.0	0.1038	31.3096	0.25	31.6634
61512	2000.0	4	4000.0	0.2038	31.6634	0.5	32.3672
60493	7000.0	4	4000.0	0.7038	32.3672	1.75	34.821
60577	1000.0	4	4000.0	0.1038	34.821	0.25	35.1748
61567	7000.0	4	4000.0	0.7038	35.1748	1.75	37.6286
61793	2000.0	4	4000.0	0.2038	37.6286	0.5	38.3324
59165	1000.0	4	4000.0	0.1038	38.3324	0.25	38.6862
59157	1000.0	4	4000.0	0.1038	38.6862	0.25	39.04
62523	9000.0	4	4000.0	0.9038	39.04	2.25	42.193799999999996
62485	1000.0	4	4000.0	0.1038	42.1938	0.25	42.5476
60786	1000.0	4	4000.0	0.1038	42.5476	0.25	42.9014
60703	1000.0	4	4000.0	0.1038	42.9014	0.25	43.2552
60702	1000.0	4	4000.0	0.1038	43.2552	0.25	43.609
60699	2000.0	4	4000.0	0.2038	43.609	0.5	44.3128
61188	1000.0	4	4000.0	0.1038	44.3128	0.25	44.6666
59413	2000.0	4	4000.0	0.2038	44.6666	0.5	45.370400000000004
62317	2000.0	4	4000.0	0.2038	45.3704	0.5	46.0742
60812	6000.0	4	4000.0	0.6038	46.0742	1.5	48.178
60863	1000.0	4	4000.0	0.1038	48.178	0.25	48.5318
60639	2000.0	4	4000.0	0.2038	48.5318	0.5	49.2356
61476	6000.0	4	4000.0	0.6038	49.2356	1.5	51.3394
60604	9000.0	4	4000.0	0.9038	51.3394	2.25	54.493199999999995
61432	3000.0	4	4000.0	0.3038	54.4932	0.75	55.547000000000004
59286	2000.0	4	4000.0	0.2038	55.547	0.5	56.2508
61439	1000.0	4	4000.0	0.1038	56.2508	0.25	56.6046
61359	2000.0	4	4000.0	0.2038	56.6046	0.5	57.3084
61293	1000.0	4	4000.0	0.1038	57.3084	0.25	57.6622
61294	1000.0	4	4000.0	0.1038	57.6622	0.25	58.016
61296	2000.0	4	4000.0	0.2038	58.016	0.5	58.7198
62815	8000.0	4	4000.0	0.8038	58.7198	2.0	61.5236
62780	3000.0	4	4000.0	0.3038	61.5236	0.75	62.577400000000004
60159	8000.0	4	4000.0	0.8038	62.5774	2.0	65.3812
60144	1000.0	4	4000.0	0.1038	65.3812	0.25	65.73500000000001
60268	1000.0	4	4000.0	0.1038	65.735	0.25	66.0888
60269	1000.0	4	4000.0	0.1038	66.0888	0.25	66.44260000000001
60294	1000.0	4	4000.0	0.1038	66.4426	0.25	66.7964
62845	1000.0	4	4000.0	0.1038	66.7964	0.25	67.15020000000001
60005	1000.0	4	4000.0	0.1038	67.1502	0.25	67.504
60024	2000.0	4	4000.0	0.2038	67.504	0.5	68.2078
59993	2000.0	4	4000.0	0.2038	68.2078	0.5	68.9116
59925	8000.0	4	4000.0	0.8038	68.9116	2.0	71.7154
59940	3000.0	4	4000.0	0.3038	71.7154	0.75	72.7692
60100	1000.0	4	4000.0	0.1038	72.7692	0.25	73.123
63072	2000.0	4	4000.0	0.2038	73.123	0.5	73.8268
60078	2000.0	4	4000.0	0.2038	73.8268	0.5	74.5306
63008	2000.0	4	4000.0	0.2038	74.5306	0.5	75.23440000000001
62955	1000.0	4	4000.0	0.1038	75.2344	0.25	75.5882
63123	1000.0	4	4000.0	0.1038	75.5882	0.25	75.94200000000001
63004	1000.0	4	4000.0	0.1038	75.942	0.25	76.2958
63001	1000.0	4	4000.0	0.1038	76.2958	0.25	76.6496
63115	1000.0	4	4000.0	0.1038	76.6496	0.25	77.00340000000001
59913	1000.0	4	4000.0	0.1038	77.0034	0.25	77.3572
60329	2000.0	4	4000.0	0.2038	77.3572	0.5	78.061
60330	9000.0	4	4000.0	0.9038	78.061	2.25	81.21480000000001
60318	1000.0	4	4000.0	0.1038	81.2148	0.25	81.5686
62921	1000.0	4	4000.0	0.1038	81.5686	0.25	81.92240000000001
59011	9000.0	5	4000.0	0.9038	0	2.25	3.1538
60992	1000.0	5	4000.0	0.1038	3.1538	0.25	3.5076
61806	1000.0	5	4000.0	0.1038	3.5076	0.25	3.8614
59504	2000.0	5	4000.0	0.2038	3.8614	0.5	4.5652
62623	1000.0	5	4000.0	0.1038	4.5652	0.25	4.919
61107	7000.0	5	4000.0	0.7038	4.919	1.75	7.3728
62268	2000.0	5	4000.0	0.2038	7.3728	0.5	8.0766
62274	1000.0	5	4000.0	0.1038	8.0766	0.25	8.430399999999999
62142	1000.0	5	4000.0	0.1038	8.4304	0.25	8.7842
62165	1000.0	5	4000.0	0.1038	8.7842	0.25	9.138
59644	5000.0	5	4000.0	0.5038	9.138	1.25	10.8918
60971	2000.0	5	4000.0	0.2038	10.8918	0.5	11.5956
62256	1000.0	5	4000.0	0.1038	11.5956	0.25	11.949399999999999
62228	1000.0	5	4000.0	0.1038	11.9494	0.25	12.3032
59772	2000.0	5	4000.0	0.2038	12.3032	0.5	13.007
62094	2000.0	5	4000.0	0.2038	13.007	0.5	13.710799999999999
62115	2000.0	5	4000.0	0.2038	13.7108	0.5	14.4146
58963	2000.0	5	4000.0	0.2038	14.4146	0.5	15.1184
60473	2000.0	5	4000.0	0.2038	15.1184	0.5	15.822199999999999
60565	1000.0	5	4000.0	0.1038	15.8222	0.25	16.176000000000002
61632	2000.0	5	4000.0	0.2038	16.176	0.5	16.8798
61656	8000.0	5	4000.0	0.8038	16.8798	2.0	19.6836
61525	1000.0	5	4000.0	0.1038	19.6836	0.25	20.037399999999998
61504	2000.0	5	4000.0	0.2038	20.0374	0.5	20.741200000000003
61569	1000.0	5	4000.0	0.1038	20.7412	0.25	21.095
60578	1000.0	5	4000.0	0.1038	21.095	0.25	21.4488
61734	2000.0	5	4000.0	0.2038	21.4488	0.5	22.1526
61737	1000.0	5	4000.0	0.1038	22.1526	0.25	22.5064
61738	1000.0	5	4000.0	0.1038	22.5064	0.25	22.8602
61764	1000.0	5	4000.0	0.1038	22.8602	0.25	23.214
61765	8000.0	5	4000.0	0.8038	23.214	2.0	26.017799999999998
59129	2000.0	5	4000.0	0.2038	26.0178	0.5	26.721600000000002
59130	1000.0	5	4000.0	0.1038	26.7216	0.25	27.0754
59087	1000.0	5	4000.0	0.1038	27.0754	0.25	27.429199999999998
60754	10000.0	5	4000.0	1.0038	27.4292	2.5	30.933
60764	1000.0	5	4000.0	0.1038	30.933	0.25	31.2868
60793	1000.0	5	4000.0	0.1038	31.2868	0.25	31.6406
59332	2000.0	5	4000.0	0.2038	31.6406	0.5	32.3444
61198	1000.0	5	4000.0	0.1038	32.3444	0.25	32.6982
61204	2000.0	5	4000.0	0.2038	32.6982	0.5	33.402
59448	5000.0	5	4000.0	0.5038	33.402	1.25	35.1558
62299	7000.0	5	4000.0	0.7038	35.1558	1.75	37.6096
59442	1000.0	5	4000.0	0.1038	37.6096	0.25	37.9634
59438	1000.0	5	4000.0	0.1038	37.9634	0.25	38.3172
59043	1000.0	5	4000.0	0.1038	38.3172	0.25	38.671
60850	1000.0	5	4000.0	0.1038	38.671	0.25	39.0248
59269	1000.0	5	4000.0	0.1038	39.0248	0.25	39.3786
61365	7000.0	5	4000.0	0.7038	39.3786	1.75	41.8324
60666	2000.0	5	4000.0	0.2038	41.8324	0.5	42.5362
60671	7000.0	5	4000.0	0.7038	42.5362	1.75	44.99
61348	2000.0	5	4000.0	0.2038	44.99	0.5	45.6938
62805	2000.0	5	4000.0	0.2038	45.6938	0.5	46.397600000000004
60184	1000.0	5	4000.0	0.1038	46.3976	0.25	46.7514
62720	1000.0	5	4000.0	0.1038	46.7514	0.25	47.105199999999996
60126	1000.0	5	4000.0	0.1038	47.1052	0.25	47.459
63068	1000.0	5	4000.0	0.1038	47.459	0.25	47.8128
62800	1000.0	5	4000.0	0.1038	47.8128	0.25	48.1666
62831	2000.0	5	4000.0	0.2038	48.1666	0.5	48.870400000000004
60270	1000.0	5	4000.0	0.1038	48.8704	0.25	49.224199999999996
60221	1000.0	5	4000.0	0.1038	49.2242	0.25	49.578
60032	6000.0	5	4000.0	0.6038	49.578	1.5	51.6818
60037	1000.0	5	4000.0	0.1038	51.6818	0.25	52.0356
62727	7000.0	5	4000.0	0.7038	52.0356	1.75	54.4894
62736	2000.0	5	4000.0	0.2038	54.4894	0.5	55.193200000000004
60414	1000.0	5	4000.0	0.1038	55.1932	0.25	55.547
60105	1000.0	5	4000.0	0.1038	55.547	0.25	55.9008
59967	1000.0	5	4000.0	0.1038	55.9008	0.25	56.254599999999996
62880	7000.0	5	4000.0	0.7038	56.2546	1.75	58.708400000000005
60324	1000.0	5	4000.0	0.1038	58.7084	0.25	59.0622
62913	3000.0	5	4000.0	0.3038	59.0622	0.75	60.116
62920	2000.0	5	4000.0	0.2038	60.116	0.5	60.8198
62919	1000.0	5	4000.0	0.1038	60.8198	0.25	61.1736
59836	1000.0	6	5000.0	0.1038	0	0.2	0.3038
61834	1000.0	6	5000.0	0.1038	0.3038	0.2	0.6076
61851	7000.0	6	5000.0	0.7038	0.6076	1.4	2.7114
59010	8000.0	6	5000.0	0.8038	2.7114	1.6	5.1152
60519	2000.0	6	5000.0	0.2038	5.1152	0.4	5.719
61131	1000.0	6	5000.0	0.1038	5.719	0.2	6.0228
61142	1000.0	6	5000.0	0.1038	6.0228	0.2	6.3266
62661	1000.0	6	5000.0	0.1038	6.3266	0.2	6.6304
62189	1000.0	6	5000.0	0.1038	6.6304	0.2	6.9342
59723	2000.0	6	5000.0	0.2038	6.9342	0.4	7.538
62275	1000.0	6	5000.0	0.1038	7.538	0.2	7.8418
62153	1000.0	6	5000.0	0.1038	7.8418	0.2	8.1456
59681	1000.0	6	5000.0	0.1038	8.1456	0.2	8.449399999999999
62247	1000.0	6	5000.0	0.1038	8.4494	0.2	8.7532
62265	2000.0	6	5000.0	0.2038	8.7532	0.4	9.357
60925	2000.0	6	5000.0	0.2038	9.357	0.4	9.960799999999999
60531	7000.0	6	5000.0	0.7038	9.9608	1.4	12.0646
60933	1000.0	6	5000.0	0.1038	12.0646	0.2	12.3684
62225	2000.0	6	5000.0	0.2038	12.3684	0.4	12.972199999999999
59538	1000.0	6	5000.0	0.1038	12.9722	0.2	13.276
59536	1000.0	6	5000.0	0.1038	13.276	0.2	13.579799999999999
59523	1000.0	6	5000.0	0.1038	13.5798	0.2	13.8836
62070	1000.0	6	5000.0	0.1038	13.8836	0.2	14.187399999999998
59614	1000.0	6	5000.0	0.1038	14.1874	0.2	14.4912
59760	2000.0	6	5000.0	0.2038	14.4912	0.4	15.094999999999999
62019	2000.0	6	5000.0	0.2038	15.095	0.4	15.6988
60484	1000.0	6	5000.0	0.1038	15.6988	0.2	16.0026
62611	8000.0	6	5000.0	0.8038	16.0026	1.6	18.4064
62609	2000.0	6	5000.0	0.2038	18.4064	0.4	19.0102
61583	1000.0	6	5000.0	0.1038	19.0102	0.2	19.314
60494	1000.0	6	5000.0	0.1038	19.314	0.2	19.6178
59244	7000.0	6	5000.0	0.7038	19.6178	1.4	21.7216
62380	1000.0	6	5000.0	0.1038	21.7216	0.2	22.025399999999998
62395	2000.0	6	5000.0	0.2038	22.0254	0.4	22.6292
61772	7000.0	6	5000.0	0.7038	22.6292	1.4	24.733
59063	2000.0	6	5000.0	0.2038	24.733	0.4	25.3368
62547	1000.0	6	5000.0	0.1038	25.3368	0.2	25.6406
62572	1000.0	6	5000.0	0.1038	25.6406	0.2	25.944399999999998
59156	1000.0	6	5000.0	0.1038	25.9444	0.2	26.2482
59140	2000.0	6	5000.0	0.2038	26.2482	0.4	26.852
62529	1000.0	6	5000.0	0.1038	26.852	0.2	27.1558
62483	7000.0	6	5000.0	0.7038	27.1558	1.4	29.2596
60724	1000.0	6	5000.0	0.1038	29.2596	0.2	29.563399999999998
60683	1000.0	6	5000.0	0.1038	29.5634	0.2	29.8672
61191	1000.0	6	5000.0	0.1038	29.8672	0.2	30.171
60808	2000.0	6	5000.0	0.2038	30.171	0.4	30.7748
59436	2000.0	6	5000.0	0.2038	30.7748	0.4	31.3786
59432	2000.0	6	5000.0	0.2038	31.3786	0.4	31.9824
62320	1000.0	6	5000.0	0.1038	31.9824	0.2	32.2862
60870	7000.0	6	5000.0	0.7038	32.2862	1.4	34.39
61402	2000.0	6	5000.0	0.2038	34.39	0.4	34.9938
61371	1000.0	6	5000.0	0.1038	34.9938	0.2	35.2976
61262	1000.0	6	5000.0	0.1038	35.2976	0.2	35.601400000000005
61245	2000.0	6	5000.0	0.2038	35.6014	0.4	36.2052
61248	2000.0	6	5000.0	0.2038	36.2052	0.4	36.809
61333	3000.0	6	5000.0	0.3038	36.809	0.6	37.7128
61353	2000.0	6	5000.0	0.2038	37.7128	0.4	38.3166
61300	1000.0	6	5000.0	0.1038	38.3166	0.2	38.620400000000004
61326	1000.0	6	5000.0	0.1038	38.6204	0.2	38.9242
62824	2000.0	6	5000.0	0.2038	38.9242	0.4	39.528
62826	1000.0	6	5000.0	0.1038	39.528	0.2	39.8318
60149	1000.0	6	5000.0	0.1038	39.8318	0.2	40.135600000000004
62875	1000.0	6	5000.0	0.1038	40.1356	0.2	40.4394
60255	1000.0	6	5000.0	0.1038	40.4394	0.2	40.7432
62852	1000.0	6	5000.0	0.1038	40.7432	0.2	41.047000000000004
60404	2000.0	6	5000.0	0.2038	41.047	0.4	41.6508
60402	1000.0	6	5000.0	0.1038	41.6508	0.2	41.9546
60011	1000.0	6	5000.0	0.1038	41.9546	0.2	42.2584
60009	7000.0	6	5000.0	0.7038	42.2584	1.4	44.3622
60396	1000.0	6	5000.0	0.1038	44.3622	0.2	44.666000000000004
60019	1000.0	6	5000.0	0.1038	44.666	0.2	44.9698
60424	1000.0	6	5000.0	0.1038	44.9698	0.2	45.2736
62716	2000.0	6	5000.0	0.2038	45.2736	0.4	45.8774
59879	7000.0	6	5000.0	0.7038	45.8774	1.4	47.9812
59939	1000.0	6	5000.0	0.1038	47.9812	0.2	48.285000000000004
63084	2000.0	6	5000.0	0.2038	48.285	0.4	48.888799999999996
60043	7000.0	6	5000.0	0.7038	48.8888	1.4	50.9926
60059	1000.0	6	5000.0	0.1038	50.9926	0.2	51.296400000000006
60360	1000.0	6	5000.0	0.1038	51.2964	0.2	51.6002
62959	8000.0	6	5000.0	0.8038	51.6002	1.6	54.004000000000005
62964	7000.0	6	5000.0	0.7038	54.004	1.4	56.1078
63030	1000.0	6	5000.0	0.1038	56.1078	0.2	56.4116
62901	1000.0	6	5000.0	0.1038	56.4116	0.2	56.7154
60315	2000.0	6	5000.0	0.2038	56.7154	0.4	57.3192
61047	1000.0	7	5000.0	0.1038	0	0.2	0.3038
59029	1000.0	7	5000.0	0.1038	0.3038	0.2	0.6076
62651	7000.0	7	5000.0	0.7038	0.6076	1.4	2.7114
59472	2000.0	7	5000.0	0.2038	2.7114	0.4	3.3152
61141	2000.0	7	5000.0	0.2038	3.3152	0.4	3.919
61149	2000.0	7	5000.0	0.2038	3.919	0.4	4.5228
62197	2000.0	7	5000.0	0.2038	4.5228	0.4	5.126600000000001
62678	1000.0	7	5000.0	0.1038	5.1266	0.2	5.4304
62125	4000.0	7	5000.0	0.4038	5.4304	0.8	6.6342
59527	3000.0	7	5000.0	0.3038	6.6342	0.6	7.537999999999999
59552	2000.0	7	5000.0	0.2038	7.538	0.4	8.1418
62085	1000.0	7	5000.0	0.1038	8.1418	0.2	8.445599999999999
62078	2000.0	7	5000.0	0.2038	8.4456	0.4	9.0494
62013	1000.0	7	5000.0	0.1038	9.0494	0.2	9.3532
59571	2000.0	7	5000.0	0.2038	9.3532	0.4	9.956999999999999
62283	2000.0	7	5000.0	0.2038	9.957	0.4	10.5608
59580	1000.0	7	5000.0	0.1038	10.5608	0.2	10.8646
61626	1000.0	7	5000.0	0.1038	10.8646	0.2	11.168399999999998
59178	2000.0	7	5000.0	0.2038	11.1684	0.4	11.7722
60535	8000.0	7	5000.0	0.8038	11.7722	1.6	14.176
59209	6000.0	7	5000.0	0.6038	14.176	1.2	15.9798
60551	1000.0	7	5000.0	0.1038	15.9798	0.2	16.2836
61523	1000.0	7	5000.0	0.1038	16.2836	0.2	16.5874
61545	2000.0	7	5000.0	0.2038	16.5874	0.4	17.1912
61546	2000.0	7	5000.0	0.2038	17.1912	0.4	17.794999999999998
60504	7000.0	7	5000.0	0.7038	17.795	1.4	19.8988
61520	1000.0	7	5000.0	0.1038	19.8988	0.2	20.2026
59240	1000.0	7	5000.0	0.1038	20.2026	0.2	20.5064
61731	1000.0	7	5000.0	0.1038	20.5064	0.2	20.8102
62427	2000.0	7	5000.0	0.2038	20.8102	0.4	21.413999999999998
61769	7000.0	7	5000.0	0.7038	21.414	1.4	23.5178
61773	2000.0	7	5000.0	0.2038	23.5178	0.4	24.1216
61779	1000.0	7	5000.0	0.1038	24.1216	0.2	24.4254
62538	1000.0	7	5000.0	0.1038	24.4254	0.2	24.7292
62524	2000.0	7	5000.0	0.2038	24.7292	0.4	25.333
62520	1000.0	7	5000.0	0.1038	25.333	0.2	25.636799999999997
59360	7000.0	7	5000.0	0.7038	25.6368	1.4	27.7406
60734	1000.0	7	5000.0	0.1038	27.7406	0.2	28.0444
60767	2000.0	7	5000.0	0.2038	28.0444	0.4	28.6482
60692	1000.0	7	5000.0	0.1038	28.6482	0.2	28.951999999999998
62321	1000.0	7	5000.0	0.1038	28.952	0.2	29.2558
60838	2000.0	7	5000.0	0.2038	29.2558	0.4	29.8596
60828	7000.0	7	5000.0	0.7038	29.8596	1.4	31.9634
59380	1000.0	7	5000.0	0.1038	31.9634	0.2	32.2672
59394	1000.0	7	5000.0	0.1038	32.2672	0.2	32.571000000000005
60878	9000.0	7	5000.0	0.9038	32.571	1.8	35.27479999999999
62337	1000.0	7	5000.0	0.1038	35.2748	0.2	35.5786
61484	1000.0	7	5000.0	0.1038	35.5786	0.2	35.882400000000004
61461	1000.0	7	5000.0	0.1038	35.8824	0.2	36.1862
60659	1000.0	7	5000.0	0.1038	36.1862	0.2	36.49
61350	2000.0	7	5000.0	0.2038	36.49	0.4	37.0938
59310	1000.0	7	5000.0	0.1038	37.0938	0.2	37.397600000000004
61321	3000.0	7	5000.0	0.3038	37.3976	0.6	38.3014
60175	1000.0	7	5000.0	0.1038	38.3014	0.2	38.6052
60201	8000.0	7	5000.0	0.8038	38.6052	1.6	41.00900000000001
59847	8000.0	7	5000.0	0.8038	41.009	1.6	43.412800000000004
60217	1000.0	7	5000.0	0.1038	43.4128	0.2	43.7166
62843	1000.0	7	5000.0	0.1038	43.7166	0.2	44.0204
60399	2000.0	7	5000.0	0.2038	44.0204	0.4	44.6242
60040	1000.0	7	5000.0	0.1038	44.6242	0.2	44.928000000000004
62749	1000.0	7	5000.0	0.1038	44.928	0.2	45.2318
60425	2000.0	7	5000.0	0.2038	45.2318	0.4	45.8356
62714	9000.0	7	5000.0	0.9038	45.8356	1.8	48.53939999999999
63081	1000.0	7	5000.0	0.1038	48.5394	0.2	48.8432
59969	1000.0	7	5000.0	0.1038	48.8432	0.2	49.147000000000006
60055	7000.0	7	5000.0	0.7038	49.147	1.4	51.2508
60303	2000.0	7	5000.0	0.2038	51.2508	0.4	51.8546
63121	7000.0	7	5000.0	0.7038	51.8546	1.4	53.9584
63138	1000.0	7	5000.0	0.1038	53.9584	0.2	54.2622
60442	1000.0	7	5000.0	0.1038	54.2622	0.2	54.566
60434	2000.0	7	5000.0	0.2038	54.566	0.4	55.1698
62903	1000.0	7	5000.0	0.1038	55.1698	0.2	55.473600000000005
62917	1000.0	7	5000.0	0.1038	55.4736	0.2	55.7774
63043	2000.0	7	5000.0	0.2038	55.7774	0.4	56.3812
62922	1000.0	7	5000.0	0.1038	56.3812	0.2	56.685
59013	8000.0	8	5000.0	0.8067	0	1.6	2.4067
59037	7000.0	8	5000.0	0.7067	2.4067	1.4	4.5134
61004	3000.0	8	5000.0	0.3067	4.5134	0.6	5.4201
59826	2000.0	8	5000.0	0.2067	5.4201	0.4	6.0268
61811	2000.0	8	5000.0	0.2067	6.0268	0.4	6.6335
61095	1000.0	8	5000.0	0.1067	6.6335	0.2	6.9402
61080	3000.0	8	5000.0	0.3067	6.9402	0.6	7.8469
61812	2000.0	8	5000.0	0.2067	7.8469	0.4	8.4536
61161	1000.0	8	5000.0	0.1067	8.4536	0.2	8.760299999999999
60980	8000.0	8	5000.0	0.8067	8.7603	1.6	11.167
60914	2000.0	8	5000.0	0.2067	11.167	0.4	11.7737
59724	1000.0	8	5000.0	0.1067	11.7737	0.2	12.0804
62130	2000.0	8	5000.0	0.2067	12.0804	0.4	12.6871
59712	1000.0	8	5000.0	0.1067	12.6871	0.2	12.993799999999998
59642	1000.0	8	5000.0	0.1067	12.9938	0.2	13.3005
62259	4000.0	8	5000.0	0.4067	13.3005	0.8	14.507200000000001
59549	2000.0	8	5000.0	0.2067	14.5072	0.4	15.1139
58988	1000.0	8	5000.0	0.1067	15.1139	0.2	15.420599999999999
59748	1000.0	8	5000.0	0.1067	15.4206	0.2	15.7273
62060	1000.0	8	5000.0	0.1067	15.7273	0.2	16.034
62095	2000.0	8	5000.0	0.2067	16.034	0.4	16.6407
59751	1000.0	8	5000.0	0.1067	16.6407	0.2	16.9474
62011	1000.0	8	5000.0	0.1067	16.9474	0.2	17.254099999999998
62017	1000.0	8	5000.0	0.1067	17.2541	0.2	17.5608
59757	8000.0	8	5000.0	0.8067	17.5608	1.6	19.9675
62018	2000.0	8	5000.0	0.2067	19.9675	0.4	20.5742
60563	8000.0	8	5000.0	0.8067	20.5742	1.6	22.980900000000002
61674	1000.0	8	5000.0	0.1067	22.9809	0.2	23.287599999999998
60534	2000.0	8	5000.0	0.2067	23.2876	0.4	23.8943
62606	1000.0	8	5000.0	0.1067	23.8943	0.2	24.201
59176	2000.0	8	5000.0	0.2067	24.201	0.4	24.8077
59258	2000.0	8	5000.0	0.2067	24.8077	0.4	25.4144
61506	1000.0	8	5000.0	0.1067	25.4144	0.2	25.7211
61515	1000.0	8	5000.0	0.1067	25.7211	0.2	26.0278
60573	1000.0	8	5000.0	0.1067	26.0278	0.2	26.3345
61555	6000.0	8	5000.0	0.6067	26.3345	1.2	28.141199999999998
60495	6000.0	8	5000.0	0.6067	28.1412	1.2	29.9479
62439	7000.0	8	5000.0	0.7067	29.9479	1.4	32.0546
59072	1000.0	8	5000.0	0.1067	32.0546	0.2	32.3613
61796	6000.0	8	5000.0	0.6067	32.3613	1.2	34.168000000000006
59057	1000.0	8	5000.0	0.1067	34.168	0.2	34.4747
61763	2000.0	8	5000.0	0.2067	34.4747	0.4	35.081399999999995
62553	2000.0	8	5000.0	0.2067	35.0814	0.4	35.6881
60730	2000.0	8	5000.0	0.2067	35.6881	0.4	36.294799999999995
60804	1000.0	8	5000.0	0.1067	36.2948	0.2	36.6015
60774	6000.0	8	5000.0	0.6067	36.6015	1.2	38.40820000000001
62329	2000.0	8	5000.0	0.2067	38.4082	0.4	39.0149
59340	1000.0	8	5000.0	0.1067	39.0149	0.2	39.3216
59406	1000.0	8	5000.0	0.1067	39.3216	0.2	39.628299999999996
60904	2000.0	8	5000.0	0.2067	39.6283	0.4	40.235
59429	1000.0	8	5000.0	0.1067	40.235	0.2	40.5417
59447	8000.0	8	5000.0	0.8067	40.5417	1.6	42.9484
60829	2000.0	8	5000.0	0.2067	42.9484	0.4	43.555099999999996
60637	2000.0	8	5000.0	0.2067	43.5551	0.4	44.1618
61377	2000.0	8	5000.0	0.2067	44.1618	0.4	44.768499999999996
60638	1000.0	8	5000.0	0.1067	44.7685	0.2	45.0752
61427	1000.0	8	5000.0	0.1067	45.0752	0.2	45.3819
60621	1000.0	8	5000.0	0.1067	45.3819	0.2	45.6886
60620	3000.0	8	5000.0	0.3067	45.6886	0.6	46.5953
61469	1000.0	8	5000.0	0.1067	46.5953	0.2	46.902
61268	2000.0	8	5000.0	0.2067	46.902	0.4	47.5087
59320	2000.0	8	5000.0	0.2067	47.5087	0.4	48.115399999999994
60662	3000.0	8	5000.0	0.3067	48.1154	0.6	49.0221
60661	1000.0	8	5000.0	0.1067	49.0221	0.2	49.3288
60660	1000.0	8	5000.0	0.1067	49.3288	0.2	49.6355
61232	1000.0	8	5000.0	0.1067	49.6355	0.2	49.9422
61355	1000.0	8	5000.0	0.1067	49.9422	0.2	50.2489
60653	7000.0	8	5000.0	0.7067	50.2489	1.4	52.355599999999995
60167	6000.0	8	5000.0	0.6067	52.3556	1.2	54.1623
60171	2000.0	8	5000.0	0.2067	54.1623	0.4	54.769
62820	1000.0	8	5000.0	0.1067	54.769	0.2	55.0757
62762	1000.0	8	5000.0	0.1067	55.0757	0.2	55.3824
62781	2000.0	8	5000.0	0.2067	55.3824	0.4	55.98909999999999
60291	2000.0	8	5000.0	0.2067	55.9891	0.4	56.5958
60210	1000.0	8	5000.0	0.1067	56.5958	0.2	56.902499999999996
62836	1000.0	8	5000.0	0.1067	56.9025	0.2	57.2092
60223	6000.0	8	5000.0	0.6067	57.2092	1.2	59.0159
60235	1000.0	8	5000.0	0.1067	59.0159	0.2	59.3226
60125	2000.0	8	5000.0	0.2067	59.3226	0.4	59.9293
60031	8000.0	8	5000.0	0.8067	59.9293	1.6	62.336
59992	8000.0	8	5000.0	0.8067	62.336	1.6	64.7427
60034	2000.0	8	5000.0	0.2067	64.7427	0.4	65.3494
59987	1000.0	8	5000.0	0.1067	65.3494	0.2	65.65610000000001
63083	1000.0	8	5000.0	0.1067	65.6561	0.2	65.9628
59950	2000.0	8	5000.0	0.2067	65.9628	0.4	66.5695
59957	10000.0	8	5000.0	1.0067	66.5695	2.0	69.5762
60054	1000.0	8	5000.0	0.1067	69.5762	0.2	69.8829
60069	2000.0	8	5000.0	0.2067	69.8829	0.4	70.48960000000001
63139	1000.0	8	5000.0	0.1067	70.4896	0.2	70.7963
62979	3000.0	8	5000.0	0.3067	70.7963	0.6	71.703
63046	2000.0	8	5000.0	0.2067	71.703	0.4	72.3097
60305	1000.0	8	5000.0	0.1067	72.3097	0.2	72.61640000000001
60441	1000.0	8	5000.0	0.1067	72.6164	0.2	72.9231
60997	2000.0	9	6000.0	0.2067	0	0.3333	0.54
61033	2000.0	9	6000.0	0.2067	0.54	0.3333	1.08
61023	1000.0	9	6000.0	0.1067	1.08	0.1667	1.3534000000000002
59018	7000.0	9	6000.0	0.7067	1.3534	1.1667	3.2268
58990	1000.0	9	6000.0	0.1067	3.2268	0.1667	3.5002
59457	3000.0	9	6000.0	0.3067	3.5002	0.5	4.3069
58991	1000.0	9	6000.0	0.1067	4.3069	0.1667	4.580299999999999
62286	2000.0	9	6000.0	0.2067	4.5803	0.3333	5.1203
61836	1000.0	9	6000.0	0.1067	5.1203	0.1667	5.3937
61869	1000.0	9	6000.0	0.1067	5.3937	0.1667	5.6671
62641	6000.0	9	6000.0	0.6067	5.6671	1.0	7.2738
62285	2000.0	9	6000.0	0.2067	7.2738	0.3333	7.8138
61824	1000.0	9	6000.0	0.1067	7.8138	0.1667	8.0872
61859	1000.0	9	6000.0	0.1067	8.0872	0.1667	8.3606
62628	1000.0	9	6000.0	0.1067	8.3606	0.1667	8.634
61119	1000.0	9	6000.0	0.1067	8.634	0.1667	8.9074
61130	8000.0	9	6000.0	0.8067	8.9074	1.3333	11.0474
62654	2000.0	9	6000.0	0.2067	11.0474	0.3333	11.587399999999999
61143	1000.0	9	6000.0	0.1067	11.5874	0.1667	11.860800000000001
59561	1000.0	9	6000.0	0.1067	11.8608	0.1667	12.1342
61901	2000.0	9	6000.0	0.2067	12.1342	0.3333	12.674199999999999
62192	7000.0	9	6000.0	0.7067	12.6742	1.1667	14.547600000000001
60973	1000.0	9	6000.0	0.1067	14.5476	0.1667	14.821
59648	1000.0	9	6000.0	0.1067	14.821	0.1667	15.0944
62161	1000.0	9	6000.0	0.1067	15.0944	0.1667	15.3678
59695	7000.0	9	6000.0	0.7067	15.3678	1.1667	17.2412
62686	1000.0	9	6000.0	0.1067	17.2412	0.1667	17.514599999999998
62684	8000.0	9	6000.0	0.8067	17.5146	1.3333	19.654600000000002
59661	1000.0	9	6000.0	0.1067	19.6546	0.1667	19.927999999999997
60930	1000.0	9	6000.0	0.1067	19.928	0.1667	20.2014
59665	8000.0	9	6000.0	0.8067	20.2014	1.3333	22.3414
62217	1000.0	9	6000.0	0.1067	22.3414	0.1667	22.6148
59628	8000.0	9	6000.0	0.8067	22.6148	1.3333	24.7548
58978	2000.0	9	6000.0	0.2067	24.7548	0.3333	25.294800000000002
61990	1000.0	9	6000.0	0.1067	25.2948	0.1667	25.568199999999997
61986	3000.0	9	6000.0	0.3067	25.5682	0.5	26.3749
59810	7000.0	9	6000.0	0.7067	26.3749	1.1667	28.2483
61939	1000.0	9	6000.0	0.1067	28.2483	0.1667	28.5217
59596	1000.0	9	6000.0	0.1067	28.5217	0.1667	28.795099999999998
62099	6000.0	9	6000.0	0.6067	28.7951	1.0	30.4018
62048	1000.0	9	6000.0	0.1067	30.4018	0.1667	30.6752
59594	1000.0	9	6000.0	0.1067	30.6752	0.1667	30.9486
62030	6000.0	9	6000.0	0.6067	30.9486	1.0	32.5553
61628	1000.0	9	6000.0	0.1067	32.5553	0.1667	32.8287
61524	6000.0	9	6000.0	0.6067	32.8287	1.0	34.4354
61527	2000.0	9	6000.0	0.2067	34.4354	0.3333	34.9754
60583	6000.0	9	6000.0	0.6067	34.9754	1.0	36.5821
60579	6000.0	9	6000.0	0.6067	36.5821	1.0	38.1888
62437	7000.0	9	6000.0	0.7067	38.1888	1.1667	40.0622
62365	1000.0	9	6000.0	0.1067	40.0622	0.1667	40.33559999999999
62375	6000.0	9	6000.0	0.6067	40.3356	1.0	41.9423
62548	2000.0	9	6000.0	0.2067	41.9423	0.3333	42.4823
62561	1000.0	9	6000.0	0.1067	42.4823	0.1667	42.7557
59147	8000.0	9	6000.0	0.8067	42.7557	1.3333	44.8957
62471	1000.0	9	6000.0	0.1067	44.8957	0.1667	45.16909999999999
62518	1000.0	9	6000.0	0.1067	45.1691	0.1667	45.442499999999995
60766	8000.0	9	6000.0	0.8067	45.4425	1.3333	47.5825
60721	2000.0	9	6000.0	0.2067	47.5825	0.3333	48.1225
60879	1000.0	9	6000.0	0.1067	48.1225	0.1667	48.3959
60865	7000.0	9	6000.0	0.7067	48.3959	1.1667	50.269299999999994
59329	1000.0	9	6000.0	0.1067	50.2693	0.1667	50.542699999999996
59298	9000.0	9	6000.0	0.9067	50.5427	1.5	52.949400000000004
61394	1000.0	9	6000.0	0.1067	52.9494	0.1667	53.22279999999999
61486	1000.0	9	6000.0	0.1067	53.2228	0.1667	53.496199999999995
60618	2000.0	9	6000.0	0.2067	53.4962	0.3333	54.0362
60657	7000.0	9	6000.0	0.7067	54.0362	1.1667	55.9096
61253	1000.0	9	6000.0	0.1067	55.9096	0.1667	56.18299999999999
61339	1000.0	9	6000.0	0.1067	56.183	0.1667	56.456399999999995
61920	2000.0	9	6000.0	0.2067	56.4564	0.3333	56.9964
62766	1000.0	9	6000.0	0.1067	56.9964	0.1667	57.2698
60152	2000.0	9	6000.0	0.2067	57.2698	0.3333	57.809799999999996
60271	8000.0	9	6000.0	0.8067	57.8098	1.3333	59.9498
62862	1000.0	9	6000.0	0.1067	59.9498	0.1667	60.2232
60288	1000.0	9	6000.0	0.1067	60.2232	0.1667	60.496599999999994
60289	2000.0	9	6000.0	0.2067	60.4966	0.3333	61.0366
62874	1000.0	9	6000.0	0.1067	61.0366	0.1667	61.309999999999995
60213	8000.0	9	6000.0	0.8067	61.31	1.3333	63.45
62729	2000.0	9	6000.0	0.2067	63.45	0.3333	63.99
59938	1000.0	9	6000.0	0.1067	63.99	0.1667	64.2634
60098	2000.0	9	6000.0	0.2067	64.2634	0.3333	64.8034
59954	3000.0	9	6000.0	0.3067	64.8034	0.5	65.6101
59980	7000.0	9	6000.0	0.7067	65.6101	1.1667	67.4835
59942	1000.0	9	6000.0	0.1067	67.4835	0.1667	67.75690000000002
59850	8000.0	9	6000.0	0.8067	67.7569	1.3333	69.8969
60352	8000.0	9	6000.0	0.8067	69.8969	1.3333	72.0369
63140	1000.0	9	6000.0	0.1067	72.0369	0.1667	72.31030000000001
63119	7000.0	9	6000.0	0.7067	72.3103	1.1667	74.1837
62958	2000.0	9	6000.0	0.2067	74.1837	0.3333	74.7237
60451	1000.0	9	6000.0	0.1067	74.7237	0.1667	74.9971
62882	1000.0	9	6000.0	0.1067	74.9971	0.1667	75.27050000000001
60395	2000.0	9	6000.0	0.2067	75.2705	0.3333	75.81049999999999
63040	2000.0	9	6000.0	0.2067	75.8105	0.3333	76.3505
63027	2000.0	9	6000.0	0.2067	76.3505	0.3333	76.89049999999999
61058	8000.0	10	6000.0	0.8067	0	1.3333	2.1399999999999997
61029	1000.0	10	6000.0	0.1067	2.14	0.1667	2.4134
61013	1000.0	10	6000.0	0.1067	2.4134	0.1667	2.6868000000000003
59499	3000.0	10	6000.0	0.3067	2.6868	0.5	3.4935
61886	1000.0	10	6000.0	0.1067	3.4935	0.1667	3.7669
59488	7000.0	10	6000.0	0.7067	3.7669	1.1667	5.6403
61085	7000.0	10	6000.0	0.7067	5.6403	1.1667	7.5137
61164	1000.0	10	6000.0	0.1067	7.5137	0.1667	7.7871
59466	7000.0	10	6000.0	0.7067	7.7871	1.1667	9.6605
61146	1000.0	10	6000.0	0.1067	9.6605	0.1667	9.933900000000001
59655	2000.0	10	6000.0	0.2067	9.9339	0.3333	10.473899999999999
62187	2000.0	10	6000.0	0.2067	10.4739	0.3333	11.0139
60911	1000.0	10	6000.0	0.1067	11.0139	0.1667	11.2873
60962	2000.0	10	6000.0	0.2067	11.2873	0.3333	11.8273
62255	2000.0	10	6000.0	0.2067	11.8273	0.3333	12.367299999999998
62669	2000.0	10	6000.0	0.2067	12.3673	0.3333	12.9073
59688	1000.0	10	6000.0	0.1067	12.9073	0.1667	13.1807
62688	2000.0	10	6000.0	0.2067	13.1807	0.3333	13.720699999999999
62235	1000.0	10	6000.0	0.1067	13.7207	0.1667	13.994100000000001
59779	1000.0	10	6000.0	0.1067	13.9941	0.1667	14.2675
58970	1000.0	10	6000.0	0.1067	14.2675	0.1667	14.5409
61930	2000.0	10	6000.0	0.2067	14.5409	0.3333	15.0809
59793	1000.0	10	6000.0	0.1067	15.0809	0.1667	15.3543
59784	2000.0	10	6000.0	0.2067	15.3543	0.3333	15.8943
62061	1000.0	10	6000.0	0.1067	15.8943	0.1667	16.167699999999996
59597	1000.0	10	6000.0	0.1067	16.1677	0.1667	16.4411
59618	1000.0	10	6000.0	0.1067	16.4411	0.1667	16.714499999999997
59740	1000.0	10	6000.0	0.1067	16.7145	0.1667	16.9879
62004	2000.0	10	6000.0	0.2067	16.9879	0.3333	17.527900000000002
61675	1000.0	10	6000.0	0.1067	17.5279	0.1667	17.801299999999998
62583	1000.0	10	6000.0	0.1067	17.8013	0.1667	18.0747
60537	7000.0	10	6000.0	0.7067	18.0747	1.1667	19.9481
59247	2000.0	10	6000.0	0.2067	19.9481	0.3333	20.488100000000003
60572	1000.0	10	6000.0	0.1067	20.4881	0.1667	20.761499999999998
60581	3000.0	10	6000.0	0.3067	20.7615	0.5	21.5682
61561	1000.0	10	6000.0	0.1067	21.5682	0.1667	21.8416
61705	2000.0	10	6000.0	0.2067	21.8416	0.3333	22.381600000000002
62403	1000.0	10	6000.0	0.1067	22.3816	0.1667	22.654999999999998
59077	1000.0	10	6000.0	0.1067	22.655	0.1667	22.9284
62359	1000.0	10	6000.0	0.1067	22.9284	0.1667	23.2018
59086	8000.0	10	6000.0	0.8067	23.2018	1.3333	25.3418
59089	2000.0	10	6000.0	0.2067	25.3418	0.3333	25.881800000000002
60792	2000.0	10	6000.0	0.2067	25.8818	0.3333	26.4218
60711	1000.0	10	6000.0	0.1067	26.4218	0.1667	26.6952
59445	1000.0	10	6000.0	0.1067	26.6952	0.1667	26.9686
59443	1000.0	10	6000.0	0.1067	26.9686	0.1667	27.241999999999997
59441	8000.0	10	6000.0	0.8067	27.242	1.3333	29.382
60831	1000.0	10	6000.0	0.1067	29.382	0.1667	29.6554
60820	12000.0	10	6000.0	1.2067	29.6554	2.0	32.8621
60825	7000.0	10	6000.0	0.7067	32.8621	1.1667	34.735499999999995
59388	2000.0	10	6000.0	0.2067	34.7355	0.3333	35.2755
60884	7000.0	10	6000.0	0.7067	35.2755	1.1667	37.1489
60880	2000.0	10	6000.0	0.2067	37.1489	0.3333	37.6889
59397	8000.0	10	6000.0	0.8067	37.6889	1.3333	39.8289
60633	7000.0	10	6000.0	0.7067	39.8289	1.1667	41.702299999999994
59261	2000.0	10	6000.0	0.2067	41.7023	0.3333	42.2423
60617	1000.0	10	6000.0	0.1067	42.2423	0.1667	42.515699999999995
61289	7000.0	10	6000.0	0.7067	42.5157	1.1667	44.3891
60179	1000.0	10	6000.0	0.1067	44.3891	0.1667	44.662499999999994
60185	1000.0	10	6000.0	0.1067	44.6625	0.1667	44.9359
60263	2000.0	10	6000.0	0.2067	44.9359	0.3333	45.475899999999996
60266	2000.0	10	6000.0	0.2067	45.4759	0.3333	46.0159
60274	1000.0	10	6000.0	0.1067	46.0159	0.1667	46.2893
60276	1000.0	10	6000.0	0.1067	46.2893	0.1667	46.56269999999999
60292	2000.0	10	6000.0	0.2067	46.5627	0.3333	47.1027
60302	1000.0	10	6000.0	0.1067	47.1027	0.1667	47.376099999999994
62848	2000.0	10	6000.0	0.2067	47.3761	0.3333	47.9161
62839	9000.0	10	6000.0	0.9067	47.9161	1.5	50.3228
59989	3000.0	10	6000.0	0.3067	50.3228	0.5	51.1295
63076	1000.0	10	6000.0	0.1067	51.1295	0.1667	51.402899999999995
59963	1000.0	10	6000.0	0.1067	51.4029	0.1667	51.6763
59982	1000.0	10	6000.0	0.1067	51.6763	0.1667	51.94969999999999
60080	1000.0	10	6000.0	0.1067	51.9497	0.1667	52.223099999999995
63098	2000.0	10	6000.0	0.2067	52.2231	0.3333	52.7631
60449	7000.0	10	6000.0	0.7067	52.7631	1.1667	54.6365
60343	2000.0	10	6000.0	0.2067	54.6365	0.3333	55.1765
59856	1000.0	10	6000.0	0.1067	55.1765	0.1667	55.44989999999999
63105	1000.0	10	6000.0	0.1067	55.4499	0.1667	55.723299999999995
60326	1000.0	10	6000.0	0.1067	55.7233	0.1667	55.9967
62991	1000.0	10	6000.0	0.1067	55.9967	0.1667	56.27009999999999
59862	1000.0	10	6000.0	0.1067	56.2701	0.1667	56.543499999999995
59507	2000.0	11	6000.0	0.2067	0	0.3333	0.54
61035	1000.0	11	6000.0	0.1067	0.54	0.1667	0.8134
59021	7000.0	11	6000.0	0.7067	0.8134	1.1667	2.6868
61009	2000.0	11	6000.0	0.2067	2.6868	0.3333	3.2268
61011	1000.0	11	6000.0	0.1067	3.2268	0.1667	3.5002
59482	1000.0	11	6000.0	0.1067	3.5002	0.1667	3.7736
59481	6000.0	11	6000.0	0.6067	3.7736	1.0	5.3803
59490	2000.0	11	6000.0	0.2067	5.3803	0.3333	5.9203
61856	1000.0	11	6000.0	0.1067	5.9203	0.1667	6.1937
61853	2000.0	11	6000.0	0.2067	6.1937	0.3333	6.7337
61090	1000.0	11	6000.0	0.1067	6.7337	0.1667	7.007099999999999
61132	1000.0	11	6000.0	0.1067	7.0071	0.1667	7.2805
62652	1000.0	11	6000.0	0.1067	7.2805	0.1667	7.5539
61150	7000.0	11	6000.0	0.7067	7.5539	1.1667	9.4273
59508	2000.0	11	6000.0	0.2067	9.4273	0.3333	9.9673
60981	7000.0	11	6000.0	0.7067	9.9673	1.1667	11.8407
62276	1000.0	11	6000.0	0.1067	11.8407	0.1667	12.1141
62144	2000.0	11	6000.0	0.2067	12.1141	0.3333	12.6541
59647	2000.0	11	6000.0	0.2067	12.6541	0.3333	13.194099999999999
62162	2000.0	11	6000.0	0.2067	13.1941	0.3333	13.7341
62687	1000.0	11	6000.0	0.1067	13.7341	0.1667	14.0075
62679	2000.0	11	6000.0	0.2067	14.0075	0.3333	14.5475
59684	1000.0	11	6000.0	0.1067	14.5475	0.1667	14.8209
60955	1000.0	11	6000.0	0.1067	14.8209	0.1667	15.0943
62214	3000.0	11	6000.0	0.3067	15.0943	0.5	15.901
59530	1000.0	11	6000.0	0.1067	15.901	0.1667	16.1744
59541	1000.0	11	6000.0	0.1067	16.1744	0.1667	16.447799999999997
58972	2000.0	11	6000.0	0.2067	16.4478	0.3333	16.987800000000004
62284	9000.0	11	6000.0	0.9067	16.9878	1.5	19.3945
58979	1000.0	11	6000.0	0.1067	19.3945	0.1667	19.6679
59791	1000.0	11	6000.0	0.1067	19.6679	0.1667	19.9413
62119	2000.0	11	6000.0	0.2067	19.9413	0.3333	20.4813
62107	1000.0	11	6000.0	0.1067	20.4813	0.1667	20.7547
59616	1000.0	11	6000.0	0.1067	20.7547	0.1667	21.0281
59595	1000.0	11	6000.0	0.1067	21.0281	0.1667	21.301499999999997
62014	2000.0	11	6000.0	0.2067	21.3015	0.3333	21.841500000000003
62009	1000.0	11	6000.0	0.1067	21.8415	0.1667	22.1149
60485	8000.0	11	6000.0	0.8067	22.1149	1.3333	24.2549
60567	1000.0	11	6000.0	0.1067	24.2549	0.1667	24.528299999999998
60479	2000.0	11	6000.0	0.2067	24.5283	0.3333	25.068300000000004
59220	1000.0	11	6000.0	0.1067	25.0683	0.1667	25.3417
62592	1000.0	11	6000.0	0.1067	25.3417	0.1667	25.615099999999998
62586	8000.0	11	6000.0	0.8067	25.6151	1.3333	27.755100000000002
60558	1000.0	11	6000.0	0.1067	27.7551	0.1667	28.028499999999998
61494	2000.0	11	6000.0	0.2067	28.0285	0.3333	28.568500000000004
61505	7000.0	11	6000.0	0.7067	28.5685	1.1667	30.4419
61516	1000.0	11	6000.0	0.1067	30.4419	0.1667	30.7153
59233	1000.0	11	6000.0	0.1067	30.7153	0.1667	30.988699999999998
61733	2000.0	11	6000.0	0.2067	30.9887	0.3333	31.528700000000004
61736	1000.0	11	6000.0	0.1067	31.5287	0.1667	31.8021
59058	2000.0	11	6000.0	0.2067	31.8021	0.3333	32.3421
62382	1000.0	11	6000.0	0.1067	32.3421	0.1667	32.6155
62377	7000.0	11	6000.0	0.7067	32.6155	1.1667	34.488899999999994
61781	8000.0	11	6000.0	0.8067	34.4889	1.3333	36.6289
59060	2000.0	11	6000.0	0.2067	36.6289	0.3333	37.1689
59109	7000.0	11	6000.0	0.7067	37.1689	1.1667	39.0423
59154	1000.0	11	6000.0	0.1067	39.0423	0.1667	39.31569999999999
62463	2000.0	11	6000.0	0.2067	39.3157	0.3333	39.8557
62445	8000.0	11	6000.0	0.8067	39.8557	1.3333	41.9957
59366	2000.0	11	6000.0	0.2067	41.9957	0.3333	42.5357
59410	1000.0	11	6000.0	0.1067	42.5357	0.1667	42.809099999999994
59045	1000.0	11	6000.0	0.1067	42.8091	0.1667	43.082499999999996
60830	1000.0	11	6000.0	0.1067	43.0825	0.1667	43.3559
59383	2000.0	11	6000.0	0.2067	43.3559	0.3333	43.8959
60852	8000.0	11	6000.0	0.8067	43.8959	1.3333	46.0359
60674	1000.0	11	6000.0	0.1067	46.0359	0.1667	46.30929999999999
61425	2000.0	11	6000.0	0.2067	46.3093	0.3333	46.8493
61374	8000.0	11	6000.0	0.8067	46.8493	1.3333	48.9893
61428	1000.0	11	6000.0	0.1067	48.9893	0.1667	49.262699999999995
61430	1000.0	11	6000.0	0.1067	49.2627	0.1667	49.5361
60598	1000.0	11	6000.0	0.1067	49.5361	0.1667	49.80949999999999
61334	2000.0	11	6000.0	0.2067	49.8095	0.3333	50.3495
60645	2000.0	11	6000.0	0.2067	50.3495	0.3333	50.8895
61320	2000.0	11	6000.0	0.2067	50.8895	0.3333	51.4295
63064	2000.0	11	6000.0	0.2067	51.4295	0.3333	51.9695
60130	6000.0	11	6000.0	0.6067	51.9695	1.0	53.5762
60135	1000.0	11	6000.0	0.1067	53.5762	0.1667	53.849599999999995
62793	9000.0	11	6000.0	0.9067	53.8496	1.5	56.2563
62833	1000.0	11	6000.0	0.1067	56.2563	0.1667	56.5297
60300	1000.0	11	6000.0	0.1067	56.5297	0.1667	56.80309999999999
60224	1000.0	11	6000.0	0.1067	56.8031	0.1667	57.076499999999996
60241	1000.0	11	6000.0	0.1067	57.0765	0.1667	57.3499
62853	8000.0	11	6000.0	0.8067	57.3499	1.3333	59.4899
59991	1000.0	11	6000.0	0.1067	59.4899	0.1667	59.763299999999994
60022	1000.0	11	6000.0	0.1067	59.7633	0.1667	60.036699999999996
59880	6000.0	11	6000.0	0.6067	60.0367	1.0	61.6434
59928	1000.0	11	6000.0	0.1067	61.6434	0.1667	61.916799999999995
60046	8000.0	11	6000.0	0.8067	61.9168	1.3333	64.0568
59984	2000.0	11	6000.0	0.2067	64.0568	0.3333	64.59679999999999
60057	9000.0	11	6000.0	0.9067	64.5968	1.5	67.0035
62755	1000.0	11	6000.0	0.1067	67.0035	0.1667	67.27690000000001
62754	6000.0	11	6000.0	0.6067	67.2769	1.0	68.8836
60060	3000.0	11	6000.0	0.3067	68.8836	0.5	69.69030000000001
60353	10000.0	11	6000.0	1.0067	69.6903	1.6667	72.3637
63012	2000.0	11	6000.0	0.2067	72.3637	0.3333	72.90369999999999
60385	1000.0	11	6000.0	0.1067	72.9037	0.1667	73.17710000000001
62982	1000.0	11	6000.0	0.1067	73.1771	0.1667	73.4505
62984	1000.0	11	6000.0	0.1067	73.4505	0.1667	73.72390000000001
60339	8000.0	11	6000.0	0.8067	73.7239	1.3333	75.8639
60459	8000.0	11	6000.0	0.8067	75.8639	1.3333	78.0039
60309	1000.0	11	6000.0	0.1067	78.0039	0.1667	78.27730000000001
60310	2000.0	11	6000.0	0.2067	78.2773	0.3333	78.81729999999999
60450	1000.0	11	6000.0	0.1067	78.8173	0.1667	79.09070000000001
59502	2000.0	12	6000.0	0.2	0	0.3333	0.5333
59454	2000.0	12	6000.0	0.2	0.5333	0.3333	1.0666
61020	1000.0	12	6000.0	0.1	1.0666	0.1667	1.3333000000000002
59027	1000.0	12	6000.0	0.1	1.3333	0.1667	1.6
62614	1000.0	12	6000.0	0.1	1.6	0.1667	1.8667000000000002
62638	1000.0	12	6000.0	0.1	1.8667	0.1667	2.1334
61863	1000.0	12	6000.0	0.1	2.1334	0.1667	2.4001
61846	8000.0	12	6000.0	0.8	2.4001	1.3333	4.5334
61120	1000.0	12	6000.0	0.1	4.5334	0.1667	4.8001
61118	2000.0	12	6000.0	0.2	4.8001	0.3333	5.3334
60525	1000.0	12	6000.0	0.1	5.3334	0.1667	5.600099999999999
61070	2000.0	12	6000.0	0.2	5.6001	0.3333	6.133400000000001
62287	1000.0	12	6000.0	0.1	6.1334	0.1667	6.400099999999999
62194	1000.0	12	6000.0	0.1	6.4001	0.1667	6.666799999999999
62175	7000.0	12	6000.0	0.7	6.6668	1.1667	8.5335
62198	2000.0	12	6000.0	0.2	8.5335	0.3333	9.066799999999999
59657	8000.0	12	6000.0	0.8	9.0668	1.3333	11.2001
59696	8000.0	12	6000.0	0.8	11.2001	1.3333	13.333400000000001
59686	1000.0	12	6000.0	0.1	13.3334	0.1667	13.6001
62683	7000.0	12	6000.0	0.7	13.6001	1.1667	15.4668
60929	1000.0	12	6000.0	0.1	15.4668	0.1667	15.7335
58977	1000.0	12	6000.0	0.1	15.7335	0.1667	16.0002
59531	1000.0	12	6000.0	0.1	16.0002	0.1667	16.2669
58985	1000.0	12	6000.0	0.1	16.2669	0.1667	16.5336
59598	1000.0	12	6000.0	0.1	16.5336	0.1667	16.8003
61996	1000.0	12	6000.0	0.1	16.8003	0.1667	17.067
59752	1000.0	12	6000.0	0.1	17.067	0.1667	17.3337
62040	8000.0	12	6000.0	0.8	17.3337	1.3333	19.467000000000002
62023	2000.0	12	6000.0	0.2	19.467	0.3333	20.0003
62295	8000.0	12	6000.0	0.8	20.0003	1.3333	22.1336
60475	1000.0	12	6000.0	0.1	22.1336	0.1667	22.4003
61665	2000.0	12	6000.0	0.2	22.4003	0.3333	22.933600000000002
60541	1000.0	12	6000.0	0.1	22.9336	0.1667	23.2003
59253	1000.0	12	6000.0	0.1	23.2003	0.1667	23.467
61500	1000.0	12	6000.0	0.1	23.467	0.1667	23.7337
61574	1000.0	12	6000.0	0.1	23.7337	0.1667	24.0004
59242	3000.0	12	6000.0	0.3	24.0004	0.5	24.8004
62408	1000.0	12	6000.0	0.1	24.8004	0.1667	25.0671
61725	1000.0	12	6000.0	0.1	25.0671	0.1667	25.3338
59079	2000.0	12	6000.0	0.2	25.3338	0.3333	25.8671
62421	2000.0	12	6000.0	0.2	25.8671	0.3333	26.4004
62360	2000.0	12	6000.0	0.2	26.4004	0.3333	26.9337
62386	2000.0	12	6000.0	0.2	26.9337	0.3333	27.467000000000002
62444	1000.0	12	6000.0	0.1	27.467	0.1667	27.7337
62543	1000.0	12	6000.0	0.1	27.7337	0.1667	28.0004
59155	10000.0	12	6000.0	1.0	28.0004	1.6667	30.667099999999998
62560	1000.0	12	6000.0	0.1	30.6671	0.1667	30.9338
62446	2000.0	12	6000.0	0.2	30.9338	0.3333	31.467100000000002
59095	7000.0	12	6000.0	0.7	31.4671	1.1667	33.3338
61184	1000.0	12	6000.0	0.1	33.3338	0.1667	33.6005
60695	2000.0	12	6000.0	0.2	33.6005	0.3333	34.1338
61212	1000.0	12	6000.0	0.1	34.1338	0.1667	34.4005
59407	6000.0	12	6000.0	0.6	34.4005	1.0	36.0005
60902	1000.0	12	6000.0	0.1	36.0005	0.1667	36.2672
61393	1000.0	12	6000.0	0.1	36.2672	0.1667	36.5339
59265	7000.0	12	6000.0	0.7	36.5339	1.1667	38.400600000000004
61480	1000.0	12	6000.0	0.1	38.4006	0.1667	38.6673
61282	2000.0	12	6000.0	0.2	38.6673	0.3333	39.2006
60656	1000.0	12	6000.0	0.1	39.2006	0.1667	39.4673
59323	9000.0	12	6000.0	0.9	39.4673	1.5	41.8673
59307	1000.0	12	6000.0	0.1	41.8673	0.1667	42.134
59305	1000.0	12	6000.0	0.1	42.134	0.1667	42.4007
61346	1000.0	12	6000.0	0.1	42.4007	0.1667	42.6674
61313	1000.0	12	6000.0	0.1	42.6674	0.1667	42.9341
61324	1000.0	12	6000.0	0.1	42.9341	0.1667	43.2008
59924	7000.0	12	6000.0	0.7	43.2008	1.1667	45.0675
62819	2000.0	12	6000.0	0.2	45.0675	0.3333	45.60080000000001
63065	1000.0	12	6000.0	0.1	45.6008	0.1667	45.8675
62760	2000.0	12	6000.0	0.2	45.8675	0.3333	46.400800000000004
60260	2000.0	12	6000.0	0.2	46.4008	0.3333	46.9341
60261	1000.0	12	6000.0	0.1	46.9341	0.1667	47.2008
60219	1000.0	12	6000.0	0.1	47.2008	0.1667	47.4675
62850	3000.0	12	6000.0	0.3	47.4675	0.5	48.2675
59882	1000.0	12	6000.0	0.1	48.2675	0.1667	48.5342
62718	2000.0	12	6000.0	0.2	48.5342	0.3333	49.0675
62730	2000.0	12	6000.0	0.2	49.0675	0.3333	49.60080000000001
59941	2000.0	12	6000.0	0.2	49.6008	0.3333	50.134100000000004
60093	1000.0	12	6000.0	0.1	50.1341	0.1667	50.4008
60099	1000.0	12	6000.0	0.1	50.4008	0.1667	50.6675
63079	1000.0	12	6000.0	0.1	50.6675	0.1667	50.9342
59947	1000.0	12	6000.0	0.1	50.9342	0.1667	51.2009
60354	1000.0	12	6000.0	0.1	51.2009	0.1667	51.4676
60357	3000.0	12	6000.0	0.3	51.4676	0.5	52.267599999999995
62938	1000.0	12	6000.0	0.1	52.2676	0.1667	52.5343
62973	6000.0	12	6000.0	0.6	52.5343	1.0	54.1343
63125	1000.0	12	6000.0	0.1	54.1343	0.1667	54.401
59906	1000.0	12	6000.0	0.1	54.401	0.1667	54.6677
59871	2000.0	12	6000.0	0.2	54.6677	0.3333	55.20100000000001
60317	1000.0	12	6000.0	0.1	55.201	0.1667	55.4677
62893	2000.0	12	6000.0	0.2	55.4677	0.3333	56.001000000000005
61804	1000.0	13	8000.0	0.1	0	0.125	0.225
60998	1000.0	13	8000.0	0.1	0.225	0.125	0.45
59020	1000.0	13	8000.0	0.1	0.45	0.125	0.675
62292	3000.0	13	8000.0	0.3	0.675	0.375	1.35
59497	1000.0	13	8000.0	0.1	1.35	0.125	1.5750000000000002
59821	6000.0	13	8000.0	0.6	1.575	0.75	2.925
58999	1000.0	13	8000.0	0.1	2.925	0.125	3.15
61826	1000.0	13	8000.0	0.1	3.15	0.125	3.375
61850	2000.0	13	8000.0	0.2	3.375	0.25	3.825
59471	2000.0	13	8000.0	0.2	3.825	0.25	4.275
61133	2000.0	13	8000.0	0.2	4.275	0.25	4.7250000000000005
61819	1000.0	13	8000.0	0.1	4.725	0.125	4.949999999999999
60527	1000.0	13	8000.0	0.1	4.95	0.125	5.175
60982	2000.0	13	8000.0	0.2	5.175	0.25	5.625
62273	1000.0	13	8000.0	0.1	5.625	0.125	5.85
62249	5000.0	13	8000.0	0.5	5.85	0.625	6.975
59673	2000.0	13	8000.0	0.2	6.975	0.25	7.425
62699	2000.0	13	8000.0	0.2	7.425	0.25	7.875
59556	1000.0	13	8000.0	0.1	7.875	0.125	8.1
59769	1000.0	13	8000.0	0.1	8.1	0.125	8.325
61953	6000.0	13	8000.0	0.6	8.325	0.75	9.674999999999999
59800	1000.0	13	8000.0	0.1	9.675	0.125	9.9
61912	2000.0	13	8000.0	0.2	9.9	0.25	10.35
61936	1000.0	13	8000.0	0.1	10.35	0.125	10.575
59766	2000.0	13	8000.0	0.2	10.575	0.25	11.024999999999999
62113	1000.0	13	8000.0	0.1	11.025	0.125	11.25
61685	1000.0	13	8000.0	0.1	11.25	0.125	11.475
61639	1000.0	13	8000.0	0.1	11.475	0.125	11.7
61650	1000.0	13	8000.0	0.1	11.7	0.125	11.924999999999999
62338	1000.0	13	8000.0	0.1	11.925	0.125	12.15
59193	1000.0	13	8000.0	0.1	12.15	0.125	12.375
60544	2000.0	13	8000.0	0.2	12.375	0.25	12.825
61511	8000.0	13	8000.0	0.8	12.825	1.0	14.625
61581	1000.0	13	8000.0	0.1	14.625	0.125	14.85
61598	1000.0	13	8000.0	0.1	14.85	0.125	15.075
61552	7000.0	13	8000.0	0.7	15.075	0.875	16.65
62578	2000.0	13	8000.0	0.2	16.65	0.25	17.099999999999998
61720	1000.0	13	8000.0	0.1	17.1	0.125	17.325000000000003
61744	2000.0	13	8000.0	0.2	17.325	0.25	17.775
62410	1000.0	13	8000.0	0.1	17.775	0.125	18.0
62433	9000.0	13	8000.0	0.9	18.0	1.125	20.025
62397	2000.0	13	8000.0	0.2	20.025	0.25	20.474999999999998
61774	2000.0	13	8000.0	0.2	20.475	0.25	20.925
62533	8000.0	13	8000.0	0.8	20.925	1.0	22.725
62469	7000.0	13	8000.0	0.7	22.725	0.875	24.3
62455	1000.0	13	8000.0	0.1	24.3	0.125	24.525000000000002
62461	2000.0	13	8000.0	0.2	24.525	0.25	24.974999999999998
62479	2000.0	13	8000.0	0.2	24.975	0.25	25.425
60749	2000.0	13	8000.0	0.2	25.425	0.25	25.875
60745	1000.0	13	8000.0	0.1	25.875	0.125	26.1
60740	6000.0	13	8000.0	0.6	26.1	0.75	27.450000000000003
61194	2000.0	13	8000.0	0.2	27.45	0.25	27.9
61206	1000.0	13	8000.0	0.1	27.9	0.125	28.125
60898	1000.0	13	8000.0	0.1	28.125	0.125	28.35
62300	1000.0	13	8000.0	0.1	28.35	0.125	28.575000000000003
60842	2000.0	13	8000.0	0.2	28.575	0.25	29.025
60827	1000.0	13	8000.0	0.1	29.025	0.125	29.25
60861	1000.0	13	8000.0	0.1	29.25	0.125	29.475
61478	1000.0	13	8000.0	0.1	29.475	0.125	29.700000000000003
60601	1000.0	13	8000.0	0.1	29.7	0.125	29.925
59301	2000.0	13	8000.0	0.2	29.925	0.25	30.375
61226	1000.0	13	8000.0	0.1	30.375	0.125	30.6
61235	1000.0	13	8000.0	0.1	30.6	0.125	30.825000000000003
59315	1000.0	13	8000.0	0.1	30.825	0.125	31.05
61306	1000.0	13	8000.0	0.1	31.05	0.125	31.275000000000002
60168	7000.0	13	8000.0	0.7	31.275	0.875	32.849999999999994
63047	7000.0	13	8000.0	0.7	32.85	0.875	34.425000000000004
63056	2000.0	13	8000.0	0.2	34.425	0.25	34.875
63050	1000.0	13	8000.0	0.1	34.875	0.125	35.1
62871	6000.0	13	8000.0	0.6	35.1	0.75	36.45
62838	8000.0	13	8000.0	0.8	36.45	1.0	38.25
60407	2000.0	13	8000.0	0.2	38.25	0.25	38.7
62994	2000.0	13	8000.0	0.2	38.7	0.25	39.150000000000006
62912	2000.0	13	8000.0	0.2	39.15	0.25	39.6
62899	1000.0	13	8000.0	0.1	39.6	0.125	39.825
63023	3000.0	13	8000.0	0.3	39.825	0.375	40.5
59019	2000.0	14	12000.0	0.2	0	0.1667	0.3667
61021	2000.0	14	12000.0	0.2	0.3667	0.1667	0.7333999999999999
62293	1000.0	14	12000.0	0.1	0.7334	0.0833	0.9167000000000001
59479	2000.0	14	12000.0	0.2	0.9167	0.1667	1.2834
61878	2000.0	14	12000.0	0.2	1.2834	0.1667	1.6501000000000001
59830	1000.0	14	12000.0	0.1	1.6501	0.0833	1.8334
58995	1000.0	14	12000.0	0.1	1.8334	0.0833	2.0167
61100	1000.0	14	12000.0	0.1	2.0167	0.0833	2.2
61148	2000.0	14	12000.0	0.2	2.2	0.1667	2.5667000000000004
62200	1000.0	14	12000.0	0.1	2.5667	0.0833	2.75
59711	1000.0	14	12000.0	0.1	2.75	0.0833	2.9333
62138	1000.0	14	12000.0	0.1	2.9333	0.0833	3.1166
62156	1000.0	14	12000.0	0.1	3.1166	0.0833	3.2999
62151	1000.0	14	12000.0	0.1	3.2999	0.0833	3.4832
59682	2000.0	14	12000.0	0.2	3.4832	0.1667	3.8499000000000003
62692	9000.0	14	12000.0	0.9	3.8499	0.75	5.4999
62676	1000.0	14	12000.0	0.1	5.4999	0.0833	5.6832
59699	1000.0	14	12000.0	0.1	5.6832	0.0833	5.8665
59671	2000.0	14	12000.0	0.2	5.8665	0.1667	6.2332
60950	2000.0	14	12000.0	0.2	6.2332	0.1667	6.5999
59532	1000.0	14	12000.0	0.1	6.5999	0.0833	6.7832
59777	1000.0	14	12000.0	0.1	6.7832	0.0833	6.9665
62000	1000.0	14	12000.0	0.1	6.9665	0.0833	7.1498
59569	2000.0	14	12000.0	0.2	7.1498	0.1667	7.5165
61682	1000.0	14	12000.0	0.1	7.5165	0.0833	7.6998
59214	9000.0	14	12000.0	0.9	7.6998	0.75	9.3498
61615	1000.0	14	12000.0	0.1	9.3498	0.0833	9.5331
61611	2000.0	14	12000.0	0.2	9.5331	0.1667	9.899799999999999
61541	2000.0	14	12000.0	0.2	9.8998	0.1667	10.2665
61513	2000.0	14	12000.0	0.2	10.2665	0.1667	10.6332
61582	1000.0	14	12000.0	0.1	10.6332	0.0833	10.8165
61560	1000.0	14	12000.0	0.1	10.8165	0.0833	10.999799999999999
62438	6000.0	14	12000.0	0.6	10.9998	0.5	12.0998
62441	1000.0	14	12000.0	0.1	12.0998	0.0833	12.2831
62363	2000.0	14	12000.0	0.2	12.2831	0.1667	12.649799999999999
61789	1000.0	14	12000.0	0.1	12.6498	0.0833	12.8331
62392	1000.0	14	12000.0	0.1	12.8331	0.0833	13.016399999999999
61787	8000.0	14	12000.0	0.8	13.0164	0.6667	14.483100000000002
59115	2000.0	14	12000.0	0.2	14.4831	0.1667	14.8498
59116	2000.0	14	12000.0	0.2	14.8498	0.1667	15.2165
59134	2000.0	14	12000.0	0.2	15.2165	0.1667	15.5832
62555	1000.0	14	12000.0	0.1	15.5832	0.0833	15.766499999999999
62480	1000.0	14	12000.0	0.1	15.7665	0.0833	15.9498
61487	2000.0	14	12000.0	0.2	15.9498	0.1667	16.316499999999998
60787	2000.0	14	12000.0	0.2	16.3165	0.1667	16.6832
60785	1000.0	14	12000.0	0.1	16.6832	0.0833	16.866500000000002
59046	2000.0	14	12000.0	0.2	16.8665	0.1667	17.233199999999997
59417	7000.0	14	12000.0	0.7	17.2332	0.5833	18.5165
59408	1000.0	14	12000.0	0.1	18.5165	0.0833	18.699800000000003
59400	2000.0	14	12000.0	0.2	18.6998	0.1667	19.066499999999998
59379	2000.0	14	12000.0	0.2	19.0665	0.1667	19.4332
61406	2000.0	14	12000.0	0.2	19.4332	0.1667	19.799899999999997
61401	1000.0	14	12000.0	0.1	19.7999	0.0833	19.983200000000004
59273	2000.0	14	12000.0	0.2	19.9832	0.1667	20.349899999999998
60624	1000.0	14	12000.0	0.1	20.3499	0.0833	20.533200000000004
61442	1000.0	14	12000.0	0.1	20.5332	0.0833	20.716500000000003
61455	2000.0	14	12000.0	0.2	20.7165	0.1667	21.083199999999998
61252	2000.0	14	12000.0	0.2	21.0832	0.1667	21.4499
61310	1000.0	14	12000.0	0.1	21.4499	0.0833	21.633200000000002
61291	1000.0	14	12000.0	0.1	21.6332	0.0833	21.8165
60461	1000.0	14	12000.0	0.1	21.8165	0.0833	21.999800000000004
60216	1000.0	14	12000.0	0.1	21.9998	0.0833	22.183100000000003
62751	2000.0	14	12000.0	0.2	22.1831	0.1667	22.549799999999998
62711	1000.0	14	12000.0	0.1	22.5498	0.0833	22.733100000000004
60056	1000.0	14	12000.0	0.1	22.7331	0.0833	22.916400000000003
63141	1000.0	14	12000.0	0.1	22.9164	0.0833	23.099700000000002
60346	2000.0	14	12000.0	0.2	23.0997	0.1667	23.466399999999997
59854	2000.0	14	12000.0	0.2	23.4664	0.1667	23.833099999999998
63118	2000.0	14	12000.0	0.2	23.8331	0.1667	24.1998
59866	2000.0	14	12000.0	0.2	24.1998	0.1667	24.566499999999998
60307	2000.0	14	12000.0	0.2	24.5665	0.1667	24.9332
59869	9000.0	14	12000.0	0.9	24.9332	0.75	26.583199999999998
60334	2000.0	14	12000.0	0.2	26.5832	0.1667	26.9499
61063	2000.0	15	16000.0	0.2	0	0.125	0.325
59031	1000.0	15	16000.0	0.1	0.325	0.0625	0.48750000000000004
60988	1000.0	15	16000.0	0.1	0.4875	0.0625	0.65
59822	7000.0	15	16000.0	0.7	0.65	0.4375	1.7875
59829	1000.0	15	16000.0	0.1	1.7875	0.0625	1.9500000000000002
59484	1000.0	15	16000.0	0.1	1.95	0.0625	2.1125
59474	2000.0	15	16000.0	0.2	2.1125	0.125	2.4375
59005	1000.0	15	16000.0	0.1	2.4375	0.0625	2.6
62269	7000.0	15	16000.0	0.7	2.6	0.4375	3.7375
62178	2000.0	15	16000.0	0.2	3.7375	0.125	4.0625
60977	2000.0	15	16000.0	0.2	4.0625	0.125	4.3875
59722	2000.0	15	16000.0	0.2	4.3875	0.125	4.7125
60916	1000.0	15	16000.0	0.1	4.7125	0.0625	4.875
62155	2000.0	15	16000.0	0.2	4.875	0.125	5.2
62668	1000.0	15	16000.0	0.1	5.2	0.0625	5.3625
60921	2000.0	15	16000.0	0.2	5.3625	0.125	5.6875
60943	1000.0	15	16000.0	0.1	5.6875	0.0625	5.85
61966	1000.0	15	16000.0	0.1	5.85	0.0625	6.012499999999999
61958	2000.0	15	16000.0	0.2	6.0125	0.125	6.3375
61918	1000.0	15	16000.0	0.1	6.3375	0.0625	6.5
59783	2000.0	15	16000.0	0.2	6.5	0.125	6.825
61937	6000.0	15	16000.0	0.6	6.825	0.375	7.8
59788	9000.0	15	16000.0	0.9	7.8	0.5625	9.2625
62118	2000.0	15	16000.0	0.2	9.2625	0.125	9.587499999999999
61998	1000.0	15	16000.0	0.1	9.5875	0.0625	9.75
62029	8000.0	15	16000.0	0.8	9.75	0.5	11.05
61992	1000.0	15	16000.0	0.1	11.05	0.0625	11.2125
60568	1000.0	15	16000.0	0.1	11.2125	0.0625	11.375
60566	6000.0	15	16000.0	0.6	11.375	0.375	12.35
59226	2000.0	15	16000.0	0.2	12.35	0.125	12.674999999999999
59222	3000.0	15	16000.0	0.3	12.675	0.1875	13.162500000000001
59184	1000.0	15	16000.0	0.1	13.1625	0.0625	13.325
59182	1000.0	15	16000.0	0.1	13.325	0.0625	13.487499999999999
59217	9000.0	15	16000.0	0.9	13.4875	0.5625	14.950000000000001
60585	2000.0	15	16000.0	0.2	14.95	0.125	15.274999999999999
61521	2000.0	15	16000.0	0.2	15.275	0.125	15.6
61496	2000.0	15	16000.0	0.2	15.6	0.125	15.924999999999999
61514	8000.0	15	16000.0	0.8	15.925	0.5	17.225
60499	1000.0	15	16000.0	0.1	17.225	0.0625	17.387500000000003
61518	1000.0	15	16000.0	0.1	17.3875	0.0625	17.55
59234	2000.0	15	16000.0	0.2	17.55	0.125	17.875
61559	1000.0	15	16000.0	0.1	17.875	0.0625	18.0375
61743	1000.0	15	16000.0	0.1	18.0375	0.0625	18.200000000000003
61696	2000.0	15	16000.0	0.2	18.2	0.125	18.525
62431	7000.0	15	16000.0	0.7	18.525	0.4375	19.662499999999998
59081	2000.0	15	16000.0	0.2	19.6625	0.125	19.9875
62374	1000.0	15	16000.0	0.1	19.9875	0.0625	20.150000000000002
61690	2000.0	15	16000.0	0.2	20.15	0.125	20.474999999999998
59127	1000.0	15	16000.0	0.1	20.475	0.0625	20.637500000000003
59105	1000.0	15	16000.0	0.1	20.6375	0.0625	20.8
62574	2000.0	15	16000.0	0.2	20.8	0.125	21.125
60753	4000.0	15	16000.0	0.4	21.125	0.25	21.775
60729	1000.0	15	16000.0	0.1	21.775	0.0625	21.9375
60742	1000.0	15	16000.0	0.1	21.9375	0.0625	22.1
59351	1000.0	15	16000.0	0.1	22.1	0.0625	22.262500000000003
61211	4000.0	15	16000.0	0.4	22.2625	0.25	22.912499999999998
60814	1000.0	15	16000.0	0.1	22.9125	0.0625	23.075000000000003
59437	2000.0	15	16000.0	0.2	23.075	0.125	23.4
60840	1000.0	15	16000.0	0.1	23.4	0.0625	23.5625
60817	1000.0	15	16000.0	0.1	23.5625	0.0625	23.725
60874	1000.0	15	16000.0	0.1	23.725	0.0625	23.887500000000003
59292	1000.0	15	16000.0	0.1	23.8875	0.0625	24.05
60636	1000.0	15	16000.0	0.1	24.05	0.0625	24.212500000000002
61376	1000.0	15	16000.0	0.1	24.2125	0.0625	24.375
61385	1000.0	15	16000.0	0.1	24.375	0.0625	24.5375
61387	2000.0	15	16000.0	0.2	24.5375	0.125	24.8625
61396	6000.0	15	16000.0	0.6	24.8625	0.375	25.837500000000002
60615	2000.0	15	16000.0	0.2	25.8375	0.125	26.162499999999998
61218	1000.0	15	16000.0	0.1	26.1625	0.0625	26.325000000000003
61239	6000.0	15	16000.0	0.6	26.325	0.375	27.3
59308	1000.0	15	16000.0	0.1	27.3	0.0625	27.462500000000002
61305	1000.0	15	16000.0	0.1	27.4625	0.0625	27.625
63049	2000.0	15	16000.0	0.2	27.625	0.125	27.95
63052	2000.0	15	16000.0	0.2	27.95	0.125	28.275
62768	1000.0	15	16000.0	0.1	28.275	0.0625	28.4375
60295	7000.0	15	16000.0	0.7	28.4375	0.4375	29.575
60208	1000.0	15	16000.0	0.1	29.575	0.0625	29.7375
62854	1000.0	15	16000.0	0.1	29.7375	0.0625	29.900000000000002
59988	9000.0	15	16000.0	0.9	29.9	0.5625	31.362499999999997
60432	1000.0	15	16000.0	0.1	31.3625	0.0625	31.525000000000002
60114	2000.0	15	16000.0	0.2	31.525	0.125	31.849999999999998
63075	1000.0	15	16000.0	0.1	31.85	0.0625	32.0125
60050	1000.0	15	16000.0	0.1	32.0125	0.0625	32.175000000000004
62932	2000.0	15	16000.0	0.2	32.175	0.125	32.5
62940	2000.0	15	16000.0	0.2	32.5	0.125	32.825
63124	1000.0	15	16000.0	0.1	32.825	0.0625	32.987500000000004
60387	9000.0	15	16000.0	0.9	32.9875	0.5625	34.449999999999996
63127	2000.0	15	16000.0	0.2	34.45	0.125	34.775000000000006
63031	1000.0	15	16000.0	0.1	34.775	0.0625	34.9375
59463	2000.0	16	18000.0	0.2058	0	0.1111	0.3169
61889	2000.0	16	18000.0	0.2058	0.3169	0.1111	0.6338
61030	2000.0	16	18000.0	0.2058	0.6338	0.1111	0.9507
59832	1000.0	16	18000.0	0.1058	0.9507	0.0556	1.1121
61827	1000.0	16	18000.0	0.1058	1.1121	0.0556	1.2735000000000003
62636	1000.0	16	18000.0	0.1058	1.2735	0.0556	1.4349000000000003
59841	2000.0	16	18000.0	0.2058	1.4349	0.1111	1.7518
61858	3000.0	16	18000.0	0.3058	1.7518	0.1667	2.2243
61896	1000.0	16	18000.0	0.1058	2.2243	0.0556	2.3857
61128	2000.0	16	18000.0	0.2058	2.3857	0.1111	2.7026
61126	2000.0	16	18000.0	0.2058	2.7026	0.1111	3.0195
61108	2000.0	16	18000.0	0.2058	3.0195	0.1111	3.3364
61103	1000.0	16	18000.0	0.1058	3.3364	0.0556	3.4978
61820	1000.0	16	18000.0	0.1058	3.4978	0.0556	3.6592
61134	1000.0	16	18000.0	0.1058	3.6592	0.0556	3.8205999999999998
62258	7000.0	16	18000.0	0.7058	3.8206	0.3889	4.9153
62210	8000.0	16	18000.0	0.8058	4.9153	0.4444	6.1655
60947	1000.0	16	18000.0	0.1058	6.1655	0.0556	6.3269
62226	1000.0	16	18000.0	0.1058	6.3269	0.0556	6.488300000000001
62224	2000.0	16	18000.0	0.2058	6.4883	0.1111	6.8052
61972	2000.0	16	18000.0	0.2058	6.8052	0.1111	7.1221000000000005
61947	1000.0	16	18000.0	0.1058	7.1221	0.0556	7.2835
59786	6000.0	16	18000.0	0.6058	7.2835	0.3333	8.2226
61935	1000.0	16	18000.0	0.1058	8.2226	0.0556	8.384
61991	1000.0	16	18000.0	0.1058	8.384	0.0556	8.5454
62282	8000.0	16	18000.0	0.8058	8.5454	0.4444	9.7956
59565	2000.0	16	18000.0	0.2058	9.7956	0.1111	10.1125
61994	2000.0	16	18000.0	0.2058	10.1125	0.1111	10.429400000000001
58964	2000.0	16	18000.0	0.2058	10.4294	0.1111	10.7463
62047	2000.0	16	18000.0	0.2058	10.7463	0.1111	11.0632
61645	1000.0	16	18000.0	0.1058	11.0632	0.0556	11.2246
61660	1000.0	16	18000.0	0.1058	11.2246	0.0556	11.386000000000001
60562	1000.0	16	18000.0	0.1058	11.386	0.0556	11.5474
60472	2000.0	16	18000.0	0.2058	11.5474	0.1111	11.8643
59197	2000.0	16	18000.0	0.2058	11.8643	0.1111	12.1812
59252	1000.0	16	18000.0	0.1058	12.1812	0.0556	12.342600000000001
60496	1000.0	16	18000.0	0.1058	12.3426	0.0556	12.504
59047	1000.0	16	18000.0	0.1058	12.504	0.0556	12.6654
62577	1000.0	16	18000.0	0.1058	12.6654	0.0556	12.8268
59124	1000.0	16	18000.0	0.1058	12.8268	0.0556	12.9882
59120	1000.0	16	18000.0	0.1058	12.9882	0.0556	13.149600000000001
61688	1000.0	16	18000.0	0.1058	13.1496	0.0556	13.311
59137	2000.0	16	18000.0	0.2058	13.311	0.1111	13.6279
62528	1000.0	16	18000.0	0.1058	13.6279	0.0556	13.7893
62521	7000.0	16	18000.0	0.7058	13.7893	0.3889	14.884
62534	1000.0	16	18000.0	0.1058	14.884	0.0556	15.0454
60760	1000.0	16	18000.0	0.1058	15.0454	0.0556	15.206800000000001
60741	1000.0	16	18000.0	0.1058	15.2068	0.0556	15.3682
61209	1000.0	16	18000.0	0.1058	15.3682	0.0556	15.5296
59349	2000.0	16	18000.0	0.2058	15.5296	0.1111	15.8465
60700	1000.0	16	18000.0	0.1058	15.8465	0.0556	16.0079
59412	2000.0	16	18000.0	0.2058	16.0079	0.1111	16.3248
62313	1000.0	16	18000.0	0.1058	16.3248	0.0556	16.486199999999997
60849	1000.0	16	18000.0	0.1058	16.4862	0.0556	16.647599999999997
61404	1000.0	16	18000.0	0.1058	16.6476	0.0556	16.808999999999997
61416	6000.0	16	18000.0	0.6058	16.809	0.3333	17.7481
60603	2000.0	16	18000.0	0.2058	17.7481	0.1111	18.065
61260	6000.0	16	18000.0	0.6058	18.065	0.3333	19.0041
61230	1000.0	16	18000.0	0.1058	19.0041	0.0556	19.165499999999998
60667	1000.0	16	18000.0	0.1058	19.1655	0.0556	19.3269
60654	1000.0	16	18000.0	0.1058	19.3269	0.0556	19.488299999999995
61328	8000.0	16	18000.0	0.8058	19.4883	0.4444	20.738500000000002
62262	1000.0	16	18000.0	0.1058	20.7385	0.0556	20.899899999999995
62814	1000.0	16	18000.0	0.1058	20.8999	0.0556	21.061299999999996
62872	8000.0	16	18000.0	0.8058	21.0613	0.4444	22.311500000000002
60293	1000.0	16	18000.0	0.1058	22.3115	0.0556	22.472899999999996
60211	1000.0	16	18000.0	0.1058	22.4729	0.0556	22.634299999999996
60218	2000.0	16	18000.0	0.2058	22.6343	0.1111	22.9512
60254	1000.0	16	18000.0	0.1058	22.9512	0.0556	23.112599999999997
60016	1000.0	16	18000.0	0.1058	23.1126	0.0556	23.273999999999997
60003	1000.0	16	18000.0	0.1058	23.274	0.0556	23.435399999999998
62712	2000.0	16	18000.0	0.2058	23.4354	0.1111	23.7523
60411	1000.0	16	18000.0	0.1058	23.7523	0.0556	23.9137
60410	1000.0	16	18000.0	0.1058	23.9137	0.0556	24.075099999999996
60085	1000.0	16	18000.0	0.1058	24.0751	0.0556	24.236499999999996
60068	1000.0	16	18000.0	0.1058	24.2365	0.0556	24.397899999999996
62956	7000.0	16	18000.0	0.7058	24.3979	0.3889	25.4926
60437	1000.0	16	18000.0	0.1058	25.4926	0.0556	25.653999999999996
62992	1000.0	16	18000.0	0.1058	25.654	0.0556	25.815399999999997
63116	2000.0	16	18000.0	0.2058	25.8154	0.1111	26.1323
59910	1000.0	16	18000.0	0.1058	26.1323	0.0556	26.293699999999998
60394	1000.0	16	18000.0	0.1058	26.2937	0.0556	26.455099999999998
60338	2000.0	16	18000.0	0.2058	26.4551	0.1111	26.772000000000002
61884	1000.0	17	24000.0	0.1058	0	0.0417	0.14750000000000002
61807	2000.0	17	24000.0	0.2058	0.1475	0.0833	0.4366
60987	1000.0	17	24000.0	0.1058	0.4366	0.0417	0.5841
61050	2000.0	17	24000.0	0.2058	0.5841	0.0833	0.8732
61894	1000.0	17	24000.0	0.1058	0.8732	0.0417	1.0207
59827	1000.0	17	24000.0	0.1058	1.0207	0.0417	1.1682000000000001
61019	1000.0	17	24000.0	0.1058	1.1682	0.0417	1.3157
61844	1000.0	17	24000.0	0.1058	1.3157	0.0417	1.4632
61882	2000.0	17	24000.0	0.2058	1.4632	0.0833	1.7523
58994	3000.0	17	24000.0	0.3058	1.7523	0.125	2.1831
62618	8000.0	17	24000.0	0.8058	2.1831	0.3333	3.3222
62630	6000.0	17	24000.0	0.6058	3.3222	0.25	4.178
61111	4000.0	17	24000.0	0.4058	4.178	0.1667	4.7505
61110	2000.0	17	24000.0	0.2058	4.7505	0.0833	5.0396
61823	8000.0	17	24000.0	0.8058	5.0396	0.3333	6.1787
62655	2000.0	17	24000.0	0.2058	6.1787	0.0833	6.4678
59654	2000.0	17	24000.0	0.2058	6.4678	0.0833	6.756900000000001
59652	2000.0	17	24000.0	0.2058	6.7569	0.0833	7.046
59649	2000.0	17	24000.0	0.2058	7.046	0.0833	7.335100000000001
60912	1000.0	17	24000.0	0.1058	7.3351	0.0417	7.4826
62141	1000.0	17	24000.0	0.1058	7.4826	0.0417	7.6301
60918	2000.0	17	24000.0	0.2058	7.6301	0.0833	7.9192
62211	8000.0	17	24000.0	0.8058	7.9192	0.3333	9.0583
61968	1000.0	17	24000.0	0.1058	9.0583	0.0417	9.2058
59802	7000.0	17	24000.0	0.7058	9.2058	0.2917	10.2033
59518	1000.0	17	24000.0	0.1058	10.2033	0.0417	10.350800000000001
59516	7000.0	17	24000.0	0.7058	10.3508	0.2917	11.3483
62073	2000.0	17	24000.0	0.2058	11.3483	0.0833	11.6374
59623	1000.0	17	24000.0	0.1058	11.6374	0.0417	11.7849
60476	2000.0	17	24000.0	0.2058	11.7849	0.0833	12.074
61687	9000.0	17	24000.0	0.9058	12.074	0.375	13.3548
61651	2000.0	17	24000.0	0.2058	13.3548	0.0833	13.643899999999999
62597	2000.0	17	24000.0	0.2058	13.6439	0.0833	13.933
60467	2000.0	17	24000.0	0.2058	13.933	0.0833	14.2221
59246	3000.0	17	24000.0	0.3058	14.2221	0.125	14.652899999999999
61573	8000.0	17	24000.0	0.8058	14.6529	0.3333	15.792
61591	2000.0	17	24000.0	0.2058	15.792	0.0833	16.0811
62409	1000.0	17	24000.0	0.1058	16.0811	0.0417	16.228599999999997
62432	1000.0	17	24000.0	0.1058	16.2286	0.0417	16.376099999999997
62428	2000.0	17	24000.0	0.2058	16.3761	0.0833	16.665200000000002
62413	1000.0	17	24000.0	0.1058	16.6652	0.0417	16.812699999999996
61770	9000.0	17	24000.0	0.9058	16.8127	0.375	18.0935
62571	2000.0	17	24000.0	0.2058	18.0935	0.0833	18.3826
62569	1000.0	17	24000.0	0.1058	18.3826	0.0417	18.530099999999997
59082	9000.0	17	24000.0	0.9058	18.5301	0.375	19.8109
62460	1000.0	17	24000.0	0.1058	19.8109	0.0417	19.958399999999997
62457	2000.0	17	24000.0	0.2058	19.9584	0.0833	20.247500000000002
62497	7000.0	17	24000.0	0.7058	20.2475	0.2917	21.244999999999997
60802	6000.0	17	24000.0	0.6058	21.245	0.25	22.1008
60794	10000.0	17	24000.0	1.0058	22.1008	0.4167	23.5233
61203	1000.0	17	24000.0	0.1058	23.5233	0.0417	23.670799999999996
60685	1000.0	17	24000.0	0.1058	23.6708	0.0417	23.818299999999997
60718	2000.0	17	24000.0	0.2058	23.8183	0.0833	24.107400000000002
60905	8000.0	17	24000.0	0.8058	24.1074	0.3333	25.2465
60821	8000.0	17	24000.0	0.8058	25.2465	0.3333	26.385600000000004
61390	1000.0	17	24000.0	0.1058	26.3856	0.0417	26.533099999999997
61397	1000.0	17	24000.0	0.1058	26.5331	0.0417	26.6806
60612	2000.0	17	24000.0	0.2058	26.6806	0.0833	26.9697
60595	1000.0	17	24000.0	0.1058	26.9697	0.0417	27.117199999999997
61474	8000.0	17	24000.0	0.8058	27.1172	0.3333	28.256300000000003
61266	2000.0	17	24000.0	0.2058	28.2563	0.0833	28.5454
61223	2000.0	17	24000.0	0.2058	28.5454	0.0833	28.834500000000002
59327	10000.0	17	24000.0	1.0058	28.8345	0.4167	30.256999999999998
61246	7000.0	17	24000.0	0.7058	30.257	0.2917	31.2545
60648	8000.0	17	24000.0	0.8058	31.2545	0.3333	32.3936
60644	1000.0	17	24000.0	0.1058	32.3936	0.0417	32.5411
59312	3000.0	17	24000.0	0.3058	32.5411	0.125	32.9719
60172	3000.0	17	24000.0	0.3058	32.9719	0.125	33.402699999999996
60205	2000.0	17	24000.0	0.2058	33.4027	0.0833	33.69180000000001
62792	2000.0	17	24000.0	0.2058	33.6918	0.0833	33.980900000000005
60225	8000.0	17	24000.0	0.8058	33.9809	0.3333	35.12
59971	7000.0	17	24000.0	0.7058	35.12	0.2917	36.1175
60403	6000.0	17	24000.0	0.6058	36.1175	0.25	36.9733
62739	1000.0	17	24000.0	0.1058	36.9733	0.0417	37.1208
60094	2000.0	17	24000.0	0.2058	37.1208	0.0833	37.40990000000001
60116	7000.0	17	24000.0	0.7058	37.4099	0.2917	38.4074
60072	1000.0	17	24000.0	0.1058	38.4074	0.0417	38.5549
62948	2000.0	17	24000.0	0.2058	38.5549	0.0833	38.84400000000001
63101	3000.0	17	24000.0	0.3058	38.844	0.125	39.2748
62942	2000.0	17	24000.0	0.2058	39.2748	0.0833	39.563900000000004
62987	7000.0	17	24000.0	0.7058	39.5639	0.2917	40.5614
63089	2000.0	17	24000.0	0.2058	40.5614	0.0833	40.850500000000004
60325	1000.0	17	24000.0	0.1058	40.8505	0.0417	40.998
59865	1000.0	17	24000.0	0.1058	40.998	0.0417	41.1455
61885	1000.0	18	30000.0	0.1058	0	0.0333	0.1391
61875	1000.0	18	30000.0	0.1058	0.1391	0.0333	0.2782
61876	1000.0	18	30000.0	0.1058	0.2782	0.0333	0.4173
61880	8000.0	18	30000.0	0.8058	0.4173	0.2667	1.4898
61861	1000.0	18	30000.0	0.1058	1.4898	0.0333	1.6289000000000002
62622	2000.0	18	30000.0	0.2058	1.6289	0.0667	1.9014
62633	2000.0	18	30000.0	0.2058	1.9014	0.0667	2.1739
62647	1000.0	18	30000.0	0.1058	2.1739	0.0333	2.313
59465	9000.0	18	30000.0	0.9058	2.313	0.3	3.5188
60516	1000.0	18	30000.0	0.1058	3.5188	0.0333	3.6579
61163	2000.0	18	30000.0	0.2058	3.6579	0.0667	3.9304
62656	9000.0	18	30000.0	0.9058	3.9304	0.3	5.1362
62196	1000.0	18	30000.0	0.1058	5.1362	0.0333	5.2753
62173	2000.0	18	30000.0	0.2058	5.2753	0.0667	5.5478
59708	2000.0	18	30000.0	0.2058	5.5478	0.0667	5.8203
62670	1000.0	18	30000.0	0.1058	5.8203	0.0333	5.9594
62242	8000.0	18	30000.0	0.8058	5.9594	0.2667	7.031899999999999
62208	1000.0	18	30000.0	0.1058	7.0319	0.0333	7.171
60956	2000.0	18	30000.0	0.2058	7.171	0.0667	7.4435
60932	2000.0	18	30000.0	0.2058	7.4435	0.0667	7.716
62232	1000.0	18	30000.0	0.1058	7.716	0.0333	7.8551
59781	1000.0	18	30000.0	0.1058	7.8551	0.0333	7.9942
59546	1000.0	18	30000.0	0.1058	7.9942	0.0333	8.1333
61925	2000.0	18	30000.0	0.2058	8.1333	0.0667	8.405800000000001
61909	1000.0	18	30000.0	0.1058	8.4058	0.0333	8.5449
59515	2000.0	18	30000.0	0.2058	8.5449	0.0667	8.817400000000001
59602	8000.0	18	30000.0	0.8058	8.8174	0.2667	9.889899999999999
59736	1000.0	18	30000.0	0.1058	9.8899	0.0333	10.029000000000002
59620	1000.0	18	30000.0	0.1058	10.029	0.0333	10.1681
59763	2000.0	18	30000.0	0.2058	10.1681	0.0667	10.440600000000002
59758	7000.0	18	30000.0	0.7058	10.4406	0.2333	11.3797
62027	2000.0	18	30000.0	0.2058	11.3797	0.0667	11.6522
61649	1000.0	18	30000.0	0.1058	11.6522	0.0333	11.791300000000001
61659	1000.0	18	30000.0	0.1058	11.7913	0.0333	11.9304
59232	2000.0	18	30000.0	0.2058	11.9304	0.0667	12.202900000000001
62355	1000.0	18	30000.0	0.1058	12.2029	0.0333	12.342
59211	1000.0	18	30000.0	0.1058	12.342	0.0333	12.481100000000001
59195	2000.0	18	30000.0	0.2058	12.4811	0.0667	12.7536
61607	1000.0	18	30000.0	0.1058	12.7536	0.0333	12.892700000000001
60587	7000.0	18	30000.0	0.7058	12.8927	0.2333	13.8318
59169	6000.0	18	30000.0	0.6058	13.8318	0.2	14.637599999999999
61579	2000.0	18	30000.0	0.2058	14.6376	0.0667	14.910100000000002
60491	2000.0	18	30000.0	0.2058	14.9101	0.0667	15.1826
59239	2000.0	18	30000.0	0.2058	15.1826	0.0667	15.455100000000002
61732	2000.0	18	30000.0	0.2058	15.4551	0.0667	15.7276
59107	2000.0	18	30000.0	0.2058	15.7276	0.0667	16.0001
61689	1000.0	18	30000.0	0.1058	16.0001	0.0333	16.1392
62456	2000.0	18	30000.0	0.2058	16.1392	0.0667	16.4117
62454	2000.0	18	30000.0	0.2058	16.4117	0.0667	16.6842
60748	2000.0	18	30000.0	0.2058	16.6842	0.0667	16.9567
60725	1000.0	18	30000.0	0.1058	16.9567	0.0333	17.0958
60769	9000.0	18	30000.0	0.9058	17.0958	0.3	18.3016
60723	2000.0	18	30000.0	0.2058	18.3016	0.0667	18.5741
60805	1000.0	18	30000.0	0.1058	18.5741	0.0333	18.7132
61208	8000.0	18	30000.0	0.8058	18.7132	0.2667	19.785700000000002
60678	4000.0	18	30000.0	0.4058	19.7857	0.1333	20.324799999999996
60698	1000.0	18	30000.0	0.1058	20.3248	0.0333	20.4639
62324	1000.0	18	30000.0	0.1058	20.4639	0.0333	20.602999999999998
59422	3000.0	18	30000.0	0.3058	20.603	0.1	21.008800000000004
60892	1000.0	18	30000.0	0.1058	21.0088	0.0333	21.1479
60822	1000.0	18	30000.0	0.1058	21.1479	0.0333	21.287
59451	1000.0	18	30000.0	0.1058	21.287	0.0333	21.426099999999998
61421	1000.0	18	30000.0	0.1058	21.4261	0.0333	21.5652
61395	2000.0	18	30000.0	0.2058	21.5652	0.0667	21.8377
61433	1000.0	18	30000.0	0.1058	21.8377	0.0333	21.9768
61267	1000.0	18	30000.0	0.1058	21.9768	0.0333	22.1159
60182	2000.0	18	30000.0	0.2058	22.1159	0.0667	22.3884
60194	1000.0	18	30000.0	0.1058	22.3884	0.0333	22.5275
62803	1000.0	18	30000.0	0.1058	22.5275	0.0333	22.6666
63054	2000.0	18	30000.0	0.2058	22.6666	0.0667	22.9391
60153	1000.0	18	30000.0	0.1058	22.9391	0.0333	23.0782
60253	1000.0	18	30000.0	0.1058	23.0782	0.0333	23.217299999999998
62834	1000.0	18	30000.0	0.1058	23.2173	0.0333	23.3564
60248	1000.0	18	30000.0	0.1058	23.3564	0.0333	23.4955
59881	8000.0	18	30000.0	0.8058	23.4955	0.2667	24.568
62732	2000.0	18	30000.0	0.2058	24.568	0.0667	24.840500000000002
62703	9000.0	18	30000.0	0.9058	24.8405	0.3	26.0463
60119	2000.0	18	30000.0	0.2058	26.0463	0.0667	26.3188
60061	1000.0	18	30000.0	0.1058	26.3188	0.0333	26.4579
63095	1000.0	18	30000.0	0.1058	26.4579	0.0333	26.596999999999998
60355	1000.0	18	30000.0	0.1058	26.597	0.0333	26.7361
59852	1000.0	18	30000.0	0.1058	26.7361	0.0333	26.8752
63087	1000.0	18	30000.0	0.1058	26.8752	0.0333	27.0143
59899	2000.0	18	30000.0	0.2058	27.0143	0.0667	27.2868
60436	2000.0	18	30000.0	0.2058	27.2868	0.0667	27.5593
62993	2000.0	18	30000.0	0.2058	27.5593	0.0667	27.8318
63109	8000.0	18	30000.0	0.8058	27.8318	0.2667	28.904300000000003
60376	2000.0	18	30000.0	0.2058	28.9043	0.0667	29.1768
60455	1000.0	18	30000.0	0.1058	29.1768	0.0333	29.3159
60391	1000.0	18	30000.0	0.1058	29.3159	0.0333	29.455
63035	2000.0	18	30000.0	0.2058	29.455	0.0667	29.7275
63034	2000.0	18	30000.0	0.2058	29.7275	0.0667	30.0
59861	1000.0	18	30000.0	0.1058	30.0	0.0333	30.1391
63142	2000.0	18	30000.0	0.2058	30.1391	0.0667	30.4116
61883	1000.0	19	30000.0	0.1058	0	0.0333	0.1391
61805	2000.0	19	30000.0	0.2058	0.1391	0.0667	0.41159999999999997
59036	1000.0	19	30000.0	0.1058	0.4116	0.0333	0.5507000000000001
59818	8000.0	19	30000.0	0.8058	0.5507	0.2667	1.6232
61845	2000.0	19	30000.0	0.2058	1.6232	0.0667	1.8957
59478	1000.0	19	30000.0	0.1058	1.8957	0.0333	2.0348
59489	1000.0	19	30000.0	0.1058	2.0348	0.0333	2.1739
59009	1000.0	19	30000.0	0.1058	2.1739	0.0333	2.313
61102	2000.0	19	30000.0	0.2058	2.313	0.0667	2.5855
61092	2000.0	19	30000.0	0.2058	2.5855	0.0667	2.858
61068	2000.0	19	30000.0	0.2058	2.858	0.0667	3.1305
61139	1000.0	19	30000.0	0.1058	3.1305	0.0333	3.2696
62186	2000.0	19	30000.0	0.2058	3.2696	0.0667	3.5421
60979	1000.0	19	30000.0	0.1058	3.5421	0.0333	3.6812
62135	1000.0	19	30000.0	0.1058	3.6812	0.0333	3.8203
62149	2000.0	19	30000.0	0.2058	3.8203	0.0667	4.0928
62147	7000.0	19	30000.0	0.7058	4.0928	0.2333	5.0319
59676	2000.0	19	30000.0	0.2058	5.0319	0.0667	5.3044
62682	2000.0	19	30000.0	0.2058	5.3044	0.0667	5.5769
60926	1000.0	19	30000.0	0.1058	5.5769	0.0333	5.716
62128	1000.0	19	30000.0	0.1058	5.716	0.0333	5.8551
61960	2000.0	19	30000.0	0.2058	5.8551	0.0667	6.1276
59038	2000.0	19	30000.0	0.2058	6.1276	0.0667	6.4001
59522	1000.0	19	30000.0	0.1058	6.4001	0.0333	6.5392
61949	1000.0	19	30000.0	0.1058	6.5392	0.0333	6.6783
62278	1000.0	19	30000.0	0.1058	6.6783	0.0333	6.8174
61670	2000.0	19	30000.0	0.2058	6.8174	0.0667	7.0899
61638	2000.0	19	30000.0	0.2058	7.0899	0.0667	7.3624
59198	1000.0	19	30000.0	0.1058	7.3624	0.0333	7.5015
61544	8000.0	19	30000.0	0.8058	7.5015	0.2667	8.574
59255	7000.0	19	30000.0	0.7058	8.574	0.2333	9.5131
61597	2000.0	19	30000.0	0.2058	9.5131	0.0667	9.7856
62406	2000.0	19	30000.0	0.2058	9.7856	0.0667	10.058100000000001
61751	1000.0	19	30000.0	0.1058	10.0581	0.0333	10.1972
59055	1000.0	19	30000.0	0.1058	10.1972	0.0333	10.336300000000001
60463	2000.0	19	30000.0	0.2058	10.3363	0.0667	10.6088
61491	2000.0	19	30000.0	0.2058	10.6088	0.0667	10.881300000000001
59117	2000.0	19	30000.0	0.2058	10.8813	0.0667	11.1538
62490	1000.0	19	30000.0	0.1058	11.1538	0.0333	11.292900000000001
59367	2000.0	19	30000.0	0.2058	11.2929	0.0667	11.5654
60797	1000.0	19	30000.0	0.1058	11.5654	0.0333	11.704500000000001
60777	1000.0	19	30000.0	0.1058	11.7045	0.0333	11.8436
60772	1000.0	19	30000.0	0.1058	11.8436	0.0333	11.982700000000001
61199	1000.0	19	30000.0	0.1058	11.9827	0.0333	12.1218
60679	1000.0	19	30000.0	0.1058	12.1218	0.0333	12.260900000000001
60694	1000.0	19	30000.0	0.1058	12.2609	0.0333	12.4
59401	1000.0	19	30000.0	0.1058	12.4	0.0333	12.539100000000001
59041	2000.0	19	30000.0	0.2058	12.5391	0.0667	12.8116
61411	8000.0	19	30000.0	0.8058	12.8116	0.2667	13.8841
59293	9000.0	19	30000.0	0.9058	13.8841	0.3	15.0899
61392	1000.0	19	30000.0	0.1058	15.0899	0.0333	15.229000000000001
61468	8000.0	19	30000.0	0.8058	15.229	0.2667	16.3015
60631	2000.0	19	30000.0	0.2058	16.3015	0.0667	16.574
61264	2000.0	19	30000.0	0.2058	16.574	0.0667	16.846500000000002
61283	2000.0	19	30000.0	0.2058	16.8465	0.0667	17.119
60643	1000.0	19	30000.0	0.1058	17.119	0.0333	17.2581
61352	2000.0	19	30000.0	0.2058	17.2581	0.0667	17.5306
59304	1000.0	19	30000.0	0.1058	17.5306	0.0333	17.6697
62334	7000.0	19	30000.0	0.7058	17.6697	0.2333	18.6088
60187	1000.0	19	30000.0	0.1058	18.6088	0.0333	18.747899999999998
60195	2000.0	19	30000.0	0.2058	18.7479	0.0667	19.020400000000002
62830	8000.0	19	30000.0	0.8058	19.0204	0.2667	20.0929
63069	2000.0	19	30000.0	0.2058	20.0929	0.0667	20.3654
62763	1000.0	19	30000.0	0.1058	20.3654	0.0333	20.5045
62860	1000.0	19	30000.0	0.1058	20.5045	0.0333	20.6436
60258	1000.0	19	30000.0	0.1058	20.6436	0.0333	20.7827
60280	2000.0	19	30000.0	0.2058	20.7827	0.0667	21.0552
60238	1000.0	19	30000.0	0.1058	21.0552	0.0333	21.1943
62752	1000.0	19	30000.0	0.1058	21.1943	0.0333	21.333399999999997
59996	3000.0	19	30000.0	0.3058	21.3334	0.1	21.739200000000004
59888	1000.0	19	30000.0	0.1058	21.7392	0.0333	21.8783
62725	1000.0	19	30000.0	0.1058	21.8783	0.0333	22.0174
60417	6000.0	19	30000.0	0.6058	22.0174	0.2	22.823199999999996
60092	1000.0	19	30000.0	0.1058	22.8232	0.0333	22.9623
60104	6000.0	19	30000.0	0.6058	22.9623	0.2	23.768099999999997
60115	2000.0	19	30000.0	0.2058	23.7681	0.0667	24.0406
60058	2000.0	19	30000.0	0.2058	24.0406	0.0667	24.313100000000002
60066	1000.0	19	30000.0	0.1058	24.3131	0.0333	24.452199999999998
60063	1000.0	19	30000.0	0.1058	24.4522	0.0333	24.5913
62952	1000.0	19	30000.0	0.1058	24.5913	0.0333	24.7304
62929	2000.0	19	30000.0	0.2058	24.7304	0.0667	25.0029
63018	1000.0	19	30000.0	0.1058	25.0029	0.0333	25.142
59902	2000.0	19	30000.0	0.2058	25.142	0.0667	25.4145
62943	1000.0	19	30000.0	0.1058	25.4145	0.0333	25.5536
59921	1000.0	19	30000.0	0.1058	25.5536	0.0333	25.6927
60372	1000.0	19	30000.0	0.1058	25.6927	0.0333	25.831799999999998
63128	2000.0	19	30000.0	0.2058	25.8318	0.0667	26.104300000000002
62963	7000.0	19	30000.0	0.7058	26.1043	0.2333	27.0434
63143	2000.0	19	30000.0	0.2058	27.0434	0.0667	27.3159
62918	2000.0	19	30000.0	0.2058	27.3159	0.0667	27.5884
