1844156	3000.0	0	500.0	0.3	0	6.0	6.3
1770829	5000.0	0	500.0	0.5	6.3	10.0	16.8
1717182	8000.0	0	500.0	0.8	16.8	16.0	33.6
1669463	10000.0	0	500.0	1.0	33.6	20.0	54.6
1717143	3000.0	0	500.0	0.3	54.6	6.0	60.9
1784123	7000.0	0	500.0	0.7	60.9	14.0	75.6
1824919	7000.0	0	500.0	0.7	75.6	14.0	90.3
1800030	3000.0	0	500.0	0.3	90.3	6.0	96.6
1783325	2000.0	0	500.0	0.2	96.6	4.0	100.8
1687090	3000.0	0	500.0	0.3	100.8	6.0	107.1
1842546	1000.0	0	500.0	0.1	107.1	2.0	109.19999999999999
1806678	5000.0	0	500.0	0.5	109.2	10.0	119.7
1740369	9000.0	0	500.0	0.9	119.7	18.0	138.60000000000002
1821012	3000.0	0	500.0	0.3	138.6	6.0	144.9
1807719	20000.0	0	500.0	2.0	144.9	40.0	186.9
1642426	11000.0	0	500.0	1.1	186.9	22.0	210.0
1769485	4000.0	0	500.0	0.4	210.0	8.0	218.4
1662881	7000.0	0	500.0	0.7	218.4	14.0	233.1
1639124	4000.0	0	500.0	0.4	233.1	8.0	241.5
1643875	4000.0	0	500.0	0.4	241.5	8.0	249.9
1650130	3000.0	0	500.0	0.3	249.9	6.0	256.20000000000005
1696818	6000.0	0	500.0	0.6	256.2	12.0	268.8
1796036	8000.0	0	500.0	0.8	268.8	16.0	285.6
1713326	3000.0	0	500.0	0.3	285.6	6.0	291.90000000000003
1655175	10000.0	0	500.0	1.0	291.9	20.0	312.9
1652165	4000.0	0	500.0	0.4	312.9	8.0	321.29999999999995
1738187	3000.0	0	500.0	0.3	321.3	6.0	327.6
1850834	7000.0	1	500.0	0.7	0	14.0	14.7
1700721	4000.0	1	500.0	0.4	14.7	8.0	23.1
1716875	10000.0	1	500.0	1.0	23.1	20.0	44.1
1831171	2000.0	1	500.0	0.2	44.1	4.0	48.300000000000004
1839643	4000.0	1	500.0	0.4	48.3	8.0	56.699999999999996
1648430	3000.0	1	500.0	0.3	56.7	6.0	63.0
1775827	4000.0	1	500.0	0.4	63.0	8.0	71.4
1791012	2000.0	1	500.0	0.2	71.4	4.0	75.60000000000001
1679507	8000.0	1	500.0	0.8	75.6	16.0	92.39999999999999
1834492	4000.0	1	500.0	0.4	92.4	8.0	100.80000000000001
1790217	3000.0	1	500.0	0.3	100.8	6.0	107.1
1797458	3000.0	1	500.0	0.3	107.1	6.0	113.39999999999999
1645223	3000.0	1	500.0	0.3	113.4	6.0	119.7
1828016	8000.0	1	500.0	0.8	119.7	16.0	136.5
1696997	6000.0	1	500.0	0.6	136.5	12.0	149.1
1662708	1000.0	1	500.0	0.1	149.1	2.0	151.2
1735370	3000.0	1	500.0	0.3	151.2	6.0	157.5
1814300	4000.0	1	500.0	0.4	157.5	8.0	165.9
1750542	2000.0	1	500.0	0.2	165.9	4.0	170.1
1701583	4000.0	1	500.0	0.4	170.1	8.0	178.5
1824220	6000.0	1	500.0	0.6	178.5	12.0	191.1
1643075	8000.0	1	500.0	0.8	191.1	16.0	207.9
1789094	9000.0	1	500.0	0.9	207.9	18.0	226.8
1809354	4000.0	1	500.0	0.4	226.8	8.0	235.20000000000002
1766438	4000.0	1	500.0	0.4	235.2	8.0	243.6
1642206	9000.0	1	500.0	0.9	243.6	18.0	262.5
1720461	10000.0	1	500.0	1.0	262.5	20.0	283.5
1670921	8000.0	1	500.0	0.8	283.5	16.0	300.3
1723049	3000.0	1	500.0	0.3	300.3	6.0	306.6
1702314	4000.0	1	500.0	0.4	306.6	8.0	315.0
1830574	5000.0	1	500.0	0.5	315.0	10.0	325.5
1649928	3000.0	1	500.0	0.3	325.5	6.0	331.8
1689808	4000.0	1	500.0	0.4	331.8	8.0	340.2
1695774	3000.0	1	500.0	0.3	340.2	6.0	346.5
1843146	4000.0	1	500.0	0.4	346.5	8.0	354.9
1665467	5000.0	1	500.0	0.5	354.9	10.0	365.4
1765830	9000.0	1	500.0	0.9	365.4	18.0	384.29999999999995
1813289	8000.0	1	500.0	0.8	384.3	16.0	401.1
1804776	4000.0	1	500.0	0.4	401.1	8.0	409.5
1745225	2000.0	1	500.0	0.2	409.5	4.0	413.7
1739749	4000.0	1	500.0	0.4	413.7	8.0	422.09999999999997
1830142	3000.0	2	1000.0	0.3	0	3.0	3.3
1830629	4000.0	2	1000.0	0.4	3.3	4.0	7.699999999999999
1692763	9000.0	2	1000.0	0.9	7.7	9.0	17.6
1686111	4000.0	2	1000.0	0.4	17.6	4.0	22.0
1783281	7000.0	2	1000.0	0.7	22.0	7.0	29.7
1771443	7000.0	2	1000.0	0.7	29.7	7.0	37.4
1810474	3000.0	2	1000.0	0.3	37.4	3.0	40.699999999999996
1810522	3000.0	2	1000.0	0.3	40.7	3.0	44.0
1672634	6000.0	2	1000.0	0.6	44.0	6.0	50.6
1731487	3000.0	2	1000.0	0.3	50.6	3.0	53.9
1665066	4000.0	2	1000.0	0.4	53.9	4.0	58.3
1769488	7000.0	2	1000.0	0.7	58.3	7.0	66.0
1650012	9000.0	2	1000.0	0.9	66.0	9.0	75.9
1735293	4000.0	2	1000.0	0.4	75.9	4.0	80.30000000000001
1703522	5000.0	2	1000.0	0.5	80.3	5.0	85.8
1775113	8000.0	2	1000.0	0.8	85.8	8.0	94.6
1717325	9000.0	2	1000.0	0.9	94.6	9.0	104.5
1836412	4000.0	2	1000.0	0.4	104.5	4.0	108.9
1842698	2000.0	2	1000.0	0.2	108.9	2.0	111.10000000000001
1757560	6000.0	2	1000.0	0.6	111.1	6.0	117.69999999999999
1734056	4000.0	2	1000.0	0.4	117.7	4.0	122.10000000000001
1761820	3000.0	2	1000.0	0.3	122.1	3.0	125.39999999999999
1722474	3000.0	2	1000.0	0.3	125.4	3.0	128.7
1822436	1000.0	2	1000.0	0.1	128.7	1.0	129.79999999999998
1713696	5000.0	2	1000.0	0.5	129.8	5.0	135.3
1662213	5000.0	2	1000.0	0.5	135.3	5.0	140.8
1691879	3000.0	2	1000.0	0.3	140.8	3.0	144.10000000000002
1807424	4000.0	3	1000.0	0.4	0	4.0	4.4
1685842	6000.0	3	1000.0	0.6	4.4	6.0	11.0
1670982	2000.0	3	1000.0	0.2	11.0	2.0	13.2
1754771	24000.0	3	1000.0	2.4	13.2	24.0	39.6
1655568	10000.0	3	1000.0	1.0	39.6	10.0	50.6
1656176	4000.0	3	1000.0	0.4	50.6	4.0	55.0
1791421	7000.0	3	1000.0	0.7	55.0	7.0	62.7
1826294	14000.0	3	1000.0	1.4	62.7	14.0	78.10000000000001
1764681	4000.0	3	1000.0	0.4	78.1	4.0	82.5
1748856	3000.0	3	1000.0	0.3	82.5	3.0	85.8
1680153	4000.0	3	1000.0	0.4	85.8	4.0	90.2
1775859	4000.0	3	1000.0	0.4	90.2	4.0	94.60000000000001
1745431	9000.0	3	1000.0	0.9	94.6	9.0	104.5
1667689	6000.0	3	1000.0	0.6	104.5	6.0	111.1
1792747	2000.0	3	1000.0	0.2	111.1	2.0	113.3
1728361	9000.0	3	1000.0	0.9	113.3	9.0	123.2
1849970	4000.0	3	1000.0	0.4	123.2	4.0	127.60000000000001
1828155	2000.0	3	1000.0	0.2	127.6	2.0	129.8
1648758	6000.0	3	1000.0	0.6	129.8	6.0	136.4
1670726	3000.0	3	1000.0	0.3	136.4	3.0	139.70000000000002
1637199	3000.0	3	1000.0	0.3	139.7	3.0	143.0
1769471	4000.0	3	1000.0	0.4	143.0	4.0	147.4
1789176	5000.0	3	1000.0	0.5	147.4	5.0	152.9
1779248	4000.0	3	1000.0	0.4	152.9	4.0	157.3
1710655	10000.0	3	1000.0	1.0	157.3	10.0	168.3
1667050	3000.0	3	1000.0	0.3	168.3	3.0	171.60000000000002
1779076	1000.0	3	1000.0	0.1	171.6	1.0	172.7
1850729	4000.0	3	1000.0	0.4	172.7	4.0	177.1
1668030	3000.0	4	4000.0	0.3038	0	0.75	1.0538
1742886	3000.0	4	4000.0	0.3038	1.0538	0.75	2.1076
1849051	7000.0	4	4000.0	0.7038	2.1076	1.75	4.5614
1698593	5000.0	4	4000.0	0.5038	4.5614	1.25	6.3152
1724270	2000.0	4	4000.0	0.2038	6.3152	0.5	7.019
1699437	4000.0	4	4000.0	0.4038	7.019	1.0	8.4228
1775763	2000.0	4	4000.0	0.2038	8.4228	0.5	9.1266
1775934	11000.0	4	4000.0	1.1038	9.1266	2.75	12.9804
1716460	5000.0	4	4000.0	0.5038	12.9804	1.25	14.7342
1710089	10000.0	4	4000.0	1.0038	14.7342	2.5	18.238
1672012	9000.0	4	4000.0	0.9038	18.238	2.25	21.3918
1845865	5000.0	4	4000.0	0.5038	21.3918	1.25	23.1456
1828591	7000.0	4	4000.0	0.7038	23.1456	1.75	25.599400000000003
1823427	7000.0	4	4000.0	0.7038	25.5994	1.75	28.0532
1668156	9000.0	4	4000.0	0.9038	28.0532	2.25	31.207
1754391	4000.0	4	4000.0	0.4038	31.207	1.0	32.6108
1677649	5000.0	4	4000.0	0.5038	32.6108	1.25	34.364599999999996
1705982	4000.0	4	4000.0	0.4038	34.3646	1.0	35.7684
1779201	9000.0	4	4000.0	0.9038	35.7684	2.25	38.9222
1788478	8000.0	4	4000.0	0.8038	38.9222	2.0	41.726
1673666	5000.0	4	4000.0	0.5038	41.726	1.25	43.4798
1742440	5000.0	4	4000.0	0.5038	43.4798	1.25	45.233599999999996
1697925	3000.0	4	4000.0	0.3038	45.2336	0.75	46.287400000000005
1675840	3000.0	4	4000.0	0.3038	46.2874	0.75	47.3412
1763130	10000.0	4	4000.0	1.0038	47.3412	2.5	50.845
1661584	5000.0	4	4000.0	0.5038	50.845	1.25	52.5988
1787359	3000.0	4	4000.0	0.3038	52.5988	0.75	53.6526
1802788	3000.0	4	4000.0	0.3038	53.6526	0.75	54.7064
1718376	8000.0	4	4000.0	0.8038	54.7064	2.0	57.510200000000005
1709481	8000.0	4	4000.0	0.8038	57.5102	2.0	60.314
1789685	5000.0	5	4000.0	0.5038	0	1.25	1.7538
1801273	6000.0	5	4000.0	0.6038	1.7538	1.5	3.8576
1843988	3000.0	5	4000.0	0.3038	3.8576	0.75	4.9114
1658015	11000.0	5	4000.0	1.1038	4.9114	2.75	8.7652
1784046	3000.0	5	4000.0	0.3038	8.7652	0.75	9.819
1772530	5000.0	5	4000.0	0.5038	9.819	1.25	11.5728
1744984	2000.0	5	4000.0	0.2038	11.5728	0.5	12.2766
1775901	2000.0	5	4000.0	0.2038	12.2766	0.5	12.9804
1674942	9000.0	5	4000.0	0.9038	12.9804	2.25	16.1342
1785565	4000.0	5	4000.0	0.4038	16.1342	1.0	17.538
1733692	13000.0	5	4000.0	1.3038	17.538	3.25	22.0918
1774548	5000.0	5	4000.0	0.5038	22.0918	1.25	23.845599999999997
1641725	2000.0	5	4000.0	0.2038	23.8456	0.5	24.549400000000002
1732130	9000.0	5	4000.0	0.9038	24.5494	2.25	27.7032
1650815	3000.0	5	4000.0	0.3038	27.7032	0.75	28.756999999999998
1739439	6000.0	5	4000.0	0.6038	28.757	1.5	30.8608
1700063	2000.0	5	4000.0	0.2038	30.8608	0.5	31.564600000000002
1668401	5000.0	5	4000.0	0.5038	31.5646	1.25	33.3184
1697323	3000.0	5	4000.0	0.3038	33.3184	0.75	34.3722
1787873	11000.0	5	4000.0	1.1038	34.3722	2.75	38.226
1662938	9000.0	5	4000.0	0.9038	38.226	2.25	41.379799999999996
1727501	8000.0	5	4000.0	0.8038	41.3798	2.0	44.183600000000006
1719999	4000.0	5	4000.0	0.4038	44.1836	1.0	45.587399999999995
1750389	9000.0	5	4000.0	0.9038	45.5874	2.25	48.7412
1677243	11000.0	5	4000.0	1.1038	48.7412	2.75	52.595
1828828	8000.0	5	4000.0	0.8038	52.595	2.0	55.3988
1847477	8000.0	5	4000.0	0.8038	55.3988	2.0	58.202600000000004
1754137	11000.0	5	4000.0	1.1038	58.2026	2.75	62.0564
1642260	4000.0	5	4000.0	0.4038	62.0564	1.0	63.46019999999999
1758465	10000.0	5	4000.0	1.0038	63.4602	2.5	66.964
1738031	3000.0	5	4000.0	0.3038	66.964	0.75	68.0178
1655123	3000.0	6	5000.0	0.3038	0	0.6	0.9037999999999999
1711510	5000.0	6	5000.0	0.5038	0.9038	1.0	2.4076
1668221	4000.0	6	5000.0	0.4038	2.4076	0.8	3.6113999999999997
1651151	8000.0	6	5000.0	0.8038	3.6114	1.6	6.0152
1710003	11000.0	6	5000.0	1.1038	6.0152	2.2	9.318999999999999
1657909	7000.0	6	5000.0	0.7038	9.319	1.4	11.4228
1764895	10000.0	6	5000.0	1.0038	11.4228	2.0	14.4266
1657648	6000.0	6	5000.0	0.6038	14.4266	1.2	16.2304
1655510	19000.0	6	5000.0	1.9038	16.2304	3.8	21.9342
1658927	7000.0	6	5000.0	0.7038	21.9342	1.4	24.038
1723251	8000.0	6	5000.0	0.8038	24.038	1.6	26.4418
1785319	4000.0	6	5000.0	0.4038	26.4418	0.8	27.6456
1782103	10000.0	6	5000.0	1.0038	27.6456	2.0	30.6494
1668516	4000.0	6	5000.0	0.4038	30.6494	0.8	31.8532
1717543	5000.0	6	5000.0	0.5038	31.8532	1.0	33.357
1725145	3000.0	6	5000.0	0.3038	33.357	0.6	34.2608
1826018	7000.0	6	5000.0	0.7038	34.2608	1.4	36.3646
1714928	2000.0	6	5000.0	0.2038	36.3646	0.4	36.9684
1657335	3000.0	6	5000.0	0.3038	36.9684	0.6	37.87220000000001
1846297	6000.0	6	5000.0	0.6038	37.8722	1.2	39.676
1755814	12000.0	6	5000.0	1.2038	39.676	2.4	43.2798
1738536	11000.0	6	5000.0	1.1038	43.2798	2.2	46.583600000000004
1795207	3000.0	6	5000.0	0.3038	46.5836	0.6	47.4874
1770231	4000.0	6	5000.0	0.4038	47.4874	0.8	48.691199999999995
1647488	7000.0	6	5000.0	0.7038	48.6912	1.4	50.795
1714384	3000.0	6	5000.0	0.3038	50.795	0.6	51.698800000000006
1828122	2000.0	6	5000.0	0.2038	51.6988	0.4	52.3026
1642207	9000.0	6	5000.0	0.9038	52.3026	1.8	55.00639999999999
1826794	7000.0	6	5000.0	0.7038	55.0064	1.4	57.1102
1820085	3000.0	6	5000.0	0.3038	57.1102	0.6	58.014
1755093	8000.0	6	5000.0	0.8038	58.014	1.6	60.41780000000001
1685047	7000.0	6	5000.0	0.7038	60.4178	1.4	62.5216
1754390	5000.0	6	5000.0	0.5038	62.5216	1.0	64.02539999999999
1735749	3000.0	6	5000.0	0.3038	64.0254	0.6	64.9292
1793646	23000.0	6	5000.0	2.3038	64.9292	4.6	71.83299999999998
1763571	8000.0	6	5000.0	0.8038	71.833	1.6	74.23679999999999
1781113	3000.0	6	5000.0	0.3038	74.2368	0.6	75.14059999999999
1682119	12000.0	6	5000.0	1.2038	75.1406	2.4	78.74440000000001
1844864	8000.0	6	5000.0	0.8038	78.7444	1.6	81.14819999999999
1725352	3000.0	6	5000.0	0.3038	81.1482	0.6	82.05199999999999
1645019	4000.0	6	5000.0	0.4038	82.052	0.8	83.25580000000001
1658255	2000.0	6	5000.0	0.2038	83.2558	0.4	83.8596
1794402	3000.0	6	5000.0	0.3038	83.8596	0.6	84.76339999999999
1695553	8000.0	6	5000.0	0.8038	84.7634	1.6	87.1672
1835809	6000.0	7	5000.0	0.6038	0	1.2	1.8037999999999998
1786352	2000.0	7	5000.0	0.2038	1.8038	0.4	2.4076
1685722	4000.0	7	5000.0	0.4038	2.4076	0.8	3.6113999999999997
1675453	3000.0	7	5000.0	0.3038	3.6114	0.6	4.5152
1781957	5000.0	7	5000.0	0.5038	4.5152	1.0	6.019
1671289	3000.0	7	5000.0	0.3038	6.019	0.6	6.9228
1793073	8000.0	7	5000.0	0.8038	6.9228	1.6	9.3266
1725672	4000.0	7	5000.0	0.4038	9.3266	0.8	10.5304
1736046	3000.0	7	5000.0	0.3038	10.5304	0.6	11.4342
1812064	5000.0	7	5000.0	0.5038	11.4342	1.0	12.938
1680347	5000.0	7	5000.0	0.5038	12.938	1.0	14.4418
1701880	4000.0	7	5000.0	0.4038	14.4418	0.8	15.645600000000002
1822179	3000.0	7	5000.0	0.3038	15.6456	0.6	16.549400000000002
1679993	3000.0	7	5000.0	0.3038	16.5494	0.6	17.4532
1668247	9000.0	7	5000.0	0.9038	17.4532	1.8	20.157
1843496	3000.0	7	5000.0	0.3038	20.157	0.6	21.0608
1730091	5000.0	7	5000.0	0.5038	21.0608	1.0	22.5646
1637942	5000.0	7	5000.0	0.5038	22.5646	1.0	24.068399999999997
1848480	10000.0	7	5000.0	1.0038	24.0684	2.0	27.072200000000002
1836137	4000.0	7	5000.0	0.4038	27.0722	0.8	28.276
1738596	11000.0	7	5000.0	1.1038	28.276	2.2	31.5798
1804738	5000.0	7	5000.0	0.5038	31.5798	1.0	33.0836
1828746	9000.0	7	5000.0	0.9038	33.0836	1.8	35.78739999999999
1840349	25000.0	7	5000.0	2.5038	35.7874	5.0	43.291199999999996
1676887	2000.0	7	5000.0	0.2038	43.2912	0.4	43.895
1712660	7000.0	7	5000.0	0.7038	43.895	1.4	45.9988
1724535	5000.0	7	5000.0	0.5038	45.9988	1.0	47.5026
1786694	4000.0	7	5000.0	0.4038	47.5026	0.8	48.706399999999995
1764497	7000.0	7	5000.0	0.7038	48.7064	1.4	50.8102
1798303	3000.0	7	5000.0	0.3038	50.8102	0.6	51.714000000000006
1767326	5000.0	7	5000.0	0.5038	51.714	1.0	53.2178
1725374	6000.0	7	5000.0	0.6038	53.2178	1.2	55.0216
1706627	3000.0	8	5000.0	0.3067	0	0.6	0.9067
1816145	1000.0	8	5000.0	0.1067	0.9067	0.2	1.2133999999999998
1711997	6000.0	8	5000.0	0.6067	1.2134	1.2	3.0201000000000002
1785900	7000.0	8	5000.0	0.7067	3.0201	1.4	5.126799999999999
1827563	4000.0	8	5000.0	0.4067	5.1268	0.8	6.3335
1764666	3000.0	8	5000.0	0.3067	6.3335	0.6	7.2402
1740812	10000.0	8	5000.0	1.0067	7.2402	2.0	10.2469
1815591	2000.0	8	5000.0	0.2067	10.2469	0.4	10.8536
1761592	3000.0	8	5000.0	0.3067	10.8536	0.6	11.760299999999999
1666414	9000.0	8	5000.0	0.9067	11.7603	1.8	14.467000000000002
1648344	5000.0	8	5000.0	0.5067	14.467	1.0	15.973700000000001
1744331	7000.0	8	5000.0	0.7067	15.9737	1.4	18.080399999999997
1850214	4000.0	8	5000.0	0.4067	18.0804	0.8	19.287100000000002
1673980	7000.0	8	5000.0	0.7067	19.2871	1.4	21.3938
1713407	3000.0	8	5000.0	0.3067	21.3938	0.6	22.3005
1799099	5000.0	8	5000.0	0.5067	22.3005	1.0	23.807199999999998
1765027	22000.0	8	5000.0	2.2067	23.8072	4.4	30.413900000000005
1839395	5000.0	8	5000.0	0.5067	30.4139	1.0	31.9206
1802989	4000.0	8	5000.0	0.4067	31.9206	0.8	33.1273
1761793	4000.0	8	5000.0	0.4067	33.1273	0.8	34.333999999999996
1670296	6000.0	8	5000.0	0.6067	34.334	1.2	36.14070000000001
1762270	3000.0	8	5000.0	0.3067	36.1407	0.6	37.0474
1669031	3000.0	8	5000.0	0.3067	37.0474	0.6	37.954100000000004
1773646	3000.0	8	5000.0	0.3067	37.9541	0.6	38.8608
1845550	9000.0	8	5000.0	0.9067	38.8608	1.8	41.567499999999995
1803997	7000.0	8	5000.0	0.7067	41.5675	1.4	43.6742
1701458	7000.0	8	5000.0	0.7067	43.6742	1.4	45.780899999999995
1677113	7000.0	8	5000.0	0.7067	45.7809	1.4	47.8876
1709278	10000.0	8	5000.0	1.0067	47.8876	2.0	50.8943
1754274	3000.0	8	5000.0	0.3067	50.8943	0.6	51.801
1762845	5000.0	8	5000.0	0.5067	51.801	1.0	53.307700000000004
1703106	3000.0	8	5000.0	0.3067	53.3077	0.6	54.2144
1703862	12000.0	8	5000.0	1.2067	54.2144	2.4	57.821099999999994
1807573	10000.0	8	5000.0	1.0067	57.8211	2.0	60.8278
1684729	12000.0	8	5000.0	1.2067	60.8278	2.4	64.4345
1697720	12000.0	8	5000.0	1.2067	64.4345	2.4	68.0412
1688698	7000.0	9	6000.0	0.7067	0	1.1667	1.8734000000000002
1692625	11000.0	9	6000.0	1.1067	1.8734	1.8333	4.8134
1840178	10000.0	9	6000.0	1.0067	4.8134	1.6667	7.486800000000001
1730553	5000.0	9	6000.0	0.5067	7.4868	0.8333	8.8268
1812527	2000.0	9	6000.0	0.2067	8.8268	0.3333	9.3668
1783979	8000.0	9	6000.0	0.8067	9.3668	1.3333	11.506799999999998
1741044	4000.0	9	6000.0	0.4067	11.5068	0.6667	12.580200000000001
1800447	3000.0	9	6000.0	0.3067	12.5802	0.5	13.386899999999999
1660597	8000.0	9	6000.0	0.8067	13.3869	1.3333	15.5269
1748823	8000.0	9	6000.0	0.8067	15.5269	1.3333	17.666900000000002
1767818	8000.0	9	6000.0	0.8067	17.6669	1.3333	19.8069
1741203	3000.0	9	6000.0	0.3067	19.8069	0.5	20.613599999999998
1834366	5000.0	9	6000.0	0.5067	20.6136	0.8333	21.9536
1815127	8000.0	9	6000.0	0.8067	21.9536	1.3333	24.093600000000002
1656307	5000.0	9	6000.0	0.5067	24.0936	0.8333	25.4336
1701206	5000.0	9	6000.0	0.5067	25.4336	0.8333	26.7736
1835124	3000.0	9	6000.0	0.3067	26.7736	0.5	27.580299999999998
1676470	2000.0	9	6000.0	0.2067	27.5803	0.3333	28.120300000000004
1727741	8000.0	9	6000.0	0.8067	28.1203	1.3333	30.2603
1683038	8000.0	9	6000.0	0.8067	30.2603	1.3333	32.4003
1683333	9000.0	9	6000.0	0.9067	32.4003	1.5	34.807
1691216	5000.0	9	6000.0	0.5067	34.807	0.8333	36.147000000000006
1763310	9000.0	9	6000.0	0.9067	36.147	1.5	38.5537
1639080	2000.0	9	6000.0	0.2067	38.5537	0.3333	39.0937
1706079	8000.0	9	6000.0	0.8067	39.0937	1.3333	41.2337
1730382	5000.0	9	6000.0	0.5067	41.2337	0.8333	42.5737
1681786	5000.0	9	6000.0	0.5067	42.5737	0.8333	43.913700000000006
1711530	8000.0	9	6000.0	0.8067	43.9137	1.3333	46.0537
1652271	6000.0	9	6000.0	0.6067	46.0537	1.0	47.660399999999996
1729938	2000.0	9	6000.0	0.2067	47.6604	0.3333	48.2004
1698068	13000.0	9	6000.0	1.3067	48.2004	2.1667	51.6738
1703038	3000.0	9	6000.0	0.3067	51.6738	0.5	52.4805
1649908	7000.0	9	6000.0	0.7067	52.4805	1.1667	54.353899999999996
1639249	7000.0	9	6000.0	0.7067	54.3539	1.1667	56.2273
1682195	4000.0	9	6000.0	0.4067	56.2273	0.6667	57.3007
1665432	7000.0	9	6000.0	0.7067	57.3007	1.1667	59.174099999999996
1697386	6000.0	9	6000.0	0.6067	59.1741	1.0	60.7808
1662084	10000.0	9	6000.0	1.0067	60.7808	1.6667	63.4542
1670891	9000.0	9	6000.0	0.9067	63.4542	1.5	65.8609
1692115	11000.0	9	6000.0	1.1067	65.8609	1.8333	68.8009
1821622	5000.0	10	6000.0	0.5067	0	0.8333	1.34
1775496	3000.0	10	6000.0	0.3067	1.34	0.5	2.1467
1669715	2000.0	10	6000.0	0.2067	2.1467	0.3333	2.6867
1812101	5000.0	10	6000.0	0.5067	2.6867	0.8333	4.0267
1687432	7000.0	10	6000.0	0.7067	4.0267	1.1667	5.9001
1791376	3000.0	10	6000.0	0.3067	5.9001	0.5	6.7068
1768459	8000.0	10	6000.0	0.8067	6.7068	1.3333	8.8468
1674128	2000.0	10	6000.0	0.2067	8.8468	0.3333	9.3868
1753319	7000.0	10	6000.0	0.7067	9.3868	1.1667	11.2602
1840707	2000.0	10	6000.0	0.2067	11.2602	0.3333	11.800199999999998
1693269	9000.0	10	6000.0	0.9067	11.8002	1.5	14.206900000000001
1819588	3000.0	10	6000.0	0.3067	14.2069	0.5	15.013599999999999
1834445	4000.0	10	6000.0	0.4067	15.0136	0.6667	16.087
1671636	7000.0	10	6000.0	0.7067	16.087	1.1667	17.9604
1820961	21000.0	10	6000.0	2.1067	17.9604	3.5	23.5671
1754019	3000.0	10	6000.0	0.3067	23.5671	0.5	24.3738
1757999	5000.0	10	6000.0	0.5067	24.3738	0.8333	25.7138
1813359	4000.0	10	6000.0	0.4067	25.7138	0.6667	26.7872
1720630	8000.0	10	6000.0	0.8067	26.7872	1.3333	28.9272
1683947	8000.0	10	6000.0	0.8067	28.9272	1.3333	31.0672
1809316	10000.0	10	6000.0	1.0067	31.0672	1.6667	33.7406
1668545	2000.0	10	6000.0	0.2067	33.7406	0.3333	34.2806
1683117	8000.0	10	6000.0	0.8067	34.2806	1.3333	36.4206
1664709	4000.0	10	6000.0	0.4067	36.4206	0.6667	37.494
1670377	2000.0	10	6000.0	0.2067	37.494	0.3333	38.034
1766105	8000.0	10	6000.0	0.8067	38.034	1.3333	40.174
1714874	6000.0	10	6000.0	0.6067	40.174	1.0	41.780699999999996
1648686	2000.0	10	6000.0	0.2067	41.7807	0.3333	42.3207
1816477	12000.0	10	6000.0	1.2067	42.3207	2.0	45.5274
1798304	7000.0	10	6000.0	0.7067	45.5274	1.1667	47.4008
1650684	3000.0	10	6000.0	0.3067	47.4008	0.5	48.207499999999996
1759862	1000.0	10	6000.0	0.1067	48.2075	0.1667	48.4809
1667586	10000.0	10	6000.0	1.0067	48.4809	1.6667	51.1543
1702159	5000.0	10	6000.0	0.5067	51.1543	0.8333	52.4943
1707167	3000.0	10	6000.0	0.3067	52.4943	0.5	53.301
1810069	8000.0	10	6000.0	0.8067	53.301	1.3333	55.441
1697631	4000.0	10	6000.0	0.4067	55.441	0.6667	56.5144
1831654	5000.0	10	6000.0	0.5067	56.5144	0.8333	57.854400000000005
1785686	9000.0	11	6000.0	0.9067	0	1.5	2.4067
1844781	5000.0	11	6000.0	0.5067	2.4067	0.8333	3.7466999999999997
1786062	8000.0	11	6000.0	0.8067	3.7467	1.3333	5.886699999999999
1719502	7000.0	11	6000.0	0.7067	5.8867	1.1667	7.7600999999999996
1822079	5000.0	11	6000.0	0.5067	7.7601	0.8333	9.1001
1822261	6000.0	11	6000.0	0.6067	9.1001	1.0	10.7068
1659307	4000.0	11	6000.0	0.4067	10.7068	0.6667	11.7802
1700256	3000.0	11	6000.0	0.3067	11.7802	0.5	12.5869
1766564	9000.0	11	6000.0	0.9067	12.5869	1.5	14.9936
1832015	10000.0	11	6000.0	1.0067	14.9936	1.6667	17.666999999999998
1797819	6000.0	11	6000.0	0.6067	17.667	1.0	19.2737
1729324	3000.0	11	6000.0	0.3067	19.2737	0.5	20.0804
1803669	4000.0	11	6000.0	0.4067	20.0804	0.6667	21.1538
1649210	11000.0	11	6000.0	1.1067	21.1538	1.8333	24.0938
1670165	4000.0	11	6000.0	0.4067	24.0938	0.6667	25.1672
1845081	4000.0	11	6000.0	0.4067	25.1672	0.6667	26.2406
1781067	4000.0	11	6000.0	0.4067	26.2406	0.6667	27.314
1738001	9000.0	11	6000.0	0.9067	27.314	1.5	29.7207
1780504	9000.0	11	6000.0	0.9067	29.7207	1.5	32.1274
1699764	4000.0	11	6000.0	0.4067	32.1274	0.6667	33.2008
1703139	10000.0	11	6000.0	1.0067	33.2008	1.6667	35.8742
1645945	6000.0	11	6000.0	0.6067	35.8742	1.0	37.480900000000005
1848842	7000.0	12	6000.0	0.7	0	1.1667	1.8667
1652037	9000.0	12	6000.0	0.9	1.8667	1.5	4.2667
1729184	6000.0	12	6000.0	0.6	4.2667	1.0	5.8667
1837592	7000.0	12	6000.0	0.7	5.8667	1.1667	7.7334
1702832	3000.0	12	6000.0	0.3	7.7334	0.5	8.5334
1801393	6000.0	12	6000.0	0.6	8.5334	1.0	10.1334
1669575	8000.0	12	6000.0	0.8	10.1334	1.3333	12.2667
1656223	3000.0	12	6000.0	0.3	12.2667	0.5	13.0667
1799179	9000.0	12	6000.0	0.9	13.0667	1.5	15.466700000000001
1680820	11000.0	12	6000.0	1.1	15.4667	1.8333	18.400000000000002
1742308	5000.0	12	6000.0	0.5	18.4	0.8333	19.7333
1666979	10000.0	12	6000.0	1.0	19.7333	1.6667	22.4
1662856	4000.0	12	6000.0	0.4	22.4	0.6667	23.466699999999996
1796232	3000.0	12	6000.0	0.3	23.4667	0.5	24.2667
1835271	5000.0	12	6000.0	0.5	24.2667	0.8333	25.6
1746982	3000.0	12	6000.0	0.3	25.6	0.5	26.400000000000002
1727932	9000.0	12	6000.0	0.9	26.4	1.5	28.799999999999997
1647973	11000.0	12	6000.0	1.1	28.8	1.8333	31.733300000000003
1804772	3000.0	12	6000.0	0.3	31.7333	0.5	32.5333
1830009	4000.0	12	6000.0	0.4	32.5333	0.6667	33.599999999999994
1637430	3000.0	12	6000.0	0.3	33.6	0.5	34.4
1670008	4000.0	13	8000.0	0.4	0	0.5	0.9
1798838	8000.0	13	8000.0	0.8	0.9	1.0	2.7
1765377	7000.0	13	8000.0	0.7	2.7	0.875	4.275
1636027	6000.0	13	8000.0	0.6	4.275	0.75	5.625
1695014	3000.0	13	8000.0	0.3	5.625	0.375	6.3
1776312	3000.0	13	8000.0	0.3	6.3	0.375	6.975
1687155	2000.0	13	8000.0	0.2	6.975	0.25	7.425
1839727	5000.0	13	8000.0	0.5	7.425	0.625	8.55
1791517	4000.0	13	8000.0	0.4	8.55	0.5	9.450000000000001
1772902	6000.0	13	8000.0	0.6	9.45	0.75	10.799999999999999
1638074	2000.0	13	8000.0	0.2	10.8	0.25	11.25
1809791	7000.0	13	8000.0	0.7	11.25	0.875	12.825
1788124	11000.0	13	8000.0	1.1	12.825	1.375	15.299999999999999
1773532	7000.0	13	8000.0	0.7	15.3	0.875	16.875
1769578	4000.0	13	8000.0	0.4	16.875	0.5	17.775
1743784	3000.0	13	8000.0	0.3	17.775	0.375	18.45
1701431	2000.0	13	8000.0	0.2	18.45	0.25	18.9
1690824	2000.0	13	8000.0	0.2	18.9	0.25	19.349999999999998
1773580	7000.0	13	8000.0	0.7	19.35	0.875	20.925
1759930	2000.0	13	8000.0	0.2	20.925	0.25	21.375
1685128	9000.0	13	8000.0	0.9	21.375	1.125	23.4
1851297	7000.0	13	8000.0	0.7	23.4	0.875	24.974999999999998
1839893	3000.0	13	8000.0	0.3	24.975	0.375	25.650000000000002
1692257	4000.0	13	8000.0	0.4	25.65	0.5	26.549999999999997
1718171	5000.0	13	8000.0	0.5	26.55	0.625	27.675
1703893	4000.0	13	8000.0	0.4	27.675	0.5	28.575
1661772	8000.0	13	8000.0	0.8	28.575	1.0	30.375
1832831	4000.0	13	8000.0	0.4	30.375	0.5	31.275
1650773	9000.0	13	8000.0	0.9	31.275	1.125	33.3
1682245	3000.0	13	8000.0	0.3	33.3	0.375	33.974999999999994
1728685	8000.0	13	8000.0	0.8	33.975	1.0	35.775
1700434	7000.0	14	12000.0	0.7	0	0.5833	1.2833
1851171	11000.0	14	12000.0	1.1	1.2833	0.9167	3.3000000000000003
1806447	10000.0	14	12000.0	1.0	3.3	0.8333	5.1333
1647044	6000.0	14	12000.0	0.6	5.1333	0.5	6.2333
1659994	3000.0	14	12000.0	0.3	6.2333	0.25	6.7833
1828347	5000.0	14	12000.0	0.5	6.7833	0.4167	7.699999999999999
1723639	6000.0	14	12000.0	0.6	7.7	0.5	8.8
1754761	3000.0	14	12000.0	0.3	8.8	0.25	9.350000000000001
1715111	3000.0	14	12000.0	0.3	9.35	0.25	9.9
1679933	7000.0	14	12000.0	0.7	9.9	0.5833	11.1833
1656091	8000.0	14	12000.0	0.8	11.1833	0.6667	12.65
1740596	8000.0	14	12000.0	0.8	12.65	0.6667	14.116700000000002
1757239	8000.0	14	12000.0	0.8	14.1167	0.6667	15.583400000000001
1698773	3000.0	14	12000.0	0.3	15.5834	0.25	16.1334
1673332	8000.0	14	12000.0	0.8	16.1334	0.6667	17.6001
1732838	3000.0	14	12000.0	0.3	17.6001	0.25	18.150100000000002
1760162	9000.0	14	12000.0	0.9	18.1501	0.75	19.800099999999997
1691660	7000.0	14	12000.0	0.7	19.8001	0.5833	21.0834
1649228	11000.0	14	12000.0	1.1	21.0834	0.9167	23.1001
1795828	8000.0	14	12000.0	0.8	23.1001	0.6667	24.5668
1666249	3000.0	14	12000.0	0.3	24.5668	0.25	25.1168
1731686	4000.0	14	12000.0	0.4	25.1168	0.3333	25.8501
1769338	3000.0	14	12000.0	0.3	25.8501	0.25	26.400100000000002
1692341	2000.0	14	12000.0	0.2	26.4001	0.1667	26.766799999999996
1675660	4000.0	14	12000.0	0.4	26.7668	0.3333	27.5001
1816443	8000.0	14	12000.0	0.8	27.5001	0.6667	28.9668
1653504	4000.0	14	12000.0	0.4	28.9668	0.3333	29.7001
1787450	3000.0	14	12000.0	0.3	29.7001	0.25	30.2501
1787023	7000.0	14	12000.0	0.7	30.2501	0.5833	31.5334
1808029	3000.0	15	16000.0	0.3	0	0.1875	0.4875
1837566	20000.0	15	16000.0	2.0	0.4875	1.25	3.7375
1669344	4000.0	15	16000.0	0.4	3.7375	0.25	4.3875
1707975	7000.0	15	16000.0	0.7	4.3875	0.4375	5.525
1740785	7000.0	15	16000.0	0.7	5.525	0.4375	6.6625000000000005
1829069	3000.0	15	16000.0	0.3	6.6625	0.1875	7.1499999999999995
1687709	4000.0	15	16000.0	0.4	7.15	0.25	7.800000000000001
1698941	2000.0	15	16000.0	0.2	7.8	0.125	8.125
1815228	8000.0	15	16000.0	0.8	8.125	0.5	9.425
1765006	3000.0	15	16000.0	0.3	9.425	0.1875	9.912500000000001
1691757	3000.0	15	16000.0	0.3	9.9125	0.1875	10.4
1643931	2000.0	15	16000.0	0.2	10.4	0.125	10.725
1835408	1000.0	15	16000.0	0.1	10.725	0.0625	10.8875
1652363	7000.0	15	16000.0	0.7	10.8875	0.4375	12.024999999999999
1700993	1000.0	15	16000.0	0.1	12.025	0.0625	12.1875
1747916	3000.0	15	16000.0	0.3	12.1875	0.1875	12.675
1721651	3000.0	15	16000.0	0.3	12.675	0.1875	13.162500000000001
1848227	10000.0	15	16000.0	1.0	13.1625	0.625	14.7875
1742745	6000.0	15	16000.0	0.6	14.7875	0.375	15.7625
1732549	3000.0	15	16000.0	0.3	15.7625	0.1875	16.25
1780241	10000.0	15	16000.0	1.0	16.25	0.625	17.875
1668491	4000.0	15	16000.0	0.4	17.875	0.25	18.525
1662009	10000.0	15	16000.0	1.0	18.525	0.625	20.15
1778535	3000.0	15	16000.0	0.3	20.15	0.1875	20.6375
1793284	7000.0	16	18000.0	0.7058	0	0.3889	1.0947
1673436	7000.0	16	18000.0	0.7058	1.0947	0.3889	2.1894
1666676	2000.0	16	18000.0	0.2058	2.1894	0.1111	2.5063
1716912	2000.0	16	18000.0	0.2058	2.5063	0.1111	2.8232
1847357	3000.0	16	18000.0	0.3058	2.8232	0.1667	3.2957
1759081	9000.0	16	18000.0	0.9058	3.2957	0.5	4.7015
1751665	7000.0	16	18000.0	0.7058	4.7015	0.3889	5.796200000000001
1840477	2000.0	16	18000.0	0.2058	5.7962	0.1111	6.1131
1730608	6000.0	16	18000.0	0.6058	6.1131	0.3333	7.052200000000001
1699315	2000.0	16	18000.0	0.2058	7.0522	0.1111	7.3691
1849398	6000.0	16	18000.0	0.6058	7.3691	0.3333	8.308200000000001
1806601	2000.0	16	18000.0	0.2058	8.3082	0.1111	8.6251
1724674	4000.0	16	18000.0	0.4058	8.6251	0.2222	9.2531
1656561	7000.0	16	18000.0	0.7058	9.2531	0.3889	10.3478
1721470	7000.0	16	18000.0	0.7058	10.3478	0.3889	11.442499999999999
1795503	3000.0	16	18000.0	0.3058	11.4425	0.1667	11.915000000000001
1751470	9000.0	16	18000.0	0.9058	11.915	0.5	13.320799999999998
1664897	8000.0	16	18000.0	0.8058	13.3208	0.4444	14.571
1770341	6000.0	16	18000.0	0.6058	14.571	0.3333	15.5101
1731358	3000.0	16	18000.0	0.3058	15.5101	0.1667	15.9826
1769344	11000.0	16	18000.0	1.1058	15.9826	0.6111	17.6995
1766809	4000.0	16	18000.0	0.4058	17.6995	0.2222	18.3275
1723407	7000.0	16	18000.0	0.7058	18.3275	0.3889	19.4222
1838819	9000.0	16	18000.0	0.9058	19.4222	0.5	20.828
1795853	10000.0	16	18000.0	1.0058	20.828	0.5556	22.3894
1797216	5000.0	16	18000.0	0.5058	22.3894	0.2778	23.173
1849181	6000.0	16	18000.0	0.6058	23.173	0.3333	24.112099999999998
1716301	4000.0	16	18000.0	0.4058	24.1121	0.2222	24.7401
1727906	7000.0	16	18000.0	0.7058	24.7401	0.3889	25.8348
1684551	6000.0	16	18000.0	0.6058	25.8348	0.3333	26.7739
1689947	5000.0	16	18000.0	0.5058	26.7739	0.2778	27.5575
1737962	8000.0	16	18000.0	0.8058	27.5575	0.4444	28.807700000000004
1772945	6000.0	17	24000.0	0.6058	0	0.25	0.8558
1771842	3000.0	17	24000.0	0.3058	0.8558	0.125	1.2866
1767463	3000.0	17	24000.0	0.3058	1.2866	0.125	1.7174
1831845	4000.0	17	24000.0	0.4058	1.7174	0.1667	2.2899000000000003
1836322	9000.0	17	24000.0	0.9058	2.2899	0.375	3.5707
1659431	2000.0	17	24000.0	0.2058	3.5707	0.0833	3.8598
1810957	6000.0	17	24000.0	0.6058	3.8598	0.25	4.7156
1756555	3000.0	17	24000.0	0.3058	4.7156	0.125	5.1464
1782451	3000.0	17	24000.0	0.3058	5.1464	0.125	5.5771999999999995
1826345	4000.0	17	24000.0	0.4058	5.5772	0.1667	6.1497
1700515	4000.0	17	24000.0	0.4058	6.1497	0.1667	6.7222
1671113	4000.0	17	24000.0	0.4058	6.7222	0.1667	7.2947
1776749	3000.0	17	24000.0	0.3058	7.2947	0.125	7.725499999999999
1846640	8000.0	17	24000.0	0.8058	7.7255	0.3333	8.8646
1728330	8000.0	17	24000.0	0.8058	8.8646	0.3333	10.003699999999998
1740375	8000.0	17	24000.0	0.8058	10.0037	0.3333	11.1428
1743175	5000.0	17	24000.0	0.5058	11.1428	0.2083	11.8569
1697179	9000.0	17	24000.0	0.9058	11.8569	0.375	13.137699999999999
1787845	4000.0	17	24000.0	0.4058	13.1377	0.1667	13.7102
1749281	12000.0	17	24000.0	1.2058	13.7102	0.5	15.416
1691705	4000.0	17	24000.0	0.4058	15.416	0.1667	15.9885
1652956	6000.0	17	24000.0	0.6058	15.9885	0.25	16.8443
1846263	2000.0	17	24000.0	0.2058	16.8443	0.0833	17.1334
1795786	5000.0	17	24000.0	0.5058	17.1334	0.2083	17.847500000000004
1682914	8000.0	17	24000.0	0.8058	17.8475	0.3333	18.986600000000003
1796151	5000.0	17	24000.0	0.5058	18.9866	0.2083	19.7007
1844064	12000.0	17	24000.0	1.2058	19.7007	0.5	21.4065
1835440	7000.0	17	24000.0	0.7058	21.4065	0.2917	22.404
1826717	2000.0	17	24000.0	0.2058	22.404	0.0833	22.6931
1685288	10000.0	17	24000.0	1.0058	22.6931	0.4167	24.1156
1689328	9000.0	17	24000.0	0.9058	24.1156	0.375	25.3964
1826389	9000.0	17	24000.0	0.9058	25.3964	0.375	26.6772
1774819	8000.0	17	24000.0	0.8058	26.6772	0.3333	27.816300000000002
1661517	2000.0	17	24000.0	0.2058	27.8163	0.0833	28.1054
1762504	8000.0	17	24000.0	0.8058	28.1054	0.3333	29.244500000000002
1715501	5000.0	17	24000.0	0.5058	29.2445	0.2083	29.9586
1802670	9000.0	17	24000.0	0.9058	29.9586	0.375	31.2394
1654216	2000.0	17	24000.0	0.2058	31.2394	0.0833	31.5285
1752393	5000.0	17	24000.0	0.5058	31.5285	0.2083	32.2426
1670012	8000.0	18	30000.0	0.8058	0	0.2667	1.0725
1732761	7000.0	18	30000.0	0.7058	1.0725	0.2333	2.0116
1688649	9000.0	18	30000.0	0.9058	2.0116	0.3	3.2174
1781478	2000.0	18	30000.0	0.2058	3.2174	0.0667	3.4899
1835835	9000.0	18	30000.0	0.9058	3.4899	0.3	4.6956999999999995
1723658	9000.0	18	30000.0	0.9058	4.6957	0.3	5.9015
1713503	5000.0	18	30000.0	0.5058	5.9015	0.1667	6.574
1704675	11000.0	18	30000.0	1.1058	6.574	0.3667	8.0465
1722056	3000.0	18	30000.0	0.3058	8.0465	0.1	8.4523
1842655	6000.0	18	30000.0	0.6058	8.4523	0.2	9.258099999999999
1648346	3000.0	18	30000.0	0.3058	9.2581	0.1	9.6639
1744892	7000.0	18	30000.0	0.7058	9.6639	0.2333	10.603
1712310	4000.0	18	30000.0	0.4058	10.603	0.1333	11.1421
1668885	6000.0	18	30000.0	0.6058	11.1421	0.2	11.947899999999999
1746142	3000.0	18	30000.0	0.3058	11.9479	0.1	12.3537
1776467	8000.0	18	30000.0	0.8058	12.3537	0.2667	13.4262
1660861	8000.0	18	30000.0	0.8058	13.4262	0.2667	14.4987
1792486	3000.0	18	30000.0	0.3058	14.4987	0.1	14.904499999999999
1653214	4000.0	18	30000.0	0.4058	14.9045	0.1333	15.4436
1696136	2000.0	18	30000.0	0.2058	15.4436	0.0667	15.7161
1828192	9000.0	18	30000.0	0.9058	15.7161	0.3	16.9219
1650104	36000.0	18	30000.0	3.6058	16.9219	1.2	21.7277
1727748	3000.0	18	30000.0	0.3058	21.7277	0.1	22.1335
1677084	3000.0	18	30000.0	0.3058	22.1335	0.1	22.539300000000004
1846214	3000.0	18	30000.0	0.3058	22.5393	0.1	22.945100000000004
1742582	9000.0	18	30000.0	0.9058	22.9451	0.3	24.1509
1728756	10000.0	18	30000.0	1.0058	24.1509	0.3333	25.490000000000002
1807733	12000.0	18	30000.0	1.2058	25.49	0.4	27.095799999999997
1727768	2000.0	18	30000.0	0.2058	27.0958	0.0667	27.3683
1837556	3000.0	18	30000.0	0.3058	27.3683	0.1	27.774100000000004
1754323	13000.0	18	30000.0	1.3058	27.7741	0.4333	29.5132
1764169	4000.0	18	30000.0	0.4058	29.5132	0.1333	30.0523
1821294	5000.0	18	30000.0	0.5058	30.0523	0.1667	30.7248
1760808	6000.0	18	30000.0	0.6058	30.7248	0.2	31.530599999999996
1672760	7000.0	18	30000.0	0.7058	31.5306	0.2333	32.4697
1840028	5000.0	18	30000.0	0.5058	32.4697	0.1667	33.1422
1787078	4000.0	18	30000.0	0.4058	33.1422	0.1333	33.6813
1743028	4000.0	19	30000.0	0.4058	0	0.1333	0.5391
1659976	4000.0	19	30000.0	0.4058	0.5391	0.1333	1.0782
1681301	2000.0	19	30000.0	0.2058	1.0782	0.0667	1.3507
1777518	3000.0	19	30000.0	0.3058	1.3507	0.1	1.7565000000000002
1731837	2000.0	19	30000.0	0.2058	1.7565	0.0667	2.029
1693572	2000.0	19	30000.0	0.2058	2.029	0.0667	2.3015
1679702	9000.0	19	30000.0	0.9058	2.3015	0.3	3.5073
1712437	5000.0	19	30000.0	0.5058	3.5073	0.1667	4.179799999999999
1718542	10000.0	19	30000.0	1.0058	4.1798	0.3333	5.5189
1745678	8000.0	19	30000.0	0.8058	5.5189	0.2667	6.5914
1658515	7000.0	19	30000.0	0.7058	6.5914	0.2333	7.5305
1664440	4000.0	19	30000.0	0.4058	7.5305	0.1333	8.0696
1696598	3000.0	19	30000.0	0.3058	8.0696	0.1	8.475399999999999
1820726	5000.0	19	30000.0	0.5058	8.4754	0.1667	9.147900000000002
1673709	9000.0	19	30000.0	0.9058	9.1479	0.3	10.3537
1753943	10000.0	19	30000.0	1.0058	10.3537	0.3333	11.6928
1824407	8000.0	19	30000.0	0.8058	11.6928	0.2667	12.7653
1840999	8000.0	19	30000.0	0.8058	12.7653	0.2667	13.8378
1721159	4000.0	19	30000.0	0.4058	13.8378	0.1333	14.3769
1703134	6000.0	19	30000.0	0.6058	14.3769	0.2	15.182699999999999
1703897	4000.0	19	30000.0	0.4058	15.1827	0.1333	15.7218
1764545	4000.0	19	30000.0	0.4058	15.7218	0.1333	16.2609
1722114	9000.0	19	30000.0	0.9058	16.2609	0.3	17.4667
