1792507	11000.0	9	6000.0	1.1067	0	1.8333	2.94
1700186	12000.0	9	6000.0	1.2067	2.94	2.0	6.1467
1710480	11000.0	9	6000.0	1.1067	6.1467	1.8333	9.0867
1693419	11000.0	9	6000.0	1.1067	9.0867	1.8333	12.0267
1688293	13000.0	9	6000.0	1.3067	12.0267	2.1667	15.5001
1651567	11000.0	9	6000.0	1.1067	15.5001	1.8333	18.4401
1645655	12000.0	9	6000.0	1.2067	18.4401	2.0	21.646800000000002
1710622	13000.0	9	6000.0	1.3067	21.6468	2.1667	25.120199999999997
1714865	11000.0	9	6000.0	1.1067	25.1202	1.8333	28.060200000000002
1792857	15000.0	9	6000.0	1.5067	28.0602	2.5	32.0669
1699993	11000.0	9	6000.0	1.1067	32.0669	1.8333	35.006899999999995
1746455	11000.0	9	6000.0	1.1067	35.0069	1.8333	37.94690000000001
1706782	12000.0	9	6000.0	1.2067	37.9469	2.0	41.1536
1659631	25000.0	9	6000.0	2.5067	41.1536	4.1667	47.827
1740214	11000.0	9	6000.0	1.1067	47.827	1.8333	50.767
1706366	13000.0	9	6000.0	1.3067	50.767	2.1667	54.2404
1658002	11000.0	9	6000.0	1.1067	54.2404	1.8333	57.1804
1652468	11000.0	9	6000.0	1.1067	57.1804	1.8333	60.1204
1653343	13000.0	9	6000.0	1.3067	60.1204	2.1667	63.593799999999995
1736768	11000.0	9	6000.0	1.1067	63.5938	1.8333	66.5338
1791392	11000.0	9	6000.0	1.1067	66.5338	1.8333	69.4738
1653208	11000.0	9	6000.0	1.1067	69.4738	1.8333	72.4138
1736891	12000.0	9	6000.0	1.2067	72.4138	2.0	75.62049999999999
1791451	11000.0	9	6000.0	1.1067	75.6205	1.8333	78.5605
1644492	26000.0	9	6000.0	2.6067	78.5605	4.3333	85.5005
1805531	12000.0	9	6000.0	1.2067	85.5005	2.0	88.7072
1635798	11000.0	9	6000.0	1.1067	88.7072	1.8333	91.6472
1798218	11000.0	9	6000.0	1.1067	91.6472	1.8333	94.5872
1837778	11000.0	9	6000.0	1.1067	94.5872	1.8333	97.5272
1805339	13000.0	9	6000.0	1.3067	97.5272	2.1667	101.0006
1692942	12000.0	9	6000.0	1.2067	101.0006	2.0	104.2073
1812680	15000.0	9	6000.0	1.5067	104.2073	2.5	108.214
1652308	11000.0	9	6000.0	1.1067	108.214	1.8333	111.154
1698249	11000.0	9	6000.0	1.1067	111.154	1.8333	114.094
1706491	11000.0	9	6000.0	1.1067	114.094	1.8333	117.03399999999999
1815242	26000.0	9	6000.0	2.6067	117.034	4.3333	123.974
1657510	11000.0	9	6000.0	1.1067	123.974	1.8333	126.914
1656192	13000.0	9	6000.0	1.3067	126.914	2.1667	130.38739999999999
1811920	11000.0	9	6000.0	1.1067	130.3874	1.8333	133.3274
1716525	12000.0	9	6000.0	1.2067	133.3274	2.0	136.53410000000002
1709142	11000.0	9	6000.0	1.1067	136.5341	1.8333	139.4741
1742191	11000.0	9	6000.0	1.1067	139.4741	1.8333	142.4141
1655911	28000.0	9	6000.0	2.8067	142.4141	4.6667	149.8875
1741389	11000.0	9	6000.0	1.1067	149.8875	1.8333	152.8275
1649895	11000.0	9	6000.0	1.1067	152.8275	1.8333	155.76749999999998
1639296	11000.0	9	6000.0	1.1067	155.7675	1.8333	158.7075
1803577	11000.0	9	6000.0	1.1067	158.7075	1.8333	161.6475
1639259	12000.0	9	6000.0	1.2067	161.6475	2.0	164.85420000000002
1703528	24000.0	9	6000.0	2.4067	164.8542	4.0	171.2609
1738898	11000.0	9	6000.0	1.1067	171.2609	1.8333	174.2009
1696222	11000.0	9	6000.0	1.1067	174.2009	1.8333	177.1409
1640301	11000.0	9	6000.0	1.1067	177.1409	1.8333	180.08089999999999
1813822	12000.0	9	6000.0	1.2067	180.0809	2.0	183.28760000000003
1738668	26000.0	9	6000.0	2.6067	183.2876	4.3333	190.2276
1795580	11000.0	9	6000.0	1.1067	190.2276	1.8333	193.1676
1636243	11000.0	9	6000.0	1.1067	193.1676	1.8333	196.1076
1714171	11000.0	9	6000.0	1.1067	196.1076	1.8333	199.0476
1708490	27000.0	9	6000.0	2.7067	199.0476	4.5	206.2543
1795272	11000.0	9	6000.0	1.1067	206.2543	1.8333	209.1943
1745167	14000.0	9	6000.0	1.4067	209.1943	2.3333	212.9343
1801601	11000.0	9	6000.0	1.1067	212.9343	1.8333	215.8743
1840536	13000.0	9	6000.0	1.3067	215.8743	2.1667	219.3477
1845673	11000.0	9	6000.0	1.1067	219.3477	1.8333	222.2877
1648032	12000.0	9	6000.0	1.2067	222.2877	2.0	225.4944
1695009	12000.0	9	6000.0	1.2067	225.4944	2.0	228.70110000000003
1796563	12000.0	9	6000.0	1.2067	228.7011	2.0	231.9078
1708698	11000.0	9	6000.0	1.1067	231.9078	1.8333	234.8478
1642571	12000.0	9	6000.0	1.2067	234.8478	2.0	238.05450000000002
1654458	11000.0	9	6000.0	1.1067	238.0545	1.8333	240.9945
1714066	11000.0	9	6000.0	1.1067	240.9945	1.8333	243.93449999999999
1708128	11000.0	9	6000.0	1.1067	243.9345	1.8333	246.8745
1840130	11000.0	9	6000.0	1.1067	246.8745	1.8333	249.8145
1688618	12000.0	9	6000.0	1.2067	249.8145	2.0	253.02120000000002
1797487	13000.0	9	6000.0	1.3067	253.0212	2.1667	256.4946
1693820	11000.0	9	6000.0	1.1067	256.4946	1.8333	259.4346
1650733	13000.0	9	6000.0	1.3067	259.4346	2.1667	262.90799999999996
1646283	11000.0	9	6000.0	1.1067	262.908	1.8333	265.848
1693645	11000.0	9	6000.0	1.1067	265.848	1.8333	268.788
1800136	12000.0	9	6000.0	1.2067	268.788	2.0	271.9947
1711826	13000.0	9	6000.0	1.3067	271.9947	2.1667	275.4681
1814934	13000.0	9	6000.0	1.3067	275.4681	2.1667	278.94149999999996
1691641	26000.0	9	6000.0	2.6067	278.9415	4.3333	285.8815
1704349	15000.0	9	6000.0	1.5067	285.8815	2.5	289.88820000000004
1656840	14000.0	9	6000.0	1.4067	289.8882	2.3333	293.6282
1808564	11000.0	9	6000.0	1.1067	293.6282	1.8333	296.5682
1701533	12000.0	9	6000.0	1.2067	296.5682	2.0	299.7749
1803847	11000.0	9	6000.0	1.1067	299.7749	1.8333	302.7149
1642226	12000.0	9	6000.0	1.2067	302.7149	2.0	305.9216
1636965	12000.0	9	6000.0	1.2067	305.9216	2.0	309.1283
1746038	11000.0	9	6000.0	1.1067	309.1283	1.8333	312.0683
1752866	25000.0	9	6000.0	2.5067	312.0683	4.1667	318.74170000000004
1712648	12000.0	9	6000.0	1.2067	318.7417	2.0	321.9484
1703924	12000.0	9	6000.0	1.2067	321.9484	2.0	325.1551
1694315	14000.0	9	6000.0	1.4067	325.1551	2.3333	328.8951
1814718	12000.0	9	6000.0	1.2067	328.8951	2.0	332.1018
1752816	12000.0	9	6000.0	1.2067	332.1018	2.0	335.30850000000004
1650369	11000.0	9	6000.0	1.1067	335.3085	1.8333	338.2485
1639062	12000.0	9	6000.0	1.2067	338.2485	2.0	341.4552
1810201	12000.0	9	6000.0	1.2067	341.4552	2.0	344.6619
1721228	16000.0	9	6000.0	1.6067	344.6619	2.6667	348.9353
1685625	11000.0	9	6000.0	1.1067	348.9353	1.8333	351.8753
1753767	11000.0	9	6000.0	1.1067	351.8753	1.8333	354.8153
1823349	11000.0	9	6000.0	1.1067	354.8153	1.8333	357.7553
1781721	11000.0	9	6000.0	1.1067	357.7553	1.8333	360.6953
1835083	11000.0	9	6000.0	1.1067	360.6953	1.8333	363.6353
1685419	11000.0	9	6000.0	1.1067	363.6353	1.8333	366.57529999999997
1666123	12000.0	9	6000.0	1.2067	366.5753	2.0	369.78200000000004
1763112	11000.0	9	6000.0	1.1067	369.782	1.8333	372.722
1833730	11000.0	9	6000.0	1.1067	372.722	1.8333	375.662
1850100	15000.0	9	6000.0	1.5067	375.662	2.5	379.6687
1826235	13000.0	9	6000.0	1.3067	379.6687	2.1667	383.14209999999997
1756490	11000.0	9	6000.0	1.1067	383.1421	1.8333	386.0821
1730849	13000.0	9	6000.0	1.3067	386.0821	2.1667	389.5555
1828024	11000.0	9	6000.0	1.1067	389.5555	1.8333	392.4955
1759516	12000.0	9	6000.0	1.2067	392.4955	2.0	395.7022
1730558	11000.0	9	6000.0	1.1067	395.7022	1.8333	398.6422
1817687	11000.0	9	6000.0	1.1067	398.6422	1.8333	401.5822
1723259	28000.0	9	6000.0	2.8067	401.5822	4.6667	409.05559999999997
1672873	11000.0	9	6000.0	1.1067	409.0556	1.8333	411.9956
1762088	11000.0	9	6000.0	1.1067	411.9956	1.8333	414.9356
1757471	11000.0	9	6000.0	1.1067	414.9356	1.8333	417.8756
1767574	13000.0	9	6000.0	1.3067	417.8756	2.1667	421.349
1663259	11000.0	9	6000.0	1.1067	421.349	1.8333	424.289
1788121	11000.0	9	6000.0	1.1067	424.289	1.8333	427.229
1764018	11000.0	9	6000.0	1.1067	427.229	1.8333	430.169
1775495	11000.0	9	6000.0	1.1067	430.169	1.8333	433.109
1851184	11000.0	9	6000.0	1.1067	433.109	1.8333	436.049
1755420	11000.0	9	6000.0	1.1067	436.049	1.8333	438.989
1735369	11000.0	9	6000.0	1.1067	438.989	1.8333	441.929
1760046	12000.0	9	6000.0	1.2067	441.929	2.0	445.1357
1731251	11000.0	9	6000.0	1.1067	445.1357	1.8333	448.0757
1735526	12000.0	9	6000.0	1.2067	448.0757	2.0	451.2824
1758386	12000.0	9	6000.0	1.2067	451.2824	2.0	454.4891
1665357	11000.0	9	6000.0	1.1067	454.4891	1.8333	457.4291
1850723	11000.0	9	6000.0	1.1067	457.4291	1.8333	460.3691
1668461	12000.0	9	6000.0	1.2067	460.3691	2.0	463.5758
1787480	13000.0	9	6000.0	1.3067	463.5758	2.1667	467.0492
1772081	13000.0	9	6000.0	1.3067	467.0492	2.1667	470.52259999999995
1849084	12000.0	9	6000.0	1.2067	470.5226	2.0	473.7293
1850705	13000.0	9	6000.0	1.3067	473.7293	2.1667	477.2027
1780257	11000.0	9	6000.0	1.1067	477.2027	1.8333	480.1427
1755010	11000.0	9	6000.0	1.1067	480.1427	1.8333	483.0827
1835620	11000.0	9	6000.0	1.1067	483.0827	1.8333	486.0227
1726669	27000.0	9	6000.0	2.7067	486.0227	4.5	493.2294
1673510	11000.0	9	6000.0	1.1067	493.2294	1.8333	496.1694
1675767	11000.0	9	6000.0	1.1067	496.1694	1.8333	499.1094
1779811	13000.0	9	6000.0	1.3067	499.1094	2.1667	502.58279999999996
1770350	12000.0	9	6000.0	1.2067	502.5828	2.0	505.78950000000003
1678615	11000.0	9	6000.0	1.1067	505.7895	1.8333	508.7295
1725587	12000.0	9	6000.0	1.2067	508.7295	2.0	511.9362
1778170	12000.0	9	6000.0	1.2067	511.9362	2.0	515.1428999999999
1721158	11000.0	9	6000.0	1.1067	515.1429	1.8333	518.0829000000001
1828300	11000.0	9	6000.0	1.1067	518.0829	1.8333	521.0229
1681818	14000.0	9	6000.0	1.4067	521.0229	2.3333	524.7629000000001
1718466	12000.0	9	6000.0	1.2067	524.7629	2.0	527.9695999999999
1764138	28000.0	9	6000.0	2.8067	527.9696	4.6667	535.443
1786646	11000.0	9	6000.0	1.1067	535.443	1.8333	538.383
1726620	21000.0	9	6000.0	2.1067	538.383	3.5	543.9897000000001
1725321	11000.0	9	6000.0	1.1067	543.9897	1.8333	546.9297
1667457	12000.0	9	6000.0	1.2067	546.9297	2.0	550.1364
1827315	11000.0	9	6000.0	1.1067	550.1364	1.8333	553.0764
1720838	11000.0	9	6000.0	1.1067	553.0764	1.8333	556.0164000000001
1848191	11000.0	9	6000.0	1.1067	556.0164	1.8333	558.9564
1820683	11000.0	9	6000.0	1.1067	558.9564	1.8333	561.8964000000001
1725127	11000.0	9	6000.0	1.1067	561.8964	1.8333	564.8364
1683622	12000.0	9	6000.0	1.2067	564.8364	2.0	568.0431
1732958	11000.0	9	6000.0	1.1067	568.0431	1.8333	570.9831
1753962	21000.0	9	6000.0	2.1067	570.9831	3.5	576.5898000000001
1673279	11000.0	9	6000.0	1.1067	576.5898	1.8333	579.5298
1852021	11000.0	9	6000.0	1.1067	579.5298	1.8333	582.4698000000001
1791110	11000.0	9	6000.0	1.1067	582.4698	1.8333	585.4098
1679892	13000.0	9	6000.0	1.3067	585.4098	2.1667	588.8832
1791222	11000.0	9	6000.0	1.1067	588.8832	1.8333	591.8232
1717705	12000.0	9	6000.0	1.2067	591.8232	2.0	595.0299
1676934	13000.0	9	6000.0	1.3067	595.0299	2.1667	598.5033
1772636	12000.0	9	6000.0	1.2067	598.5033	2.0	601.7099999999999
1753885	11000.0	9	6000.0	1.1067	601.71	1.8333	604.6500000000001
1724266	13000.0	9	6000.0	1.3067	604.65	2.1667	608.1234
1680322	11000.0	9	6000.0	1.1067	608.1234	1.8333	611.0634
1835390	11000.0	9	6000.0	1.1067	611.0634	1.8333	614.0034
1846182	12000.0	9	6000.0	1.2067	614.0034	2.0	617.2101
1718642	25000.0	9	6000.0	2.5067	617.2101	4.1667	623.8835
1820903	12000.0	9	6000.0	1.2067	623.8835	2.0	627.0902
1667709	11000.0	9	6000.0	1.1067	627.0902	1.8333	630.0302
1846834	12000.0	9	6000.0	1.2067	630.0302	2.0	633.2369
1683926	13000.0	9	6000.0	1.3067	633.2369	2.1667	636.7103
1682939	11000.0	9	6000.0	1.1067	636.7103	1.8333	639.6503
1680908	11000.0	9	6000.0	1.1067	639.6503	1.8333	642.5903000000001
1776765	26000.0	9	6000.0	2.6067	642.5903	4.3333	649.5303
1724059	11000.0	9	6000.0	1.1067	649.5303	1.8333	652.4703000000001
1683869	11000.0	9	6000.0	1.1067	652.4703	1.8333	655.4103
1717939	11000.0	9	6000.0	1.1067	655.4103	1.8333	658.3503000000001
1774568	14000.0	9	6000.0	1.4067	658.3503	2.3333	662.0903
1828419	11000.0	9	6000.0	1.1067	662.0903	1.8333	665.0303
1757271	12000.0	9	6000.0	1.2067	665.0303	2.0	668.237
1763697	11000.0	9	6000.0	1.1067	668.237	1.8333	671.177
1784634	12000.0	9	6000.0	1.2067	671.177	2.0	674.3837
1849769	11000.0	9	6000.0	1.1067	674.3837	1.8333	677.3237
1825382	12000.0	9	6000.0	1.2067	677.3237	2.0	680.5304
1828129	12000.0	9	6000.0	1.2067	680.5304	2.0	683.7370999999999
1811277	6000.0	10	6000.0	0.6067	0	1.0	1.6067
1805027	9000.0	10	6000.0	0.9067	1.6067	1.5	4.0134
1841988	4000.0	10	6000.0	0.4067	4.0134	0.6667	5.086799999999999
1792872	3000.0	10	6000.0	0.3067	5.0868	0.5	5.8935
1657146	8000.0	10	6000.0	0.8067	5.8935	1.3333	8.0335
1691962	3000.0	10	6000.0	0.3067	8.0335	0.5	8.8402
1792722	4000.0	10	6000.0	0.4067	8.8402	0.6667	9.9136
1645775	3000.0	10	6000.0	0.3067	9.9136	0.5	10.7203
1711782	3000.0	10	6000.0	0.3067	10.7203	0.5	11.527
1706889	5000.0	10	6000.0	0.5067	11.527	0.8333	12.866999999999999
1804765	3000.0	10	6000.0	0.3067	12.867	0.5	13.6737
1740553	6000.0	10	6000.0	0.6067	13.6737	1.0	15.2804
1651226	10000.0	10	6000.0	1.0067	15.2804	1.6667	17.953799999999998
1812605	9000.0	10	6000.0	0.9067	17.9538	1.5	20.360500000000002
1751919	4000.0	10	6000.0	0.4067	20.3605	0.6667	21.433899999999998
1645703	6000.0	10	6000.0	0.6067	21.4339	1.0	23.0406
1651686	9000.0	10	6000.0	0.9067	23.0406	1.5	25.447300000000002
1799813	3000.0	10	6000.0	0.3067	25.4473	0.5	26.253999999999998
1740546	3000.0	10	6000.0	0.3067	26.254	0.5	27.0607
1811352	9000.0	10	6000.0	0.9067	27.0607	1.5	29.4674
1815059	10000.0	10	6000.0	1.0067	29.4674	1.6667	32.1408
1657079	2000.0	10	6000.0	0.2067	32.1408	0.3333	32.6808
1797846	9000.0	10	6000.0	0.9067	32.6808	1.5	35.0875
1700305	1000.0	10	6000.0	0.1067	35.0875	0.1667	35.360899999999994
1700090	10000.0	10	6000.0	1.0067	35.3609	1.6667	38.0343
1645821	4000.0	10	6000.0	0.4067	38.0343	0.6667	39.1077
1704819	8000.0	10	6000.0	0.8067	39.1077	1.3333	41.2477
1799695	2000.0	10	6000.0	0.2067	41.2477	0.3333	41.7877
1688189	4000.0	10	6000.0	0.4067	41.7877	0.6667	42.8611
1805142	10000.0	10	6000.0	1.0067	42.8611	1.6667	45.5345
1711717	7000.0	10	6000.0	0.7067	45.5345	1.1667	47.4079
1804880	9000.0	10	6000.0	0.9067	47.4079	1.5	49.8146
1697475	9000.0	10	6000.0	0.9067	49.8146	1.5	52.2213
1792806	6000.0	10	6000.0	0.6067	52.2213	1.0	53.828
1700100	8000.0	10	6000.0	0.8067	53.828	1.3333	55.968
1840031	5000.0	10	6000.0	0.5067	55.968	0.8333	57.30800000000001
1798016	5000.0	10	6000.0	0.5067	57.308	0.8333	58.648
1792529	3000.0	10	6000.0	0.3067	58.648	0.5	59.4547
1638708	6000.0	10	6000.0	0.6067	59.4547	1.0	61.061400000000006
1716959	9000.0	10	6000.0	0.9067	61.0614	1.5	63.4681
1792828	2000.0	10	6000.0	0.2067	63.4681	0.3333	64.0081
1751242	4000.0	10	6000.0	0.4067	64.0081	0.6667	65.0815
1799800	6000.0	10	6000.0	0.6067	65.0815	1.0	66.68820000000001
1697668	8000.0	10	6000.0	0.8067	66.6882	1.3333	68.8282
1747715	10000.0	10	6000.0	1.0067	68.8282	1.6667	71.5016
1799724	4000.0	10	6000.0	0.4067	71.5016	0.6667	72.575
1747739	6000.0	10	6000.0	0.6067	72.575	1.0	74.1817
1638621	6000.0	10	6000.0	0.6067	74.1817	1.0	75.78840000000001
1792555	7000.0	10	6000.0	0.7067	75.7884	1.1667	77.6618
1706890	8000.0	10	6000.0	0.8067	77.6618	1.3333	79.8018
1741827	9000.0	10	6000.0	0.9067	79.8018	1.5	82.2085
1699949	2000.0	10	6000.0	0.2067	82.2085	0.3333	82.74849999999999
1791688	4000.0	10	6000.0	0.4067	82.7485	0.6667	83.82190000000001
1837455	9000.0	10	6000.0	0.9067	83.8219	1.5	86.2286
1687476	8000.0	10	6000.0	0.8067	86.2286	1.3333	88.3686
1815365	8000.0	10	6000.0	0.8067	88.3686	1.3333	90.5086
1806338	5000.0	10	6000.0	0.5067	90.5086	0.8333	91.84859999999999
1699225	4000.0	10	6000.0	0.4067	91.8486	0.6667	92.92200000000001
1705483	3000.0	10	6000.0	0.3067	92.922	0.5	93.7287
1739885	9000.0	10	6000.0	0.9067	93.7287	1.5	96.1354
1699217	5000.0	10	6000.0	0.5067	96.1354	0.8333	97.4754
1812744	8000.0	10	6000.0	0.8067	97.4754	1.3333	99.6154
1687388	8000.0	10	6000.0	0.8067	99.6154	1.3333	101.7554
1717139	3000.0	10	6000.0	0.3067	101.7554	0.5	102.5621
1798755	9000.0	10	6000.0	0.9067	102.5621	1.5	104.9688
1705579	9000.0	10	6000.0	0.9067	104.9688	1.5	107.3755
1747304	10000.0	10	6000.0	1.0067	107.3755	1.6667	110.0489
1652545	4000.0	10	6000.0	0.4067	110.0489	0.6667	111.12230000000001
1644125	10000.0	10	6000.0	1.0067	111.1223	1.6667	113.7957
1743417	6000.0	10	6000.0	0.6067	113.7957	1.0	115.4024
1652349	3000.0	10	6000.0	0.3067	115.4024	0.5	116.2091
1705398	9000.0	10	6000.0	0.9067	116.2091	1.5	118.61580000000001
1687590	10000.0	10	6000.0	1.0067	118.6158	1.6667	121.2892
1705474	4000.0	10	6000.0	0.4067	121.2892	0.6667	122.3626
1657871	3000.0	10	6000.0	0.3067	122.3626	0.5	123.1693
1717135	3000.0	10	6000.0	0.3067	123.1693	0.5	123.97600000000001
1657890	7000.0	10	6000.0	0.7067	123.976	1.1667	125.8494
1641492	9000.0	10	6000.0	0.9067	125.8494	1.5	128.2561
1711481	8000.0	10	6000.0	0.8067	128.2561	1.3333	130.39610000000002
1798836	9000.0	10	6000.0	0.9067	130.3961	1.5	132.8028
1798814	4000.0	10	6000.0	0.4067	132.8028	0.6667	133.87619999999998
1652526	3000.0	10	6000.0	0.3067	133.8762	0.5	134.68290000000002
1791716	8000.0	10	6000.0	0.8067	134.6829	1.3333	136.8229
1806484	10000.0	10	6000.0	1.0067	136.8229	1.6667	139.4963
1644877	4000.0	10	6000.0	0.4067	139.4963	0.6667	140.56969999999998
1659668	8000.0	10	6000.0	0.8067	140.5697	1.3333	142.70970000000003
1706102	9000.0	10	6000.0	0.9067	142.7097	1.5	145.1164
1791372	7000.0	10	6000.0	0.7067	145.1164	1.1667	146.9898
1791366	10000.0	10	6000.0	1.0067	146.9898	1.6667	149.6632
1806635	9000.0	10	6000.0	0.9067	149.6632	1.5	152.0699
1705799	4000.0	10	6000.0	0.4067	152.0699	0.6667	153.14329999999998
1711302	6000.0	10	6000.0	0.6067	153.1433	1.0	154.75
1841791	7000.0	10	6000.0	0.7067	154.75	1.1667	156.6234
1791359	9000.0	10	6000.0	0.9067	156.6234	1.5	159.0301
1644404	5000.0	10	6000.0	0.5067	159.0301	0.8333	160.3701
1660179	10000.0	10	6000.0	1.0067	160.3701	1.6667	163.0435
1843492	3000.0	10	6000.0	0.3067	163.0435	0.5	163.8502
1806851	3000.0	10	6000.0	0.3067	163.8502	0.5	164.6569
1687129	8000.0	10	6000.0	0.8067	164.6569	1.3333	166.79690000000002
1711371	10000.0	10	6000.0	1.0067	166.7969	1.6667	169.47029999999998
1637966	10000.0	10	6000.0	1.0067	169.4703	1.6667	172.1437
1806772	9000.0	10	6000.0	0.9067	172.1437	1.5	174.5504
1692585	4000.0	10	6000.0	0.4067	174.5504	0.6667	175.6238
1705888	6000.0	10	6000.0	0.6067	175.6238	1.0	177.23049999999998
1747039	6000.0	10	6000.0	0.6067	177.2305	1.0	178.8372
1687320	3000.0	10	6000.0	0.3067	178.8372	0.5	179.6439
1807042	10000.0	10	6000.0	1.0067	179.6439	1.6667	182.3173
1641394	2000.0	10	6000.0	0.2067	182.3173	0.3333	182.8573
1845409	3000.0	10	6000.0	0.3067	182.8573	0.5	183.66400000000002
1698971	9000.0	10	6000.0	0.9067	183.664	1.5	186.0707
1806990	5000.0	10	6000.0	0.5067	186.0707	0.8333	187.4107
1711232	10000.0	10	6000.0	1.0067	187.4107	1.6667	190.08409999999998
1653132	7000.0	10	6000.0	0.7067	190.0841	1.1667	191.9575
1692661	10000.0	10	6000.0	1.0067	191.9575	1.6667	194.6309
1844719	7000.0	10	6000.0	0.7067	194.6309	1.1667	196.5043
1659844	3000.0	10	6000.0	0.3067	196.5043	0.5	197.311
1705785	3000.0	10	6000.0	0.3067	197.311	0.5	198.1177
1841770	6000.0	10	6000.0	0.6067	198.1177	1.0	199.7244
1717283	8000.0	10	6000.0	0.8067	199.7244	1.3333	201.86440000000002
1811474	3000.0	10	6000.0	0.3067	201.8644	0.5	202.6711
1736966	10000.0	10	6000.0	1.0067	202.6711	1.6667	205.34449999999998
1644907	9000.0	10	6000.0	0.9067	205.3445	1.5	207.7512
1643919	2000.0	10	6000.0	0.2067	207.7512	0.3333	208.29120000000003
1844641	8000.0	10	6000.0	0.8067	208.2912	1.3333	210.43120000000002
1688022	5000.0	10	6000.0	0.5067	210.4312	0.8333	211.7712
1807491	5000.0	10	6000.0	0.5067	211.7712	0.8333	213.1112
1805630	7000.0	10	6000.0	0.7067	213.1112	1.1667	214.9846
1799331	7000.0	10	6000.0	0.7067	214.9846	1.1667	216.858
1746743	3000.0	10	6000.0	0.3067	216.858	0.5	217.6647
1805633	8000.0	10	6000.0	0.8067	217.6647	1.3333	219.80470000000003
1839849	7000.0	10	6000.0	0.7067	219.8047	1.1667	221.6781
1799192	6000.0	10	6000.0	0.6067	221.6781	1.0	223.2848
1798219	3000.0	10	6000.0	0.3067	223.2848	0.5	224.0915
1845758	5000.0	10	6000.0	0.5067	224.0915	0.8333	225.4315
1740339	10000.0	10	6000.0	1.0067	225.4315	1.6667	228.1049
1799197	9000.0	10	6000.0	0.9067	228.1049	1.5	230.5116
1805378	7000.0	10	6000.0	0.7067	230.5116	1.1667	232.385
1651836	6000.0	10	6000.0	0.6067	232.385	1.0	233.99169999999998
1692090	5000.0	10	6000.0	0.5067	233.9917	0.8333	235.3317
1805258	3000.0	10	6000.0	0.3067	235.3317	0.5	236.13840000000002
1699915	4000.0	10	6000.0	0.4067	236.1384	0.6667	237.21179999999998
1740462	2000.0	10	6000.0	0.2067	237.2118	0.3333	237.75180000000003
1693230	9000.0	10	6000.0	0.9067	237.7518	1.5	240.1585
1740402	9000.0	10	6000.0	0.9067	240.1585	1.5	242.5652
1713373	9000.0	10	6000.0	0.9067	242.5652	1.5	244.9719
1740386	10000.0	10	6000.0	1.0067	244.9719	1.6667	247.6453
1841557	9000.0	10	6000.0	0.9067	247.6453	1.5	250.052
1645300	9000.0	10	6000.0	0.9067	250.052	1.5	252.4587
1697842	7000.0	10	6000.0	0.7067	252.4587	1.1667	254.3321
1839248	5000.0	10	6000.0	0.5067	254.3321	0.8333	255.6721
1637474	2000.0	10	6000.0	0.2067	255.6721	0.3333	256.2121
1710869	3000.0	10	6000.0	0.3067	256.2121	0.5	257.0188
1799347	3000.0	10	6000.0	0.3067	257.0188	0.5	257.8255
1699803	8000.0	10	6000.0	0.8067	257.8255	1.3333	259.96549999999996
1712873	3000.0	10	6000.0	0.3067	259.9655	0.5	260.7722
1791898	9000.0	10	6000.0	0.9067	260.7722	1.5	263.1789
1637593	4000.0	10	6000.0	0.4067	263.1789	0.6667	264.2523
1693033	5000.0	10	6000.0	0.5067	264.2523	0.8333	265.5923
1641558	4000.0	10	6000.0	0.4067	265.5923	0.6667	266.6657
1652213	9000.0	10	6000.0	0.9067	266.6657	1.5	269.0724
1653557	9000.0	10	6000.0	0.9067	269.0724	1.5	271.4791
1657619	9000.0	10	6000.0	0.9067	271.4791	1.5	273.8858
1805981	3000.0	10	6000.0	0.3067	273.8858	0.5	274.6925
1706445	9000.0	10	6000.0	0.9067	274.6925	1.5	277.0992
1717094	4000.0	10	6000.0	0.4067	277.0992	0.6667	278.1726
1806004	7000.0	10	6000.0	0.7067	278.1726	1.1667	280.046
1798398	4000.0	10	6000.0	0.4067	280.046	0.6667	281.1194
1705370	8000.0	10	6000.0	0.8067	281.1194	1.3333	283.25939999999997
1641532	3000.0	10	6000.0	0.3067	283.2594	0.5	284.0661
1837424	7000.0	10	6000.0	0.7067	284.0661	1.1667	285.9395
1806091	2000.0	10	6000.0	0.2067	285.9395	0.3333	286.47950000000003
1699326	9000.0	10	6000.0	0.9067	286.4795	1.5	288.8862
1706465	3000.0	10	6000.0	0.3067	288.8862	0.5	289.69289999999995
1717082	5000.0	10	6000.0	0.5067	289.6929	0.8333	291.03290000000004
1799161	3000.0	10	6000.0	0.3067	291.0329	0.5	291.83959999999996
1698191	4000.0	10	6000.0	0.4067	291.8396	0.6667	292.913
1715053	9000.0	10	6000.0	0.9067	292.913	1.5	295.3197
1698192	8000.0	10	6000.0	0.8067	295.3197	1.3333	297.4597
1652098	9000.0	10	6000.0	0.9067	297.4597	1.5	299.8664
1717079	10000.0	10	6000.0	1.0067	299.8664	1.6667	302.5398
1799100	3000.0	10	6000.0	0.3067	302.5398	0.5	303.3465
1837387	5000.0	10	6000.0	0.5067	303.3465	0.8333	304.6865
1698216	5000.0	10	6000.0	0.5067	304.6865	0.8333	306.02650000000006
1641066	10000.0	10	6000.0	1.0067	306.0265	1.6667	308.6999
1805790	4000.0	10	6000.0	0.4067	308.6999	0.6667	309.7733
1844793	10000.0	10	6000.0	1.0067	309.7733	1.6667	312.4467
1638344	5000.0	10	6000.0	0.5067	312.4467	0.8333	313.78670000000005
1699507	1000.0	10	6000.0	0.1067	313.7867	0.1667	314.0601
1698247	9000.0	10	6000.0	0.9067	314.0601	1.5	316.4668
1739748	7000.0	10	6000.0	0.7067	316.4668	1.1667	318.3402
1715868	8000.0	10	6000.0	0.8067	318.3402	1.3333	320.48019999999997
1716943	3000.0	10	6000.0	0.3067	320.4802	0.5	321.2869
1659177	4000.0	10	6000.0	0.4067	321.2869	0.6667	322.3603
1813908	4000.0	10	6000.0	0.4067	322.3603	0.6667	323.4337
1796165	3000.0	10	6000.0	0.3067	323.4337	0.5	324.24039999999997
1647721	9000.0	10	6000.0	0.9067	324.2404	1.5	326.6471
1659265	9000.0	10	6000.0	0.9067	326.6471	1.5	329.0538
1742212	9000.0	10	6000.0	0.9067	329.0538	1.5	331.4605
1656177	2000.0	10	6000.0	0.2067	331.4605	0.3333	332.00050000000005
1803167	10000.0	10	6000.0	1.0067	332.0005	1.6667	334.6739
1647653	3000.0	10	6000.0	0.3067	334.6739	0.5	335.4806
1745794	9000.0	10	6000.0	0.9067	335.4806	1.5	337.8873
1649680	10000.0	10	6000.0	1.0067	337.8873	1.6667	340.5607
1803199	3000.0	10	6000.0	0.3067	340.5607	0.5	341.3674
1745795	4000.0	10	6000.0	0.4067	341.3674	0.6667	342.44079999999997
1647569	7000.0	10	6000.0	0.7067	342.4408	1.1667	344.3142
1737980	9000.0	10	6000.0	0.9067	344.3142	1.5	346.72090000000003
1696176	7000.0	10	6000.0	0.7067	346.7209	1.1667	348.5943
1639366	10000.0	10	6000.0	1.0067	348.5943	1.6667	351.2677
1690780	7000.0	10	6000.0	0.7067	351.2677	1.1667	353.1411
1656064	6000.0	10	6000.0	0.6067	353.1411	1.0	354.7478
1649339	4000.0	10	6000.0	0.4067	354.7478	0.6667	355.8212
1802795	3000.0	10	6000.0	0.3067	355.8212	0.5	356.62789999999995
1707961	7000.0	10	6000.0	0.7067	356.6279	1.1667	358.5013
1701944	9000.0	10	6000.0	0.9067	358.5013	1.5	360.908
1658838	3000.0	10	6000.0	0.3067	360.908	0.5	361.7147
1658877	4000.0	10	6000.0	0.4067	361.7147	0.6667	362.7881
1707947	6000.0	10	6000.0	0.6067	362.7881	1.0	364.3948
1795939	8000.0	10	6000.0	0.8067	364.3948	1.3333	366.53479999999996
1838258	9000.0	10	6000.0	0.9067	366.5348	1.5	368.9415
1742139	10000.0	10	6000.0	1.0067	368.9415	1.6667	371.61490000000003
1695974	8000.0	10	6000.0	0.8067	371.6149	1.3333	373.75489999999996
1709021	9000.0	10	6000.0	0.9067	373.7549	1.5	376.1616
1707943	2000.0	10	6000.0	0.2067	376.1616	0.3333	376.70160000000004
1707895	9000.0	10	6000.0	0.9067	376.7016	1.5	379.1083
1701917	8000.0	10	6000.0	0.8067	379.1083	1.3333	381.2483
1744950	3000.0	10	6000.0	0.3067	381.2483	0.5	382.05499999999995
1809207	3000.0	10	6000.0	0.3067	382.055	0.5	382.8617
1703402	3000.0	10	6000.0	0.3067	382.8617	0.5	383.66839999999996
1842384	10000.0	10	6000.0	1.0067	383.6684	1.6667	386.34180000000003
1659296	3000.0	10	6000.0	0.3067	386.3418	0.5	387.14849999999996
1713980	7000.0	10	6000.0	0.7067	387.1485	1.1667	389.0219
1796188	9000.0	10	6000.0	0.9067	389.0219	1.5	391.4286
1707819	9000.0	10	6000.0	0.9067	391.4286	1.5	393.8353
1689427	6000.0	10	6000.0	0.6067	393.8353	1.0	395.442
1796403	8000.0	10	6000.0	0.8067	395.442	1.3333	397.582
1742323	7000.0	10	6000.0	0.7067	397.582	1.1667	399.4554
1749524	8000.0	10	6000.0	0.8067	399.4554	1.3333	401.5954
1809706	8000.0	10	6000.0	0.8067	401.5954	1.3333	403.73539999999997
1739042	7000.0	10	6000.0	0.7067	403.7354	1.1667	405.60880000000003
1709379	6000.0	10	6000.0	0.6067	405.6088	1.0	407.21549999999996
1696330	8000.0	10	6000.0	0.8067	407.2155	1.3333	409.3555
1659495	10000.0	10	6000.0	1.0067	409.3555	1.6667	412.0289
1796496	10000.0	10	6000.0	1.0067	412.0289	1.6667	414.70230000000004
1707632	9000.0	10	6000.0	0.9067	414.7023	1.5	417.109
1707584	7000.0	10	6000.0	0.7067	417.109	1.1667	418.9824
1714496	4000.0	10	6000.0	0.4067	418.9824	0.6667	420.0558
1809747	8000.0	10	6000.0	0.8067	420.0558	1.3333	422.19579999999996
1803536	9000.0	10	6000.0	0.9067	422.1958	1.5	424.6025
1796544	8000.0	10	6000.0	0.8067	424.6025	1.3333	426.7425
1691097	5000.0	10	6000.0	0.5067	426.7425	0.8333	428.08250000000004
1649893	2000.0	10	6000.0	0.2067	428.0825	0.3333	428.6225
1796343	6000.0	10	6000.0	0.6067	428.6225	1.0	430.2292
1812009	9000.0	10	6000.0	0.9067	430.2292	1.5	432.6359
1809421	2000.0	10	6000.0	0.2067	432.6359	0.3333	433.1759
1752333	6000.0	10	6000.0	0.6067	433.1759	1.0	434.7826
1703524	4000.0	10	6000.0	0.4067	434.7826	0.6667	435.856
1649732	3000.0	10	6000.0	0.3067	435.856	0.5	436.6627
1709258	3000.0	10	6000.0	0.3067	436.6627	0.5	437.46939999999995
1696258	6000.0	10	6000.0	0.6067	437.4694	1.0	439.0761
1690921	7000.0	10	6000.0	0.7067	439.0761	1.1667	440.9495
1647442	8000.0	10	6000.0	0.8067	440.9495	1.3333	443.0895
1749459	9000.0	10	6000.0	0.9067	443.0895	1.5	445.4962
1813847	3000.0	10	6000.0	0.3067	445.4962	0.5	446.30289999999997
1749470	3000.0	10	6000.0	0.3067	446.3029	0.5	447.1096
1658732	3000.0	10	6000.0	0.3067	447.1096	0.5	447.9163
1701735	10000.0	10	6000.0	1.0067	447.9163	1.6667	450.5897
1809562	4000.0	10	6000.0	0.4067	450.5897	0.6667	451.6631
1742315	7000.0	10	6000.0	0.7067	451.6631	1.1667	453.5365
1696328	5000.0	10	6000.0	0.5067	453.5365	0.8333	454.8765
1656363	5000.0	10	6000.0	0.5067	454.8765	0.8333	456.21650000000005
1844454	4000.0	10	6000.0	0.4067	456.2165	0.6667	457.2899
1703236	2000.0	10	6000.0	0.2067	457.2899	0.3333	457.8299
1647968	7000.0	10	6000.0	0.7067	457.8299	1.1667	459.7033
1695473	1000.0	10	6000.0	0.1067	459.7033	0.1667	459.9767
1702416	4000.0	10	6000.0	0.4067	459.9767	0.6667	461.0501
1738661	3000.0	10	6000.0	0.3067	461.0501	0.5	461.85679999999996
1714241	8000.0	10	6000.0	0.8067	461.8568	1.3333	463.9968
1708532	3000.0	10	6000.0	0.3067	463.9968	0.5	464.8035
1652936	7000.0	10	6000.0	0.7067	464.8035	1.1667	466.6769
1702765	8000.0	10	6000.0	0.8067	466.6769	1.3333	468.8169
1654806	6000.0	10	6000.0	0.6067	468.8169	1.0	470.42359999999996
1695467	6000.0	10	6000.0	0.6067	470.4236	1.0	472.0303
1636076	10000.0	10	6000.0	1.0067	472.0303	1.6667	474.7037
1842521	3000.0	10	6000.0	0.3067	474.7037	0.5	475.5104
1741774	9000.0	10	6000.0	0.9067	475.5104	1.5	477.9171
1752592	2000.0	10	6000.0	0.2067	477.9171	0.3333	478.4571
1842620	10000.0	10	6000.0	1.0067	478.4571	1.6667	481.13050000000004
1741918	7000.0	10	6000.0	0.7067	481.1305	1.1667	483.0039
1702266	4000.0	10	6000.0	0.4067	483.0039	0.6667	484.0773
1655431	7000.0	10	6000.0	0.7067	484.0773	1.1667	485.9507
1795174	9000.0	10	6000.0	0.9067	485.9507	1.5	488.3574
1642711	6000.0	10	6000.0	0.6067	488.3574	1.0	489.9641
1702422	7000.0	10	6000.0	0.7067	489.9641	1.1667	491.8375
1654879	5000.0	10	6000.0	0.5067	491.8375	0.8333	493.1775
1639794	10000.0	10	6000.0	1.0067	493.1775	1.6667	495.8509
1801911	3000.0	10	6000.0	0.3067	495.8509	0.5	496.6576
1741864	7000.0	10	6000.0	0.7067	496.6576	1.1667	498.531
1708369	9000.0	10	6000.0	0.9067	498.531	1.5	500.9377
1801902	10000.0	10	6000.0	1.0067	500.9377	1.6667	503.6111
1840698	4000.0	10	6000.0	0.4067	503.6111	0.6667	504.6845
1708425	10000.0	10	6000.0	1.0067	504.6845	1.6667	507.35790000000003
1695326	6000.0	10	6000.0	0.6067	507.3579	1.0	508.96459999999996
1738558	10000.0	10	6000.0	1.0067	508.9646	1.6667	511.63800000000003
1655162	9000.0	10	6000.0	0.9067	511.638	1.5	514.0446999999999
1714199	2000.0	10	6000.0	0.2067	514.0447	0.3333	514.5847
1702688	4000.0	10	6000.0	0.4067	514.5847	0.6667	515.6581
1695396	4000.0	10	6000.0	0.4067	515.6581	0.6667	516.7315
1752540	3000.0	10	6000.0	0.3067	516.7315	0.5	517.5382
1690292	10000.0	10	6000.0	1.0067	517.5382	1.6667	520.2116
1636117	5000.0	10	6000.0	0.5067	520.2116	0.8333	521.5516
1801818	9000.0	10	6000.0	0.9067	521.5516	1.5	523.9583
1655232	9000.0	10	6000.0	0.9067	523.9583	1.5	526.365
1795124	8000.0	10	6000.0	0.8067	526.365	1.3333	528.505
1695531	5000.0	10	6000.0	0.5067	528.505	0.8333	529.845
1738792	10000.0	10	6000.0	1.0067	529.845	1.6667	532.5184
1639536	8000.0	10	6000.0	0.8067	532.5184	1.3333	534.6584
1745556	8000.0	10	6000.0	0.8067	534.6584	1.3333	536.7984
1702046	5000.0	10	6000.0	0.5067	536.7984	0.8333	538.1384
1654361	4000.0	10	6000.0	0.4067	538.1384	0.6667	539.2118
1801400	8000.0	10	6000.0	0.8067	539.2118	1.3333	541.3518
1845608	10000.0	10	6000.0	1.0067	541.3518	1.6667	544.0252
1654279	7000.0	10	6000.0	0.7067	544.0252	1.1667	545.8986
1648068	10000.0	10	6000.0	1.0067	545.8986	1.6667	548.572
1843776	6000.0	10	6000.0	0.6067	548.572	1.0	550.1787
1742087	9000.0	10	6000.0	0.9067	550.1787	1.5	552.5854
1749208	10000.0	10	6000.0	1.0067	552.5854	1.6667	555.2588000000001
1642916	5000.0	10	6000.0	0.5067	555.2588	0.8333	556.5988
1649244	4000.0	10	6000.0	0.4067	556.5988	0.6667	557.6722
1712247	4000.0	10	6000.0	0.4067	557.6722	0.6667	558.7456
1642927	8000.0	10	6000.0	0.8067	558.7456	1.3333	560.8856
1794715	5000.0	10	6000.0	0.5067	560.8856	0.8333	562.2256
1714393	9000.0	10	6000.0	0.9067	562.2256	1.5	564.6323
1695099	9000.0	10	6000.0	0.9067	564.6323	1.5	567.039
1648416	6000.0	10	6000.0	0.6067	567.039	1.0	568.6457
1795684	8000.0	10	6000.0	0.8067	568.6457	1.3333	570.7857
1654583	5000.0	10	6000.0	0.5067	570.7857	0.8333	572.1257
1802370	4000.0	10	6000.0	0.4067	572.1257	0.6667	573.1991
1690099	3000.0	10	6000.0	0.3067	573.1991	0.5	574.0058
1654494	3000.0	10	6000.0	0.3067	574.0058	0.5	574.8125
1648398	8000.0	10	6000.0	0.8067	574.8125	1.3333	576.9525
1814259	10000.0	10	6000.0	1.0067	576.9525	1.6667	579.6259
1795045	8000.0	10	6000.0	0.8067	579.6259	1.3333	581.7659
1636013	4000.0	10	6000.0	0.4067	581.7659	0.6667	582.8393
1838353	4000.0	10	6000.0	0.4067	582.8393	0.6667	583.9127
1741981	2000.0	10	6000.0	0.2067	583.9127	0.3333	584.4526999999999
1741986	4000.0	10	6000.0	0.4067	584.4527	0.6667	585.5261
1836655	3000.0	10	6000.0	0.3067	585.5261	0.5	586.3328
1648298	7000.0	10	6000.0	0.7067	586.3328	1.1667	588.2062
1802480	8000.0	10	6000.0	0.8067	588.2062	1.3333	590.3462
1716400	3000.0	10	6000.0	0.3067	590.3462	0.5	591.1528999999999
1802534	5000.0	10	6000.0	0.5067	591.1529	0.8333	592.4929000000001
1651209	2000.0	10	6000.0	0.2067	592.4929	0.3333	593.0328999999999
1838774	5000.0	10	6000.0	0.5067	593.0329	0.8333	594.3729000000001
1844292	5000.0	10	6000.0	0.5067	594.3729	0.8333	595.7129
1751500	6000.0	10	6000.0	0.6067	595.7129	1.0	597.3196
1715863	3000.0	10	6000.0	0.3067	597.3196	0.5	598.1263
1646347	3000.0	10	6000.0	0.3067	598.1263	0.5	598.933
1810659	3000.0	10	6000.0	0.3067	598.933	0.5	599.7397
1688606	5000.0	10	6000.0	0.5067	599.7397	0.8333	601.0797
1650756	4000.0	10	6000.0	0.4067	601.0797	0.6667	602.1531
1715839	10000.0	10	6000.0	1.0067	602.1531	1.6667	604.8265
1810691	3000.0	10	6000.0	0.3067	604.8265	0.5	605.6332
1813467	4000.0	10	6000.0	0.4067	605.6332	0.6667	606.7066
1691581	3000.0	10	6000.0	0.3067	606.7066	0.5	607.5133
1746200	7000.0	10	6000.0	0.7067	607.5133	1.1667	609.3866999999999
1710060	8000.0	10	6000.0	0.8067	609.3867	1.3333	611.5267
1797502	4000.0	10	6000.0	0.4067	611.5267	0.6667	612.6001
1700694	4000.0	10	6000.0	0.4067	612.6001	0.6667	613.6735
1751460	4000.0	10	6000.0	0.4067	613.6735	0.6667	614.7469
1704228	10000.0	10	6000.0	1.0067	614.7469	1.6667	617.4203
1691586	7000.0	10	6000.0	0.7067	617.4203	1.1667	619.2937
1650744	7000.0	10	6000.0	0.7067	619.2937	1.1667	621.1670999999999
1793279	2000.0	10	6000.0	0.2067	621.1671	0.3333	621.7071
1646543	9000.0	10	6000.0	0.9067	621.7071	1.5	624.1138
1643461	3000.0	10	6000.0	0.3067	624.1138	0.5	624.9205
1812286	3000.0	10	6000.0	0.3067	624.9205	0.5	625.7271999999999
1642033	3000.0	10	6000.0	0.3067	625.7272	0.5	626.5339
1704059	4000.0	10	6000.0	0.4067	626.5339	0.6667	627.6073
1642024	7000.0	10	6000.0	0.7067	627.6073	1.1667	629.4807
1739411	3000.0	10	6000.0	0.3067	629.4807	0.5	630.2873999999999
1696983	3000.0	10	6000.0	0.3067	630.2874	0.5	631.0941
1752110	9000.0	10	6000.0	0.9067	631.0941	1.5	633.5008
1646438	3000.0	10	6000.0	0.3067	633.5008	0.5	634.3075
1751509	8000.0	10	6000.0	0.8067	634.3075	1.3333	636.4475
1844547	7000.0	10	6000.0	0.7067	636.4475	1.1667	638.3208999999999
1640624	4000.0	10	6000.0	0.4067	638.3209	0.6667	639.3943
1751508	7000.0	10	6000.0	0.7067	639.3943	1.1667	641.2677
1793311	8000.0	10	6000.0	0.8067	641.2677	1.3333	643.4077
1836730	5000.0	10	6000.0	0.5067	643.4077	0.8333	644.7477
1752103	3000.0	10	6000.0	0.3067	644.7477	0.5	645.5544
1746186	2000.0	10	6000.0	0.2067	645.5544	0.3333	646.0944
1793297	9000.0	10	6000.0	0.9067	646.0944	1.5	648.5011
1697019	8000.0	10	6000.0	0.8067	648.5011	1.3333	650.6410999999999
1807948	9000.0	10	6000.0	0.9067	650.6411	1.5	653.0478
1746099	5000.0	10	6000.0	0.5067	653.0478	0.8333	654.3878000000001
1837936	10000.0	10	6000.0	1.0067	654.3878	1.6667	657.0612
1658586	3000.0	10	6000.0	0.3067	657.0612	0.5	657.8679
1707122	7000.0	10	6000.0	0.7067	657.8679	1.1667	659.7412999999999
1814938	4000.0	10	6000.0	0.4067	659.7413	0.6667	660.8147
1704502	10000.0	10	6000.0	1.0067	660.8147	1.6667	663.4881
1813368	8000.0	10	6000.0	0.8067	663.4881	1.3333	665.6281
1713506	4000.0	10	6000.0	0.4067	665.6281	0.6667	666.7015
1658320	9000.0	10	6000.0	0.9067	666.7015	1.5	669.1082
1814941	3000.0	10	6000.0	0.3067	669.1082	0.5	669.9149
1658298	4000.0	10	6000.0	0.4067	669.9149	0.6667	670.9883
1746325	4000.0	10	6000.0	0.4067	670.9883	0.6667	672.0617
1792982	8000.0	10	6000.0	0.8067	672.0617	1.3333	674.2017
1839097	9000.0	10	6000.0	0.9067	674.2017	1.5	676.6084
1811079	10000.0	10	6000.0	1.0067	676.6084	1.6667	679.2818
1811081	5000.0	10	6000.0	0.5067	679.2818	0.8333	680.6218
1658207	5000.0	10	6000.0	0.5067	680.6218	0.8333	681.9618
1797811	8000.0	10	6000.0	0.8067	681.9618	1.3333	684.1018
1799954	5000.0	10	6000.0	0.5067	684.1018	0.8333	685.4418000000001
1799932	10000.0	10	6000.0	1.0067	685.4418	1.6667	688.1152
1704601	3000.0	10	6000.0	0.3067	688.1152	0.5	688.9218999999999
1688487	9000.0	10	6000.0	0.9067	688.9219	1.5	691.3286
1744108	9000.0	10	6000.0	0.9067	691.3286	1.5	693.7353
1658574	5000.0	10	6000.0	0.5067	693.7353	0.8333	695.0753000000001
1713566	6000.0	10	6000.0	0.6067	695.0753	1.0	696.682
1793127	3000.0	10	6000.0	0.3067	696.682	0.5	697.4887
1707212	9000.0	10	6000.0	0.9067	697.4887	1.5	699.8954
1739474	9000.0	10	6000.0	0.9067	699.8954	1.5	702.3021
1641935	7000.0	10	6000.0	0.7067	702.3021	1.1667	704.1754999999999
1710177	6000.0	10	6000.0	0.6067	704.1755	1.0	705.7822000000001
1697239	9000.0	10	6000.0	0.9067	705.7822	1.5	708.1889
1750003	6000.0	10	6000.0	0.6067	708.1889	1.0	709.7956
1700609	8000.0	10	6000.0	0.8067	709.7956	1.3333	711.9356
1747977	8000.0	10	6000.0	0.8067	711.9356	1.3333	714.0756
1751978	9000.0	10	6000.0	0.9067	714.0756	1.5	716.4823
1800172	4000.0	10	6000.0	0.4067	716.4823	0.6667	717.5557
1697304	9000.0	10	6000.0	0.9067	717.5557	1.5	719.9624
1693657	10000.0	10	6000.0	1.0067	719.9624	1.6667	722.6358
1747960	10000.0	10	6000.0	1.0067	722.6358	1.6667	725.3092
1744117	1000.0	10	6000.0	0.1067	725.3092	0.1667	725.5826000000001
1691713	10000.0	10	6000.0	1.0067	725.5826	1.6667	728.256
1640680	6000.0	10	6000.0	0.6067	728.256	1.0	729.8627
1694133	8000.0	10	6000.0	0.8067	729.8627	1.3333	732.0027
1696920	4000.0	10	6000.0	0.4067	732.0027	0.6667	733.0761
1643424	9000.0	10	6000.0	0.9067	733.0761	1.5	735.4828
1691168	7000.0	10	6000.0	0.7067	735.4828	1.1667	737.3562
1838820	7000.0	10	6000.0	0.7067	737.3562	1.1667	739.2295999999999
1793913	10000.0	10	6000.0	1.0067	739.2296	1.6667	741.903
1694484	9000.0	10	6000.0	0.9067	741.903	1.5	744.3097
1709610	8000.0	10	6000.0	0.8067	744.3097	1.3333	746.4497
1659571	3000.0	10	6000.0	0.3067	746.4497	0.5	747.2564
1636831	9000.0	10	6000.0	0.9067	747.2564	1.5	749.6631
1737734	8000.0	10	6000.0	0.8067	749.6631	1.3333	751.8031
1836411	9000.0	10	6000.0	0.9067	751.8031	1.5	754.2098
1647021	9000.0	10	6000.0	0.9067	754.2098	1.5	756.6165
1801212	3000.0	10	6000.0	0.3067	756.6165	0.5	757.4232
1812090	5000.0	10	6000.0	0.5067	757.4232	0.8333	758.7632
1801182	6000.0	10	6000.0	0.6067	758.7632	1.0	760.3699
1843701	4000.0	10	6000.0	0.4067	760.3699	0.6667	761.4433
1804025	2000.0	10	6000.0	0.2067	761.4433	0.3333	761.9833
1716689	3000.0	10	6000.0	0.3067	761.9833	0.5	762.79
1801103	8000.0	10	6000.0	0.8067	762.79	1.3333	764.93
1701352	5000.0	10	6000.0	0.5067	764.93	0.8333	766.27
1650284	6000.0	10	6000.0	0.6067	766.27	1.0	767.8767
1650155	10000.0	10	6000.0	1.0067	767.8767	1.6667	770.5501
1716025	3000.0	10	6000.0	0.3067	770.5501	0.5	771.3568
1748277	5000.0	10	6000.0	0.5067	771.3568	0.8333	772.6968
1642218	8000.0	10	6000.0	0.8067	772.6968	1.3333	774.8368
1837041	6000.0	10	6000.0	0.6067	774.8368	1.0	776.4435000000001
1812050	4000.0	10	6000.0	0.4067	776.4435	0.6667	777.5169
1813738	6000.0	10	6000.0	0.6067	777.5169	1.0	779.1236
1809785	1000.0	10	6000.0	0.1067	779.1236	0.1667	779.397
1794067	9000.0	10	6000.0	0.9067	779.397	1.5	781.8037
1794060	7000.0	10	6000.0	0.7067	781.8037	1.1667	783.6771
1794049	10000.0	10	6000.0	1.0067	783.6771	1.6667	786.3505
1647153	4000.0	10	6000.0	0.4067	786.3505	0.6667	787.4239
1716052	3000.0	10	6000.0	0.3067	787.4239	0.5	788.2306
1809859	10000.0	10	6000.0	1.0067	788.2306	1.6667	790.904
1636767	3000.0	10	6000.0	0.3067	790.904	0.5	791.7107
1803869	4000.0	10	6000.0	0.4067	791.7107	0.6667	792.7841
1650085	6000.0	10	6000.0	0.6067	792.7841	1.0	794.3908
1636789	10000.0	10	6000.0	1.0067	794.3908	1.6667	797.0642
1793991	8000.0	10	6000.0	0.8067	797.0642	1.3333	799.2042
1691136	9000.0	10	6000.0	0.9067	799.2042	1.5	801.6109
1749646	4000.0	10	6000.0	0.4067	801.6109	0.6667	802.6843
1808620	6000.0	10	6000.0	0.6067	802.6843	1.0	804.291
1640430	7000.0	10	6000.0	0.7067	804.291	1.1667	806.1644
1837092	10000.0	10	6000.0	1.0067	806.1644	1.6667	808.8378
1813661	9000.0	10	6000.0	0.9067	808.8378	1.5	811.2445
1646922	6000.0	10	6000.0	0.6067	811.2445	1.0	812.8512000000001
1642090	7000.0	10	6000.0	0.7067	812.8512	1.1667	814.7245999999999
1808049	3000.0	10	6000.0	0.3067	814.7246	0.5	815.5313
1812210	8000.0	10	6000.0	0.8067	815.5313	1.3333	817.6713
1716723	4000.0	10	6000.0	0.4067	817.6713	0.6667	818.7447
1840197	6000.0	10	6000.0	0.6067	818.7447	1.0	820.3514
1797165	8000.0	10	6000.0	0.8067	820.3514	1.3333	822.4914
1703951	3000.0	10	6000.0	0.3067	822.4914	0.5	823.2981
1688751	9000.0	10	6000.0	0.9067	823.2981	1.5	825.7048
1793439	5000.0	10	6000.0	0.5067	825.7048	0.8333	827.0448
1744461	3000.0	10	6000.0	0.3067	827.0448	0.5	827.8515
1804384	4000.0	10	6000.0	0.4067	827.8515	0.6667	828.9249
1752118	4000.0	10	6000.0	0.4067	828.9249	0.6667	829.9983
1650556	8000.0	10	6000.0	0.8067	829.9983	1.3333	832.1383
1810321	7000.0	10	6000.0	0.7067	832.1383	1.1667	834.0116999999999
1691356	8000.0	10	6000.0	0.8067	834.0117	1.3333	836.1517
1797251	3000.0	10	6000.0	0.3067	836.1517	0.5	836.9584
1643420	9000.0	10	6000.0	0.9067	836.9584	1.5	839.3651
1646725	8000.0	10	6000.0	0.8067	839.3651	1.3333	841.5051
1647177	8000.0	10	6000.0	0.8067	841.5051	1.3333	843.6451
1813596	4000.0	10	6000.0	0.4067	843.6451	0.6667	844.7185
1837096	9000.0	10	6000.0	0.9067	844.7185	1.5	847.1252
1844972	10000.0	10	6000.0	1.0067	847.1252	1.6667	849.7986
1801054	9000.0	10	6000.0	0.9067	849.7986	1.5	852.2053
1741045	8000.0	10	6000.0	0.8067	852.2053	1.3333	854.3453
1810152	9000.0	10	6000.0	0.9067	854.3453	1.5	856.752
1793628	8000.0	10	6000.0	0.8067	856.752	1.3333	858.8919999999999
1844271	8000.0	10	6000.0	0.8067	858.892	1.3333	861.032
1748151	8000.0	10	6000.0	0.8067	861.032	1.3333	863.172
1688891	8000.0	10	6000.0	0.8067	863.172	1.3333	865.312
1691297	3000.0	10	6000.0	0.3067	865.312	0.5	866.1187
1797046	9000.0	10	6000.0	0.9067	866.1187	1.5	868.5254
1800920	4000.0	10	6000.0	0.4067	868.5254	0.6667	869.5988
1639048	3000.0	10	6000.0	0.3067	869.5988	0.5	870.4055
1709812	9000.0	10	6000.0	0.9067	870.4055	1.5	872.8122
1696768	7000.0	10	6000.0	0.7067	872.8122	1.1667	874.6855999999999
1751598	4000.0	10	6000.0	0.4067	874.6856	0.6667	875.759
1641327	10000.0	10	6000.0	1.0067	875.759	1.6667	878.4324
1753273	6000.0	10	6000.0	0.6067	878.4324	1.0	880.0391000000001
1849963	3000.0	10	6000.0	0.3067	880.0391	0.5	880.8457999999999
1777796	9000.0	10	6000.0	0.9067	880.8458	1.5	883.2525
1755761	10000.0	10	6000.0	1.0067	883.2525	1.6667	885.9259000000001
1720699	10000.0	10	6000.0	1.0067	885.9259	1.6667	888.5993
1823537	10000.0	10	6000.0	1.0067	888.5993	1.6667	891.2727
1850331	9000.0	10	6000.0	0.9067	891.2727	1.5	893.6794
1834664	10000.0	10	6000.0	1.0067	893.6794	1.6667	896.3528
1833804	10000.0	10	6000.0	1.0067	896.3528	1.6667	899.0262
1770758	9000.0	10	6000.0	0.9067	899.0262	1.5	901.4329
1681420	6000.0	10	6000.0	0.6067	901.4329	1.0	903.0396000000001
1829619	8000.0	10	6000.0	0.8067	903.0396	1.3333	905.1795999999999
1762105	3000.0	10	6000.0	0.3067	905.1796	0.5	905.9863
1723926	10000.0	10	6000.0	1.0067	905.9863	1.6667	908.6597
1777945	3000.0	10	6000.0	0.3067	908.6597	0.5	909.4664
1672654	5000.0	10	6000.0	0.5067	909.4664	0.8333	910.8064
1767461	3000.0	10	6000.0	0.3067	910.8064	0.5	911.6131
1777730	3000.0	10	6000.0	0.3067	911.6131	0.5	912.4198
1821640	6000.0	10	6000.0	0.6067	912.4198	1.0	914.0265
1735166	4000.0	10	6000.0	0.4067	914.0265	0.6667	915.0999
1757478	7000.0	10	6000.0	0.7067	915.0999	1.1667	916.9733
1767521	5000.0	10	6000.0	0.5067	916.9733	0.8333	918.3133
1771845	5000.0	10	6000.0	0.5067	918.3133	0.8333	919.6533000000001
1728918	3000.0	10	6000.0	0.3067	919.6533	0.5	920.4599999999999
1727377	7000.0	10	6000.0	0.7067	920.46	1.1667	922.3334
1849944	9000.0	10	6000.0	0.9067	922.3334	1.5	924.7401
1735902	3000.0	10	6000.0	0.3067	924.7401	0.5	925.5468
1668808	3000.0	10	6000.0	0.3067	925.5468	0.5	926.3534999999999
1661407	8000.0	10	6000.0	0.8067	926.3535	1.3333	928.4935
1668802	5000.0	10	6000.0	0.5067	928.4935	0.8333	929.8335000000001
1726661	9000.0	10	6000.0	0.9067	929.8335	1.5	932.2402
1777699	9000.0	10	6000.0	0.9067	932.2402	1.5	934.6469
1735896	5000.0	10	6000.0	0.5067	934.6469	0.8333	935.9869
1685695	3000.0	10	6000.0	0.3067	935.9869	0.5	936.7936
1831448	8000.0	10	6000.0	0.8067	936.7936	1.3333	938.9336
1821633	3000.0	10	6000.0	0.3067	938.9336	0.5	939.7402999999999
1829149	5000.0	10	6000.0	0.5067	939.7403	0.8333	941.0803000000001
1786266	8000.0	10	6000.0	0.8067	941.0803	1.3333	943.2203
1781537	4000.0	10	6000.0	0.4067	943.2203	0.6667	944.2937
1755739	1000.0	10	6000.0	0.1067	944.2937	0.1667	944.5671
1767367	8000.0	10	6000.0	0.8067	944.5671	1.3333	946.7071
1684139	6000.0	10	6000.0	0.6067	946.7071	1.0	948.3138
1681626	4000.0	10	6000.0	0.4067	948.3138	0.6667	949.3872
1727084	3000.0	10	6000.0	0.3067	949.3872	0.5	950.1939
1754318	9000.0	10	6000.0	0.9067	950.1939	1.5	952.6006
1661812	8000.0	10	6000.0	0.8067	952.6006	1.3333	954.7406
1775183	4000.0	10	6000.0	0.4067	954.7406	0.6667	955.814
1675662	3000.0	10	6000.0	0.3067	955.814	0.5	956.6206999999999
1668424	6000.0	10	6000.0	0.6067	956.6207	1.0	958.2274000000001
1759781	8000.0	10	6000.0	0.8067	958.2274	1.3333	960.3674
1726317	4000.0	10	6000.0	0.4067	960.3674	0.6667	961.4408
1728436	3000.0	10	6000.0	0.3067	961.4408	0.5	962.2475
1847558	9000.0	10	6000.0	0.9067	962.2475	1.5	964.6542
1828322	8000.0	10	6000.0	0.8067	964.6542	1.3333	966.7941999999999
1728910	8000.0	10	6000.0	0.8067	966.7942	1.3333	968.9342
1684148	5000.0	10	6000.0	0.5067	968.9342	0.8333	970.2742000000001
1769171	9000.0	10	6000.0	0.9067	970.2742	1.5	972.6809
1685357	5000.0	10	6000.0	0.5067	972.6809	0.8333	974.0209
1758687	9000.0	10	6000.0	0.9067	974.0209	1.5	976.4276
1781816	9000.0	10	6000.0	0.9067	976.4276	1.5	978.8343
1758691	4000.0	10	6000.0	0.4067	978.8343	0.6667	979.9077
1678795	9000.0	10	6000.0	0.9067	979.9077	1.5	982.3144
1725935	3000.0	10	6000.0	0.3067	982.3144	0.5	983.1211
1851239	7000.0	10	6000.0	0.7067	983.1211	1.1667	984.9944999999999
1722244	9000.0	10	6000.0	0.9067	984.9945	1.5	987.4012
1773488	10000.0	10	6000.0	1.0067	987.4012	1.6667	990.0746
1786302	2000.0	10	6000.0	0.2067	990.0746	0.3333	990.6146
1774222	4000.0	10	6000.0	0.4067	990.6146	0.6667	991.688
1781482	5000.0	10	6000.0	0.5067	991.688	0.8333	993.028
1661745	2000.0	10	6000.0	0.2067	993.028	0.3333	993.568
1763593	9000.0	10	6000.0	0.9067	993.568	1.5	995.9747
1760240	3000.0	10	6000.0	0.3067	995.9747	0.5	996.7814
1665681	3000.0	10	6000.0	0.3067	996.7814	0.5	997.5880999999999
1787986	10000.0	10	6000.0	1.0067	997.5881	1.6667	1000.2615000000001
1847295	8000.0	10	6000.0	0.8067	1000.2615	1.3333	1002.4014999999999
1771840	9000.0	10	6000.0	0.9067	1002.4015	1.5	1004.8082
1758712	3000.0	10	6000.0	0.3067	1004.8082	0.5	1005.6149
1730316	9000.0	10	6000.0	0.9067	1005.6149	1.5	1008.0216
1779761	2000.0	10	6000.0	0.2067	1008.0216	0.3333	1008.5616
1725910	10000.0	10	6000.0	1.0067	1008.5616	1.6667	1011.235
1675435	3000.0	10	6000.0	0.3067	1011.235	0.5	1012.0417
1682801	9000.0	10	6000.0	0.9067	1012.0417	1.5	1014.4484
1851167	8000.0	10	6000.0	0.8067	1014.4484	1.3333	1016.5884
1757339	9000.0	10	6000.0	0.9067	1016.5884	1.5	1018.9951
1676446	9000.0	10	6000.0	0.9067	1018.9951	1.5	1021.4018
1728831	9000.0	10	6000.0	0.9067	1021.4018	1.5	1023.8085
1785496	8000.0	10	6000.0	0.8067	1023.8085	1.3333	1025.9485
1730557	4000.0	10	6000.0	0.4067	1025.9485	0.6667	1027.0219
1828973	8000.0	10	6000.0	0.8067	1027.0219	1.3333	1029.1619
1782201	3000.0	10	6000.0	0.3067	1029.1619	0.5	1029.9686000000002
1765256	3000.0	10	6000.0	0.3067	1029.9686	0.5	1030.7753
1731568	8000.0	10	6000.0	0.8067	1030.7753	1.3333	1032.9153000000001
1782178	8000.0	10	6000.0	0.8067	1032.9153	1.3333	1035.0553
1672900	7000.0	10	6000.0	0.7067	1035.0553	1.1667	1036.9287
1817713	8000.0	10	6000.0	0.8067	1036.9287	1.3333	1039.0687
1685915	4000.0	10	6000.0	0.4067	1039.0687	0.6667	1040.1421
1829741	8000.0	10	6000.0	0.8067	1040.1421	1.3333	1042.2821000000001
1777292	5000.0	10	6000.0	0.5067	1042.2821	0.8333	1043.6220999999998
1729853	6000.0	10	6000.0	0.6067	1043.6221	1.0	1045.2288
1789736	2000.0	10	6000.0	0.2067	1045.2288	0.3333	1045.7688
1681054	10000.0	10	6000.0	1.0067	1045.7688	1.6667	1048.4422
1755141	3000.0	10	6000.0	0.3067	1048.4422	0.5	1049.2489
1845916	3000.0	10	6000.0	0.3067	1049.2489	0.5	1050.0556000000001
1832481	5000.0	10	6000.0	0.5067	1050.0556	0.8333	1051.3955999999998
1834507	10000.0	10	6000.0	1.0067	1051.3956	1.6667	1054.069
1823192	9000.0	10	6000.0	0.9067	1054.069	1.5	1056.4757
1825855	7000.0	10	6000.0	0.7067	1056.4757	1.1667	1058.3491
1785342	4000.0	10	6000.0	0.4067	1058.3491	0.6667	1059.4225
1681033	8000.0	10	6000.0	0.8067	1059.4225	1.3333	1061.5625
1764562	9000.0	10	6000.0	0.9067	1061.5625	1.5	1063.9692
1777180	8000.0	10	6000.0	0.8067	1063.9692	1.3333	1066.1092
1684015	5000.0	10	6000.0	0.5067	1066.1092	0.8333	1067.4492
1772148	7000.0	10	6000.0	0.7067	1067.4492	1.1667	1069.3226
1766535	7000.0	10	6000.0	0.7067	1069.3226	1.1667	1071.196
1677280	4000.0	10	6000.0	0.4067	1071.196	0.6667	1072.2694
1675106	2000.0	10	6000.0	0.2067	1072.2694	0.3333	1072.8093999999999
1777239	8000.0	10	6000.0	0.8067	1072.8094	1.3333	1074.9494000000002
1778148	5000.0	10	6000.0	0.5067	1074.9494	0.8333	1076.2894
1821723	9000.0	10	6000.0	0.9067	1076.2894	1.5	1078.6961
1720943	4000.0	10	6000.0	0.4067	1078.6961	0.6667	1079.7694999999999
1719513	3000.0	10	6000.0	0.3067	1079.7695	0.5	1080.5762000000002
1679091	10000.0	10	6000.0	1.0067	1080.5762	1.6667	1083.2495999999999
1827831	7000.0	10	6000.0	0.7067	1083.2496	1.1667	1085.123
1770841	10000.0	10	6000.0	1.0067	1085.123	1.6667	1087.7964
1663283	9000.0	10	6000.0	0.9067	1087.7964	1.5	1090.2031
1685786	4000.0	10	6000.0	0.4067	1090.2031	0.6667	1091.2765
1663267	7000.0	10	6000.0	0.7067	1091.2765	1.1667	1093.1499
1846119	3000.0	10	6000.0	0.3067	1093.1499	0.5	1093.9566
1818551	9000.0	10	6000.0	0.9067	1093.9566	1.5	1096.3633
1767541	9000.0	10	6000.0	0.9067	1096.3633	1.5	1098.77
1781917	3000.0	10	6000.0	0.3067	1098.77	0.5	1099.5767
1830209	10000.0	10	6000.0	1.0067	1099.5767	1.6667	1102.2501
1850628	3000.0	10	6000.0	0.3067	1102.2501	0.5	1103.0568
1730926	9000.0	10	6000.0	0.9067	1103.0568	1.5	1105.4635
1672629	8000.0	10	6000.0	0.8067	1105.4635	1.3333	1107.6035000000002
1833848	4000.0	10	6000.0	0.4067	1107.6035	0.6667	1108.6769
1675295	7000.0	10	6000.0	0.7067	1108.6769	1.1667	1110.5502999999999
1725899	10000.0	10	6000.0	1.0067	1110.5503	1.6667	1113.2237
1785597	8000.0	10	6000.0	0.8067	1113.2237	1.3333	1115.3637
1824055	4000.0	10	6000.0	0.4067	1115.3637	0.6667	1116.4371
1720285	9000.0	10	6000.0	0.9067	1116.4371	1.5	1118.8438
1782095	10000.0	10	6000.0	1.0067	1118.8438	1.6667	1121.5172
1758917	8000.0	10	6000.0	0.8067	1121.5172	1.3333	1123.6572
1729812	8000.0	10	6000.0	0.8067	1123.6572	1.3333	1125.7972000000002
1827826	7000.0	10	6000.0	0.7067	1125.7972	1.1667	1127.6706
1824666	9000.0	10	6000.0	0.9067	1127.6706	1.5	1130.0773
1685834	7000.0	10	6000.0	0.7067	1130.0773	1.1667	1131.9506999999999
1818612	4000.0	10	6000.0	0.4067	1131.9507	0.6667	1133.0241
1819743	8000.0	10	6000.0	0.8067	1133.0241	1.3333	1135.1641000000002
1770852	7000.0	10	6000.0	0.7067	1135.1641	1.1667	1137.0375
1722618	8000.0	10	6000.0	0.8067	1137.0375	1.3333	1139.1775
1757436	9000.0	10	6000.0	0.9067	1139.1775	1.5	1141.5842
1770851	10000.0	10	6000.0	1.0067	1141.5842	1.6667	1144.2576
1824663	3000.0	10	6000.0	0.3067	1144.2576	0.5	1145.0643
1758656	7000.0	10	6000.0	0.7067	1145.0643	1.1667	1146.9377
1834751	7000.0	10	6000.0	0.7067	1146.9377	1.1667	1148.8111
1846045	4000.0	10	6000.0	0.4067	1148.8111	0.6667	1149.8845
1850413	3000.0	10	6000.0	0.3067	1149.8845	0.5	1150.6912
1731258	4000.0	10	6000.0	0.4067	1150.6912	0.6667	1151.7646
1723557	10000.0	10	6000.0	1.0067	1151.7646	1.6667	1154.4379999999999
1847163	9000.0	10	6000.0	0.9067	1154.438	1.5	1156.8447
1816897	10000.0	10	6000.0	1.0067	1156.8447	1.6667	1159.5181
1787162	3000.0	10	6000.0	0.3067	1159.5181	0.5	1160.3248
1787224	4000.0	10	6000.0	0.4067	1160.3248	0.6667	1161.3982
1787713	4000.0	10	6000.0	0.4067	1161.3982	0.6667	1162.4716
1780397	5000.0	10	6000.0	0.5067	1162.4716	0.8333	1163.8116
1662245	9000.0	10	6000.0	0.9067	1163.8116	1.5	1166.2183
1676239	9000.0	10	6000.0	0.9067	1166.2183	1.5	1168.625
1755056	10000.0	10	6000.0	1.0067	1168.625	1.6667	1171.2984
1732218	4000.0	10	6000.0	0.4067	1171.2984	0.6667	1172.3718
1829356	8000.0	10	6000.0	0.8067	1172.3718	1.3333	1174.5118
1684774	3000.0	10	6000.0	0.3067	1174.5118	0.5	1175.3185
1678143	6000.0	10	6000.0	0.6067	1175.3185	1.0	1176.9252000000001
1721100	7000.0	10	6000.0	0.7067	1176.9252	1.1667	1178.7985999999999
1672394	4000.0	10	6000.0	0.4067	1178.7986	0.6667	1179.872
1769359	3000.0	10	6000.0	0.3067	1179.872	0.5	1180.6787000000002
1786996	10000.0	10	6000.0	1.0067	1180.6787	1.6667	1183.3520999999998
1820198	5000.0	10	6000.0	0.5067	1183.3521	0.8333	1184.6921
1847480	5000.0	10	6000.0	0.5067	1184.6921	0.8333	1186.0321
1825649	8000.0	10	6000.0	0.8067	1186.0321	1.3333	1188.1721
1787016	7000.0	10	6000.0	0.7067	1188.1721	1.1667	1190.0455
1818139	8000.0	10	6000.0	0.8067	1190.0455	1.3333	1192.1855
1779910	5000.0	10	6000.0	0.5067	1192.1855	0.8333	1193.5255
1684854	8000.0	10	6000.0	0.8067	1193.5255	1.3333	1195.6655
1821316	4000.0	10	6000.0	0.4067	1195.6655	0.6667	1196.7389
1684844	9000.0	10	6000.0	0.9067	1196.7389	1.5	1199.1456
1720607	5000.0	10	6000.0	0.5067	1199.1456	0.8333	1200.4856
1778635	3000.0	10	6000.0	0.3067	1200.4856	0.5	1201.2923
1667355	8000.0	10	6000.0	0.8067	1201.2923	1.3333	1203.4323000000002
1780454	9000.0	10	6000.0	0.9067	1203.4323	1.5	1205.839
1732367	7000.0	10	6000.0	0.7067	1205.839	1.1667	1207.7124
1787712	4000.0	10	6000.0	0.4067	1207.7124	0.6667	1208.7857999999999
1684564	6000.0	10	6000.0	0.6067	1208.7858	1.0	1210.3925000000002
1780015	4000.0	10	6000.0	0.4067	1210.3925	0.6667	1211.4659
1753642	6000.0	10	6000.0	0.6067	1211.4659	1.0	1213.0726
1851373	3000.0	10	6000.0	0.3067	1213.0726	0.5	1213.8793
1758409	7000.0	10	6000.0	0.7067	1213.8793	1.1667	1215.7527
1721025	6000.0	10	6000.0	0.6067	1215.7527	1.0	1217.3594
1676133	10000.0	10	6000.0	1.0067	1217.3594	1.6667	1220.0328
1820303	5000.0	10	6000.0	0.5067	1220.0328	0.8333	1221.3727999999999
1682214	9000.0	10	6000.0	0.9067	1221.3728	1.5	1223.7795
1732259	4000.0	10	6000.0	0.4067	1223.7795	0.6667	1224.8529
1672758	10000.0	10	6000.0	1.0067	1224.8529	1.6667	1227.5263
1831064	3000.0	10	6000.0	0.3067	1227.5263	0.5	1228.333
1820324	3000.0	10	6000.0	0.3067	1228.333	0.5	1229.1397000000002
1846330	9000.0	10	6000.0	0.9067	1229.1397	1.5	1231.5464
1662500	7000.0	10	6000.0	0.7067	1231.5464	1.1667	1233.4198
1772087	9000.0	10	6000.0	0.9067	1233.4198	1.5	1235.8265
1833419	2000.0	10	6000.0	0.2067	1235.8265	0.3333	1236.3664999999999
1760101	7000.0	10	6000.0	0.7067	1236.3665	1.1667	1238.2399
1666875	9000.0	10	6000.0	0.9067	1238.2399	1.5	1240.6466
1827451	9000.0	10	6000.0	0.9067	1240.6466	1.5	1243.0533
1834918	3000.0	10	6000.0	0.3067	1243.0533	0.5	1243.8600000000001
1684563	5000.0	10	6000.0	0.5067	1243.86	0.8333	1245.1999999999998
1665656	6000.0	10	6000.0	0.6067	1245.2	1.0	1246.8067
1826930	9000.0	10	6000.0	0.9067	1246.8067	1.5	1249.2134
1770508	8000.0	10	6000.0	0.8067	1249.2134	1.3333	1251.3534000000002
1787672	3000.0	10	6000.0	0.3067	1251.3534	0.5	1252.1601
1662568	8000.0	10	6000.0	0.8067	1252.1601	1.3333	1254.3001000000002
1751810	6000.0	10	6000.0	0.6067	1254.3001	1.0	1255.9068
1779933	9000.0	10	6000.0	0.9067	1255.9068	1.5	1258.3135
1682302	9000.0	10	6000.0	0.9067	1258.3135	1.5	1260.7202
1766969	8000.0	10	6000.0	0.8067	1260.7202	1.3333	1262.8602
1676086	4000.0	10	6000.0	0.4067	1262.8602	0.6667	1263.9336
1662564	3000.0	10	6000.0	0.3067	1263.9336	0.5	1264.7403000000002
1833475	9000.0	10	6000.0	0.9067	1264.7403	1.5	1267.147
1823023	4000.0	10	6000.0	0.4067	1267.147	0.6667	1268.2204
1846767	4000.0	10	6000.0	0.4067	1268.2204	0.6667	1269.2938
1760817	10000.0	10	6000.0	1.0067	1269.2938	1.6667	1271.9671999999998
1818027	5000.0	10	6000.0	0.5067	1271.9672	0.8333	1273.3072
1682434	8000.0	10	6000.0	0.8067	1273.3072	1.3333	1275.4472
1821338	4000.0	10	6000.0	0.4067	1275.4472	0.6667	1276.5206
1760143	6000.0	10	6000.0	0.6067	1276.5206	1.0	1278.1273
1772443	6000.0	10	6000.0	0.6067	1278.1273	1.0	1279.7340000000002
1677548	3000.0	10	6000.0	0.3067	1279.734	0.5	1280.5407
1825160	8000.0	10	6000.0	0.8067	1280.5407	1.3333	1282.6807000000001
1830557	8000.0	10	6000.0	0.8067	1282.6807	1.3333	1284.8207
1669117	10000.0	10	6000.0	1.0067	1284.8207	1.6667	1287.4941
1780990	3000.0	10	6000.0	0.3067	1287.4941	0.5	1288.3008
1685205	10000.0	10	6000.0	1.0067	1288.3008	1.6667	1290.9741999999999
1685201	7000.0	10	6000.0	0.7067	1290.9742	1.1667	1292.8476
1816564	4000.0	10	6000.0	0.4067	1292.8476	0.6667	1293.921
1774988	10000.0	10	6000.0	1.0067	1293.921	1.6667	1296.5944
1754030	7000.0	10	6000.0	0.7067	1296.5944	1.1667	1298.4678
1676338	6000.0	10	6000.0	0.6067	1298.4678	1.0	1300.0745
1732492	7000.0	10	6000.0	0.7067	1300.0745	1.1667	1301.9479
1666796	9000.0	10	6000.0	0.9067	1301.9479	1.5	1304.3546
1771998	10000.0	10	6000.0	1.0067	1304.3546	1.6667	1307.0279999999998
1675744	8000.0	10	6000.0	0.8067	1307.028	1.3333	1309.1680000000001
1675721	9000.0	10	6000.0	0.9067	1309.168	1.5	1311.5747
1722523	10000.0	10	6000.0	1.0067	1311.5747	1.6667	1314.2480999999998
1821069	10000.0	10	6000.0	1.0067	1314.2481	1.6667	1316.9215
1724418	7000.0	10	6000.0	0.7067	1316.9215	1.1667	1318.7948999999999
1672277	10000.0	10	6000.0	1.0067	1318.7949	1.6667	1321.4683
1665162	2000.0	10	6000.0	0.2067	1321.4683	0.3333	1322.0083
1662959	7000.0	10	6000.0	0.7067	1322.0083	1.1667	1323.8817
1661969	10000.0	10	6000.0	1.0067	1323.8817	1.6667	1326.5550999999998
1668379	8000.0	10	6000.0	0.8067	1326.5551	1.3333	1328.6951000000001
1819986	8000.0	10	6000.0	0.8067	1328.6951	1.3333	1330.8351
1833669	4000.0	10	6000.0	0.4067	1330.8351	0.6667	1331.9085
1684191	3000.0	10	6000.0	0.3067	1331.9085	0.5	1332.7152
1781107	7000.0	10	6000.0	0.7067	1332.7152	1.1667	1334.5886
1729787	6000.0	10	6000.0	0.6067	1334.5886	1.0	1336.1953
1673455	4000.0	10	6000.0	0.4067	1336.1953	0.6667	1337.2687
1685245	5000.0	10	6000.0	0.5067	1337.2687	0.8333	1338.6087
1667569	9000.0	10	6000.0	0.9067	1338.6087	1.5	1341.0154
1821439	3000.0	10	6000.0	0.3067	1341.0154	0.5	1341.8221
1786644	6000.0	10	6000.0	0.6067	1341.8221	1.0	1343.4288000000001
1685051	10000.0	10	6000.0	1.0067	1343.4288	1.6667	1346.1021999999998
1755601	5000.0	10	6000.0	0.5067	1346.1022	0.8333	1347.4422
1672739	10000.0	10	6000.0	1.0067	1347.4422	1.6667	1350.1155999999999
1675896	5000.0	10	6000.0	0.5067	1350.1156	0.8333	1351.4556
1816665	6000.0	10	6000.0	0.6067	1351.4556	1.0	1353.0623
1754225	10000.0	10	6000.0	1.0067	1353.0623	1.6667	1355.7357
1735316	3000.0	10	6000.0	0.3067	1355.7357	0.5	1356.5424
1732405	3000.0	10	6000.0	0.3067	1356.5424	0.5	1357.3491000000001
1778517	7000.0	10	6000.0	0.7067	1357.3491	1.1667	1359.2224999999999
1681841	9000.0	10	6000.0	0.9067	1359.2225	1.5	1361.6292
1754043	4000.0	10	6000.0	0.4067	1361.6292	0.6667	1362.7026
1670903	9000.0	10	6000.0	0.9067	1362.7026	1.5	1365.1093
1735608	2000.0	10	6000.0	0.2067	1365.1093	0.3333	1365.6493
1769236	10000.0	10	6000.0	1.0067	1365.6493	1.6667	1368.3227
1761795	7000.0	10	6000.0	0.7067	1368.3227	1.1667	1370.1961
1816695	7000.0	10	6000.0	0.7067	1370.1961	1.1667	1372.0694999999998
1775340	8000.0	10	6000.0	0.8067	1372.0695	1.3333	1374.2095000000002
1786636	4000.0	10	6000.0	0.4067	1374.2095	0.6667	1375.2829
1816641	6000.0	10	6000.0	0.6067	1375.2829	1.0	1376.8896
1780786	8000.0	10	6000.0	0.8067	1376.8896	1.3333	1379.0296
1848941	3000.0	10	6000.0	0.3067	1379.0296	0.5	1379.8363000000002
1763179	10000.0	10	6000.0	1.0067	1379.8363	1.6667	1382.5096999999998
1760874	9000.0	10	6000.0	0.9067	1382.5097	1.5	1384.9164
1773965	5000.0	10	6000.0	0.5067	1384.9164	0.8333	1386.2564
1675830	3000.0	10	6000.0	0.3067	1386.2564	0.5	1387.0631
1820091	3000.0	10	6000.0	0.3067	1387.0631	0.5	1387.8698000000002
1757674	4000.0	10	6000.0	0.4067	1387.8698	0.6667	1388.9432
1772338	8000.0	10	6000.0	0.8067	1388.9432	1.3333	1391.0832
1789520	4000.0	10	6000.0	0.4067	1391.0832	0.6667	1392.1566
1827985	4000.0	10	6000.0	0.4067	1392.1566	0.6667	1393.23
1827182	3000.0	10	6000.0	0.3067	1393.23	0.5	1394.0367
1780867	9000.0	10	6000.0	0.9067	1394.0367	1.5	1396.4434
1787858	4000.0	10	6000.0	0.4067	1396.4434	0.6667	1397.5168
1769229	8000.0	10	6000.0	0.8067	1397.5168	1.3333	1399.6568000000002
1850760	8000.0	10	6000.0	0.8067	1399.6568	1.3333	1401.7968
1757686	2000.0	10	6000.0	0.2067	1401.7968	0.3333	1402.3368
1754628	4000.0	10	6000.0	0.4067	1402.3368	0.6667	1403.4102
1831065	9000.0	10	6000.0	0.9067	1403.4102	1.5	1405.8169
1827298	9000.0	10	6000.0	0.9067	1405.8169	1.5	1408.2236
1717798	2000.0	10	6000.0	0.2067	1408.2236	0.3333	1408.7636
1764892	10000.0	10	6000.0	1.0067	1408.7636	1.6667	1411.437
1850929	8000.0	10	6000.0	0.8067	1411.437	1.3333	1413.577
1762960	9000.0	10	6000.0	0.9067	1413.577	1.5	1415.9837
1826280	9000.0	10	6000.0	0.9067	1415.9837	1.5	1418.3904
1835267	9000.0	10	6000.0	0.9067	1418.3904	1.5	1420.7971
1783074	9000.0	10	6000.0	0.9067	1420.7971	1.5	1423.2038
1724286	3000.0	10	6000.0	0.3067	1423.2038	0.5	1424.0105
1782999	7000.0	10	6000.0	0.7067	1424.0105	1.1667	1425.8839
1758281	2000.0	10	6000.0	0.2067	1425.8839	0.3333	1426.4239
1762275	3000.0	10	6000.0	0.3067	1426.4239	0.5	1427.2306
1736447	6000.0	10	6000.0	0.6067	1427.2306	1.0	1428.8373000000001
1827346	3000.0	10	6000.0	0.3067	1428.8373	0.5	1429.644
1790624	6000.0	10	6000.0	0.6067	1429.644	1.0	1431.2507
1759154	8000.0	10	6000.0	0.8067	1431.2507	1.3333	1433.3907000000002
1664034	4000.0	10	6000.0	0.4067	1433.3907	0.6667	1434.4641
1758131	8000.0	10	6000.0	0.8067	1434.4641	1.3333	1436.6041
1776199	9000.0	10	6000.0	0.9067	1436.6041	1.5	1439.0108
1730456	7000.0	10	6000.0	0.7067	1439.0108	1.1667	1440.8842
1771289	8000.0	10	6000.0	0.8067	1440.8842	1.3333	1443.0242
1822155	9000.0	10	6000.0	0.9067	1443.0242	1.5	1445.4309
1788971	10000.0	10	6000.0	1.0067	1445.4309	1.6667	1448.1043
1736510	9000.0	10	6000.0	0.9067	1448.1043	1.5	1450.511
1776091	6000.0	10	6000.0	0.6067	1450.511	1.0	1452.1177
1826650	10000.0	10	6000.0	1.0067	1452.1177	1.6667	1454.7911
1776095	7000.0	10	6000.0	0.7067	1454.7911	1.1667	1456.6644999999999
1815707	7000.0	10	6000.0	0.7067	1456.6645	1.1667	1458.5379
1669712	4000.0	10	6000.0	0.4067	1458.5379	0.6667	1459.6113
1784082	4000.0	10	6000.0	0.4067	1459.6113	0.6667	1460.6847
1730217	8000.0	10	6000.0	0.8067	1460.6847	1.3333	1462.8247000000001
1680345	9000.0	10	6000.0	0.9067	1462.8247	1.5	1465.2314
1772179	9000.0	10	6000.0	0.9067	1465.2314	1.5	1467.6381
1730083	8000.0	10	6000.0	0.8067	1467.6381	1.3333	1469.7781
1847107	8000.0	10	6000.0	0.8067	1469.7781	1.3333	1471.9181
1720118	8000.0	10	6000.0	0.8067	1471.9181	1.3333	1474.0581000000002
1836029	8000.0	10	6000.0	0.8067	1474.0581	1.3333	1476.1981
1826649	5000.0	10	6000.0	0.5067	1476.1981	0.8333	1477.5381
1665866	3000.0	10	6000.0	0.3067	1477.5381	0.5	1478.3448
1768507	10000.0	10	6000.0	1.0067	1478.3448	1.6667	1481.0182
1686624	8000.0	10	6000.0	0.8067	1481.0182	1.3333	1483.1582
1773737	8000.0	10	6000.0	0.8067	1483.1582	1.3333	1485.2982000000002
1733575	10000.0	10	6000.0	1.0067	1485.2982	1.6667	1487.9715999999999
1660657	3000.0	10	6000.0	0.3067	1487.9716	0.5	1488.7783000000002
1831163	10000.0	10	6000.0	1.0067	1488.7783	1.6667	1491.4516999999998
1669806	3000.0	10	6000.0	0.3067	1491.4517	0.5	1492.2584000000002
1771110	10000.0	10	6000.0	1.0067	1492.2584	1.6667	1494.9317999999998
1672965	3000.0	10	6000.0	0.3067	1494.9318	0.5	1495.7385000000002
1830347	10000.0	10	6000.0	1.0067	1495.7385	1.6667	1498.4118999999998
1667823	9000.0	10	6000.0	0.9067	1498.4119	1.5	1500.8186
1729049	3000.0	10	6000.0	0.3067	1500.8186	0.5	1501.6253000000002
1769760	6000.0	10	6000.0	0.6067	1501.6253	1.0	1503.232
1686549	9000.0	10	6000.0	0.9067	1503.232	1.5	1505.6387
1755316	8000.0	10	6000.0	0.8067	1505.6387	1.3333	1507.7787
1680594	10000.0	10	6000.0	1.0067	1507.7787	1.6667	1510.4521
1732952	10000.0	10	6000.0	1.0067	1510.4521	1.6667	1513.1254999999999
1680614	9000.0	10	6000.0	0.9067	1513.1255	1.5	1515.5322
1757104	10000.0	10	6000.0	1.0067	1515.5322	1.6667	1518.2056
1849002	7000.0	10	6000.0	0.7067	1518.2056	1.1667	1520.079
1672473	3000.0	10	6000.0	0.3067	1520.079	0.5	1520.8857
1764634	3000.0	10	6000.0	0.3067	1520.8857	0.5	1521.6924000000001
1759118	5000.0	10	6000.0	0.5067	1521.6924	0.8333	1523.0323999999998
1782969	9000.0	10	6000.0	0.9067	1523.0324	1.5	1525.4391
1764296	4000.0	10	6000.0	0.4067	1525.4391	0.6667	1526.5125
1829612	4000.0	10	6000.0	0.4067	1526.5125	0.6667	1527.5859
1833155	6000.0	10	6000.0	0.6067	1527.5859	1.0	1529.1926
1782954	3000.0	10	6000.0	0.3067	1529.1926	0.5	1529.9993000000002
1832333	9000.0	10	6000.0	0.9067	1529.9993	1.5	1532.406
1822504	4000.0	10	6000.0	0.4067	1532.406	0.6667	1533.4794
1763252	9000.0	10	6000.0	0.9067	1533.4794	1.5	1535.8861
1772827	3000.0	10	6000.0	0.3067	1535.8861	0.5	1536.6928
1727276	2000.0	10	6000.0	0.2067	1536.6928	0.3333	1537.2328
1736422	9000.0	10	6000.0	0.9067	1537.2328	1.5	1539.6395
1764971	8000.0	10	6000.0	0.8067	1539.6395	1.3333	1541.7795
1674698	4000.0	10	6000.0	0.4067	1541.7795	0.6667	1542.8529
1850079	9000.0	10	6000.0	0.9067	1542.8529	1.5	1545.2596
1668166	1000.0	10	6000.0	0.1067	1545.2596	0.1667	1545.5330000000001
1784406	4000.0	10	6000.0	0.4067	1545.533	0.6667	1546.6064
1674775	9000.0	10	6000.0	0.9067	1546.6064	1.5	1549.0131
1664159	9000.0	10	6000.0	0.9067	1549.0131	1.5	1551.4198
1754785	2000.0	10	6000.0	0.2067	1551.4198	0.3333	1551.9597999999999
1733232	3000.0	10	6000.0	0.3067	1551.9598	0.5	1552.7665000000002
1783430	4000.0	10	6000.0	0.4067	1552.7665	0.6667	1553.8399
1789113	3000.0	10	6000.0	0.3067	1553.8399	0.5	1554.6466
1753211	3000.0	10	6000.0	0.3067	1554.6466	0.5	1555.4533000000001
1791083	10000.0	10	6000.0	1.0067	1555.4533	1.6667	1558.1266999999998
1769852	6000.0	10	6000.0	0.6067	1558.1267	1.0	1559.7334
1791125	8000.0	10	6000.0	0.8067	1559.7334	1.3333	1561.8734000000002
1680021	7000.0	10	6000.0	0.7067	1561.8734	1.1667	1563.7468
1775844	10000.0	10	6000.0	1.0067	1563.7468	1.6667	1566.4201999999998
1718930	5000.0	10	6000.0	0.5067	1566.4202	0.8333	1567.7602
1819198	8000.0	10	6000.0	0.8067	1567.7602	1.3333	1569.9002
1763813	9000.0	10	6000.0	0.9067	1569.9002	1.5	1572.3069
1762944	4000.0	10	6000.0	0.4067	1572.3069	0.6667	1573.3803
1834191	6000.0	10	6000.0	0.6067	1573.3803	1.0	1574.987
1756797	4000.0	10	6000.0	0.4067	1574.987	0.6667	1576.0604
1771451	3000.0	10	6000.0	0.3067	1576.0604	0.5	1576.8671000000002
1725030	4000.0	10	6000.0	0.4067	1576.8671	0.6667	1577.9405
1679984	10000.0	10	6000.0	1.0067	1577.9405	1.6667	1580.6138999999998
1761566	4000.0	10	6000.0	0.4067	1580.6139	0.6667	1581.6873
1666442	4000.0	10	6000.0	0.4067	1581.6873	0.6667	1582.7607
1674221	2000.0	10	6000.0	0.2067	1582.7607	0.3333	1583.3007
1764338	10000.0	10	6000.0	1.0067	1583.3007	1.6667	1585.9741
1761968	10000.0	10	6000.0	1.0067	1585.9741	1.6667	1588.6474999999998
1668413	3000.0	10	6000.0	0.3067	1588.6475	0.5	1589.4542000000001
1759244	5000.0	10	6000.0	0.5067	1589.4542	0.8333	1590.7941999999998
1815547	9000.0	10	6000.0	0.9067	1590.7942	1.5	1593.2009
1676919	10000.0	10	6000.0	1.0067	1593.2009	1.6667	1595.8743
1727184	3000.0	10	6000.0	0.3067	1595.8743	0.5	1596.681
1756021	9000.0	10	6000.0	0.9067	1596.681	1.5	1599.0877
1733165	4000.0	10	6000.0	0.4067	1599.0877	0.6667	1600.1611
1822270	8000.0	10	6000.0	0.8067	1600.1611	1.3333	1602.3011000000001
1829036	5000.0	10	6000.0	0.5067	1602.3011	0.8333	1603.6410999999998
1723462	4000.0	10	6000.0	0.4067	1603.6411	0.6667	1604.7145
1727696	9000.0	10	6000.0	0.9067	1604.7145	1.5	1607.1212
1772594	8000.0	10	6000.0	0.8067	1607.1212	1.3333	1609.2612000000001
1836044	3000.0	10	6000.0	0.3067	1609.2612	0.5	1610.0679
1791032	9000.0	10	6000.0	0.9067	1610.0679	1.5	1612.4746
1674318	8000.0	10	6000.0	0.8067	1612.4746	1.3333	1614.6146
1679777	9000.0	10	6000.0	0.9067	1614.6146	1.5	1617.0213
1660547	3000.0	10	6000.0	0.3067	1617.0213	0.5	1617.8280000000002
1776034	8000.0	10	6000.0	0.8067	1617.828	1.3333	1619.968
1674392	9000.0	10	6000.0	0.9067	1619.968	1.5	1622.3747
1686882	9000.0	10	6000.0	0.9067	1622.3747	1.5	1624.7814
1736588	4000.0	10	6000.0	0.4067	1624.7814	0.6667	1625.8548
1820702	4000.0	10	6000.0	0.4067	1625.8548	0.6667	1626.9282
1774759	5000.0	10	6000.0	0.5067	1626.9282	0.8333	1628.2682
1733076	8000.0	10	6000.0	0.8067	1628.2682	1.3333	1630.4082
1789017	4000.0	10	6000.0	0.4067	1630.4082	0.6667	1631.4816
1729817	4000.0	10	6000.0	0.4067	1631.4816	0.6667	1632.555
1733039	2000.0	10	6000.0	0.2067	1632.555	0.3333	1633.095
1768116	3000.0	10	6000.0	0.3067	1633.095	0.5	1633.9017000000001
1664198	4000.0	10	6000.0	0.4067	1633.9017	0.6667	1634.9750999999999
1729422	3000.0	10	6000.0	0.3067	1634.9751	0.5	1635.7818000000002
1846553	10000.0	10	6000.0	1.0067	1635.7818	1.6667	1638.4551999999999
1770026	8000.0	10	6000.0	0.8067	1638.4552	1.3333	1640.5952000000002
1728181	3000.0	10	6000.0	0.3067	1640.5952	0.5	1641.4019
1825436	1000.0	10	6000.0	0.1067	1641.4019	0.1667	1641.6753
1666108	7000.0	10	6000.0	0.7067	1641.6753	1.1667	1643.5487
1666468	4000.0	10	6000.0	0.4067	1643.5487	0.6667	1644.6221
1667924	10000.0	10	6000.0	1.0067	1644.6221	1.6667	1647.2955
1759338	4000.0	10	6000.0	0.4067	1647.2955	0.6667	1648.3689
1768266	10000.0	10	6000.0	1.0067	1648.3689	1.6667	1651.0422999999998
1783793	9000.0	10	6000.0	0.9067	1651.0423	1.5	1653.449
1768455	4000.0	10	6000.0	0.4067	1653.449	0.6667	1654.5224
1766136	6000.0	10	6000.0	0.6067	1654.5224	1.0	1656.1291
1828800	9000.0	10	6000.0	0.9067	1656.1291	1.5	1658.5358
1676965	6000.0	10	6000.0	0.6067	1658.5358	1.0	1660.1425000000002
1783201	3000.0	10	6000.0	0.3067	1660.1425	0.5	1660.9492
1829666	4000.0	10	6000.0	0.4067	1660.9492	0.6667	1662.0226
1722855	3000.0	10	6000.0	0.3067	1662.0226	0.5	1662.8293
1680211	7000.0	10	6000.0	0.7067	1662.8293	1.1667	1664.7027
1762681	3000.0	10	6000.0	0.3067	1664.7027	0.5	1665.5094000000001
1754926	6000.0	10	6000.0	0.6067	1665.5094	1.0	1667.1161
1849987	9000.0	10	6000.0	0.9067	1667.1161	1.5	1669.5228
1771333	2000.0	10	6000.0	0.2067	1669.5228	0.3333	1670.0628
1734766	2000.0	10	6000.0	0.2067	1670.0628	0.3333	1670.6028
1730106	4000.0	10	6000.0	0.4067	1670.6028	0.6667	1671.6761999999999
1823110	8000.0	10	6000.0	0.8067	1671.6762	1.3333	1673.8162000000002
1728750	6000.0	10	6000.0	0.6067	1673.8162	1.0	1675.4229
1768768	9000.0	10	6000.0	0.9067	1675.4229	1.5	1677.8296
1768717	2000.0	10	6000.0	0.2067	1677.8296	0.3333	1678.3696
1757283	7000.0	10	6000.0	0.7067	1678.3696	1.1667	1680.243
1755391	9000.0	10	6000.0	0.9067	1680.243	1.5	1682.6497
1830650	3000.0	10	6000.0	0.3067	1682.6497	0.5	1683.4564
1851591	7000.0	10	6000.0	0.7067	1683.4564	1.1667	1685.3298
1835505	2000.0	10	6000.0	0.2067	1685.3298	0.3333	1685.8698
1730250	8000.0	10	6000.0	0.8067	1685.8698	1.3333	1688.0098
1782628	8000.0	10	6000.0	0.8067	1688.0098	1.3333	1690.1498000000001
1759026	1000.0	10	6000.0	0.1067	1690.1498	0.1667	1690.4232
1820579	4000.0	10	6000.0	0.4067	1690.4232	0.6667	1691.4966
1761642	3000.0	10	6000.0	0.3067	1691.4966	0.5	1692.3033
1784900	4000.0	10	6000.0	0.4067	1692.3033	0.6667	1693.3767
1784859	2000.0	10	6000.0	0.2067	1693.3767	0.3333	1693.9167
1674836	2000.0	10	6000.0	0.2067	1693.9167	0.3333	1694.4567
1825907	9000.0	10	6000.0	0.9067	1694.4567	1.5	1696.8634
1680741	5000.0	10	6000.0	0.5067	1696.8634	0.8333	1698.2033999999999
1679330	3000.0	10	6000.0	0.3067	1698.2034	0.5	1699.0101000000002
1660951	10000.0	10	6000.0	1.0067	1699.0101	1.6667	1701.6834999999999
1835494	5000.0	10	6000.0	0.5067	1701.6835	0.8333	1703.0235
1686327	5000.0	10	6000.0	0.5067	1703.0235	0.8333	1704.3635
1824273	3000.0	10	6000.0	0.3067	1704.3635	0.5	1705.1702
1819637	5000.0	10	6000.0	0.5067	1705.1702	0.8333	1706.5102
1666278	10000.0	10	6000.0	1.0067	1706.5102	1.6667	1709.1835999999998
1731944	9000.0	10	6000.0	0.9067	1709.1836	1.5	1711.5903
1664759	7000.0	10	6000.0	0.7067	1711.5903	1.1667	1713.4637
1726551	4000.0	10	6000.0	0.4067	1713.4637	0.6667	1714.5371
1779413	4000.0	10	6000.0	0.4067	1714.5371	0.6667	1715.6105
1765051	8000.0	10	6000.0	0.8067	1715.6105	1.3333	1717.7505
1686151	4000.0	10	6000.0	0.4067	1717.7505	0.6667	1718.8239
1732807	9000.0	10	6000.0	0.9067	1718.8239	1.5	1721.2306
1785012	3000.0	10	6000.0	0.3067	1721.2306	0.5	1722.0373000000002
1734651	6000.0	10	6000.0	0.6067	1722.0373	1.0	1723.644
1674888	6000.0	10	6000.0	0.6067	1723.644	1.0	1725.2507
1830780	3000.0	10	6000.0	0.3067	1725.2507	0.5	1726.0574000000001
1828430	4000.0	10	6000.0	0.4067	1726.0574	0.6667	1727.1308
1815999	5000.0	10	6000.0	0.5067	1727.1308	0.8333	1728.4707999999998
1663591	8000.0	10	6000.0	0.8067	1728.4708	1.3333	1730.6108000000002
1790385	9000.0	10	6000.0	0.9067	1730.6108	1.5	1733.0175
1834452	9000.0	10	6000.0	0.9067	1733.0175	1.5	1735.4242
1790191	8000.0	10	6000.0	0.8067	1735.4242	1.3333	1737.5642
1851125	3000.0	10	6000.0	0.3067	1737.5642	0.5	1738.3709000000001
1769676	7000.0	10	6000.0	0.7067	1738.3709	1.1667	1740.2442999999998
1761239	3000.0	10	6000.0	0.3067	1740.2443	0.5	1741.0510000000002
1680809	8000.0	10	6000.0	0.8067	1741.051	1.3333	1743.191
1680862	5000.0	10	6000.0	0.5067	1743.191	0.8333	1744.531
1666564	9000.0	10	6000.0	0.9067	1744.531	1.5	1746.9377
1753274	4000.0	10	6000.0	0.4067	1746.9377	0.6667	1748.0111
1820600	7000.0	10	6000.0	0.7067	1748.0111	1.1667	1749.8845
1753817	9000.0	10	6000.0	0.9067	1749.8845	1.5	1752.2912
1771024	9000.0	10	6000.0	0.9067	1752.2912	1.5	1754.6979
1779406	8000.0	10	6000.0	0.8067	1754.6979	1.3333	1756.8379
1674041	6000.0	10	6000.0	0.6067	1756.8379	1.0	1758.4446
1673768	10000.0	10	6000.0	1.0067	1758.4446	1.6667	1761.118
1724642	7000.0	10	6000.0	0.7067	1761.118	1.1667	1762.9913999999999
1848920	4000.0	10	6000.0	0.4067	1762.9914	0.6667	1764.0648
1729392	3000.0	10	6000.0	0.3067	1764.0648	0.5	1764.8715000000002
1767761	9000.0	10	6000.0	0.9067	1764.8715	1.5	1767.2782
1760310	4000.0	10	6000.0	0.4067	1767.2782	0.6667	1768.3516
1851078	9000.0	10	6000.0	0.9067	1768.3516	1.5	1770.7583
1776550	2000.0	10	6000.0	0.2067	1770.7583	0.3333	1771.2983
1727766	9000.0	10	6000.0	0.9067	1771.2983	1.5	1773.705
1753374	8000.0	10	6000.0	0.8067	1773.705	1.3333	1775.845
1733738	3000.0	10	6000.0	0.3067	1775.845	0.5	1776.6517000000001
1767875	4000.0	10	6000.0	0.4067	1776.6517	0.6667	1777.7250999999999
1830020	10000.0	10	6000.0	1.0067	1777.7251	1.6667	1780.3985
1850587	8000.0	10	6000.0	0.8067	1780.3985	1.3333	1782.5385
1845872	2000.0	10	6000.0	0.2067	1782.5385	0.3333	1783.0785
1660835	9000.0	10	6000.0	0.9067	1783.0785	1.5	1785.4852
1827111	7000.0	10	6000.0	0.7067	1785.4852	1.1667	1787.3586
1757118	10000.0	10	6000.0	1.0067	1787.3586	1.6667	1790.032
1848610	7000.0	10	6000.0	0.7067	1790.032	1.1667	1791.9053999999999
1668232	9000.0	10	6000.0	0.9067	1791.9054	1.5	1794.3121
1770934	2000.0	10	6000.0	0.2067	1794.3121	0.3333	1794.8521
1790078	4000.0	10	6000.0	0.4067	1794.8521	0.6667	1795.9255
1725550	5000.0	10	6000.0	0.5067	1795.9255	0.8333	1797.2655
1815862	10000.0	10	6000.0	1.0067	1797.2655	1.6667	1799.9388999999999
1782776	10000.0	10	6000.0	1.0067	1799.9389	1.6667	1802.6123
1830065	8000.0	10	6000.0	0.8067	1802.6123	1.3333	1804.7523
1675037	4000.0	10	6000.0	0.4067	1804.7523	0.6667	1805.8257
1784711	4000.0	10	6000.0	0.4067	1805.8257	0.6667	1806.8991
1770921	3000.0	10	6000.0	0.3067	1806.8991	0.5	1807.7058000000002
1660809	8000.0	10	6000.0	0.8067	1807.7058	1.3333	1809.8458
1686399	6000.0	10	6000.0	0.6067	1809.8458	1.0	1811.4525
1672917	4000.0	10	6000.0	0.4067	1811.4525	0.6667	1812.5259
1680624	8000.0	10	6000.0	0.8067	1812.5259	1.3333	1814.6659000000002
1766031	4000.0	10	6000.0	0.4067	1814.6659	0.6667	1815.7393
1730690	8000.0	10	6000.0	0.8067	1815.7393	1.3333	1817.8793
1773842	4000.0	10	6000.0	0.4067	1817.8793	0.6667	1818.9527
1824995	10000.0	10	6000.0	1.0067	1818.9527	1.6667	1821.6261
1682963	4000.0	10	6000.0	0.4067	1821.6261	0.6667	1822.6995
