9369230	177000.0	0	500.0	17.7	0	354.0	371.7
9369837	178000.0	0	500.0	17.8	371.7	356.0	745.5
9365138	126000.0	0	500.0	12.6	745.5	252.0	1010.1
9369338	164000.0	0	500.0	16.4	1010.1	328.0	1354.5
9367140	131000.0	0	500.0	13.1	1354.5	262.0	1629.6
9367565	131000.0	0	500.0	13.1	1629.6	262.0	1904.6999999999998
9369098	148000.0	0	500.0	14.8	1904.7	296.0	2215.5
9369138	150000.0	0	500.0	15.0	2215.5	300.0	2530.5
9365234	138000.0	0	500.0	13.8	2530.5	276.0	2820.3
9364795	129000.0	0	500.0	12.9	2820.3	258.0	3091.2000000000003
9364807	141000.0	0	500.0	14.1	3091.2	282.0	3387.2999999999997
9369715	138000.0	0	500.0	13.8	3387.3	276.0	3677.1000000000004
9366303	146000.0	0	500.0	14.6	3677.1	292.0	3983.7
9369401	158000.0	0	500.0	15.8	3983.7	316.0	4315.5
9369816	154000.0	0	500.0	15.4	4315.5	308.0	4638.9
9368728	134000.0	0	500.0	13.4	4638.9	268.0	4920.299999999999
9369435	145000.0	0	500.0	14.5	4920.3	290.0	5224.8
9364612	142000.0	0	500.0	14.2	5224.8	284.0	5523.0
9364725	135000.0	0	500.0	13.5	5523.0	270.0	5806.5
9364747	135000.0	0	500.0	13.5	5806.5	270.0	6090.0
9368923	130000.0	0	500.0	13.0	6090.0	260.0	6363.0
9364710	185000.0	0	500.0	18.5	6363.0	370.0	6751.5
9364376	150000.0	0	500.0	15.0	6751.5	300.0	7066.5
9368496	147000.0	0	500.0	14.7	7066.5	294.0	7375.2
9368944	154000.0	0	500.0	15.4	7375.2	308.0	7698.599999999999
9368479	140000.0	0	500.0	14.0	7698.6	280.0	7992.6
9367812	136000.0	0	500.0	13.6	7992.6	272.0	8278.2
9368018	9000.0	0	500.0	0.9	8278.2	18.0	8297.1
9367990	145000.0	0	500.0	14.5	8297.1	290.0	8601.6
9364229	150000.0	0	500.0	15.0	8601.6	300.0	8916.6
9367703	134000.0	0	500.0	13.4	8916.6	268.0	9198.0
9365332	159000.0	0	500.0	15.9	9198.0	318.0	9531.9
9368191	134000.0	0	500.0	13.4	9531.9	268.0	9813.3
9366634	159000.0	1	500.0	15.9	0	318.0	333.9
9368069	164000.0	1	500.0	16.4	333.9	328.0	678.3
9366378	123000.0	1	500.0	12.3	678.3	246.0	936.5999999999999
9369932	135000.0	1	500.0	13.5	936.6	270.0	1220.1
9367569	144000.0	1	500.0	14.4	1220.1	288.0	1522.5
9366488	142000.0	1	500.0	14.2	1522.5	284.0	1820.7
9369120	151000.0	1	500.0	15.1	1820.7	302.0	2137.8
9368743	145000.0	1	500.0	14.5	2137.8	290.0	2442.3
9364871	145000.0	1	500.0	14.5	2442.3	290.0	2746.8
9367050	137000.0	1	500.0	13.7	2746.8	274.0	3034.5
9367258	140000.0	1	500.0	14.0	3034.5	280.0	3328.5
9366115	153000.0	1	500.0	15.3	3328.5	306.0	3649.8
9369430	145000.0	1	500.0	14.5	3649.8	290.0	3954.3
9369367	147000.0	1	500.0	14.7	3954.3	294.0	4263.0
9364585	145000.0	1	500.0	14.5	4263.0	290.0	4567.5
9366310	136000.0	1	500.0	13.6	4567.5	272.0	4853.1
9368917	130000.0	1	500.0	13.0	4853.1	260.0	5126.1
9367231	148000.0	1	500.0	14.8	5126.1	296.0	5436.900000000001
9366761	145000.0	1	500.0	14.5	5436.9	290.0	5741.4
9369535	126000.0	1	500.0	12.6	5741.4	252.0	6006.0
9368766	158000.0	1	500.0	15.8	6006.0	316.0	6337.8
9368924	131000.0	1	500.0	13.1	6337.8	262.0	6612.900000000001
9368037	149000.0	1	500.0	14.9	6612.9	298.0	6925.799999999999
9367862	132000.0	1	500.0	13.2	6925.8	264.0	7203.0
9370028	137000.0	1	500.0	13.7	7203.0	274.0	7490.7
9364507	148000.0	1	500.0	14.8	7490.7	296.0	7801.5
9368428	151000.0	1	500.0	15.1	7801.5	302.0	8118.6
9364013	124000.0	1	500.0	12.4	8118.6	248.0	8379.0
9366910	146000.0	1	500.0	14.6	8379.0	292.0	8685.6
9364133	141000.0	1	500.0	14.1	8685.6	282.0	8981.7
9366552	161000.0	1	500.0	16.1	8981.7	322.0	9319.800000000001
9364279	150000.0	1	500.0	15.0	9319.8	300.0	9634.8
9367625	146000.0	1	500.0	14.6	9634.8	292.0	9941.4
9368245	139000.0	1	500.0	13.9	9941.4	278.0	10233.3
9365286	154000.0	1	500.0	15.4	10233.3	308.0	10556.699999999999
9367158	144000.0	2	1000.0	14.4	0	144.0	158.4
9369823	10000.0	2	1000.0	1.0	158.4	10.0	169.4
9366497	128000.0	2	1000.0	12.8	169.4	128.0	310.20000000000005
9365859	12000.0	2	1000.0	1.2	310.2	12.0	323.4
9369105	153000.0	2	1000.0	15.3	323.4	153.0	491.7
9369608	131000.0	2	1000.0	13.1	491.7	131.0	635.8
9368899	182000.0	2	1000.0	18.2	635.8	182.0	836.0
9369630	128000.0	2	1000.0	12.8	836.0	128.0	976.8
9366705	118000.0	2	1000.0	11.8	976.8	118.0	1106.6
9366290	129000.0	2	1000.0	12.9	1106.6	129.0	1248.5
9368767	150000.0	2	1000.0	15.0	1248.5	150.0	1413.5
9369485	144000.0	2	1000.0	14.4	1413.5	144.0	1571.9
9367025	152000.0	2	1000.0	15.2	1571.9	152.0	1739.1000000000001
9365416	147000.0	2	1000.0	14.7	1739.1	147.0	1900.8
9365389	145000.0	2	1000.0	14.5	1900.8	145.0	2060.3
9366530	131000.0	2	1000.0	13.1	2060.3	131.0	2204.4
9365489	145000.0	2	1000.0	14.5	2204.4	145.0	2363.9
9368542	142000.0	2	1000.0	14.2	2363.9	142.0	2520.1
9368548	131000.0	2	1000.0	13.1	2520.1	131.0	2664.2
9363989	130000.0	2	1000.0	13.0	2664.2	130.0	2807.2
9367622	146000.0	2	1000.0	14.6	2807.2	146.0	2967.7999999999997
9365288	121000.0	2	1000.0	12.1	2967.8	121.0	3100.9
9369236	137000.0	3	1000.0	13.7	0	137.0	150.7
9368111	142000.0	3	1000.0	14.2	150.7	142.0	306.9
9366395	148000.0	3	1000.0	14.8	306.9	148.0	469.7
9364073	145000.0	3	1000.0	14.5	469.7	145.0	629.2
9365140	136000.0	3	1000.0	13.6	629.2	136.0	778.8000000000001
9368714	159000.0	3	1000.0	15.9	778.8	159.0	953.6999999999999
9368779	129000.0	3	1000.0	12.9	953.7	129.0	1095.6
9368750	142000.0	3	1000.0	14.2	1095.6	142.0	1251.8
9369100	145000.0	3	1000.0	14.5	1251.8	145.0	1411.3
9369155	147000.0	3	1000.0	14.7	1411.3	147.0	1573.0
9366995	137000.0	3	1000.0	13.7	1573.0	137.0	1723.7
9369593	135000.0	3	1000.0	13.5	1723.7	135.0	1872.2
9366178	159000.0	3	1000.0	15.9	1872.2	159.0	2047.1000000000001
9364997	135000.0	3	1000.0	13.5	2047.1	135.0	2195.6
9369712	152000.0	3	1000.0	15.2	2195.6	152.0	2362.7999999999997
9369657	151000.0	3	1000.0	15.1	2362.8	151.0	2528.9
9366029	157000.0	3	1000.0	15.7	2528.9	157.0	2701.6
9364617	142000.0	3	1000.0	14.2	2701.6	142.0	2857.7999999999997
9369354	141000.0	3	1000.0	14.1	2857.8	141.0	3012.9
9366234	143000.0	3	1000.0	14.3	3012.9	143.0	3170.2000000000003
9364697	135000.0	3	1000.0	13.5	3170.2	135.0	3318.7
9364322	139000.0	3	1000.0	13.9	3318.7	139.0	3471.6
9368065	129000.0	3	1000.0	12.9	3471.6	129.0	3613.5
9365384	167000.0	3	1000.0	16.7	3613.5	167.0	3797.2
9367868	141000.0	3	1000.0	14.1	3797.2	141.0	3952.2999999999997
9365492	131000.0	3	1000.0	13.1	3952.3	131.0	4096.4
9365507	147000.0	3	1000.0	14.7	4096.4	147.0	4258.099999999999
9366561	11000.0	3	1000.0	1.1	4258.1	11.0	4270.200000000001
9365434	141000.0	3	1000.0	14.1	4270.2	141.0	4425.3
9365655	145000.0	3	1000.0	14.5	4425.3	145.0	4584.8
9365350	148000.0	3	1000.0	14.8	4584.8	148.0	4747.6
9370013	130000.0	3	1000.0	13.0	4747.6	130.0	4890.6
9367705	139000.0	3	1000.0	13.9	4890.6	139.0	5043.5
9368283	134000.0	3	1000.0	13.4	5043.5	134.0	5190.9
9368235	148000.0	3	1000.0	14.8	5190.9	148.0	5353.7
9363974	138000.0	3	1000.0	13.8	5353.7	138.0	5505.5
9368274	151000.0	3	1000.0	15.1	5505.5	151.0	5671.6
9365343	112000.0	3	1000.0	11.2	5671.6	112.0	5794.8
9369234	138000.0	4	4000.0	13.8038	0	34.5	48.3038
9369827	158000.0	4	4000.0	15.8038	48.3038	39.5	103.6076
9366343	141000.0	4	4000.0	14.1038	103.6076	35.25	152.9614
9366659	140000.0	4	4000.0	14.0038	152.9614	35.0	201.9652
9364535	140000.0	4	4000.0	14.0038	201.9652	35.0	250.96900000000002
9367560	134000.0	4	4000.0	13.4038	250.969	33.5	297.8728
9369076	140000.0	4	4000.0	14.0038	297.8728	35.0	346.8766
9369086	144000.0	4	4000.0	14.4038	346.8766	36.0	397.2804
9369163	136000.0	4	4000.0	13.6038	397.2804	34.0	444.88419999999996
9368126	124000.0	4	4000.0	12.4038	444.8842	31.0	488.288
9369904	11000.0	4	4000.0	1.1038	488.288	2.75	492.1418
9369126	168000.0	4	4000.0	16.8038	492.1418	42.0	550.9456
9369131	147000.0	4	4000.0	14.7038	550.9456	36.75	602.3994
9366665	155000.0	4	4000.0	15.5038	602.3994	38.75	656.6532
9364852	137000.0	4	4000.0	13.7038	656.6532	34.25	704.607
9369649	151000.0	4	4000.0	15.1038	704.607	37.75	757.4608
9366109	153000.0	4	4000.0	15.3038	757.4608	38.25	811.0146
9367361	128000.0	4	4000.0	12.8038	811.0146	32.0	855.8184
9367195	137000.0	4	4000.0	13.7038	855.8184	34.25	903.7722
9366321	169000.0	4	4000.0	16.9038	903.7722	42.25	962.926
9367064	135000.0	4	4000.0	13.5038	962.926	33.75	1010.1798
9369957	151000.0	4	4000.0	15.1038	1010.1798	37.75	1063.0336
9368484	139000.0	4	4000.0	13.9038	1063.0336	34.75	1111.6874
9365661	130000.0	4	4000.0	13.0038	1111.6874	32.5	1157.1912
9365684	134000.0	4	4000.0	13.4038	1157.1912	33.5	1204.095
9367748	168000.0	4	4000.0	16.8038	1204.095	42.0	1262.8988
9368373	132000.0	4	4000.0	13.2038	1262.8988	33.0	1309.1026
9367778	176000.0	4	4000.0	17.6038	1309.1026	44.0	1370.7064
9365616	140000.0	4	4000.0	14.0038	1370.7064	35.0	1419.7102
9365766	126000.0	4	4000.0	12.6038	1419.7102	31.5	1463.814
9368226	133000.0	4	4000.0	13.3038	1463.814	33.25	1510.3678
9366523	141000.0	4	4000.0	14.1038	1510.3678	35.25	1559.7216
9369861	194000.0	5	4000.0	19.4038	0	48.5	67.9038
9365199	135000.0	5	4000.0	13.5038	67.9038	33.75	115.1576
9366386	149000.0	5	4000.0	14.9038	115.1576	37.25	167.3114
9366631	144000.0	5	4000.0	14.4038	167.3114	36.0	217.71519999999998
9365945	160000.0	5	4000.0	16.0038	217.7152	40.0	273.719
9365220	156000.0	5	4000.0	15.6038	273.719	39.0	328.3228
9368725	180000.0	5	4000.0	18.0038	328.3228	45.0	391.3266
9365232	136000.0	5	4000.0	13.6038	391.3266	34.0	438.93039999999996
9369758	138000.0	5	4000.0	13.8038	438.9304	34.5	487.23420000000004
9366771	131000.0	5	4000.0	13.1038	487.2342	32.75	533.088
9368848	165000.0	5	4000.0	16.5038	533.088	41.25	590.8417999999999
9364893	9000.0	5	4000.0	0.9038	590.8418	2.25	593.9956000000001
9364333	142000.0	5	4000.0	14.2038	593.9956	35.5	643.6994
9367963	142000.0	5	4000.0	14.2038	643.6994	35.5	693.4032
9364067	149000.0	5	4000.0	14.9038	693.4032	37.25	745.557
9368834	156000.0	5	4000.0	15.6038	745.557	39.0	800.1608
9366592	142000.0	5	4000.0	14.2038	800.1608	35.5	849.8646
9368692	132000.0	6	5000.0	13.2038	0	26.4	39.6038
9365886	122000.0	6	5000.0	12.2038	39.6038	24.4	76.2076
9365206	136000.0	6	5000.0	13.6038	76.2076	27.2	117.0114
9363946	139000.0	6	5000.0	13.9038	117.0114	27.8	158.7152
9365219	132000.0	6	5000.0	13.2038	158.7152	26.4	198.31900000000002
9366433	147000.0	6	5000.0	14.7038	198.319	29.4	242.4228
9369620	147000.0	6	5000.0	14.7038	242.4228	29.4	286.5266
9364806	127000.0	6	5000.0	12.7038	286.5266	25.4	324.63039999999995
9369694	160000.0	6	5000.0	16.0038	324.6304	32.0	372.6342
9368850	146000.0	6	5000.0	14.6038	372.6342	29.2	416.438
9369673	146000.0	6	5000.0	14.6038	416.438	29.2	460.24179999999996
9368748	10000.0	6	5000.0	1.0038	460.2418	2.0	463.2456
9366000	134000.0	6	5000.0	13.4038	463.2456	26.8	503.4494
9365098	139000.0	6	5000.0	13.9038	503.4494	27.8	545.1532
9367561	144000.0	6	5000.0	14.4038	545.1532	28.8	588.357
9368466	167000.0	6	5000.0	16.7038	588.357	33.4	638.4608
9367858	151000.0	6	5000.0	15.1038	638.4608	30.2	683.7646
9368414	153000.0	6	5000.0	15.3038	683.7646	30.6	729.6684
9368593	139000.0	6	5000.0	13.9038	729.6684	27.8	771.3722
9367991	150000.0	6	5000.0	15.0038	771.3722	30.0	816.376
9367927	144000.0	6	5000.0	14.4038	816.376	28.8	859.5798
9365465	135000.0	6	5000.0	13.5038	859.5798	27.0	900.0835999999999
9364189	141000.0	6	5000.0	14.1038	900.0836	28.2	942.3874000000001
9364516	132000.0	6	5000.0	13.2038	942.3874	26.4	981.9911999999999
9369009	146000.0	6	5000.0	14.6038	981.9912	29.2	1025.795
9366589	133000.0	6	5000.0	13.3038	1025.795	26.6	1065.6988
9369037	155000.0	6	5000.0	15.5038	1065.6988	31.0	1112.2025999999998
9366591	149000.0	6	5000.0	14.9038	1112.2026	29.8	1156.9064
9366412	140000.0	7	5000.0	14.0038	0	28.0	42.0038
9367155	160000.0	7	5000.0	16.0038	42.0038	32.0	90.0076
9365251	141000.0	7	5000.0	14.1038	90.0076	28.2	132.3114
9365228	177000.0	7	5000.0	17.7038	132.3114	35.4	185.4152
9369159	144000.0	7	5000.0	14.4038	185.4152	28.8	228.619
9363941	153000.0	7	5000.0	15.3038	228.619	30.6	274.5228
9369176	160000.0	7	5000.0	16.0038	274.5228	32.0	322.52660000000003
9369127	154000.0	7	5000.0	15.4038	322.5266	30.8	368.7304
9369914	138000.0	7	5000.0	13.8038	368.7304	27.6	410.1342
9369609	157000.0	7	5000.0	15.7038	410.1342	31.4	457.238
9364875	144000.0	7	5000.0	14.4038	457.238	28.8	500.4418
9364788	147000.0	7	5000.0	14.7038	500.4418	29.4	544.5455999999999
9366776	155000.0	7	5000.0	15.5038	544.5456	31.0	591.0494
9364775	132000.0	7	5000.0	13.2038	591.0494	26.4	630.6532
9367289	148000.0	7	5000.0	14.8038	630.6532	29.6	675.057
9367204	134000.0	7	5000.0	13.4038	675.057	26.8	715.2608
9365972	141000.0	7	5000.0	14.1038	715.2608	28.2	757.5646
9366686	153000.0	7	5000.0	15.3038	757.5646	30.6	803.4684000000001
9366696	135000.0	7	5000.0	13.5038	803.4684	27.0	843.9721999999999
9369524	130000.0	7	5000.0	13.0038	843.9722	26.0	882.976
9367399	153000.0	7	5000.0	15.3038	882.976	30.6	928.8798
9367401	155000.0	7	5000.0	15.5038	928.8798	31.0	975.3836
9369478	152000.0	7	5000.0	15.2038	975.3836	30.4	1020.9874
9367028	138000.0	7	5000.0	13.8038	1020.9874	27.6	1062.3911999999998
9367836	143000.0	7	5000.0	14.3038	1062.3912	28.6	1105.2949999999998
9368940	144000.0	7	5000.0	14.4038	1105.295	28.8	1148.4988
9368043	138000.0	7	5000.0	13.8038	1148.4988	27.6	1189.9026
9365491	153000.0	7	5000.0	15.3038	1189.9026	30.6	1235.8063999999997
9364280	126000.0	7	5000.0	12.6038	1235.8064	25.2	1273.6102
9364214	143000.0	7	5000.0	14.3038	1273.6102	28.6	1316.514
9368021	157000.0	7	5000.0	15.7038	1316.514	31.4	1363.6178
9368302	167000.0	7	5000.0	16.7038	1363.6178	33.4	1413.7216
9363995	137000.0	7	5000.0	13.7038	1413.7216	27.4	1454.8254000000002
9366958	133000.0	8	5000.0	13.3067	0	26.6	39.9067
9364561	148000.0	8	5000.0	14.8067	39.9067	29.6	84.3134
9366130	145000.0	8	5000.0	14.5067	84.3134	29.0	127.8201
9364825	135000.0	8	5000.0	13.5067	127.8201	27.0	168.3268
9369727	146000.0	8	5000.0	14.6067	168.3268	29.2	212.13349999999997
9366672	140000.0	8	5000.0	14.0067	212.1335	28.0	254.1402
9364596	127000.0	8	5000.0	12.7067	254.1402	25.4	292.2469
9366201	153000.0	8	5000.0	15.3067	292.2469	30.6	338.1536
9364679	139000.0	8	5000.0	13.9067	338.1536	27.8	379.8603
9366741	166000.0	8	5000.0	16.6067	379.8603	33.2	429.667
9364658	125000.0	8	5000.0	12.5067	429.667	25.0	467.1737
9367846	160000.0	8	5000.0	16.0067	467.1737	32.0	515.1804
9366841	140000.0	8	5000.0	14.0067	515.1804	28.0	557.1871
9367851	148000.0	8	5000.0	14.8067	557.1871	29.6	601.5938
9368800	8000.0	8	5000.0	0.8067	601.5938	1.6	604.0005
9365728	148000.0	8	5000.0	14.8067	604.0005	29.6	648.4072
9368975	137000.0	8	5000.0	13.7067	648.4072	27.4	689.5138999999999
9368968	145000.0	8	5000.0	14.5067	689.5139	29.0	733.0206000000001
9365611	136000.0	8	5000.0	13.6067	733.0206	27.2	773.8273
9369046	145000.0	8	5000.0	14.5067	773.8273	29.0	817.3340000000001
9365379	150000.0	8	5000.0	15.0067	817.334	30.0	862.3407
9368827	129000.0	8	5000.0	12.9067	862.3407	25.8	901.0473999999999
9364512	133000.0	8	5000.0	13.3067	901.0474	26.6	940.9541
9368677	146000.0	9	6000.0	14.6067	0	24.3333	38.94
9367493	131000.0	9	6000.0	13.1067	38.94	21.8333	73.88
9367183	120000.0	9	6000.0	12.0067	73.88	20.0	105.88669999999999
9368123	10000.0	9	6000.0	1.0067	105.8867	1.6667	108.5601
9366477	127000.0	9	6000.0	12.7067	108.5601	21.1667	142.4335
9365278	146000.0	9	6000.0	14.6067	142.4335	24.3333	181.3735
9368169	10000.0	9	6000.0	1.0067	181.3735	1.6667	184.0469
9365883	151000.0	9	6000.0	15.1067	184.0469	25.1667	224.32029999999997
9366460	132000.0	9	6000.0	13.2067	224.3203	22.0	259.52700000000004
9366424	151000.0	9	6000.0	15.1067	259.527	25.1667	299.80039999999997
9367042	137000.0	9	6000.0	13.7067	299.8004	22.8333	336.34040000000005
9369577	155000.0	9	6000.0	15.5067	336.3404	25.8333	377.6804
9369650	146000.0	9	6000.0	14.6067	377.6804	24.3333	416.6204
9369815	143000.0	9	6000.0	14.3067	416.6204	23.8333	454.7604
9369362	153000.0	9	6000.0	15.3067	454.7604	25.5	495.5671
9364580	172000.0	9	6000.0	17.2067	495.5671	28.6667	541.4404999999999
9364668	165000.0	9	6000.0	16.5067	541.4405	27.5	585.4472000000001
9368447	144000.0	9	6000.0	14.4067	585.4472	24.0	623.8539
9365415	170000.0	9	6000.0	17.0067	623.8539	28.3333	669.1939
9367747	132000.0	9	6000.0	13.2067	669.1939	22.0	704.4005999999999
9364313	136000.0	9	6000.0	13.6067	704.4006	22.6667	740.6740000000001
9367938	137000.0	9	6000.0	13.7067	740.674	22.8333	777.2139999999999
9365502	140000.0	9	6000.0	14.0067	777.214	23.3333	814.5540000000001
9366538	149000.0	9	6000.0	14.9067	814.554	24.8333	854.294
9364230	139000.0	9	6000.0	13.9067	854.294	23.1667	891.3674
9364231	132000.0	9	6000.0	13.2067	891.3674	22.0	926.5740999999999
9367668	148000.0	9	6000.0	14.8067	926.5741	24.6667	966.0475
9368261	143000.0	9	6000.0	14.3067	966.0475	23.8333	1004.1875
9368099	130000.0	10	6000.0	13.0067	0	21.6667	34.6734
9365971	138000.0	10	6000.0	13.8067	34.6734	23.0	71.4801
9369285	150000.0	10	6000.0	15.0067	71.4801	25.0	111.48679999999999
9367005	131000.0	10	6000.0	13.1067	111.4868	21.8333	146.42680000000001
9366965	157000.0	10	6000.0	15.7067	146.4268	26.1667	188.3002
9366952	142000.0	10	6000.0	14.2067	188.3002	23.6667	226.1736
9365224	9000.0	10	6000.0	0.9067	226.1736	1.5	228.5803
9365022	165000.0	10	6000.0	16.5067	228.5803	27.5	272.587
9364821	154000.0	10	6000.0	15.4067	272.587	25.6667	313.6604
9369710	154000.0	10	6000.0	15.4067	313.6604	25.6667	354.7338
9364913	156000.0	10	6000.0	15.6067	354.7338	26.0	396.34049999999996
9366034	160000.0	10	6000.0	16.0067	396.3405	26.6667	439.01390000000004
9368890	160000.0	10	6000.0	16.0067	439.0139	26.6667	481.6873
9364904	139000.0	10	6000.0	13.9067	481.6873	23.1667	518.7607
9369790	9000.0	10	6000.0	0.9067	518.7607	1.5	521.1674
9364613	129000.0	10	6000.0	12.9067	521.1674	21.5	555.5741
9369954	135000.0	10	6000.0	13.5067	555.5741	22.5	591.5808000000001
9364729	154000.0	10	6000.0	15.4067	591.5808	25.6667	632.6542
9367398	135000.0	10	6000.0	13.5067	632.6542	22.5	668.6609
9365072	135000.0	10	6000.0	13.5067	668.6609	22.5	704.6676
9366843	192000.0	10	6000.0	19.2067	704.6676	32.0	755.8743
9365667	151000.0	10	6000.0	15.1067	755.8743	25.1667	796.1477
9364468	151000.0	10	6000.0	15.1067	796.1477	25.1667	836.4211
9366826	140000.0	10	6000.0	14.0067	836.4211	23.3333	873.7611
9367757	147000.0	10	6000.0	14.7067	873.7611	24.5	912.9678
9365571	134000.0	10	6000.0	13.4067	912.9678	22.3333	948.7078
9365601	136000.0	10	6000.0	13.6067	948.7078	22.6667	984.9812000000001
9364083	146000.0	10	6000.0	14.6067	984.9812	24.3333	1023.9212
9368527	142000.0	10	6000.0	14.2067	1023.9212	23.6667	1061.7946
9364300	137000.0	10	6000.0	13.7067	1061.7946	22.8333	1098.3346
9364201	140000.0	10	6000.0	14.0067	1098.3346	23.3333	1135.6745999999998
9364208	138000.0	10	6000.0	13.8067	1135.6746	23.0	1172.4813000000001
9365618	154000.0	10	6000.0	15.4067	1172.4813	25.6667	1213.5547
9364970	140000.0	10	6000.0	14.0067	1213.5547	23.3333	1250.8946999999998
9366587	144000.0	10	6000.0	14.4067	1250.8947	24.0	1289.3014
9364515	133000.0	10	6000.0	13.3067	1289.3014	22.1667	1324.7748000000001
9370005	136000.0	10	6000.0	13.6067	1324.7748	22.6667	1361.0482
9368309	148000.0	10	6000.0	14.8067	1361.0482	24.6667	1400.5216
9363994	161000.0	10	6000.0	16.1067	1400.5216	26.8333	1443.4616
9368338	147000.0	10	6000.0	14.7067	1443.4616	24.5	1482.6683
9368119	141000.0	11	6000.0	14.1067	0	23.5	37.606700000000004
9368770	145000.0	11	6000.0	14.5067	37.6067	24.1667	76.2801
9366784	130000.0	11	6000.0	13.0067	76.2801	21.6667	110.95349999999999
9365254	133000.0	11	6000.0	13.3067	110.9535	22.1667	146.4269
9367100	174000.0	11	6000.0	17.4067	146.4269	29.0	192.8336
9365225	136000.0	11	6000.0	13.6067	192.8336	22.6667	229.10699999999997
9367520	129000.0	11	6000.0	12.9067	229.107	21.5	263.5137
9365240	138000.0	11	6000.0	13.8067	263.5137	23.0	300.32039999999995
9368662	9000.0	11	6000.0	0.9067	300.3204	1.5	302.7271
9369743	142000.0	11	6000.0	14.2067	302.7271	23.6667	340.6005
9364905	130000.0	11	6000.0	13.0067	340.6005	21.6667	375.2739
9364766	166000.0	11	6000.0	16.6067	375.2739	27.6667	419.5473
9366259	135000.0	11	6000.0	13.5067	419.5473	22.5	455.55400000000003
9368454	12000.0	11	6000.0	1.2067	455.554	2.0	458.7607
9364177	136000.0	11	6000.0	13.6067	458.7607	22.6667	495.03409999999997
9364116	173000.0	11	6000.0	17.3067	495.0341	28.8333	541.1741000000001
9365647	132000.0	11	6000.0	13.2067	541.1741	22.0	576.3807999999999
9368036	131000.0	11	6000.0	13.1067	576.3808	21.8333	611.3208000000001
9366885	127000.0	11	6000.0	12.7067	611.3208	21.1667	645.1941999999999
9368796	142000.0	11	6000.0	14.2067	645.1942	23.6667	683.0676
9368977	147000.0	11	6000.0	14.7067	683.0676	24.5	722.2742999999999
9369869	137000.0	12	6000.0	13.7	0	22.8333	36.5333
9366363	130000.0	12	6000.0	13.0	36.5333	21.6667	71.19999999999999
9365965	139000.0	12	6000.0	13.9	71.2	23.1667	108.26670000000001
9367127	135000.0	12	6000.0	13.5	108.2667	22.5	144.26670000000001
9365865	136000.0	12	6000.0	13.6	144.2667	22.6667	180.53339999999997
9365827	132000.0	12	6000.0	13.2	180.5334	22.0	215.7334
9369945	142000.0	12	6000.0	14.2	215.7334	23.6667	253.60009999999997
9366476	151000.0	12	6000.0	15.1	253.6001	25.1667	293.8668
9369779	146000.0	12	6000.0	14.6	293.8668	24.3333	332.80010000000004
9368869	153000.0	12	6000.0	15.3	332.8001	25.5	373.6001
9366726	159000.0	12	6000.0	15.9	373.6001	26.5	416.0001
9368915	146000.0	12	6000.0	14.6	416.0001	24.3333	454.9334
9369493	8000.0	12	6000.0	0.8	454.9334	1.3333	457.0667
9367780	13000.0	12	6000.0	1.3	457.0667	2.1667	460.53340000000003
9367824	143000.0	12	6000.0	14.3	460.5334	23.8333	498.6667
9364405	148000.0	12	6000.0	14.8	498.6667	24.6667	538.1333999999999
9368002	134000.0	12	6000.0	13.4	538.1334	22.3333	573.8667
9364354	137000.0	12	6000.0	13.7	573.8667	22.8333	610.4000000000001
9367849	131000.0	12	6000.0	13.1	610.4	21.8333	645.3333
9365753	142000.0	12	6000.0	14.2	645.3333	23.6667	683.2
9364056	147000.0	12	6000.0	14.7	683.2	24.5	722.4000000000001
9367872	152000.0	12	6000.0	15.2	722.4	25.3333	762.9333
9364304	148000.0	12	6000.0	14.8	762.9333	24.6667	802.4
9367894	151000.0	12	6000.0	15.1	802.4	25.1667	842.6667
9368341	124000.0	12	6000.0	12.4	842.6667	20.6667	875.7334
9368198	148000.0	12	6000.0	14.8	875.7334	24.6667	915.2000999999999
9367619	138000.0	12	6000.0	13.8	915.2001	23.0	952.0001
9366915	144000.0	12	6000.0	14.4	952.0001	24.0	990.4001
9368114	146000.0	13	8000.0	14.6	0	18.25	32.85
9366354	147000.0	13	8000.0	14.7	32.85	18.375	65.925
9369295	154000.0	13	8000.0	15.4	65.925	19.25	100.575
9365957	137000.0	13	8000.0	13.7	100.575	17.125	131.4
9365862	132000.0	13	8000.0	13.2	131.4	16.5	161.1
9366484	141000.0	13	8000.0	14.1	161.1	17.625	192.825
9365822	167000.0	13	8000.0	16.7	192.825	20.875	230.39999999999998
9365879	140000.0	13	8000.0	14.0	230.4	17.5	261.9
9369177	181000.0	13	8000.0	18.1	261.9	22.625	302.625
9369626	145000.0	13	8000.0	14.5	302.625	18.125	335.25
9369752	122000.0	13	8000.0	12.2	335.25	15.25	362.7
9367389	154000.0	13	8000.0	15.4	362.7	19.25	397.34999999999997
9364804	141000.0	13	8000.0	14.1	397.35	17.625	429.07500000000005
9367352	144000.0	13	8000.0	14.4	429.075	18.0	461.47499999999997
9367265	129000.0	13	8000.0	12.9	461.475	16.125	490.5
9366295	147000.0	13	8000.0	14.7	490.5	18.375	523.575
9366691	165000.0	13	8000.0	16.5	523.575	20.625	560.7
9365104	136000.0	13	8000.0	13.6	560.7	17.0	591.3000000000001
9369526	126000.0	13	8000.0	12.6	591.3	15.75	619.65
9364386	132000.0	13	8000.0	13.2	619.65	16.5	649.35
9368477	132000.0	13	8000.0	13.2	649.35	16.5	679.0500000000001
9364006	128000.0	13	8000.0	12.8	679.05	16.0	707.8499999999999
9367746	163000.0	13	8000.0	16.3	707.85	20.375	744.525
9364473	140000.0	13	8000.0	14.0	744.525	17.5	776.025
9365709	150000.0	13	8000.0	15.0	776.025	18.75	809.775
9364171	145000.0	13	8000.0	14.5	809.775	18.125	842.4
9367946	131000.0	13	8000.0	13.1	842.4	16.375	871.875
9365642	10000.0	13	8000.0	1.0	871.875	1.25	874.125
9365627	165000.0	13	8000.0	16.5	874.125	20.625	911.25
9370020	139000.0	13	8000.0	13.9	911.25	17.375	942.525
9367685	130000.0	13	8000.0	13.0	942.525	16.25	971.775
9369022	148000.0	13	8000.0	14.8	971.775	18.5	1005.0749999999999
9368307	130000.0	13	8000.0	13.0	1005.075	16.25	1034.325
9369964	146000.0	13	8000.0	14.6	1034.325	18.25	1067.175
9366621	130000.0	14	12000.0	13.0	0	10.8333	23.8333
9368655	158000.0	14	12000.0	15.8	23.8333	13.1667	52.800000000000004
9366606	137000.0	14	12000.0	13.7	52.8	11.4167	77.9167
9368141	147000.0	14	12000.0	14.7	77.9167	12.25	104.86670000000001
9363943	152000.0	14	12000.0	15.2	104.8667	12.6667	132.7334
9367071	147000.0	14	12000.0	14.7	132.7334	12.25	159.68339999999998
9367536	142000.0	14	12000.0	14.2	159.6834	11.8333	185.7167
9369764	149000.0	14	12000.0	14.9	185.7167	12.4167	213.0334
9365044	12000.0	14	12000.0	1.2	213.0334	1.0	215.2334
9364809	149000.0	14	12000.0	14.9	215.2334	12.4167	242.5501
9369770	157000.0	14	12000.0	15.7	242.5501	13.0833	271.3334
9369633	156000.0	14	12000.0	15.6	271.3334	13.0	299.9334
9367273	143000.0	14	12000.0	14.3	299.9334	11.9167	326.1501
9364965	141000.0	14	12000.0	14.1	326.1501	11.75	352.00010000000003
9366127	157000.0	14	12000.0	15.7	352.0001	13.0833	380.7834
9369662	129000.0	14	12000.0	12.9	380.7834	10.75	404.43339999999995
9365973	130000.0	14	12000.0	13.0	404.4334	10.8333	428.2667
9366286	126000.0	14	12000.0	12.6	428.2667	10.5	451.36670000000004
9369799	133000.0	14	12000.0	13.3	451.3667	11.0833	475.75
9364738	130000.0	14	12000.0	13.0	475.75	10.8333	499.5833
9364741	148000.0	14	12000.0	14.8	499.5833	12.3333	526.7166
9368494	127000.0	14	12000.0	12.7	526.7166	10.5833	549.9999
9365717	144000.0	14	12000.0	14.4	549.9999	12.0	576.3999
9368961	145000.0	14	12000.0	14.5	576.3999	12.0833	602.9832
9364157	161000.0	14	12000.0	16.1	602.9832	13.4167	632.4999
9364096	127000.0	14	12000.0	12.7	632.4999	10.5833	655.7832000000001
9368820	140000.0	14	12000.0	14.0	655.7832	11.6667	681.4499
9364284	139000.0	14	12000.0	13.9	681.4499	11.5833	706.9331999999999
9368519	160000.0	14	12000.0	16.0	706.9332	13.3333	736.2665000000001
9364051	130000.0	14	12000.0	13.0	736.2665	10.8333	760.0998
9368089	135000.0	15	16000.0	13.5	0	8.4375	21.9375
9367008	133000.0	15	16000.0	13.3	21.9375	8.3125	43.55
9365207	135000.0	15	16000.0	13.5	43.55	8.4375	65.4875
9367485	133000.0	15	16000.0	13.3	65.4875	8.3125	87.1
9367583	160000.0	15	16000.0	16.0	87.1	10.0	113.1
9366610	128000.0	15	16000.0	12.8	113.1	8.0	133.89999999999998
9366794	139000.0	15	16000.0	13.9	133.9	8.6875	156.4875
9366126	10000.0	15	16000.0	1.0	156.4875	0.625	158.1125
9364574	163000.0	15	16000.0	16.3	158.1125	10.1875	184.60000000000002
9364748	138000.0	15	16000.0	13.8	184.6	8.625	207.025
9366746	142000.0	15	16000.0	14.2	207.025	8.875	230.1
9364336	138000.0	15	16000.0	13.8	230.1	8.625	252.525
9368350	129000.0	15	16000.0	12.9	252.525	8.0625	273.4875
9368430	141000.0	15	16000.0	14.1	273.4875	8.8125	296.40000000000003
9368427	126000.0	15	16000.0	12.6	296.4	7.875	316.875
9366574	131000.0	15	16000.0	13.1	316.875	8.1875	338.1625
9364449	176000.0	15	16000.0	17.6	338.1625	11.0	366.76250000000005
9364153	9000.0	15	16000.0	0.9	366.7625	0.5625	368.22499999999997
9364079	128000.0	15	16000.0	12.8	368.225	8.0	389.02500000000003
9364085	146000.0	15	16000.0	14.6	389.025	9.125	412.75
9367975	145000.0	15	16000.0	14.5	412.75	9.0625	436.3125
9367881	178000.0	15	16000.0	17.8	436.3125	11.125	465.2375
9368609	157000.0	15	16000.0	15.7	465.2375	9.8125	490.75
9364234	156000.0	15	16000.0	15.6	490.75	9.75	516.1
9367693	142000.0	15	16000.0	14.2	516.1	8.875	539.1750000000001
9368237	146000.0	15	16000.0	14.6	539.175	9.125	562.9
9364511	139000.0	15	16000.0	13.9	562.9	8.6875	585.4875
9365185	171000.0	16	18000.0	17.1058	0	9.5	26.6058
9367482	139000.0	16	18000.0	13.9058	26.6058	7.7222	48.2338
9365946	130000.0	16	18000.0	13.0058	48.2338	7.2222	68.4618
9369111	178000.0	16	18000.0	17.8058	68.4618	9.8889	96.1565
9363945	137000.0	16	18000.0	13.7058	96.1565	7.6111	117.4734
9368148	129000.0	16	18000.0	12.9058	117.4734	7.1667	137.5459
9368170	140000.0	16	18000.0	14.0058	137.5459	7.7778	159.3295
9369095	125000.0	16	18000.0	12.5058	159.3295	6.9444	178.7797
9369602	130000.0	16	18000.0	13.0058	178.7797	7.2222	199.00769999999997
9364859	139000.0	16	18000.0	13.9058	199.0077	7.7222	220.63569999999999
9368847	10000.0	16	18000.0	1.0058	220.6357	0.5556	222.1971
9369789	123000.0	16	18000.0	12.3058	222.1971	6.8333	241.33620000000002
9368910	125000.0	16	18000.0	12.5058	241.3362	6.9444	260.78639999999996
9369588	180000.0	16	18000.0	18.0058	260.7864	10.0	288.79220000000004
9366073	157000.0	16	18000.0	15.7058	288.7922	8.7222	313.2202
9366105	132000.0	16	18000.0	13.2058	313.2202	7.3333	333.7593
9369418	11000.0	16	18000.0	1.1058	333.7593	0.6111	335.4762
9366687	133000.0	16	18000.0	13.3058	335.4762	7.3889	356.17089999999996
9364722	132000.0	16	18000.0	13.2058	356.1709	7.3333	376.71000000000004
9365680	150000.0	16	18000.0	15.0058	376.71	8.3333	400.0491
9368433	191000.0	16	18000.0	19.1058	400.0491	10.6111	429.766
9368402	157000.0	16	18000.0	15.7058	429.766	8.7222	454.194
9364055	133000.0	16	18000.0	13.3058	454.194	7.3889	474.8887
9365464	146000.0	16	18000.0	14.6058	474.8887	8.1111	497.6056
9364287	148000.0	16	18000.0	14.8058	497.6056	8.2222	520.6336
9364225	181000.0	16	18000.0	18.1058	520.6336	10.0556	548.7950000000001
9364236	153000.0	16	18000.0	15.3058	548.795	8.5	572.6007999999999
9366914	149000.0	16	18000.0	14.9058	572.6008	8.2778	595.7844
9368985	10000.0	16	18000.0	1.0058	595.7844	0.5556	597.3458
9365778	174000.0	16	18000.0	17.4058	597.3458	9.6667	624.4183
9363977	133000.0	16	18000.0	13.3058	624.4183	7.3889	645.113
9366504	144000.0	16	18000.0	14.4058	645.113	8.0	667.5188
9365780	143000.0	16	18000.0	14.3058	667.5188	7.9444	689.769
9368979	167000.0	16	18000.0	16.7058	689.769	9.2778	715.7525999999999
9365373	10000.0	16	18000.0	1.0058	715.7526	0.5556	717.3140000000001
9368121	134000.0	17	24000.0	13.4058	0	5.5833	18.9891
9366635	131000.0	17	24000.0	13.1058	18.9891	5.4583	37.553200000000004
9369345	130000.0	17	24000.0	13.0058	37.5532	5.4167	55.975699999999996
9367438	135000.0	17	24000.0	13.5058	55.9757	5.625	75.10650000000001
9369109	128000.0	17	24000.0	12.8058	75.1065	5.3333	93.2456
9368161	141000.0	17	24000.0	14.1058	93.2456	5.875	113.2264
9369909	165000.0	17	24000.0	16.5058	113.2264	6.875	136.6072
9368143	141000.0	17	24000.0	14.1058	136.6072	5.875	156.588
9367242	140000.0	17	24000.0	14.0058	156.588	5.8333	176.4271
9369632	137000.0	17	24000.0	13.7058	176.4271	5.7083	195.84120000000001
9366089	137000.0	17	24000.0	13.7058	195.8412	5.7083	215.2553
9366054	154000.0	17	24000.0	15.4058	215.2553	6.4167	237.0778
9369351	138000.0	17	24000.0	13.8058	237.0778	5.75	256.6336
9364608	9000.0	17	24000.0	0.9058	256.6336	0.375	257.9144
9366318	147000.0	17	24000.0	14.7058	257.9144	6.125	278.7452
9369508	134000.0	17	24000.0	13.4058	278.7452	5.5833	297.7343
9366899	188000.0	17	24000.0	18.8058	297.7343	7.8333	324.3734
9367848	140000.0	17	24000.0	14.0058	324.3734	5.8333	344.21250000000003
9364321	132000.0	17	24000.0	13.2058	344.2125	5.5	362.9183
9364058	132000.0	17	24000.0	13.2058	362.9183	5.5	381.6241
9365604	130000.0	17	24000.0	13.0058	381.6241	5.4167	400.0466
9364181	133000.0	17	24000.0	13.3058	400.0466	5.5417	418.8941
9364294	141000.0	17	24000.0	14.1058	418.8941	5.875	438.87489999999997
9365351	146000.0	17	24000.0	14.6058	438.8749	6.0833	459.564
9367681	146000.0	17	24000.0	14.6058	459.564	6.0833	480.2531
9367702	148000.0	17	24000.0	14.8058	480.2531	6.1667	501.2256
9369975	149000.0	17	24000.0	14.9058	501.2256	6.2083	522.3397
9367707	148000.0	17	24000.0	14.8058	522.3397	6.1667	543.3122
9366819	144000.0	17	24000.0	14.4058	543.3122	6.0	563.718
9365172	133000.0	18	30000.0	13.3058	0	4.4333	17.7391
9365913	140000.0	18	30000.0	14.0058	17.7391	4.6667	36.4116
9368081	134000.0	18	30000.0	13.4058	36.4116	4.4667	54.2841
9366381	164000.0	18	30000.0	16.4058	54.2841	5.4667	76.1566
9365144	136000.0	18	30000.0	13.6058	76.1566	4.5333	94.2957
9365256	125000.0	18	30000.0	12.5058	94.2957	4.1667	110.96820000000001
9365247	132000.0	18	30000.0	13.2058	110.9682	4.4	128.57399999999998
9365243	155000.0	18	30000.0	15.5058	128.574	5.1667	149.2465
9368135	130000.0	18	30000.0	13.0058	149.2465	4.3333	166.5856
9368134	171000.0	18	30000.0	17.1058	166.5856	5.7	189.39139999999998
9364939	145000.0	18	30000.0	14.5058	189.3914	4.8333	208.7305
9366128	127000.0	18	30000.0	12.7058	208.7305	4.2333	225.6696
9369360	139000.0	18	30000.0	13.9058	225.6696	4.6333	244.2087
9369447	136000.0	18	30000.0	13.6058	244.2087	4.5333	262.3478
9369545	147000.0	18	30000.0	14.7058	262.3478	4.9	281.9536
9364020	139000.0	18	30000.0	13.9058	281.9536	4.6333	300.4927
9364014	139000.0	18	30000.0	13.9058	300.4927	4.6333	319.03180000000003
9368438	139000.0	18	30000.0	13.9058	319.0318	4.6333	337.5709
9364009	155000.0	18	30000.0	15.5058	337.5709	5.1667	358.2434
9365715	9000.0	18	30000.0	0.9058	358.2434	0.3	359.4492
9364456	145000.0	18	30000.0	14.5058	359.4492	4.8333	378.78830000000005
9367908	135000.0	18	30000.0	13.5058	378.7883	4.5	396.7941
9365469	145000.0	18	30000.0	14.5058	396.7941	4.8333	416.13320000000004
9364042	144000.0	18	30000.0	14.4058	416.1332	4.8	435.339
9368569	136000.0	18	30000.0	13.6058	435.339	4.5333	453.4781
9367700	138000.0	18	30000.0	13.8058	453.4781	4.6	471.8839
9369986	145000.0	18	30000.0	14.5058	471.8839	4.8333	491.223
9365782	147000.0	18	30000.0	14.7058	491.223	4.9	510.8288
9369307	141000.0	19	30000.0	14.1058	0	4.7	18.8058
9369169	127000.0	19	30000.0	12.7058	18.8058	4.2333	35.7449
9368663	138000.0	19	30000.0	13.8058	35.7449	4.6	54.1507
9369124	131000.0	19	30000.0	13.1058	54.1507	4.3667	71.6232
9366425	133000.0	19	30000.0	13.3058	71.6232	4.4333	89.3623
9366673	157000.0	19	30000.0	15.7058	89.3623	5.2333	110.3014
9366774	143000.0	19	30000.0	14.3058	110.3014	4.7667	129.3739
9366040	138000.0	19	30000.0	13.8058	129.3739	4.6	147.7797
9367331	139000.0	19	30000.0	13.9058	147.7797	4.6333	166.31879999999998
9366877	146000.0	19	30000.0	14.6058	166.3188	4.8667	185.7913
9366678	135000.0	19	30000.0	13.5058	185.7913	4.5	203.7971
9366753	130000.0	19	30000.0	13.0058	203.7971	4.3333	221.1362
9364663	175000.0	19	30000.0	17.5058	221.1362	5.8333	244.4753
9365672	153000.0	19	30000.0	15.3058	244.4753	5.1	264.8811
9367822	130000.0	19	30000.0	13.0058	264.8811	4.3333	282.22020000000003
9365407	154000.0	19	30000.0	15.4058	282.2202	5.1333	302.7593
9365736	138000.0	19	30000.0	13.8058	302.7593	4.6	321.1651
9367803	11000.0	19	30000.0	1.1058	321.1651	0.3667	322.63759999999996
9367920	144000.0	19	30000.0	14.4058	322.6376	4.8	341.84340000000003
9364115	139000.0	19	30000.0	13.9058	341.8434	4.6333	360.3825
9364183	8000.0	19	30000.0	0.8058	360.3825	0.2667	361.455
9367878	146000.0	19	30000.0	14.6058	361.455	4.8667	380.92749999999995
9364278	129000.0	19	30000.0	12.9058	380.9275	4.3	398.1333
9365310	146000.0	19	30000.0	14.6058	398.1333	4.8667	417.6058
9365764	137000.0	19	30000.0	13.7058	417.6058	4.5667	435.8783
9367678	11000.0	19	30000.0	1.1058	435.8783	0.3667	437.3508
9367679	140000.0	19	30000.0	14.0058	437.3508	4.6667	456.0233
9368244	129000.0	19	30000.0	12.9058	456.0233	4.3	473.2291
9367726	131000.0	19	30000.0	13.1058	473.2291	4.3667	490.7016
