8580704	19000.0	0	500.0	1.9	0	38.0	39.9
8598784	18000.0	0	500.0	1.8	39.9	36.0	77.69999999999999
8579150	15000.0	0	500.0	1.5	77.7	30.0	109.2
8594302	20000.0	0	500.0	2.0	109.2	40.0	151.2
8594293	20000.0	0	500.0	2.0	151.2	40.0	193.2
8581721	24000.0	0	500.0	2.4	193.2	48.0	243.6
8593414	18000.0	0	500.0	1.8	243.6	36.0	281.4
8591327	25000.0	0	500.0	2.5	281.4	50.0	333.9
8579594	19000.0	0	500.0	1.9	333.9	38.0	373.79999999999995
8579544	17000.0	0	500.0	1.7	373.8	34.0	409.5
8591795	21000.0	0	500.0	2.1	409.5	42.0	453.6
8591820	22000.0	0	500.0	2.2	453.6	44.0	499.8
8586087	17000.0	0	500.0	1.7	499.8	34.0	535.5
8585865	22000.0	0	500.0	2.2	535.5	44.0	581.7
8585659	20000.0	0	500.0	2.0	581.7	40.0	623.7
8590793	15000.0	0	500.0	1.5	623.7	30.0	655.2
8596258	17000.0	0	500.0	1.7	655.2	34.0	690.9000000000001
8584160	21000.0	0	500.0	2.1	690.9	42.0	735.0
8579991	17000.0	0	500.0	1.7	735.0	34.0	770.7
8590089	20000.0	0	500.0	2.0	770.7	40.0	812.7
8584658	17000.0	0	500.0	1.7	812.7	34.0	848.4000000000001
8584534	19000.0	0	500.0	1.9	848.4	38.0	888.3
8577603	23000.0	0	500.0	2.3	888.3	46.0	936.5999999999999
8577629	19000.0	0	500.0	1.9	936.6	38.0	976.5
8583510	16000.0	0	500.0	1.6	976.5	32.0	1010.1
8581245	18000.0	0	500.0	1.8	1010.1	36.0	1047.9
8577443	17000.0	0	500.0	1.7	1047.9	34.0	1083.6000000000001
8581414	16000.0	0	500.0	1.6	1083.6	32.0	1117.1999999999998
8580907	19000.0	0	500.0	1.9	1117.2	38.0	1157.1000000000001
8583655	18000.0	0	500.0	1.8	1157.1	36.0	1194.8999999999999
8590462	15000.0	0	500.0	1.5	1194.9	30.0	1226.4
8583074	18000.0	0	500.0	1.8	1226.4	36.0	1264.2
8580386	18000.0	0	500.0	1.8	1264.2	36.0	1302.0
8577145	17000.0	0	500.0	1.7	1302.0	34.0	1337.7
8580537	15000.0	0	500.0	1.5	1337.7	30.0	1369.2
8595280	18000.0	0	500.0	1.8	1369.2	36.0	1407.0
8582782	18000.0	0	500.0	1.8	1407.0	36.0	1444.8
8582756	24000.0	0	500.0	2.4	1444.8	48.0	1495.2
8578259	19000.0	0	500.0	1.9	1495.2	38.0	1535.1000000000001
8592716	21000.0	0	500.0	2.1	1535.1	42.0	1579.1999999999998
8597033	18000.0	0	500.0	1.8	1579.2	36.0	1617.0
8597726	20000.0	0	500.0	2.0	1617.0	40.0	1659.0
8597894	19000.0	0	500.0	1.9	1659.0	38.0	1698.9
8597972	17000.0	0	500.0	1.7	1698.9	34.0	1734.6000000000001
8596999	17000.0	0	500.0	1.7	1734.6	34.0	1770.3
8592259	16000.0	0	500.0	1.6	1770.3	32.0	1803.8999999999999
8597589	18000.0	0	500.0	1.8	1803.9	36.0	1841.7
8597455	19000.0	0	500.0	1.9	1841.7	38.0	1881.6000000000001
8575965	18000.0	1	500.0	1.8	0	36.0	37.8
8576214	19000.0	1	500.0	1.9	37.8	38.0	77.69999999999999
8576360	19000.0	1	500.0	1.9	77.7	38.0	117.60000000000001
8594666	18000.0	1	500.0	1.8	117.6	36.0	155.39999999999998
8588364	18000.0	1	500.0	1.8	155.4	36.0	193.20000000000002
8580287	20000.0	1	500.0	2.0	193.2	40.0	235.2
8587207	20000.0	1	500.0	2.0	235.2	40.0	277.2
8595871	19000.0	1	500.0	1.9	277.2	38.0	317.09999999999997
8587247	18000.0	1	500.0	1.8	317.1	36.0	354.90000000000003
8582059	19000.0	1	500.0	1.9	354.9	38.0	394.79999999999995
8596535	20000.0	1	500.0	2.0	394.8	40.0	436.8
8593349	19000.0	1	500.0	1.9	436.8	38.0	476.7
8591993	17000.0	1	500.0	1.7	476.7	34.0	512.4
8591826	15000.0	1	500.0	1.5	512.4	30.0	543.9
8581952	17000.0	1	500.0	1.7	543.9	34.0	579.6
8590919	18000.0	1	500.0	1.8	579.6	36.0	617.4
8590893	17000.0	1	500.0	1.7	617.4	34.0	653.1
8596203	18000.0	1	500.0	1.8	653.1	36.0	690.9
8590986	22000.0	1	500.0	2.2	690.9	44.0	737.1
8584108	18000.0	1	500.0	1.8	737.1	36.0	774.9
8582525	16000.0	1	500.0	1.6	774.9	32.0	808.5
8584411	13000.0	1	500.0	1.3	808.5	26.0	835.8
8598042	17000.0	1	500.0	1.7	835.8	34.0	871.5
8580963	18000.0	1	500.0	1.8	871.5	36.0	909.3
8590414	20000.0	1	500.0	2.0	909.3	40.0	951.3
8590399	20000.0	1	500.0	2.0	951.3	40.0	993.3
8582849	20000.0	1	500.0	2.0	993.3	40.0	1035.3
8589392	15000.0	1	500.0	1.5	1035.3	30.0	1066.8
8588815	18000.0	1	500.0	1.8	1066.8	36.0	1104.6
8588812	16000.0	1	500.0	1.6	1104.6	32.0	1138.1999999999998
8595296	17000.0	1	500.0	1.7	1138.2	34.0	1173.9
8582755	20000.0	1	500.0	2.0	1173.9	40.0	1215.9
8597860	17000.0	1	500.0	1.7	1215.9	34.0	1251.6000000000001
8597758	19000.0	1	500.0	1.9	1251.6	38.0	1291.5
8581861	21000.0	1	500.0	2.1	1291.5	42.0	1335.6
8581806	19000.0	1	500.0	1.9	1335.6	38.0	1375.5
8592193	20000.0	1	500.0	2.0	1375.5	40.0	1417.5
8592287	24000.0	1	500.0	2.4	1417.5	48.0	1467.9
8579789	17000.0	1	500.0	1.7	1467.9	34.0	1503.6000000000001
8593819	16000.0	2	1000.0	1.6	0	16.0	17.6
8593982	13000.0	2	1000.0	1.3	17.6	13.0	31.900000000000002
8580746	19000.0	2	1000.0	1.9	31.9	19.0	52.8
8580290	18000.0	2	1000.0	1.8	52.8	18.0	72.6
8580241	18000.0	2	1000.0	1.8	72.6	18.0	92.39999999999999
8586138	18000.0	2	1000.0	1.8	92.4	18.0	112.2
8591688	21000.0	2	1000.0	2.1	112.2	21.0	135.3
8590871	15000.0	2	1000.0	1.5	135.3	15.0	151.8
8593660	14000.0	2	1000.0	1.4	151.8	14.0	167.20000000000002
8581686	22000.0	2	1000.0	2.2	167.2	22.0	191.39999999999998
8588453	18000.0	2	1000.0	1.8	191.4	18.0	211.20000000000002
8584333	15000.0	2	1000.0	1.5	211.2	15.0	227.7
8589954	19000.0	2	1000.0	1.9	227.7	19.0	248.6
8584359	20000.0	2	1000.0	2.0	248.6	20.0	270.6
8577753	19000.0	2	1000.0	1.9	270.6	19.0	291.5
8583986	15000.0	2	1000.0	1.5	291.5	15.0	308.0
8584788	17000.0	2	1000.0	1.7	308.0	17.0	326.7
8582512	15000.0	2	1000.0	1.5	326.7	15.0	343.2
8584488	14000.0	2	1000.0	1.4	343.2	14.0	358.59999999999997
8577334	15000.0	2	1000.0	1.5	358.6	15.0	375.1
8581100	19000.0	2	1000.0	1.9	375.1	19.0	396.0
8590342	23000.0	2	1000.0	2.3	396.0	23.0	421.3
8594861	18000.0	2	1000.0	1.8	421.3	18.0	441.1
8580370	19000.0	2	1000.0	1.9	441.1	19.0	462.0
8578853	18000.0	2	1000.0	1.8	462.0	18.0	481.8
8588655	20000.0	2	1000.0	2.0	481.8	20.0	503.8
8588807	17000.0	2	1000.0	1.7	503.8	17.0	522.5
8589535	18000.0	2	1000.0	1.8	522.5	18.0	542.3
8577128	22000.0	2	1000.0	2.2	542.3	22.0	566.5
8580468	15000.0	2	1000.0	1.5	566.5	15.0	583.0
8578285	20000.0	2	1000.0	2.0	583.0	20.0	605.0
8578305	20000.0	2	1000.0	2.0	605.0	20.0	627.0
8592360	22000.0	2	1000.0	2.2	627.0	22.0	651.2
8592561	18000.0	2	1000.0	1.8	651.2	18.0	671.0
8580000	17000.0	2	1000.0	1.7	671.0	17.0	689.7
8594171	16000.0	3	1000.0	1.6	0	16.0	17.6
8594832	17000.0	3	1000.0	1.7	17.6	17.0	36.3
8590665	18000.0	3	1000.0	1.8	36.3	18.0	56.099999999999994
8588081	19000.0	3	1000.0	1.9	56.1	19.0	77.0
8594751	18000.0	3	1000.0	1.8	77.0	18.0	96.8
8588023	18000.0	3	1000.0	1.8	96.8	18.0	116.6
8576840	18000.0	3	1000.0	1.8	116.6	18.0	136.39999999999998
8583273	22000.0	3	1000.0	2.2	136.4	22.0	160.6
8588285	15000.0	3	1000.0	1.5	160.6	15.0	177.1
8594579	16000.0	3	1000.0	1.6	177.1	16.0	194.7
8593612	19000.0	3	1000.0	1.9	194.7	19.0	215.6
8586449	16000.0	3	1000.0	1.6	215.6	16.0	233.2
8586245	18000.0	3	1000.0	1.8	233.2	18.0	253.0
8586249	22000.0	3	1000.0	2.2	253.0	22.0	277.2
8591445	16000.0	3	1000.0	1.6	277.2	16.0	294.8
8596763	25000.0	3	1000.0	2.5	294.8	25.0	322.3
8579370	17000.0	3	1000.0	1.7	322.3	17.0	341.0
8591314	21000.0	3	1000.0	2.1	341.0	21.0	364.1
8580115	18000.0	3	1000.0	1.8	364.1	18.0	383.90000000000003
8596417	21000.0	3	1000.0	2.1	383.9	21.0	407.0
8582117	18000.0	3	1000.0	1.8	407.0	18.0	426.8
8595566	23000.0	3	1000.0	2.3	426.8	23.0	452.1
8595966	17000.0	3	1000.0	1.7	452.1	17.0	470.8
8598355	16000.0	3	1000.0	1.6	470.8	16.0	488.40000000000003
8589781	17000.0	3	1000.0	1.7	488.4	17.0	507.09999999999997
8584445	15000.0	3	1000.0	1.5	507.1	15.0	523.6
8583399	19000.0	3	1000.0	1.9	523.6	19.0	544.5
8583437	21000.0	3	1000.0	2.1	544.5	21.0	567.6
8581069	13000.0	3	1000.0	1.3	567.6	13.0	581.9
8578900	16000.0	3	1000.0	1.6	581.9	16.0	599.5
8579033	23000.0	3	1000.0	2.3	599.5	23.0	624.8
8583086	19000.0	3	1000.0	1.9	624.8	19.0	645.6999999999999
8576907	18000.0	3	1000.0	1.8	645.7	18.0	665.5
8598448	16000.0	3	1000.0	1.6	665.5	16.0	683.1
8585407	19000.0	3	1000.0	1.9	683.1	19.0	704.0
8581588	21000.0	3	1000.0	2.1	704.0	21.0	727.1
8597071	16000.0	3	1000.0	1.6	727.1	16.0	744.7
8597226	18000.0	3	1000.0	1.8	744.7	18.0	764.5
8592446	19000.0	3	1000.0	1.9	764.5	19.0	785.4
8579676	21000.0	3	1000.0	2.1	785.4	21.0	808.5
8593169	20000.0	3	1000.0	2.0	808.5	20.0	830.5
8596962	20000.0	3	1000.0	2.0	830.5	20.0	852.5
8592986	17000.0	3	1000.0	1.7	852.5	17.0	871.2
8594024	16000.0	4	4000.0	1.6038	0	4.0	5.6038
8590619	17000.0	4	4000.0	1.7038	5.6038	4.25	11.5576
8576024	21000.0	4	4000.0	2.1038	11.5576	5.25	18.9114
8583302	21000.0	4	4000.0	2.1038	18.9114	5.25	26.2652
8576675	21000.0	4	4000.0	2.1038	26.2652	5.25	33.619
8579182	20000.0	4	4000.0	2.0038	33.619	5.0	40.6228
8588207	20000.0	4	4000.0	2.0038	40.6228	5.0	47.626599999999996
8598919	17000.0	4	4000.0	1.7038	47.6266	4.25	53.580400000000004
8585835	16000.0	4	4000.0	1.6038	53.5804	4.0	59.1842
8586025	18000.0	4	4000.0	1.8038	59.1842	4.5	65.488
8591066	14000.0	4	4000.0	1.4038	65.488	3.5	70.3918
8591080	20000.0	4	4000.0	2.0038	70.3918	5.0	77.3956
8584116	17000.0	4	4000.0	1.7038	77.3956	4.25	83.3494
8590156	20000.0	4	4000.0	2.0038	83.3494	5.0	90.3532
8584373	17000.0	4	4000.0	1.7038	90.3532	4.25	96.307
8577985	17000.0	4	4000.0	1.7038	96.307	4.25	102.2608
8584388	20000.0	4	4000.0	2.0038	102.2608	5.0	109.2646
8581275	19000.0	4	4000.0	1.9038	109.2646	4.75	115.9184
8581271	19000.0	4	4000.0	1.9038	115.9184	4.75	122.57220000000001
8577325	25000.0	4	4000.0	2.5038	122.5722	6.25	131.326
8590550	15000.0	4	4000.0	1.5038	131.326	3.75	136.5798
8577681	17000.0	4	4000.0	1.7038	136.5798	4.25	142.5336
8590384	22000.0	4	4000.0	2.2038	142.5336	5.5	150.2374
8589000	19000.0	4	4000.0	1.9038	150.2374	4.75	156.8912
8598681	19000.0	4	4000.0	1.9038	156.8912	4.75	163.545
8583006	16000.0	4	4000.0	1.6038	163.545	4.0	169.1488
8576914	19000.0	4	4000.0	1.9038	169.1488	4.75	175.80259999999998
8589655	23000.0	4	4000.0	2.3038	175.8026	5.75	183.8564
8580486	17000.0	4	4000.0	1.7038	183.8564	4.25	189.8102
8578644	21000.0	4	4000.0	2.1038	189.8102	5.25	197.16400000000002
8585455	15000.0	4	4000.0	1.5038	197.164	3.75	202.4178
8582730	17000.0	4	4000.0	1.7038	202.4178	4.25	208.3716
8597053	22000.0	4	4000.0	2.2038	208.3716	5.5	216.0754
8592817	16000.0	4	4000.0	1.6038	216.0754	4.0	221.6792
8592838	16000.0	4	4000.0	1.6038	221.6792	4.0	227.28300000000002
8582172	21000.0	4	4000.0	2.1038	227.283	5.25	234.6368
8593033	13000.0	4	4000.0	1.3038	234.6368	3.25	239.1906
8586850	18000.0	4	4000.0	1.8038	239.1906	4.5	245.49439999999998
8594199	19000.0	5	4000.0	1.9038	0	4.75	6.6538
8594045	15000.0	5	4000.0	1.5038	6.6538	3.75	11.9076
8587078	20000.0	5	4000.0	2.0038	11.9076	5.0	18.9114
8593968	17000.0	5	4000.0	1.7038	18.9114	4.25	24.8652
8594198	22000.0	5	4000.0	2.2038	24.8652	5.5	32.569
8576515	17000.0	5	4000.0	1.7038	32.569	4.25	38.522800000000004
8598906	17000.0	5	4000.0	1.7038	38.5228	4.25	44.4766
8590597	14000.0	5	4000.0	1.4038	44.4766	3.5	49.380399999999995
8576441	20000.0	5	4000.0	2.0038	49.3804	5.0	56.3842
8595840	20000.0	5	4000.0	2.0038	56.3842	5.0	63.388
8576246	19000.0	5	4000.0	1.9038	63.388	4.75	70.0418
8595822	17000.0	5	4000.0	1.7038	70.0418	4.25	75.9956
8576320	23000.0	5	4000.0	2.3038	75.9956	5.75	84.04939999999999
8594653	20000.0	5	4000.0	2.0038	84.0494	5.0	91.0532
8598945	15000.0	5	4000.0	1.5038	91.0532	3.75	96.307
8596617	19000.0	5	4000.0	1.9038	96.307	4.75	102.9608
8590800	21000.0	5	4000.0	2.1038	102.9608	5.25	110.31460000000001
8591309	19000.0	5	4000.0	1.9038	110.3146	4.75	116.9684
8585995	19000.0	5	4000.0	1.9038	116.9684	4.75	123.6222
8596508	18000.0	5	4000.0	1.8038	123.6222	4.5	129.926
8591293	18000.0	5	4000.0	1.8038	129.926	4.5	136.22979999999998
8591200	18000.0	5	4000.0	1.8038	136.2298	4.5	142.5336
8584110	16000.0	5	4000.0	1.6038	142.5336	4.0	148.1374
8595360	19000.0	5	4000.0	1.9038	148.1374	4.75	154.7912
8584506	19000.0	5	4000.0	1.9038	154.7912	4.75	161.445
8581482	20000.0	5	4000.0	2.0038	161.445	5.0	168.4488
8581362	20000.0	5	4000.0	2.0038	168.4488	5.0	175.45260000000002
8583729	14000.0	5	4000.0	1.4038	175.4526	3.5	180.35639999999998
8585052	19000.0	5	4000.0	1.9038	180.3564	4.75	187.0102
8582875	22000.0	5	4000.0	2.2038	187.0102	5.5	194.714
8589003	22000.0	5	4000.0	2.2038	194.714	5.5	202.4178
8578875	17000.0	5	4000.0	1.7038	202.4178	4.25	208.3716
8579005	26000.0	5	4000.0	2.6038	208.3716	6.5	217.4754
8598710	19000.0	5	4000.0	1.9038	217.4754	4.75	224.1292
8578972	22000.0	5	4000.0	2.2038	224.1292	5.5	231.833
8588817	20000.0	5	4000.0	2.0038	231.833	5.0	238.8368
8598465	25000.0	5	4000.0	2.5038	238.8368	6.25	247.59060000000002
8598406	19000.0	5	4000.0	1.9038	247.5906	4.75	254.24439999999998
8598566	22000.0	5	4000.0	2.2038	254.2444	5.5	261.9482
8585520	20000.0	5	4000.0	2.0038	261.9482	5.0	268.952
8577096	19000.0	5	4000.0	1.9038	268.952	4.75	275.6058
8592889	20000.0	5	4000.0	2.0038	275.6058	5.0	282.6096
8593833	18000.0	6	5000.0	1.8038	0	3.6	5.4038
8576035	19000.0	6	5000.0	1.9038	5.4038	3.8	11.107600000000001
8598912	18000.0	6	5000.0	1.8038	11.1076	3.6	16.511400000000002
8595837	26000.0	6	5000.0	2.6038	16.5114	5.2	24.315199999999997
8583335	17000.0	6	5000.0	1.7038	24.3152	3.4	29.419
8583340	18000.0	6	5000.0	1.8038	29.419	3.6	34.8228
8588008	14000.0	6	5000.0	1.4038	34.8228	2.8	39.026599999999995
8576824	15000.0	6	5000.0	1.5038	39.0266	3.0	43.5304
8582290	16000.0	6	5000.0	1.6038	43.5304	3.2	48.3342
8594505	19000.0	6	5000.0	1.9038	48.3342	3.8	54.038
8594470	23000.0	6	5000.0	2.3038	54.038	4.6	60.9418
8596690	19000.0	6	5000.0	1.9038	60.9418	3.8	66.6456
8586251	18000.0	6	5000.0	1.8038	66.6456	3.6	72.04939999999999
8586289	14000.0	6	5000.0	1.4038	72.0494	2.8	76.2532
8591418	19000.0	6	5000.0	1.9038	76.2532	3.8	81.95700000000001
8582291	20000.0	6	5000.0	2.0038	81.957	4.0	87.96079999999999
8586091	16000.0	6	5000.0	1.6038	87.9608	3.2	92.76460000000002
8591093	26000.0	6	5000.0	2.6038	92.7646	5.2	100.56840000000001
8584206	17000.0	6	5000.0	1.7038	100.5684	3.4	105.6722
8584275	18000.0	6	5000.0	1.8038	105.6722	3.6	111.076
8583939	16000.0	6	5000.0	1.6038	111.076	3.2	115.8798
8584700	17000.0	6	5000.0	1.7038	115.8798	3.4	120.98360000000001
8589921	18000.0	6	5000.0	1.8038	120.9836	3.6	126.38739999999999
8584514	22000.0	6	5000.0	2.2038	126.3874	4.4	132.9912
8595456	17000.0	6	5000.0	1.7038	132.9912	3.4	138.095
8583443	19000.0	6	5000.0	1.9038	138.095	3.8	143.7988
8590566	17000.0	6	5000.0	1.7038	143.7988	3.4	148.9026
8577352	17000.0	6	5000.0	1.7038	148.9026	3.4	154.0064
8581203	18000.0	6	5000.0	1.8038	154.0064	3.6	159.4102
8580910	17000.0	6	5000.0	1.7038	159.4102	3.4	164.514
8598040	16000.0	6	5000.0	1.6038	164.514	3.2	169.3178
8581134	16000.0	6	5000.0	1.6038	169.3178	3.2	174.1216
8580295	22000.0	6	5000.0	2.2038	174.1216	4.4	180.7254
8589152	15000.0	6	5000.0	1.5038	180.7254	3.0	185.22920000000002
8589108	15000.0	6	5000.0	1.5038	185.2292	3.0	189.733
8578747	19000.0	6	5000.0	1.9038	189.733	3.8	195.4368
8598696	15000.0	6	5000.0	1.5038	195.4368	3.0	199.94060000000002
8598719	17000.0	6	5000.0	1.7038	199.9406	3.4	205.0444
8588886	22000.0	6	5000.0	2.2038	205.0444	4.4	211.6482
8583035	15000.0	6	5000.0	1.5038	211.6482	3.0	216.15200000000002
8579981	17000.0	6	5000.0	1.7038	216.152	3.4	221.2558
8582628	21000.0	6	5000.0	2.1038	221.2558	4.2	227.5596
8595218	19000.0	6	5000.0	1.9038	227.5596	3.8	233.2634
8577509	16000.0	6	5000.0	1.6038	233.2634	3.2	238.06719999999999
8581840	14000.0	6	5000.0	1.4038	238.0672	2.8	242.27100000000002
8592373	16000.0	6	5000.0	1.6038	242.271	3.2	247.07479999999998
8597691	18000.0	6	5000.0	1.8038	247.0748	3.6	252.4786
8593023	14000.0	6	5000.0	1.4038	252.4786	2.8	256.6824
8597516	19000.0	6	5000.0	1.9038	256.6824	3.8	262.3862
8576546	18000.0	7	5000.0	1.8038	0	3.6	5.4038
8587098	18000.0	7	5000.0	1.8038	5.4038	3.6	10.8076
8587939	21000.0	7	5000.0	2.1038	10.8076	4.2	17.1114
8576842	17000.0	7	5000.0	1.7038	17.1114	3.4	22.2152
8583246	21000.0	7	5000.0	2.1038	22.2152	4.2	28.519
8587348	22000.0	7	5000.0	2.2038	28.519	4.4	35.1228
8594555	14000.0	7	5000.0	1.4038	35.1228	2.8	39.32659999999999
8594494	17000.0	7	5000.0	1.7038	39.3266	3.4	44.4304
8586250	17000.0	7	5000.0	1.7038	44.4304	3.4	49.5342
8586313	19000.0	7	5000.0	1.9038	49.5342	3.8	55.23799999999999
8592043	21000.0	7	5000.0	2.1038	55.238	4.2	61.5418
8592113	14000.0	7	5000.0	1.4038	61.5418	2.8	65.7456
8596822	17000.0	7	5000.0	1.7038	65.7456	3.4	70.8494
8579966	20000.0	7	5000.0	2.0038	70.8494	4.0	76.8532
8591736	16000.0	7	5000.0	1.6038	76.8532	3.2	81.65700000000001
8596212	15000.0	7	5000.0	1.5038	81.657	3.0	86.1608
8586037	18000.0	7	5000.0	1.8038	86.1608	3.6	91.56459999999998
8584077	21000.0	7	5000.0	2.1038	91.5646	4.2	97.86840000000001
8590095	19000.0	7	5000.0	1.9038	97.8684	3.8	103.5722
8584820	20000.0	7	5000.0	2.0038	103.5722	4.0	109.576
8582479	17000.0	7	5000.0	1.7038	109.576	3.4	114.6798
8584622	17000.0	7	5000.0	1.7038	114.6798	3.4	119.7836
8595483	20000.0	7	5000.0	2.0038	119.7836	4.0	125.7874
8583917	18000.0	7	5000.0	1.8038	125.7874	3.6	131.1912
8581407	21000.0	7	5000.0	2.1038	131.1912	4.2	137.495
8577552	19000.0	7	5000.0	1.9038	137.495	3.8	143.1988
8583611	19000.0	7	5000.0	1.9038	143.1988	3.8	148.9026
8583794	18000.0	7	5000.0	1.8038	148.9026	3.6	154.3064
8585045	18000.0	7	5000.0	1.8038	154.3064	3.6	159.7102
8582876	20000.0	7	5000.0	2.0038	159.7102	4.0	165.714
8589034	18000.0	7	5000.0	1.8038	165.714	3.6	171.1178
8578722	18000.0	7	5000.0	1.8038	171.1178	3.6	176.52159999999998
8588740	18000.0	7	5000.0	1.8038	176.5216	3.6	181.9254
8580428	22000.0	7	5000.0	2.2038	181.9254	4.4	188.5292
8598535	22000.0	7	5000.0	2.2038	188.5292	4.4	195.133
8597315	17000.0	7	5000.0	1.7038	195.133	3.4	200.23680000000002
8593995	23000.0	8	5000.0	2.3067	0	4.6	6.9067
8576148	17000.0	8	5000.0	1.7067	6.9067	3.4	12.0134
8594227	22000.0	8	5000.0	2.2067	12.0134	4.4	18.6201
8598821	18000.0	8	5000.0	1.8067	18.6201	3.6	24.0268
8583145	19000.0	8	5000.0	1.9067	24.0268	3.8	29.733500000000003
8587444	20000.0	8	5000.0	2.0067	29.7335	4.0	35.7402
8579202	21000.0	8	5000.0	2.1067	35.7402	4.2	42.04690000000001
8587529	17000.0	8	5000.0	1.7067	42.0469	3.4	47.1536
8593601	19000.0	8	5000.0	1.9067	47.1536	3.8	52.860299999999995
8593557	17000.0	8	5000.0	1.7067	52.8603	3.4	57.967
8593537	15000.0	8	5000.0	1.5067	57.967	3.0	62.4737
8586947	23000.0	8	5000.0	2.3067	62.4737	4.6	69.3804
8586374	20000.0	8	5000.0	2.0067	69.3804	4.0	75.38709999999999
8591978	16000.0	8	5000.0	1.6067	75.3871	3.2	80.19380000000001
8582196	20000.0	8	5000.0	2.0067	80.1938	4.0	86.20049999999999
8591644	16000.0	8	5000.0	1.6067	86.2005	3.2	91.00720000000001
8586096	20000.0	8	5000.0	2.0067	91.0072	4.0	97.01389999999999
8590932	18000.0	8	5000.0	1.8067	97.0139	3.6	102.42060000000001
8596333	16000.0	8	5000.0	1.6067	102.4206	3.2	107.2273
8580788	19000.0	8	5000.0	1.9067	107.2273	3.8	112.934
8590058	18000.0	8	5000.0	1.8067	112.934	3.6	118.3407
8577808	20000.0	8	5000.0	2.0067	118.3407	4.0	124.3474
8584040	20000.0	8	5000.0	2.0067	124.3474	4.0	130.3541
8595462	17000.0	8	5000.0	1.7067	130.3541	3.4	135.4608
8584532	21000.0	8	5000.0	2.1067	135.4608	4.2	141.76749999999998
8581351	18000.0	8	5000.0	1.8067	141.7675	3.6	147.1742
8590561	15000.0	8	5000.0	1.5067	147.1742	3.0	151.6809
8581439	17000.0	8	5000.0	1.7067	151.6809	3.4	156.78760000000003
8577674	18000.0	8	5000.0	1.8067	156.7876	3.6	162.1943
8590210	24000.0	8	5000.0	2.4067	162.1943	4.8	169.401
8583834	20000.0	8	5000.0	2.0067	169.401	4.0	175.4077
8590356	21000.0	8	5000.0	2.1067	175.4077	4.2	181.71439999999998
8589065	19000.0	8	5000.0	1.9067	181.7144	3.8	187.42110000000002
8578719	19000.0	8	5000.0	1.9067	187.4211	3.8	193.1278
8578990	20000.0	8	5000.0	2.0067	193.1278	4.0	199.1345
8582937	18000.0	8	5000.0	1.8067	199.1345	3.6	204.5412
8576995	19000.0	8	5000.0	1.9067	204.5412	3.8	210.24790000000002
8598478	19000.0	8	5000.0	1.9067	210.2479	3.8	215.9546
8585281	18000.0	8	5000.0	1.8067	215.9546	3.6	221.3613
8585302	15000.0	8	5000.0	1.5067	221.3613	3.0	225.868
8585301	19000.0	8	5000.0	1.9067	225.868	3.8	231.5747
8582587	14000.0	8	5000.0	1.4067	231.5747	2.8	235.78140000000002
8578450	19000.0	8	5000.0	1.9067	235.7814	3.8	241.4881
8580433	17000.0	8	5000.0	1.7067	241.4881	3.4	246.59480000000002
8592795	18000.0	8	5000.0	1.8067	246.5948	3.6	252.0015
8592823	17000.0	8	5000.0	1.7067	252.0015	3.4	257.1082
8597110	18000.0	8	5000.0	1.8067	257.1082	3.6	262.5149
8597198	17000.0	8	5000.0	1.7067	262.5149	3.4	267.6216
8587142	19000.0	9	6000.0	1.9067	0	3.1667	5.0734
8590574	20000.0	9	6000.0	2.0067	5.0734	3.3333	10.4134
8598778	19000.0	9	6000.0	1.9067	10.4134	3.1667	15.4868
8576276	20000.0	9	6000.0	2.0067	15.4868	3.3333	20.826800000000002
8587182	17000.0	9	6000.0	1.7067	20.8268	2.8333	25.3668
8588059	24000.0	9	6000.0	2.4067	25.3668	4.0	31.773500000000002
8587924	17000.0	9	6000.0	1.7067	31.7735	2.8333	36.3135
8587788	19000.0	9	6000.0	1.9067	36.3135	3.1667	41.3869
8587574	21000.0	9	6000.0	2.1067	41.3869	3.5	46.9936
8594532	17000.0	9	6000.0	1.7067	46.9936	2.8333	51.5336
8580089	18000.0	9	6000.0	1.8067	51.5336	3.0	56.3403
8582224	22000.0	9	6000.0	2.2067	56.3403	3.6667	62.213699999999996
8593534	18000.0	9	6000.0	1.8067	62.2137	3.0	67.02040000000001
8596920	19000.0	9	6000.0	1.9067	67.0204	3.1667	72.0938
8591896	18000.0	9	6000.0	1.8067	72.0938	3.0	76.90050000000001
8585852	18000.0	9	6000.0	1.8067	76.9005	3.0	81.7072
8581508	19000.0	9	6000.0	1.9067	81.7072	3.1667	86.7806
8590857	15000.0	9	6000.0	1.5067	86.7806	2.5	90.7873
8590979	21000.0	9	6000.0	2.1067	90.7873	3.5	96.394
8586033	17000.0	9	6000.0	1.7067	96.394	2.8333	100.934
8591004	15000.0	9	6000.0	1.5067	100.934	2.5	104.94069999999999
8591090	19000.0	9	6000.0	1.9067	104.9407	3.1667	110.01410000000001
8581624	15000.0	9	6000.0	1.5067	110.0141	2.5	114.0208
8584026	18000.0	9	6000.0	1.8067	114.0208	3.0	118.8275
8577997	19000.0	9	6000.0	1.9067	118.8275	3.1667	123.90090000000001
8584512	19000.0	9	6000.0	1.9067	123.9009	3.1667	128.9743
8577528	17000.0	9	6000.0	1.7067	128.9743	2.8333	133.51430000000002
8577687	16000.0	9	6000.0	1.6067	133.5143	2.6667	137.78769999999997
8596052	15000.0	9	6000.0	1.5067	137.7877	2.5	141.7944
8596038	18000.0	9	6000.0	1.8067	141.7944	3.0	146.6011
8598021	16000.0	9	6000.0	1.6067	146.6011	2.6667	150.87449999999998
8583694	22000.0	9	6000.0	2.2067	150.8745	3.6667	156.74790000000002
8582892	18000.0	9	6000.0	1.8067	156.7479	3.0	161.5546
8578748	18000.0	9	6000.0	1.8067	161.5546	3.0	166.3613
8582943	19000.0	9	6000.0	1.9067	166.3613	3.1667	171.4347
8598660	19000.0	9	6000.0	1.9067	171.4347	3.1667	176.50809999999998
8588797	18000.0	9	6000.0	1.8067	176.5081	3.0	181.31480000000002
8578693	14000.0	9	6000.0	1.4067	181.3148	2.3333	185.0548
8598473	16000.0	9	6000.0	1.6067	185.0548	2.6667	189.32819999999998
8582696	23000.0	9	6000.0	2.3067	189.3282	3.8333	195.46820000000002
8598520	16000.0	9	6000.0	1.6067	195.4682	2.6667	199.74159999999998
8585055	19000.0	9	6000.0	1.9067	199.7416	3.1667	204.815
8598393	18000.0	9	6000.0	1.8067	204.815	3.0	209.6217
8598437	22000.0	9	6000.0	2.2067	209.6217	3.6667	215.4951
8589648	20000.0	9	6000.0	2.0067	215.4951	3.3333	220.8351
8595272	21000.0	9	6000.0	2.1067	220.8351	3.5	226.4418
8589492	19000.0	9	6000.0	1.9067	226.4418	3.1667	231.5152
8589489	17000.0	9	6000.0	1.7067	231.5152	2.8333	236.0552
8597823	22000.0	9	6000.0	2.2067	236.0552	3.6667	241.92860000000002
8592309	16000.0	9	6000.0	1.6067	241.9286	2.6667	246.20199999999997
8597375	15000.0	9	6000.0	1.5067	246.202	2.5	250.2087
8592404	22000.0	9	6000.0	2.2067	250.2087	3.6667	256.0821
8597409	20000.0	9	6000.0	2.0067	256.0821	3.3333	261.42210000000006
8593162	18000.0	9	6000.0	1.8067	261.4221	3.0	266.2288
8594181	16000.0	10	6000.0	1.6067	0	2.6667	4.2734000000000005
8590658	18000.0	10	6000.0	1.8067	4.2734	3.0	9.0801
8575963	18000.0	10	6000.0	1.8067	9.0801	3.0	13.8868
8576648	20000.0	10	6000.0	2.0067	13.8868	3.3333	19.2268
8587218	15000.0	10	6000.0	1.5067	19.2268	2.5	23.2335
8579251	19000.0	10	6000.0	1.9067	23.2335	3.1667	28.3069
8596529	19000.0	10	6000.0	1.9067	28.3069	3.1667	33.3803
8586213	13000.0	10	6000.0	1.3067	33.3803	2.1667	36.853699999999996
8591741	18000.0	10	6000.0	1.8067	36.8537	3.0	41.6604
8579916	20000.0	10	6000.0	2.0067	41.6604	3.3333	47.000400000000006
8596298	20000.0	10	6000.0	2.0067	47.0004	3.3333	52.3404
8593726	20000.0	10	6000.0	2.0067	52.3404	3.3333	57.680400000000006
8596504	19000.0	10	6000.0	1.9067	57.6804	3.1667	62.7538
8591041	18000.0	10	6000.0	1.8067	62.7538	3.0	67.5605
8591094	22000.0	10	6000.0	2.2067	67.5605	3.6667	73.43390000000001
8595646	17000.0	10	6000.0	1.7067	73.4339	2.8333	77.97389999999999
8577283	20000.0	10	6000.0	2.0067	77.9739	3.3333	83.31389999999999
8583501	19000.0	10	6000.0	1.9067	83.3139	3.1667	88.38730000000001
8583553	20000.0	10	6000.0	2.0067	88.3873	3.3333	93.72729999999999
8595689	18000.0	10	6000.0	1.8067	93.7273	3.0	98.534
8590262	17000.0	10	6000.0	1.7067	98.534	2.8333	103.074
8580362	20000.0	10	6000.0	2.0067	103.074	3.3333	108.41399999999999
8578780	15000.0	10	6000.0	1.5067	108.414	2.5	112.4207
8588613	20000.0	10	6000.0	2.0067	112.4207	3.3333	117.76069999999999
8580805	18000.0	10	6000.0	1.8067	117.7607	3.0	122.5674
8598469	14000.0	10	6000.0	1.4067	122.5674	2.3333	126.3074
8582708	19000.0	10	6000.0	1.9067	126.3074	3.1667	131.3808
8580436	16000.0	10	6000.0	1.6067	131.3808	2.6667	135.65419999999997
8578380	17000.0	10	6000.0	1.7067	135.6542	2.8333	140.19420000000002
8597710	19000.0	10	6000.0	1.9067	140.1942	3.1667	145.2676
8597019	20000.0	10	6000.0	2.0067	145.2676	3.3333	150.6076
8592292	18000.0	10	6000.0	1.8067	150.6076	3.0	155.4143
8597201	16000.0	10	6000.0	1.6067	155.4143	2.6667	159.68769999999998
8597911	18000.0	10	6000.0	1.8067	159.6877	3.0	164.4944
8592199	18000.0	10	6000.0	1.8067	164.4944	3.0	169.30110000000002
8597547	15000.0	10	6000.0	1.5067	169.3011	2.5	173.3078
8576130	16000.0	11	6000.0	1.6067	0	2.6667	4.2734000000000005
8598872	18000.0	11	6000.0	1.8067	4.2734	3.0	9.0801
8598882	16000.0	11	6000.0	1.6067	9.0801	2.6667	13.3535
8587245	19000.0	11	6000.0	1.9067	13.3535	3.1667	18.4269
8588405	19000.0	11	6000.0	1.9067	18.4269	3.1667	23.5003
8588360	18000.0	11	6000.0	1.8067	23.5003	3.0	28.307
8599017	14000.0	11	6000.0	1.4067	28.307	2.3333	32.047
8582202	16000.0	11	6000.0	1.6067	32.047	2.6667	36.3204
8592024	17000.0	11	6000.0	1.7067	36.3204	2.8333	40.8604
8591625	18000.0	11	6000.0	1.8067	40.8604	3.0	45.6671
8579316	15000.0	11	6000.0	1.5067	45.6671	2.5	49.6738
8598973	19000.0	11	6000.0	1.9067	49.6738	3.1667	54.7472
8585707	22000.0	11	6000.0	2.2067	54.7472	3.6667	60.620599999999996
8591050	17000.0	11	6000.0	1.7067	60.6206	2.8333	65.1606
8584068	15000.0	11	6000.0	1.5067	65.1606	2.5	69.1673
8584726	22000.0	11	6000.0	2.2067	69.1673	3.6667	75.0407
8580570	17000.0	11	6000.0	1.7067	75.0407	2.8333	79.5807
8589898	19000.0	11	6000.0	1.9067	79.5807	3.1667	84.6541
8597983	18000.0	11	6000.0	1.8067	84.6541	3.0	89.4608
8577695	19000.0	11	6000.0	1.9067	89.4608	3.1667	94.53420000000001
8589174	21000.0	11	6000.0	2.1067	94.5342	3.5	100.1409
8589096	18000.0	11	6000.0	1.8067	100.1409	3.0	104.94760000000001
8595138	16000.0	11	6000.0	1.6067	104.9476	2.6667	109.221
8578845	16000.0	11	6000.0	1.6067	109.221	2.6667	113.49440000000001
8588947	23000.0	11	6000.0	2.3067	113.4944	3.8333	119.6344
8588702	24000.0	11	6000.0	2.4067	119.6344	4.0	126.0411
8588660	20000.0	11	6000.0	2.0067	126.0411	3.3333	131.3811
8585254	15000.0	11	6000.0	1.5067	131.3811	2.5	135.3878
8598505	16000.0	11	6000.0	1.6067	135.3878	2.6667	139.66119999999998
8578193	19000.0	11	6000.0	1.9067	139.6612	3.1667	144.7346
8577166	19000.0	11	6000.0	1.9067	144.7346	3.1667	149.808
8580493	15000.0	11	6000.0	1.5067	149.808	2.5	153.8147
8597880	15000.0	11	6000.0	1.5067	153.8147	2.5	157.82139999999998
8597425	19000.0	11	6000.0	1.9067	157.8214	3.1667	162.8948
8596946	17000.0	11	6000.0	1.7067	162.8948	2.8333	167.43480000000002
8597603	19000.0	11	6000.0	1.9067	167.4348	3.1667	172.5082
8599057	14000.0	12	6000.0	1.4	0	2.3333	3.7333
8576452	20000.0	12	6000.0	2.0	3.7333	3.3333	9.0666
8576359	22000.0	12	6000.0	2.2	9.0666	3.6667	14.933300000000001
8576710	23000.0	12	6000.0	2.3	14.9333	3.8333	21.0666
8580782	16000.0	12	6000.0	1.6	21.0666	2.6667	25.3333
8588444	18000.0	12	6000.0	1.8	25.3333	3.0	30.133300000000002
8587499	16000.0	12	6000.0	1.6	30.1333	2.6667	34.4
8587759	16000.0	12	6000.0	1.6	34.4	2.6667	38.6667
8581981	16000.0	12	6000.0	1.6	38.6667	2.6667	42.9334
8579935	22000.0	12	6000.0	2.2	42.9334	3.6667	48.8001
8586300	22000.0	12	6000.0	2.2	48.8001	3.6667	54.6668
8579580	16000.0	12	6000.0	1.6	54.6668	2.6667	58.9335
8579374	19000.0	12	6000.0	1.9	58.9335	3.1667	64.0002
8579399	19000.0	12	6000.0	1.9	64.0002	3.1667	69.06690000000002
8579437	18000.0	12	6000.0	1.8	69.0669	3.0	73.8669
8593675	20000.0	12	6000.0	2.0	73.8669	3.3333	79.2002
8587005	18000.0	12	6000.0	1.8	79.2002	3.0	84.00019999999999
8591149	16000.0	12	6000.0	1.6	84.0002	2.6667	88.2669
8598177	15000.0	12	6000.0	1.5	88.2669	2.5	92.2669
8598078	16000.0	12	6000.0	1.6	92.2669	2.6667	96.5336
8584971	14000.0	12	6000.0	1.4	96.5336	2.3333	100.2669
8581433	16000.0	12	6000.0	1.6	100.2669	2.6667	104.5336
8581117	16000.0	12	6000.0	1.6	104.5336	2.6667	108.80030000000001
8590274	20000.0	12	6000.0	2.0	108.8003	3.3333	114.13359999999999
8589113	18000.0	12	6000.0	1.8	114.1336	3.0	118.9336
8594939	15000.0	12	6000.0	1.5	118.9336	2.5	122.9336
8577500	19000.0	12	6000.0	1.9	122.9336	3.1667	128.0003
8582890	23000.0	12	6000.0	2.3	128.0003	3.8333	134.13360000000003
8582897	18000.0	12	6000.0	1.8	134.1336	3.0	138.9336
8582836	22000.0	12	6000.0	2.2	138.9336	3.6667	144.8003
8579023	17000.0	12	6000.0	1.7	144.8003	2.8333	149.3336
8580828	18000.0	12	6000.0	1.8	149.3336	3.0	154.1336
8582295	20000.0	12	6000.0	2.0	154.1336	3.3333	159.4669
8598515	17000.0	12	6000.0	1.7	159.4669	2.8333	164.0002
8578088	20000.0	12	6000.0	2.0	164.0002	3.3333	169.33350000000002
8585485	18000.0	12	6000.0	1.8	169.3335	3.0	174.1335
8593195	18000.0	12	6000.0	1.8	174.1335	3.0	178.9335
8597812	14000.0	12	6000.0	1.4	178.9335	2.3333	182.66680000000002
8597795	13000.0	12	6000.0	1.3	182.6668	2.1667	186.1335
8597023	20000.0	12	6000.0	2.0	186.1335	3.3333	191.4668
8597314	20000.0	12	6000.0	2.0	191.4668	3.3333	196.80010000000001
8597359	20000.0	12	6000.0	2.0	196.8001	3.3333	202.1334
8593063	13000.0	12	6000.0	1.3	202.1334	2.1667	205.6001
8593021	14000.0	12	6000.0	1.4	205.6001	2.3333	209.3334
8593103	16000.0	12	6000.0	1.6	209.3334	2.6667	213.6001
8592943	18000.0	12	6000.0	1.8	213.6001	3.0	218.4001
8593928	15000.0	13	8000.0	1.5	0	1.875	3.375
8575979	18000.0	13	8000.0	1.8	3.375	2.25	7.425
8576295	14000.0	13	8000.0	1.4	7.425	1.75	10.575
8576385	22000.0	13	8000.0	2.2	10.575	2.75	15.524999999999999
8576784	13000.0	13	8000.0	1.3	15.525	1.625	18.45
8594401	16000.0	13	8000.0	1.6	18.45	2.0	22.05
8594292	20000.0	13	8000.0	2.0	22.05	2.5	26.55
8587272	16000.0	13	8000.0	1.6	26.55	2.0	30.150000000000002
8587214	16000.0	13	8000.0	1.6	30.15	2.0	33.75
8587836	17000.0	13	8000.0	1.7	33.75	2.125	37.575
8580058	20000.0	13	8000.0	2.0	37.575	2.5	42.075
8592020	20000.0	13	8000.0	2.0	42.075	2.5	46.575
8579432	16000.0	13	8000.0	1.6	46.575	2.0	50.175000000000004
8593698	17000.0	13	8000.0	1.7	50.175	2.125	54.0
8591308	16000.0	13	8000.0	1.6	54.0	2.0	57.6
8591204	22000.0	13	8000.0	2.2	57.6	2.75	62.550000000000004
8596339	15000.0	13	8000.0	1.5	62.55	1.875	65.925
8591032	21000.0	13	8000.0	2.1	65.925	2.625	70.64999999999999
8584298	17000.0	13	8000.0	1.7	70.65	2.125	74.47500000000001
8598270	19000.0	13	8000.0	1.9	74.475	2.375	78.75
8577853	20000.0	13	8000.0	2.0	78.75	2.5	83.25
8598099	21000.0	13	8000.0	2.1	83.25	2.625	87.975
8582118	19000.0	13	8000.0	1.9	87.975	2.375	92.25
8584675	21000.0	13	8000.0	2.1	92.25	2.625	96.975
8577522	20000.0	13	8000.0	2.0	96.975	2.5	101.475
8577470	16000.0	13	8000.0	1.6	101.475	2.0	105.07499999999999
8581419	16000.0	13	8000.0	1.6	105.075	2.0	108.675
8590242	18000.0	13	8000.0	1.8	108.675	2.25	112.725
8596061	21000.0	13	8000.0	2.1	112.725	2.625	117.44999999999999
8581200	16000.0	13	8000.0	1.6	117.45	2.0	121.05
8590322	17000.0	13	8000.0	1.7	121.05	2.125	124.875
8589732	22000.0	13	8000.0	2.2	124.875	2.75	129.825
8589244	17000.0	13	8000.0	1.7	129.825	2.125	133.64999999999998
8588813	18000.0	13	8000.0	1.8	133.65	2.25	137.70000000000002
8582674	18000.0	13	8000.0	1.8	137.7	2.25	141.75
8577159	15000.0	13	8000.0	1.5	141.75	1.875	145.125
8585135	20000.0	13	8000.0	2.0	145.125	2.5	149.625
8585397	18000.0	13	8000.0	1.8	149.625	2.25	153.675
8592738	22000.0	13	8000.0	2.2	153.675	2.75	158.625
8597233	15000.0	13	8000.0	1.5	158.625	1.875	162.0
8597294	20000.0	13	8000.0	2.0	162.0	2.5	166.5
8592639	13000.0	13	8000.0	1.3	166.5	1.625	169.425
8579630	19000.0	13	8000.0	1.9	169.425	2.375	173.70000000000002
8596997	15000.0	13	8000.0	1.5	173.7	1.875	177.075
8592290	15000.0	13	8000.0	1.5	177.075	1.875	180.45
8593801	16000.0	14	12000.0	1.6	0	1.3333	2.9333
8593930	20000.0	14	12000.0	2.0	2.9333	1.6667	6.6
8576078	15000.0	14	12000.0	1.5	6.6	1.25	9.35
8576211	16000.0	14	12000.0	1.6	9.35	1.3333	12.283299999999999
8576464	22000.0	14	12000.0	2.2	12.2833	1.8333	16.3166
8576424	20000.0	14	12000.0	2.0	16.3166	1.6667	19.9833
8576849	21000.0	14	12000.0	2.1	19.9833	1.75	23.8333
8588260	19000.0	14	12000.0	1.9	23.8333	1.5833	27.3166
8579110	14000.0	14	12000.0	1.4	27.3166	1.1667	29.8833
8583258	16000.0	14	12000.0	1.6	29.8833	1.3333	32.8166
8598746	20000.0	14	12000.0	2.0	32.8166	1.6667	36.4833
8594562	16000.0	14	12000.0	1.6	36.4833	1.3333	39.4166
8594527	20000.0	14	12000.0	2.0	39.4166	1.6667	43.0833
8587605	22000.0	14	12000.0	2.2	43.0833	1.8333	47.116600000000005
8591365	15000.0	14	12000.0	1.5	47.1166	1.25	49.8666
8581970	20000.0	14	12000.0	2.0	49.8666	1.6667	53.5333
8591996	19000.0	14	12000.0	1.9	53.5333	1.5833	57.0166
8582197	16000.0	14	12000.0	1.6	57.0166	1.3333	59.9499
8579591	17000.0	14	12000.0	1.7	59.9499	1.4167	63.0666
8591630	19000.0	14	12000.0	1.9	63.0666	1.5833	66.5499
8585828	18000.0	14	12000.0	1.8	66.5499	1.5	69.84989999999999
8585682	21000.0	14	12000.0	2.1	69.8499	1.75	73.6999
8593693	20000.0	14	12000.0	2.0	73.6999	1.6667	77.3666
8586696	22000.0	14	12000.0	2.2	77.3666	1.8333	81.3999
8584168	20000.0	14	12000.0	2.0	81.3999	1.6667	85.06660000000001
8584214	15000.0	14	12000.0	1.5	85.0666	1.25	87.8166
8578061	14000.0	14	12000.0	1.4	87.8166	1.1667	90.3833
8581252	21000.0	14	12000.0	2.1	90.3833	1.75	94.2333
8581219	19000.0	14	12000.0	1.9	94.2333	1.5833	97.7166
8596072	13000.0	14	12000.0	1.3	97.7166	1.0833	100.09989999999999
8594925	19000.0	14	12000.0	1.9	100.0999	1.5833	103.5832
8595012	23000.0	14	12000.0	2.3	103.5832	1.9167	107.79990000000001
8588745	18000.0	14	12000.0	1.8	107.7999	1.5	111.09989999999999
8595170	16000.0	14	12000.0	1.6	111.0999	1.3333	114.0332
8589579	17000.0	14	12000.0	1.7	114.0332	1.4167	117.1499
8585372	20000.0	14	12000.0	2.0	117.1499	1.6667	120.81660000000001
8580555	18000.0	14	12000.0	1.8	120.8166	1.5	124.11659999999999
8578462	21000.0	14	12000.0	2.1	124.1166	1.75	127.9666
8578557	14000.0	14	12000.0	1.4	127.9666	1.1667	130.5333
8580397	18000.0	14	12000.0	1.8	130.5333	1.5	133.8333
8578242	18000.0	14	12000.0	1.8	133.8333	1.5	137.13330000000002
8578244	20000.0	14	12000.0	2.0	137.1333	1.6667	140.79999999999998
8582737	16000.0	14	12000.0	1.6	140.8	1.3333	143.7333
8589731	16000.0	14	12000.0	1.6	143.7333	1.3333	146.66660000000002
8582170	23000.0	14	12000.0	2.3	146.6666	1.9167	150.8833
8592668	21000.0	14	12000.0	2.1	150.8833	1.75	154.73329999999999
8597940	17000.0	14	12000.0	1.7	154.7333	1.4167	157.85
8597534	19000.0	14	12000.0	1.9	157.85	1.5833	161.3333
8593003	19000.0	14	12000.0	1.9	161.3333	1.5833	164.81660000000002
8593926	17000.0	15	16000.0	1.7	0	1.0625	2.7625
8593812	20000.0	15	16000.0	2.0	2.7625	1.25	6.0125
8576547	18000.0	15	16000.0	1.8	6.0125	1.125	8.9375
8576403	19000.0	15	16000.0	1.9	8.9375	1.1875	12.025
8576398	14000.0	15	16000.0	1.4	12.025	0.875	14.3
8582068	16000.0	15	16000.0	1.6	14.3	1.0	16.9
8587468	18000.0	15	16000.0	1.8	16.9	1.125	19.825
8587789	22000.0	15	16000.0	2.2	19.825	1.375	23.4
8581724	16000.0	15	16000.0	1.6	23.4	1.0	26.0
8579522	17000.0	15	16000.0	1.7	26.0	1.0625	28.7625
8591406	18000.0	15	16000.0	1.8	28.7625	1.125	31.6875
8586346	21000.0	15	16000.0	2.1	31.6875	1.3125	35.1
8586364	18000.0	15	16000.0	1.8	35.1	1.125	38.025
8580052	16000.0	15	16000.0	1.6	38.025	1.0	40.625
8592133	21000.0	15	16000.0	2.1	40.625	1.3125	44.0375
8596702	21000.0	15	16000.0	2.1	44.0375	1.3125	47.45
8591708	19000.0	15	16000.0	1.9	47.45	1.1875	50.5375
8591737	19000.0	15	16000.0	1.9	50.5375	1.1875	53.625
8596761	21000.0	15	16000.0	2.1	53.625	1.3125	57.0375
8590920	16000.0	15	16000.0	1.6	57.0375	1.0	59.6375
8590923	21000.0	15	16000.0	2.1	59.6375	1.3125	63.050000000000004
8585860	19000.0	15	16000.0	1.9	63.05	1.1875	66.1375
8596228	20000.0	15	16000.0	2.0	66.1375	1.25	69.3875
8591025	22000.0	15	16000.0	2.2	69.3875	1.375	72.9625
8580622	19000.0	15	16000.0	1.9	72.9625	1.1875	76.05000000000001
8590147	17000.0	15	16000.0	1.7	76.05	1.0625	78.8125
8577612	18000.0	15	16000.0	1.8	78.8125	1.125	81.7375
8581319	14000.0	15	16000.0	1.4	81.7375	0.875	84.0125
8583474	19000.0	15	16000.0	1.9	84.0125	1.1875	87.10000000000001
8577524	17000.0	15	16000.0	1.7	87.1	1.0625	89.8625
8582920	17000.0	15	16000.0	1.7	89.8625	1.0625	92.625
8588769	17000.0	15	16000.0	1.7	92.625	1.0625	95.3875
8598467	18000.0	15	16000.0	1.8	95.3875	1.125	98.3125
8585130	20000.0	15	16000.0	2.0	98.3125	1.25	101.5625
8585191	17000.0	15	16000.0	1.7	101.5625	1.0625	104.325
8578477	15000.0	15	16000.0	1.5	104.325	0.9375	106.7625
8578377	17000.0	15	16000.0	1.7	106.7625	1.0625	109.525
8577098	20000.0	15	16000.0	2.0	109.525	1.25	112.775
8579694	16000.0	15	16000.0	1.6	112.775	1.0	115.375
8586840	22000.0	15	16000.0	2.2	115.375	1.375	118.95
8593200	20000.0	15	16000.0	2.0	118.95	1.25	122.2
8592951	19000.0	15	16000.0	1.9	122.2	1.1875	125.28750000000001
8593859	16000.0	16	18000.0	1.6058	0	0.8889	2.4947
8576636	19000.0	16	18000.0	1.9058	2.4947	1.0556	5.4561
8576080	17000.0	16	18000.0	1.7058	5.4561	0.9444	8.106300000000001
8580167	21000.0	16	18000.0	2.1058	8.1063	1.1667	11.3788
8576299	22000.0	16	18000.0	2.2058	11.3788	1.2222	14.806799999999999
8587208	21000.0	16	18000.0	2.1058	14.8068	1.1667	18.0793
8588080	15000.0	16	18000.0	1.5058	18.0793	0.8333	20.418400000000002
8594792	16000.0	16	18000.0	1.6058	20.4184	0.8889	22.913099999999996
8580243	19000.0	16	18000.0	1.9058	22.9131	1.0556	25.874499999999998
8587588	24000.0	16	18000.0	2.4058	25.8745	1.3333	29.6136
8598937	21000.0	16	18000.0	2.1058	29.6136	1.1667	32.8861
8596608	18000.0	16	18000.0	1.8058	32.8861	1.0	35.6919
8586127	17000.0	16	18000.0	1.7058	35.6919	0.9444	38.3421
8579558	14000.0	16	18000.0	1.4058	38.3421	0.7778	40.5257
8580075	18000.0	16	18000.0	1.8058	40.5257	1.0	43.3315
8591816	16000.0	16	18000.0	1.6058	43.3315	0.8889	45.8262
8579368	19000.0	16	18000.0	1.9058	45.8262	1.0556	48.7876
8593679	19000.0	16	18000.0	1.9058	48.7876	1.0556	51.748999999999995
8591112	21000.0	16	18000.0	2.1058	51.749	1.1667	55.0215
8598106	20000.0	16	18000.0	2.0058	55.0215	1.1111	58.138400000000004
8598377	18000.0	16	18000.0	1.8058	58.1384	1.0	60.944199999999995
8584430	20000.0	16	18000.0	2.0058	60.9442	1.1111	64.0611
8584578	13000.0	16	18000.0	1.3058	64.0611	0.7222	66.0891
8584605	16000.0	16	18000.0	1.6058	66.0891	0.8889	68.58380000000001
8583507	21000.0	16	18000.0	2.1058	68.5838	1.1667	71.8563
8577706	24000.0	16	18000.0	2.4058	71.8563	1.3333	75.5954
8598006	17000.0	16	18000.0	1.7058	75.5954	0.9444	78.2456
8590474	19000.0	16	18000.0	1.9058	78.2456	1.0556	81.207
8589116	18000.0	16	18000.0	1.8058	81.207	1.0	84.0128
8588965	17000.0	16	18000.0	1.7058	84.0128	0.9444	86.663
8594980	17000.0	16	18000.0	1.7058	86.663	0.9444	89.3132
8595108	20000.0	16	18000.0	2.0058	89.3132	1.1111	92.43009999999998
8589434	15000.0	16	18000.0	1.5058	92.4301	0.8333	94.76919999999998
8589376	17000.0	16	18000.0	1.7058	94.7692	0.9444	97.4194
8595250	20000.0	16	18000.0	2.0058	97.4194	1.1111	100.53629999999998
8595292	20000.0	16	18000.0	2.0058	100.5363	1.1111	103.65319999999998
8598595	20000.0	16	18000.0	2.0058	103.6532	1.1111	106.77009999999999
8597081	18000.0	16	18000.0	1.8058	106.7701	1.0	109.5759
8592299	16000.0	16	18000.0	1.6058	109.5759	0.8889	112.07060000000001
8579717	17000.0	16	18000.0	1.7058	112.0706	0.9444	114.7208
8593117	21000.0	16	18000.0	2.1058	114.7208	1.1667	117.9933
8593125	17000.0	16	18000.0	1.7058	117.9933	0.9444	120.6435
8581814	18000.0	16	18000.0	1.8058	120.6435	1.0	123.44930000000001
8593199	21000.0	16	18000.0	2.1058	123.4493	1.1667	126.7218
8587077	19000.0	17	24000.0	1.9058	0	0.7917	2.6975
8593918	15000.0	17	24000.0	1.5058	2.6975	0.625	4.8283
8579277	19000.0	17	24000.0	1.9058	4.8283	0.7917	7.525799999999999
8575918	23000.0	17	24000.0	2.3058	7.5258	0.9583	10.7899
8587979	19000.0	17	24000.0	1.9058	10.7899	0.7917	13.4874
8594435	20000.0	17	24000.0	2.0058	13.4874	0.8333	16.3265
8587370	17000.0	17	24000.0	1.7058	16.3265	0.7083	18.7406
8587644	20000.0	17	24000.0	2.0058	18.7406	0.8333	21.579700000000003
8596520	17000.0	17	24000.0	1.7058	21.5797	0.7083	23.9938
8579501	19000.0	17	24000.0	1.9058	23.9938	0.7917	26.6913
8586209	16000.0	17	24000.0	1.6058	26.6913	0.6667	28.963799999999996
8590929	17000.0	17	24000.0	1.7058	28.9638	0.7083	31.3779
8598953	17000.0	17	24000.0	1.7058	31.3779	0.7083	33.792
8579404	18000.0	17	24000.0	1.8058	33.792	0.75	36.3478
8593672	15000.0	17	24000.0	1.5058	36.3478	0.625	38.4786
8585923	15000.0	17	24000.0	1.5058	38.4786	0.625	40.6094
8584241	17000.0	17	24000.0	1.7058	40.6094	0.7083	43.023500000000006
8584707	23000.0	17	24000.0	2.3058	43.0235	0.9583	46.2876
8582320	18000.0	17	24000.0	1.8058	46.2876	0.75	48.843399999999995
8584531	22000.0	17	24000.0	2.2058	48.8434	0.9167	51.9659
8577963	20000.0	17	24000.0	2.0058	51.9659	0.8333	54.805
8577486	20000.0	17	24000.0	2.0058	54.805	0.8333	57.6441
8583816	19000.0	17	24000.0	1.9058	57.6441	0.7917	60.3416
8590309	16000.0	17	24000.0	1.6058	60.3416	0.6667	62.6141
8589125	19000.0	17	24000.0	1.9058	62.6141	0.7917	65.31160000000001
8598711	14000.0	17	24000.0	1.4058	65.3116	0.5833	67.30069999999999
8580792	18000.0	17	24000.0	1.8058	67.3007	0.75	69.85650000000001
8579016	17000.0	17	24000.0	1.7058	69.8565	0.7083	72.27059999999999
8576950	18000.0	17	24000.0	1.8058	72.2706	0.75	74.8264
8583039	15000.0	17	24000.0	1.5058	74.8264	0.625	76.9572
8582680	13000.0	17	24000.0	1.3058	76.9572	0.5417	78.80470000000001
8578110	18000.0	17	24000.0	1.8058	78.8047	0.75	81.3605
8578532	20000.0	17	24000.0	2.0058	81.3605	0.8333	84.19959999999999
8592296	19000.0	17	24000.0	1.9058	84.1996	0.7917	86.89710000000001
8581792	22000.0	17	24000.0	2.2058	86.8971	0.9167	90.0196
8592850	17000.0	17	24000.0	1.7058	90.0196	0.7083	92.43369999999999
8593815	15000.0	18	30000.0	1.5058	0	0.5	2.0058
8594224	12000.0	18	30000.0	1.2058	2.0058	0.4	3.6115999999999997
8582255	14000.0	18	30000.0	1.4058	3.6116	0.4667	5.484100000000001
8594206	22000.0	18	30000.0	2.2058	5.4841	0.7333	8.4232
8599081	20000.0	18	30000.0	2.0058	8.4232	0.6667	11.095699999999999
8576000	15000.0	18	30000.0	1.5058	11.0957	0.5	13.101500000000001
8587980	20000.0	18	30000.0	2.0058	13.1015	0.6667	15.774
8588318	14000.0	18	30000.0	1.4058	15.774	0.4667	17.6465
8588270	16000.0	18	30000.0	1.6058	17.6465	0.5333	19.7856
8587908	15000.0	18	30000.0	1.5058	19.7856	0.5	21.7914
8579850	18000.0	18	30000.0	1.8058	21.7914	0.6	24.197200000000002
8587717	19000.0	18	30000.0	1.9058	24.1972	0.6333	26.736299999999996
8579479	25000.0	18	30000.0	2.5058	26.7363	0.8333	30.075400000000002
8593390	22000.0	18	30000.0	2.2058	30.0754	0.7333	33.0145
8591912	15000.0	18	30000.0	1.5058	33.0145	0.5	35.0203
8585839	15000.0	18	30000.0	1.5058	35.0203	0.5	37.0261
8590963	18000.0	18	30000.0	1.8058	37.0261	0.6	39.4319
8585718	16000.0	18	30000.0	1.6058	39.4319	0.5333	41.571
8590802	18000.0	18	30000.0	1.8058	41.571	0.6	43.9768
8590808	17000.0	18	30000.0	1.7058	43.9768	0.5667	46.24929999999999
8585984	17000.0	18	30000.0	1.7058	46.2493	0.5667	48.5218
8593645	16000.0	18	30000.0	1.6058	48.5218	0.5333	50.6609
8584186	24000.0	18	30000.0	2.4058	50.6609	0.8	53.866699999999994
8577745	17000.0	18	30000.0	1.7058	53.8667	0.5667	56.1392
8598125	17000.0	18	30000.0	1.7058	56.1392	0.5667	58.411699999999996
8577717	19000.0	18	30000.0	1.9058	58.4117	0.6333	60.9508
8577601	21000.0	18	30000.0	2.1058	60.9508	0.7	63.756600000000006
8583476	16000.0	18	30000.0	1.6058	63.7566	0.5333	65.89569999999999
8583592	19000.0	18	30000.0	1.9058	65.8957	0.6333	68.43480000000001
8581352	23000.0	18	30000.0	2.3058	68.4348	0.7667	71.5073
8577323	13000.0	18	30000.0	1.3058	71.5073	0.4333	73.24640000000001
8581434	15000.0	18	30000.0	1.5058	73.2464	0.5	75.25219999999999
8583765	23000.0	18	30000.0	2.3058	75.2522	0.7667	78.3247
8589383	22000.0	18	30000.0	2.2058	78.3247	0.7333	81.2638
8589294	18000.0	18	30000.0	1.8058	81.2638	0.6	83.6696
8582797	19000.0	18	30000.0	1.9058	83.6696	0.6333	86.20870000000001
8588596	18000.0	18	30000.0	1.8058	86.2087	0.6	88.61449999999999
8588751	22000.0	18	30000.0	2.2058	88.6145	0.7333	91.5536
8589592	18000.0	18	30000.0	1.8058	91.5536	0.6	93.9594
8589586	19000.0	18	30000.0	1.9058	93.9594	0.6333	96.4985
8585185	17000.0	18	30000.0	1.7058	96.4985	0.5667	98.771
8578670	14000.0	18	30000.0	1.4058	98.771	0.4667	100.6435
8577094	14000.0	18	30000.0	1.4058	100.6435	0.4667	102.516
8586722	18000.0	18	30000.0	1.8058	102.516	0.6	104.9218
8593220	14000.0	18	30000.0	1.4058	104.9218	0.4667	106.7943
8592797	20000.0	18	30000.0	2.0058	106.7943	0.6667	109.4668
8592598	19000.0	18	30000.0	1.9058	109.4668	0.6333	112.00590000000001
8592630	18000.0	18	30000.0	1.8058	112.0059	0.6	114.4117
8597641	18000.0	18	30000.0	1.8058	114.4117	0.6	116.8175
8597542	20000.0	18	30000.0	2.0058	116.8175	0.6667	119.49
8597470	16000.0	18	30000.0	1.6058	119.49	0.5333	121.6291
8593802	17000.0	19	30000.0	1.7058	0	0.5667	2.2725
8582263	13000.0	19	30000.0	1.3058	2.2725	0.4333	4.0116
8579876	16000.0	19	30000.0	1.6058	4.0116	0.5333	6.1507
8576181	17000.0	19	30000.0	1.7058	6.1507	0.5667	8.4232
8598905	14000.0	19	30000.0	1.4058	8.4232	0.4667	10.295699999999998
8587866	26000.0	19	30000.0	2.6058	10.2957	0.8667	13.7682
8587453	16000.0	19	30000.0	1.6058	13.7682	0.5333	15.907300000000001
8594385	21000.0	19	30000.0	2.1058	15.9073	0.7	18.713099999999997
8587730	19000.0	19	30000.0	1.9058	18.7131	0.6333	21.2522
8596596	19000.0	19	30000.0	1.9058	21.2522	0.6333	23.791299999999996
8586659	22000.0	19	30000.0	2.2058	23.7913	0.7333	26.7304
8593326	19000.0	19	30000.0	1.9058	26.7304	0.6333	29.269499999999997
8593314	18000.0	19	30000.0	1.8058	29.2695	0.6	31.675300000000004
8586124	18000.0	19	30000.0	1.8058	31.6753	0.6	34.0811
8581500	15000.0	19	30000.0	1.5058	34.0811	0.5	36.0869
8590922	18000.0	19	30000.0	1.8058	36.0869	0.6	38.4927
8596321	17000.0	19	30000.0	1.7058	38.4927	0.5667	40.76519999999999
8579401	20000.0	19	30000.0	2.0058	40.7652	0.6667	43.4377
8590819	21000.0	19	30000.0	2.1058	43.4377	0.7	46.243500000000004
8587031	20000.0	19	30000.0	2.0058	46.2435	0.6667	48.916
8591137	18000.0	19	30000.0	1.8058	48.916	0.6	51.321799999999996
8584278	19000.0	19	30000.0	1.9058	51.3218	0.6333	53.8609
8596002	20000.0	19	30000.0	2.0058	53.8609	0.6667	56.5334
8598096	22000.0	19	30000.0	2.2058	56.5334	0.7333	59.4725
8584405	18000.0	19	30000.0	1.8058	59.4725	0.6	61.878299999999996
8577992	19000.0	19	30000.0	1.9058	61.8783	0.6333	64.4174
8584777	21000.0	19	30000.0	2.1058	64.4174	0.7	67.2232
8584957	16000.0	19	30000.0	1.6058	67.2232	0.5333	69.3623
8584583	16000.0	19	30000.0	1.6058	69.3623	0.5333	71.5014
8595391	18000.0	19	30000.0	1.8058	71.5014	0.6	73.9072
8583743	23000.0	19	30000.0	2.3058	73.9072	0.7667	76.97970000000001
8590251	15000.0	19	30000.0	1.5058	76.9797	0.5	78.98549999999999
8590479	16000.0	19	30000.0	1.6058	78.9855	0.5333	81.1246
8581062	14000.0	19	30000.0	1.4058	81.1246	0.4667	82.9971
8588607	19000.0	19	30000.0	1.9058	82.9971	0.6333	85.53620000000001
8582296	17000.0	19	30000.0	1.7058	85.5362	0.5667	87.80869999999999
8576963	18000.0	19	30000.0	1.8058	87.8087	0.6	90.2145
8585181	22000.0	19	30000.0	2.2058	90.2145	0.7333	93.1536
8578505	15000.0	19	30000.0	1.5058	93.1536	0.5	95.15939999999999
8578255	17000.0	19	30000.0	1.7058	95.1594	0.5667	97.4319
8586778	18000.0	19	30000.0	1.8058	97.4319	0.6	99.8377
8592872	18000.0	19	30000.0	1.8058	99.8377	0.6	102.2435
8597504	16000.0	19	30000.0	1.6058	102.2435	0.5333	104.3826
8592948	18000.0	19	30000.0	1.8058	104.3826	0.6	106.7884
