1681341	7000.0	0	500.0	0.7	0	14.0	14.7
1710603	7000.0	0	500.0	0.7	14.7	14.0	29.4
1778713	7000.0	0	500.0	0.7	29.4	14.0	44.099999999999994
1719952	7000.0	0	500.0	0.7	44.1	14.0	58.800000000000004
1725686	8000.0	0	500.0	0.8	58.8	16.0	75.6
1654343	7000.0	0	500.0	0.7	75.6	14.0	90.3
1750372	7000.0	0	500.0	0.7	90.3	14.0	105.0
1808905	6000.0	0	500.0	0.6	105.0	12.0	117.6
1835262	8000.0	0	500.0	0.8	117.6	16.0	134.39999999999998
1649009	7000.0	0	500.0	0.7	134.4	14.0	149.1
1741409	8000.0	0	500.0	0.8	149.1	16.0	165.9
1765661	9000.0	0	500.0	0.9	165.9	18.0	184.8
1696173	7000.0	0	500.0	0.7	184.8	14.0	199.5
1784299	9000.0	0	500.0	0.9	199.5	18.0	218.4
1677348	8000.0	0	500.0	0.8	218.4	16.0	235.20000000000002
1805651	8000.0	0	500.0	0.8	235.2	16.0	252.0
1741488	9000.0	0	500.0	0.9	252.0	18.0	270.9
1819277	9000.0	0	500.0	0.9	270.9	18.0	289.79999999999995
1792474	9000.0	0	500.0	0.9	289.8	18.0	308.7
1720919	7000.0	0	500.0	0.7	308.7	14.0	323.4
1795321	8000.0	0	500.0	0.8	323.4	16.0	340.2
1843367	6000.0	0	500.0	0.6	340.2	12.0	352.8
1656726	7000.0	0	500.0	0.7	352.8	14.0	367.5
1688642	10000.0	0	500.0	1.0	367.5	20.0	388.5
1667657	8000.0	0	500.0	0.8	388.5	16.0	405.3
1675938	7000.0	0	500.0	0.7	405.3	14.0	420.0
1671617	9000.0	0	500.0	0.9	420.0	18.0	438.9
1844471	9000.0	0	500.0	0.9	438.9	18.0	457.79999999999995
1652227	6000.0	0	500.0	0.6	457.8	12.0	470.40000000000003
1712469	8000.0	0	500.0	0.8	470.4	16.0	487.2
1637265	6000.0	0	500.0	0.6	487.2	12.0	499.8
1668866	11000.0	0	500.0	1.1	499.8	22.0	522.9000000000001
1787037	14000.0	0	500.0	1.4	522.9	28.0	552.3
1769443	8000.0	0	500.0	0.8	552.3	16.0	569.0999999999999
1777972	8000.0	0	500.0	0.8	569.1	16.0	585.9
1695506	9000.0	0	500.0	0.9	585.9	18.0	604.8
1816485	7000.0	0	500.0	0.7	604.8	14.0	619.5
1684730	12000.0	0	500.0	1.2	619.5	24.0	644.7
1760575	13000.0	0	500.0	1.3	644.7	26.0	672.0
1643065	11000.0	0	500.0	1.1	672.0	22.0	695.1
1816081	6000.0	0	500.0	0.6	695.1	12.0	707.7
1830187	7000.0	1	500.0	0.7	0	14.0	14.7
1664072	10000.0	1	500.0	1.0	14.7	20.0	35.7
1697361	7000.0	1	500.0	0.7	35.7	14.0	50.400000000000006
1825996	7000.0	1	500.0	0.7	50.4	14.0	65.1
1745936	10000.0	1	500.0	1.0	65.1	20.0	86.1
1729108	9000.0	1	500.0	0.9	86.1	18.0	105.0
1652728	8000.0	1	500.0	0.8	105.0	16.0	121.8
1725067	6000.0	1	500.0	0.6	121.8	12.0	134.39999999999998
1745511	6000.0	1	500.0	0.6	134.4	12.0	147.0
1829112	9000.0	1	500.0	0.9	147.0	18.0	165.9
1758374	9000.0	1	500.0	0.9	165.9	18.0	184.8
1783405	8000.0	1	500.0	0.8	184.8	16.0	201.60000000000002
1804834	10000.0	1	500.0	1.0	201.6	20.0	222.6
1663498	7000.0	1	500.0	0.7	222.6	14.0	237.29999999999998
1745433	8000.0	1	500.0	0.8	237.3	16.0	254.10000000000002
1738267	6000.0	1	500.0	0.6	254.1	12.0	266.7
1839627	8000.0	1	500.0	0.8	266.7	16.0	283.5
1768474	6000.0	1	500.0	0.6	283.5	12.0	296.1
1682059	7000.0	1	500.0	0.7	296.1	14.0	310.8
1734769	9000.0	1	500.0	0.9	310.8	18.0	329.7
1781499	8000.0	1	500.0	0.8	329.7	16.0	346.5
1698653	7000.0	1	500.0	0.7	346.5	14.0	361.2
1706053	8000.0	1	500.0	0.8	361.2	16.0	378.0
1711548	6000.0	1	500.0	0.6	378.0	12.0	390.6
1662572	8000.0	1	500.0	0.8	390.6	16.0	407.40000000000003
1733415	25000.0	1	500.0	2.5	407.4	50.0	459.9
1723684	8000.0	1	500.0	0.8	459.9	16.0	476.7
1660020	9000.0	1	500.0	0.9	476.7	18.0	495.59999999999997
1824556	7000.0	1	500.0	0.7	495.6	14.0	510.3
1687521	8000.0	1	500.0	0.8	510.3	16.0	527.1
1652259	6000.0	1	500.0	0.6	527.1	12.0	539.7
1814697	8000.0	1	500.0	0.8	539.7	16.0	556.5
1807303	7000.0	1	500.0	0.7	556.5	14.0	571.2
1653469	5000.0	1	500.0	0.5	571.2	10.0	581.7
1823176	11000.0	1	500.0	1.1	581.7	22.0	604.8000000000001
1702062	8000.0	1	500.0	0.8	604.8	16.0	621.5999999999999
1820969	8000.0	1	500.0	0.8	621.6	16.0	638.4
1701929	6000.0	1	500.0	0.6	638.4	12.0	651.0
1762879	8000.0	1	500.0	0.8	651.0	16.0	667.8
1744843	8000.0	1	500.0	0.8	667.8	16.0	684.5999999999999
1662171	7000.0	1	500.0	0.7	684.6	14.0	699.3000000000001
1693691	8000.0	1	500.0	0.8	699.3	16.0	716.0999999999999
1802638	13000.0	1	500.0	1.3	716.1	26.0	743.4
1695410	7000.0	1	500.0	0.7	743.4	14.0	758.1
1808303	6000.0	1	500.0	0.6	758.1	12.0	770.7
1774751	9000.0	2	1000.0	0.9	0	9.0	9.9
1741338	7000.0	2	1000.0	0.7	9.9	7.0	17.6
1665076	8000.0	2	1000.0	0.8	17.6	8.0	26.400000000000002
1840000	7000.0	2	1000.0	0.7	26.4	7.0	34.099999999999994
1769109	9000.0	2	1000.0	0.9	34.1	9.0	44.0
1721364	8000.0	2	1000.0	0.8	44.0	8.0	52.8
1750681	9000.0	2	1000.0	0.9	52.8	9.0	62.699999999999996
1773863	7000.0	2	1000.0	0.7	62.7	7.0	70.4
1664311	10000.0	2	1000.0	1.0	70.4	10.0	81.4
1711234	6000.0	2	1000.0	0.6	81.4	6.0	88.0
1784823	8000.0	2	1000.0	0.8	88.0	8.0	96.8
1714449	7000.0	2	1000.0	0.7	96.8	7.0	104.5
1678899	6000.0	2	1000.0	0.6	104.5	6.0	111.1
1742679	7000.0	2	1000.0	0.7	111.1	7.0	118.8
1728603	8000.0	2	1000.0	0.8	118.8	8.0	127.6
1722080	6000.0	2	1000.0	0.6	127.6	6.0	134.2
1696260	4000.0	2	1000.0	0.4	134.2	4.0	138.6
1673481	8000.0	2	1000.0	0.8	138.6	8.0	147.4
1667279	7000.0	2	1000.0	0.7	147.4	7.0	155.1
1727165	8000.0	2	1000.0	0.8	155.1	8.0	163.9
1834621	8000.0	2	1000.0	0.8	163.9	8.0	172.70000000000002
1661152	8000.0	2	1000.0	0.8	172.7	8.0	181.5
1706629	6000.0	2	1000.0	0.6	181.5	6.0	188.1
1701558	5000.0	2	1000.0	0.5	188.1	5.0	193.6
1788796	8000.0	2	1000.0	0.8	193.6	8.0	202.4
1755510	6000.0	2	1000.0	0.6	202.4	6.0	209.0
1761678	7000.0	2	1000.0	0.7	209.0	7.0	216.7
1662127	5000.0	2	1000.0	0.5	216.7	5.0	222.2
1847410	9000.0	2	1000.0	0.9	222.2	9.0	232.1
1841941	7000.0	2	1000.0	0.7	232.1	7.0	239.79999999999998
1690535	8000.0	2	1000.0	0.8	239.8	8.0	248.60000000000002
1648377	9000.0	2	1000.0	0.9	248.6	9.0	258.5
1716152	6000.0	2	1000.0	0.6	258.5	6.0	265.1
1760340	7000.0	2	1000.0	0.7	265.1	7.0	272.8
1746855	7000.0	2	1000.0	0.7	272.8	7.0	280.5
1765117	10000.0	2	1000.0	1.0	280.5	10.0	291.5
1797608	6000.0	2	1000.0	0.6	291.5	6.0	298.1
1716785	7000.0	2	1000.0	0.7	298.1	7.0	305.8
1684104	9000.0	3	1000.0	0.9	0	9.0	9.9
1794141	6000.0	3	1000.0	0.6	9.9	6.0	16.5
1721260	5000.0	3	1000.0	0.5	16.5	5.0	22.0
1752345	9000.0	3	1000.0	0.9	22.0	9.0	31.9
1745297	6000.0	3	1000.0	0.6	31.9	6.0	38.5
1681363	9000.0	3	1000.0	0.9	38.5	9.0	48.4
1825795	7000.0	3	1000.0	0.7	48.4	7.0	56.1
1682254	8000.0	3	1000.0	0.8	56.1	8.0	64.9
1749597	9000.0	3	1000.0	0.9	64.9	9.0	74.80000000000001
1725421	6000.0	3	1000.0	0.6	74.8	6.0	81.39999999999999
1683873	7000.0	3	1000.0	0.7	81.4	7.0	89.10000000000001
1650635	7000.0	3	1000.0	0.7	89.1	7.0	96.8
1784504	7000.0	3	1000.0	0.7	96.8	7.0	104.5
1851359	9000.0	3	1000.0	0.9	104.5	9.0	114.4
1642311	8000.0	3	1000.0	0.8	114.4	8.0	123.2
1693350	7000.0	3	1000.0	0.7	123.2	7.0	130.9
1717101	8000.0	3	1000.0	0.8	130.9	8.0	139.70000000000002
1705873	8000.0	3	1000.0	0.8	139.7	8.0	148.5
1661202	6000.0	3	1000.0	0.6	148.5	6.0	155.1
1711932	6000.0	3	1000.0	0.6	155.1	6.0	161.7
1772483	7000.0	3	1000.0	0.7	161.7	7.0	169.39999999999998
1708288	7000.0	3	1000.0	0.7	169.4	7.0	177.1
1692729	5000.0	3	1000.0	0.5	177.1	5.0	182.6
1748419	9000.0	3	1000.0	0.9	182.6	9.0	192.5
1759668	8000.0	3	1000.0	0.8	192.5	8.0	201.3
1770553	9000.0	3	1000.0	0.9	201.3	9.0	211.20000000000002
1772581	7000.0	3	1000.0	0.7	211.2	7.0	218.89999999999998
1755724	6000.0	3	1000.0	0.6	218.9	6.0	225.5
1706120	5000.0	3	1000.0	0.5	225.5	5.0	231.0
1733196	6000.0	3	1000.0	0.6	231.0	6.0	237.6
1740340	7000.0	3	1000.0	0.7	237.6	7.0	245.29999999999998
1694821	8000.0	3	1000.0	0.8	245.3	8.0	254.10000000000002
1825420	9000.0	3	1000.0	0.9	254.1	9.0	264.0
1744680	7000.0	3	1000.0	0.7	264.0	7.0	271.7
1790033	5000.0	3	1000.0	0.5	271.7	5.0	277.2
1726618	5000.0	3	1000.0	0.5	277.2	5.0	282.7
1729766	11000.0	3	1000.0	1.1	282.7	11.0	294.8
1644301	9000.0	3	1000.0	0.9	294.8	9.0	304.7
1691188	7000.0	4	4000.0	0.7038	0	1.75	2.4538
1835769	9000.0	4	4000.0	0.9038	2.4538	2.25	5.6076
1744942	7000.0	4	4000.0	0.7038	5.6076	1.75	8.061399999999999
1781083	8000.0	4	4000.0	0.8038	8.0614	2.0	10.865200000000002
1836358	9000.0	4	4000.0	0.9038	10.8652	2.25	14.019
1740982	8000.0	4	4000.0	0.8038	14.019	2.0	16.8228
1763543	7000.0	4	4000.0	0.7038	16.8228	1.75	19.276600000000002
1819057	9000.0	4	4000.0	0.9038	19.2766	2.25	22.4304
1838306	8000.0	4	4000.0	0.8038	22.4304	2.0	25.234199999999998
1666705	8000.0	4	4000.0	0.8038	25.2342	2.0	28.038
1704806	7000.0	4	4000.0	0.7038	28.038	1.75	30.4918
1810736	10000.0	4	4000.0	1.0038	30.4918	2.5	33.9956
1683495	8000.0	4	4000.0	0.8038	33.9956	2.0	36.799400000000006
1720809	9000.0	4	4000.0	0.9038	36.7994	2.25	39.953199999999995
1678573	11000.0	4	4000.0	1.1038	39.9532	2.75	43.807
1735841	10000.0	4	4000.0	1.0038	43.807	2.5	47.3108
1774319	9000.0	4	4000.0	0.9038	47.3108	2.25	50.4646
1691662	6000.0	4	4000.0	0.6038	50.4646	1.5	52.5684
1672677	7000.0	4	4000.0	0.7038	52.5684	1.75	55.0222
1784877	10000.0	4	4000.0	1.0038	55.0222	2.5	58.525999999999996
1708991	8000.0	4	4000.0	0.8038	58.526	2.0	61.329800000000006
1666512	7000.0	4	4000.0	0.7038	61.3298	1.75	63.7836
1811026	7000.0	4	4000.0	0.7038	63.7836	1.75	66.2374
1655829	9000.0	4	4000.0	0.9038	66.2374	2.25	69.3912
1725330	10000.0	4	4000.0	1.0038	69.3912	2.5	72.895
1747375	6000.0	4	4000.0	0.6038	72.895	1.5	74.9988
1762108	14000.0	4	4000.0	1.4038	74.9988	3.5	79.9026
1730730	11000.0	4	4000.0	1.1038	79.9026	2.75	83.75640000000001
1798515	6000.0	4	4000.0	0.6038	83.7564	1.5	85.8602
1716849	7000.0	4	4000.0	0.7038	85.8602	1.75	88.31400000000001
1739987	8000.0	4	4000.0	0.8038	88.314	2.0	91.11779999999999
1688408	6000.0	4	4000.0	0.6038	91.1178	1.5	93.22160000000001
1747663	8000.0	4	4000.0	0.8038	93.2216	2.0	96.02539999999999
1776969	8000.0	4	4000.0	0.8038	96.0254	2.0	98.8292
1693159	8000.0	4	4000.0	0.8038	98.8292	2.0	101.633
1775810	10000.0	4	4000.0	1.0038	101.633	2.5	105.1368
1718900	9000.0	4	4000.0	0.9038	105.1368	2.25	108.2906
1762817	11000.0	4	4000.0	1.1038	108.2906	2.75	112.1444
1648080	5000.0	4	4000.0	0.5038	112.1444	1.25	113.8982
1746098	7000.0	4	4000.0	0.7038	113.8982	1.75	116.352
1802303	8000.0	4	4000.0	0.8038	116.352	2.0	119.1558
1841989	8000.0	4	4000.0	0.8038	119.1558	2.0	121.9596
1807859	7000.0	4	4000.0	0.7038	121.9596	1.75	124.4134
1695479	6000.0	4	4000.0	0.6038	124.4134	1.5	126.5172
1747088	9000.0	4	4000.0	0.9038	126.5172	2.25	129.671
1663210	9000.0	4	4000.0	0.9038	129.671	2.25	132.82479999999998
1775430	8000.0	4	4000.0	0.8038	132.8248	2.0	135.6286
1847025	9000.0	4	4000.0	0.9038	135.6286	2.25	138.7824
1803011	7000.0	4	4000.0	0.7038	138.7824	1.75	141.2362
1821936	7000.0	4	4000.0	0.7038	141.2362	1.75	143.69
1834912	7000.0	4	4000.0	0.7038	143.69	1.75	146.1438
1846808	9000.0	4	4000.0	0.9038	146.1438	2.25	149.2976
1648215	8000.0	4	4000.0	0.8038	149.2976	2.0	152.10139999999998
1653307	7000.0	4	4000.0	0.7038	152.1014	1.75	154.5552
1668468	6000.0	4	4000.0	0.6038	154.5552	1.5	156.65900000000002
1697915	7000.0	4	4000.0	0.7038	156.659	1.75	159.1128
1772403	6000.0	4	4000.0	0.6038	159.1128	1.5	161.2166
1776272	7000.0	4	4000.0	0.7038	161.2166	1.75	163.6704
1830700	8000.0	5	4000.0	0.8038	0	2.0	2.8038
1659202	8000.0	5	4000.0	0.8038	2.8038	2.0	5.6076
1659005	7000.0	5	4000.0	0.7038	5.6076	1.75	8.061399999999999
1715709	6000.0	5	4000.0	0.6038	8.0614	1.5	10.1652
1679540	6000.0	5	4000.0	0.6038	10.1652	1.5	12.269
1649407	7000.0	5	4000.0	0.7038	12.269	1.75	14.7228
1835389	10000.0	5	4000.0	1.0038	14.7228	2.5	18.226599999999998
1678063	7000.0	5	4000.0	0.7038	18.2266	1.75	20.680400000000002
1828661	8000.0	5	4000.0	0.8038	20.6804	2.0	23.484199999999998
1720546	7000.0	5	4000.0	0.7038	23.4842	1.75	25.938000000000002
1826662	7000.0	5	4000.0	0.7038	25.938	1.75	28.3918
1819691	8000.0	5	4000.0	0.8038	28.3918	2.0	31.1956
1677217	10000.0	5	4000.0	1.0038	31.1956	2.5	34.6994
1720283	10000.0	5	4000.0	1.0038	34.6994	2.5	38.203199999999995
1837303	8000.0	5	4000.0	0.8038	38.2032	2.0	41.007000000000005
1712103	7000.0	5	4000.0	0.7038	41.007	1.75	43.4608
1782346	9000.0	5	4000.0	0.9038	43.4608	2.25	46.614599999999996
1796360	6000.0	5	4000.0	0.6038	46.6146	1.5	48.7184
1707281	10000.0	5	4000.0	1.0038	48.7184	2.5	52.2222
1694644	8000.0	5	4000.0	0.8038	52.2222	2.0	55.026
1770819	7000.0	5	4000.0	0.7038	55.026	1.75	57.479800000000004
1686909	8000.0	5	4000.0	0.8038	57.4798	2.0	60.2836
1832916	8000.0	5	4000.0	0.8038	60.2836	2.0	63.0874
1687005	8000.0	5	4000.0	0.8038	63.0874	2.0	65.8912
1744282	9000.0	5	4000.0	0.9038	65.8912	2.25	69.045
1817043	6000.0	5	4000.0	0.6038	69.045	1.5	71.14880000000001
1744412	7000.0	5	4000.0	0.7038	71.1488	1.75	73.6026
1823489	7000.0	5	4000.0	0.7038	73.6026	1.75	76.0564
1637239	8000.0	5	4000.0	0.8038	76.0564	2.0	78.86019999999999
1848013	9000.0	5	4000.0	0.9038	78.8602	2.25	82.01400000000001
1686489	8000.0	5	4000.0	0.8038	82.014	2.0	84.81779999999999
1689055	7000.0	5	4000.0	0.7038	84.8178	1.75	87.2716
1668242	7000.0	5	4000.0	0.7038	87.2716	1.75	89.72540000000001
1703101	7000.0	5	4000.0	0.7038	89.7254	1.75	92.1792
1846552	10000.0	5	4000.0	1.0038	92.1792	2.5	95.68299999999999
1841789	9000.0	5	4000.0	0.9038	95.683	2.25	98.83680000000001
1706775	7000.0	5	4000.0	0.7038	98.8368	1.75	101.2906
1724117	7000.0	5	4000.0	0.7038	101.2906	1.75	103.7444
1759408	8000.0	5	4000.0	0.8038	103.7444	2.0	106.5482
1812805	8000.0	5	4000.0	0.8038	106.5482	2.0	109.35199999999999
1737077	8000.0	5	4000.0	0.8038	109.352	2.0	112.1558
1784066	9000.0	6	5000.0	0.9038	0	1.8	2.7038
1836589	6000.0	6	5000.0	0.6038	2.7038	1.2	4.5076
1641290	7000.0	6	5000.0	0.7038	4.5076	1.4	6.6114
1725794	7000.0	6	5000.0	0.7038	6.6114	1.4	8.7152
1830379	6000.0	6	5000.0	0.6038	8.7152	1.2	10.518999999999998
1682266	8000.0	6	5000.0	0.8038	10.519	1.6	12.9228
1810665	7000.0	6	5000.0	0.7038	12.9228	1.4	15.0266
1838090	10000.0	6	5000.0	1.0038	15.0266	2.0	18.0304
1720183	8000.0	6	5000.0	0.8038	18.0304	1.6	20.4342
1652980	5000.0	6	5000.0	0.5038	20.4342	1.0	21.938000000000002
1829602	3000.0	6	5000.0	0.3038	21.938	0.6	22.8418
1793903	7000.0	6	5000.0	0.7038	22.8418	1.4	24.9456
1768635	7000.0	6	5000.0	0.7038	24.9456	1.4	27.0494
1774946	6000.0	6	5000.0	0.6038	27.0494	1.2	28.853199999999998
1665207	7000.0	6	5000.0	0.7038	28.8532	1.4	30.957
1701160	9000.0	6	5000.0	0.9038	30.957	1.8	33.6608
1807875	6000.0	6	5000.0	0.6038	33.6608	1.2	35.464600000000004
1776796	9000.0	6	5000.0	0.9038	35.4646	1.8	38.16839999999999
1844564	7000.0	6	5000.0	0.7038	38.1684	1.4	40.2722
1814400	8000.0	6	5000.0	0.8038	40.2722	1.6	42.676
1788674	15000.0	6	5000.0	1.5038	42.676	3.0	47.1798
1687641	8000.0	6	5000.0	0.8038	47.1798	1.6	49.583600000000004
1644145	7000.0	6	5000.0	0.7038	49.5836	1.4	51.6874
1844234	6000.0	6	5000.0	0.6038	51.6874	1.2	53.4912
1697381	10000.0	6	5000.0	1.0038	53.4912	2.0	56.495
1673892	10000.0	6	5000.0	1.0038	56.495	2.0	59.498799999999996
1729984	7000.0	6	5000.0	0.7038	59.4988	1.4	61.6026
1700667	7000.0	6	5000.0	0.7038	61.6026	1.4	63.7064
1729666	10000.0	6	5000.0	1.0038	63.7064	2.0	66.7102
1834771	11000.0	6	5000.0	1.1038	66.7102	2.2	70.01400000000001
1663367	7000.0	7	5000.0	0.7038	0	1.4	2.1037999999999997
1691991	6000.0	7	5000.0	0.6038	2.1038	1.2	3.9076000000000004
1803357	9000.0	7	5000.0	0.9038	3.9076	1.8	6.6114
1766617	6000.0	7	5000.0	0.6038	6.6114	1.2	8.415199999999999
1808987	8000.0	7	5000.0	0.8038	8.4152	1.6	10.819
1811932	7000.0	7	5000.0	0.7038	10.819	1.4	12.9228
1774674	7000.0	7	5000.0	0.7038	12.9228	1.4	15.0266
1766818	7000.0	7	5000.0	0.7038	15.0266	1.4	17.130399999999998
1682332	6000.0	7	5000.0	0.6038	17.1304	1.2	18.9342
1837816	6000.0	7	5000.0	0.6038	18.9342	1.2	20.738
1691467	8000.0	7	5000.0	0.8038	20.738	1.6	23.1418
1828407	8000.0	7	5000.0	0.8038	23.1418	1.6	25.5456
1734871	6000.0	7	5000.0	0.6038	25.5456	1.2	27.3494
1791974	8000.0	7	5000.0	0.8038	27.3494	1.6	29.7532
1710483	7000.0	7	5000.0	0.7038	29.7532	1.4	31.857
1650549	8000.0	7	5000.0	0.8038	31.857	1.6	34.2608
1680961	9000.0	7	5000.0	0.9038	34.2608	1.8	36.9646
1793751	7000.0	7	5000.0	0.7038	36.9646	1.4	39.0684
1818215	7000.0	7	5000.0	0.7038	39.0684	1.4	41.1722
1774083	7000.0	7	5000.0	0.7038	41.1722	1.4	43.275999999999996
1795286	9000.0	7	5000.0	0.9038	43.276	1.8	45.9798
1834653	11000.0	7	5000.0	1.1038	45.9798	2.2	49.2836
1808250	8000.0	7	5000.0	0.8038	49.2836	1.6	51.687400000000004
1765454	7000.0	7	5000.0	0.7038	51.6874	1.4	53.791199999999996
1801068	12000.0	7	5000.0	1.2038	53.7912	2.4	57.395
1746208	9000.0	7	5000.0	0.9038	57.395	1.8	60.0988
1726301	7000.0	7	5000.0	0.7038	60.0988	1.4	62.2026
1773274	6000.0	7	5000.0	0.6038	62.2026	1.2	64.0064
1680094	7000.0	7	5000.0	0.7038	64.0064	1.4	66.1102
1845879	6000.0	7	5000.0	0.6038	66.1102	1.2	67.91400000000002
1801319	7000.0	7	5000.0	0.7038	67.914	1.4	70.01780000000001
1731197	53000.0	7	5000.0	5.3038	70.0178	10.6	85.92159999999998
1844792	7000.0	7	5000.0	0.7038	85.9216	1.4	88.0254
1798880	7000.0	7	5000.0	0.7038	88.0254	1.4	90.12920000000001
1765191	9000.0	7	5000.0	0.9038	90.1292	1.8	92.833
1782520	12000.0	7	5000.0	1.2038	92.833	2.4	96.4368
1814017	7000.0	7	5000.0	0.7038	96.4368	1.4	98.54060000000001
1659929	8000.0	7	5000.0	0.8038	98.5406	1.6	100.94439999999999
1799092	7000.0	7	5000.0	0.7038	100.9444	1.4	103.04820000000001
1786970	8000.0	7	5000.0	0.8038	103.0482	1.6	105.45199999999998
1834055	7000.0	7	5000.0	0.7038	105.452	1.4	107.5558
1841969	8000.0	7	5000.0	0.8038	107.5558	1.6	109.9596
1643002	9000.0	7	5000.0	0.9038	109.9596	1.8	112.6634
1705358	9000.0	7	5000.0	0.9038	112.6634	1.8	115.3672
1802780	5000.0	7	5000.0	0.5038	115.3672	1.0	116.871
1636221	9000.0	7	5000.0	0.9038	116.871	1.8	119.5748
1685035	7000.0	7	5000.0	0.7038	119.5748	1.4	121.6786
1662034	8000.0	7	5000.0	0.8038	121.6786	1.6	124.08239999999999
1647733	11000.0	7	5000.0	1.1038	124.0824	2.2	127.38620000000002
1826310	5000.0	8	5000.0	0.5067	0	1.0	1.5067
1720005	8000.0	8	5000.0	0.8067	1.5067	1.6	3.9133999999999998
1664099	8000.0	8	5000.0	0.8067	3.9134	1.6	6.3201
1659501	6000.0	8	5000.0	0.6067	6.3201	1.2	8.1268
1830711	10000.0	8	5000.0	1.0067	8.1268	2.0	11.1335
1729389	8000.0	8	5000.0	0.8067	11.1335	1.6	13.540199999999999
1775258	8000.0	8	5000.0	0.8067	13.5402	1.6	15.9469
1830937	7000.0	8	5000.0	0.7067	15.9469	1.4	18.0536
1808733	7000.0	8	5000.0	0.7067	18.0536	1.4	20.1603
1753431	9000.0	8	5000.0	0.9067	20.1603	1.8	22.867
1851134	9000.0	8	5000.0	0.9067	22.867	1.8	25.573700000000002
1725005	7000.0	8	5000.0	0.7067	25.5737	1.4	27.6804
1780714	8000.0	8	5000.0	0.8067	27.6804	1.6	30.0871
1811473	10000.0	8	5000.0	1.0067	30.0871	2.0	33.0938
1642357	8000.0	8	5000.0	0.8067	33.0938	1.6	35.5005
1785764	9000.0	8	5000.0	0.9067	35.5005	1.8	38.2072
1819655	9000.0	8	5000.0	0.9067	38.2072	1.8	40.9139
1650333	6000.0	8	5000.0	0.6067	40.9139	1.2	42.720600000000005
1696852	7000.0	8	5000.0	0.7067	42.7206	1.4	44.827299999999994
1670727	8000.0	8	5000.0	0.8067	44.8273	1.6	47.234
1832478	8000.0	8	5000.0	0.8067	47.234	1.6	49.6407
1638561	8000.0	8	5000.0	0.8067	49.6407	1.6	52.0474
1813455	6000.0	8	5000.0	0.6067	52.0474	1.2	53.8541
1770175	7000.0	8	5000.0	0.7067	53.8541	1.4	55.9608
1789405	10000.0	8	5000.0	1.0067	55.9608	2.0	58.9675
1730216	6000.0	8	5000.0	0.6067	58.9675	1.2	60.77420000000001
1671215	6000.0	8	5000.0	0.6067	60.7742	1.2	62.5809
1755499	8000.0	8	5000.0	0.8067	62.5809	1.6	64.9876
1814255	8000.0	8	5000.0	0.8067	64.9876	1.6	67.3943
1697602	6000.0	8	5000.0	0.6067	67.3943	1.2	69.20100000000001
1637963	6000.0	8	5000.0	0.6067	69.201	1.2	71.0077
1643990	8000.0	8	5000.0	0.8067	71.0077	1.6	73.4144
1671626	8000.0	8	5000.0	0.8067	73.4144	1.6	75.8211
1693236	6000.0	8	5000.0	0.6067	75.8211	1.2	77.62780000000001
1759238	8000.0	8	5000.0	0.8067	77.6278	1.6	80.0345
1834906	9000.0	8	5000.0	0.9067	80.0345	1.8	82.74119999999999
1789967	7000.0	8	5000.0	0.7067	82.7412	1.4	84.84790000000001
1656417	8000.0	8	5000.0	0.8067	84.8479	1.6	87.2546
1700207	10000.0	8	5000.0	1.0067	87.2546	2.0	90.26129999999999
1647586	9000.0	8	5000.0	0.9067	90.2613	1.8	92.968
1771694	9000.0	8	5000.0	0.9067	92.968	1.8	95.6747
1834803	6000.0	8	5000.0	0.6067	95.6747	1.2	97.48140000000001
1817655	7000.0	8	5000.0	0.7067	97.4814	1.4	99.5881
1733828	9000.0	8	5000.0	0.9067	99.5881	1.8	102.2948
1833527	14000.0	9	6000.0	1.4067	0	2.3333	3.74
1779197	9000.0	9	6000.0	0.9067	3.74	1.5	6.1467
1766758	7000.0	9	6000.0	0.7067	6.1467	1.1667	8.0201
1656272	10000.0	9	6000.0	1.0067	8.0201	1.6667	10.6935
1818504	8000.0	9	6000.0	0.8067	10.6935	1.3333	12.833499999999999
1669944	7000.0	9	6000.0	0.7067	12.8335	1.1667	14.706900000000001
1713186	7000.0	9	6000.0	0.7067	14.7069	1.1667	16.580299999999998
1649387	9000.0	9	6000.0	0.9067	16.5803	1.5	18.987000000000002
1784709	7000.0	9	6000.0	0.7067	18.987	1.1667	20.8604
1805570	8000.0	9	6000.0	0.8067	20.8604	1.3333	23.0004
1810658	7000.0	9	6000.0	0.7067	23.0004	1.1667	24.8738
1728728	9000.0	9	6000.0	0.9067	24.8738	1.5	27.2805
1768082	7000.0	9	6000.0	0.7067	27.2805	1.1667	29.1539
1809857	7000.0	9	6000.0	0.7067	29.1539	1.1667	31.0273
1794022	7000.0	9	6000.0	0.7067	31.0273	1.1667	32.9007
1681855	8000.0	9	6000.0	0.8067	32.9007	1.3333	35.0407
1698243	9000.0	9	6000.0	0.9067	35.0407	1.5	37.4474
1826638	7000.0	9	6000.0	0.7067	37.4474	1.1667	39.3208
1698698	6000.0	9	6000.0	0.6067	39.3208	1.0	40.927499999999995
1758759	9000.0	9	6000.0	0.9067	40.9275	1.5	43.3342
1731572	8000.0	9	6000.0	0.8067	43.3342	1.3333	45.4742
1832269	10000.0	9	6000.0	1.0067	45.4742	1.6667	48.147600000000004
1717286	6000.0	9	6000.0	0.6067	48.1476	1.0	49.7543
1842696	9000.0	9	6000.0	0.9067	49.7543	1.5	52.161
1733011	12000.0	9	6000.0	1.2067	52.161	2.0	55.3677
1694110	7000.0	9	6000.0	0.7067	55.3677	1.1667	57.241099999999996
1814383	9000.0	9	6000.0	0.9067	57.2411	1.5	59.647800000000004
1671410	10000.0	9	6000.0	1.0067	59.6478	1.6667	62.3212
1744111	8000.0	9	6000.0	0.8067	62.3212	1.3333	64.46119999999999
1722501	8000.0	9	6000.0	0.8067	64.4612	1.3333	66.6012
1693025	6000.0	9	6000.0	0.6067	66.6012	1.0	68.20790000000001
1823843	9000.0	9	6000.0	0.9067	68.2079	1.5	70.6146
1647362	7000.0	9	6000.0	0.7067	70.6146	1.1667	72.488
1693543	6000.0	9	6000.0	0.6067	72.488	1.0	74.0947
1775396	8000.0	9	6000.0	0.8067	74.0947	1.3333	76.2347
1781728	8000.0	9	6000.0	0.8067	76.2347	1.3333	78.3747
1644874	7000.0	9	6000.0	0.7067	78.3747	1.1667	80.24810000000001
1684973	8000.0	9	6000.0	0.8067	80.2481	1.3333	82.3881
1695516	8000.0	9	6000.0	0.8067	82.3881	1.3333	84.5281
1769416	10000.0	9	6000.0	1.0067	84.5281	1.6667	87.2015
1760372	8000.0	9	6000.0	0.8067	87.2015	1.3333	89.3415
1833153	6000.0	9	6000.0	0.6067	89.3415	1.0	90.9482
1648235	6000.0	9	6000.0	0.6067	90.9482	1.0	92.5549
1653360	6000.0	9	6000.0	0.6067	92.5549	1.0	94.1616
1671847	7000.0	9	6000.0	0.7067	94.1616	1.1667	96.03500000000001
1731924	8000.0	9	6000.0	0.8067	96.035	1.3333	98.175
1748550	7000.0	9	6000.0	0.7067	98.175	1.1667	100.0484
1648588	6000.0	10	6000.0	0.6067	0	1.0	1.6067
1679064	9000.0	10	6000.0	0.9067	1.6067	1.5	4.0134
1721328	5000.0	10	6000.0	0.5067	4.0134	0.8333	5.353400000000001
1738067	7000.0	10	6000.0	0.7067	5.3534	1.1667	7.226799999999999
1750615	7000.0	10	6000.0	0.7067	7.2268	1.1667	9.1002
1794291	5000.0	10	6000.0	0.5067	9.1002	0.8333	10.440199999999999
1806038	7000.0	10	6000.0	0.7067	10.4402	1.1667	12.313600000000001
1739181	8000.0	10	6000.0	0.8067	12.3136	1.3333	14.453599999999998
1837782	10000.0	10	6000.0	1.0067	14.4536	1.6667	17.127
1810657	7000.0	10	6000.0	0.7067	17.127	1.1667	19.0004
1764416	6000.0	10	6000.0	0.6067	19.0004	1.0	20.6071
1764974	6000.0	10	6000.0	0.6067	20.6071	1.0	22.2138
1774373	9000.0	10	6000.0	0.9067	22.2138	1.5	24.6205
1666957	7000.0	10	6000.0	0.7067	24.6205	1.1667	26.4939
1806439	8000.0	10	6000.0	0.8067	26.4939	1.3333	28.6339
1792119	7000.0	10	6000.0	0.7067	28.6339	1.1667	30.5073
1851407	7000.0	10	6000.0	0.7067	30.5073	1.1667	32.380700000000004
1741482	7000.0	10	6000.0	0.7067	32.3807	1.1667	34.254099999999994
1839487	8000.0	10	6000.0	0.8067	34.2541	1.3333	36.3941
1800362	8000.0	10	6000.0	0.8067	36.3941	1.3333	38.5341
1688166	9000.0	10	6000.0	0.9067	38.5341	1.5	40.9408
1824212	9000.0	10	6000.0	0.9067	40.9408	1.5	43.347500000000004
1645603	9000.0	10	6000.0	0.9067	43.3475	1.5	45.7542
1647317	7000.0	10	6000.0	0.7067	45.7542	1.1667	47.627599999999994
1771663	7000.0	10	6000.0	0.7067	47.6276	1.1667	49.501
1770097	8000.0	10	6000.0	0.8067	49.501	1.3333	51.641
1680308	8000.0	10	6000.0	0.8067	51.641	1.3333	53.781
1685451	7000.0	10	6000.0	0.7067	53.781	1.1667	55.654399999999995
1694475	10000.0	10	6000.0	1.0067	55.6544	1.6667	58.3278
1706205	7000.0	10	6000.0	0.7067	58.3278	1.1667	60.2012
1799433	6000.0	10	6000.0	0.6067	60.2012	1.0	61.807900000000004
1706240	9000.0	10	6000.0	0.9067	61.8079	1.5	64.21459999999999
1845326	13000.0	10	6000.0	1.3067	64.2146	2.1667	67.68800000000002
1817183	8000.0	10	6000.0	0.8067	67.688	1.3333	69.828
1799971	12000.0	10	6000.0	1.2067	69.828	2.0	73.0347
1833779	8000.0	10	6000.0	0.8067	73.0347	1.3333	75.1747
1797340	6000.0	10	6000.0	0.6067	75.1747	1.0	76.7814
1645164	6000.0	10	6000.0	0.6067	76.7814	1.0	78.38810000000001
1684864	8000.0	10	6000.0	0.8067	78.3881	1.3333	80.5281
1668071	8000.0	10	6000.0	0.8067	80.5281	1.3333	82.6681
1695718	8000.0	10	6000.0	0.8067	82.6681	1.3333	84.8081
1657976	8000.0	10	6000.0	0.8067	84.8081	1.3333	86.9481
1842137	11000.0	10	6000.0	1.1067	86.9481	1.8333	89.8881
1647522	8000.0	10	6000.0	0.8067	89.8881	1.3333	92.0281
1643219	8000.0	10	6000.0	0.8067	92.0281	1.3333	94.1681
1813087	10000.0	10	6000.0	1.0067	94.1681	1.6667	96.8415
1651267	7000.0	11	6000.0	0.7067	0	1.1667	1.8734000000000002
1778655	5000.0	11	6000.0	0.5067	1.8734	0.8333	3.2134
1737999	10000.0	11	6000.0	1.0067	3.2134	1.6667	5.886800000000001
1835420	8000.0	11	6000.0	0.8067	5.8868	1.3333	8.0268
1652955	9000.0	11	6000.0	0.9067	8.0268	1.5	10.4335
1831520	7000.0	11	6000.0	0.7067	10.4335	1.1667	12.3069
1741922	11000.0	11	6000.0	1.1067	12.3069	1.8333	15.2469
1811456	8000.0	11	6000.0	0.8067	15.2469	1.3333	17.3869
1818172	13000.0	11	6000.0	1.3067	17.3869	2.1667	20.8603
1827287	7000.0	11	6000.0	0.7067	20.8603	1.1667	22.7337
1742580	7000.0	11	6000.0	0.7067	22.7337	1.1667	24.6071
1804114	7000.0	11	6000.0	0.7067	24.6071	1.1667	26.4805
1674955	8000.0	11	6000.0	0.8067	26.4805	1.3333	28.6205
1761934	7000.0	11	6000.0	0.7067	28.6205	1.1667	30.4939
1760069	10000.0	11	6000.0	1.0067	30.4939	1.6667	33.1673
1788090	8000.0	11	6000.0	0.8067	33.1673	1.3333	35.3073
1708234	8000.0	11	6000.0	0.8067	35.3073	1.3333	37.4473
1668645	9000.0	11	6000.0	0.9067	37.4473	1.5	39.854
1821626	8000.0	11	6000.0	0.8067	39.854	1.3333	41.994
1787640	8000.0	11	6000.0	0.8067	41.994	1.3333	44.134
1643514	8000.0	11	6000.0	0.8067	44.134	1.3333	46.274
1687050	7000.0	11	6000.0	0.7067	46.274	1.1667	48.1474
1657247	10000.0	11	6000.0	1.0067	48.1474	1.6667	50.8208
1844437	9000.0	11	6000.0	0.9067	50.8208	1.5	53.2275
1686831	6000.0	11	6000.0	0.6067	53.2275	1.0	54.834199999999996
1657114	7000.0	11	6000.0	0.7067	54.8342	1.1667	56.7076
1658577	8000.0	11	6000.0	0.8067	56.7076	1.3333	58.8476
1668255	9000.0	11	6000.0	0.9067	58.8476	1.5	61.2543
1689133	5000.0	11	6000.0	0.5067	61.2543	0.8333	62.594300000000004
1754627	7000.0	11	6000.0	0.7067	62.5943	1.1667	64.4677
1711875	8000.0	11	6000.0	0.8067	64.4677	1.3333	66.6077
1789971	12000.0	11	6000.0	1.2067	66.6077	2.0	69.81439999999999
1778544	5000.0	11	6000.0	0.5067	69.8144	0.8333	71.1544
1716299	6000.0	11	6000.0	0.6067	71.1544	1.0	72.7611
1700544	8000.0	11	6000.0	0.8067	72.7611	1.3333	74.9011
1790177	8000.0	11	6000.0	0.8067	74.9011	1.3333	77.0411
1692448	9000.0	11	6000.0	0.9067	77.0411	1.5	79.4478
1834234	7000.0	11	6000.0	0.7067	79.4478	1.1667	81.3212
1640104	8000.0	12	6000.0	0.8	0	1.3333	2.1333
1752576	9000.0	12	6000.0	0.9	2.1333	1.5	4.5333000000000006
1805867	9000.0	12	6000.0	0.9	4.5333	1.5	6.9333
1710601	7000.0	12	6000.0	0.7	6.9333	1.1667	8.8
1809015	8000.0	12	6000.0	0.8	8.8	1.3333	10.933300000000001
1664058	7000.0	12	6000.0	0.7	10.9333	1.1667	12.799999999999999
1739486	7000.0	12	6000.0	0.7	12.8	1.1667	14.6667
1699956	8000.0	12	6000.0	0.8	14.6667	1.3333	16.8
1635922	7000.0	12	6000.0	0.7	16.8	1.1667	18.6667
1696464	9000.0	12	6000.0	0.9	18.6667	1.5	21.066699999999997
1720389	9000.0	12	6000.0	0.9	21.0667	1.5	23.4667
1704430	8000.0	12	6000.0	0.8	23.4667	1.3333	25.6
1709830	7000.0	12	6000.0	0.7	25.6	1.1667	27.4667
1838072	10000.0	12	6000.0	1.0	27.4667	1.6667	30.133399999999998
1805336	9000.0	12	6000.0	0.9	30.1334	1.5	32.5334
1752162	7000.0	12	6000.0	0.7	32.5334	1.1667	34.4001
1665330	7000.0	12	6000.0	0.7	34.4001	1.1667	36.2668
1738933	6000.0	12	6000.0	0.6	36.2668	1.0	37.866800000000005
1809428	7000.0	12	6000.0	0.7	37.8668	1.1667	39.7335
1735672	7000.0	12	6000.0	0.7	39.7335	1.1667	41.6002
1682025	7000.0	12	6000.0	0.7	41.6002	1.1667	43.4669
1757273	10000.0	12	6000.0	1.0	43.4669	1.6667	46.1336
1791444	7000.0	12	6000.0	0.7	46.1336	1.1667	48.0003
1680696	7000.0	12	6000.0	0.7	48.0003	1.1667	49.867000000000004
1847789	10000.0	12	6000.0	1.0	49.867	1.6667	52.533699999999996
1771405	8000.0	12	6000.0	0.8	52.5337	1.3333	54.667
1658327	7000.0	12	6000.0	0.7	54.667	1.1667	56.5337
1692767	8000.0	12	6000.0	0.8	56.5337	1.3333	58.667
1670544	7000.0	12	6000.0	0.7	58.667	1.1667	60.5337
1661608	7000.0	12	6000.0	0.7	60.5337	1.1667	62.400400000000005
1814684	8000.0	12	6000.0	0.8	62.4004	1.3333	64.5337
1639424	7000.0	12	6000.0	0.7	64.5337	1.1667	66.4004
1701859	7000.0	12	6000.0	0.7	66.4004	1.1667	68.26710000000001
1747842	8000.0	12	6000.0	0.8	68.2671	1.3333	70.40039999999999
1769446	6000.0	12	6000.0	0.6	70.4004	1.0	72.0004
1807072	8000.0	12	6000.0	0.8	72.0004	1.3333	74.13369999999999
1786588	6000.0	12	6000.0	0.6	74.1337	1.0	75.7337
1700612	8000.0	12	6000.0	0.8	75.7337	1.3333	77.86699999999999
1723770	8000.0	12	6000.0	0.8	77.867	1.3333	80.0003
1716566	8000.0	12	6000.0	0.8	80.0003	1.3333	82.13359999999999
1668425	7000.0	12	6000.0	0.7	82.1336	1.1667	84.00030000000001
1834235	9000.0	12	6000.0	0.9	84.0003	1.5	86.4003
1639993	7000.0	13	8000.0	0.7	0	0.875	1.575
1665075	7000.0	13	8000.0	0.7	1.575	0.875	3.15
1745898	6000.0	13	8000.0	0.6	3.15	0.75	4.5
1851764	8000.0	13	8000.0	0.8	4.5	1.0	6.3
1773787	11000.0	13	8000.0	1.1	6.3	1.375	8.775
1781035	8000.0	13	8000.0	0.8	8.775	1.0	10.575000000000001
1741166	6000.0	13	8000.0	0.6	10.575	0.75	11.924999999999999
1677773	8000.0	13	8000.0	0.8	11.925	1.0	13.725000000000001
1805422	8000.0	13	8000.0	0.8	13.725	1.0	15.525
1838740	7000.0	13	8000.0	0.7	15.525	0.875	17.1
1726844	9000.0	13	8000.0	0.9	17.1	1.125	19.125
1709827	10000.0	13	8000.0	1.0	19.125	1.25	21.375
1640591	9000.0	13	8000.0	0.9	21.375	1.125	23.4
1683044	8000.0	13	8000.0	0.8	23.4	1.0	25.2
1703859	8000.0	13	8000.0	0.8	25.2	1.0	27.0
1650322	7000.0	13	8000.0	0.7	27.0	0.875	28.575
1640380	10000.0	13	8000.0	1.0	28.575	1.25	30.825
1642290	7000.0	13	8000.0	0.7	30.825	0.875	32.4
1817445	7000.0	13	8000.0	0.7	32.4	0.875	33.975
1771472	7000.0	13	8000.0	0.7	33.975	0.875	35.550000000000004
1743932	6000.0	13	8000.0	0.6	35.55	0.75	36.9
1843420	12000.0	13	8000.0	1.2	36.9	1.5	39.6
1777576	8000.0	13	8000.0	0.8	39.6	1.0	41.4
1846002	8000.0	13	8000.0	0.8	41.4	1.0	43.199999999999996
1765270	6000.0	13	8000.0	0.6	43.2	0.75	44.550000000000004
1645573	7000.0	13	8000.0	0.7	44.55	0.875	46.125
1680552	8000.0	13	8000.0	0.8	46.125	1.0	47.925
1717950	8000.0	13	8000.0	0.8	47.925	1.0	49.724999999999994
1823595	7000.0	13	8000.0	0.7	49.725	0.875	51.300000000000004
1747660	6000.0	13	8000.0	0.6	51.3	0.75	52.65
1737464	7000.0	13	8000.0	0.7	52.65	0.875	54.225
1668880	8000.0	13	8000.0	0.8	54.225	1.0	56.025
1848490	8000.0	13	8000.0	0.8	56.025	1.0	57.824999999999996
1743674	8000.0	13	8000.0	0.8	57.825	1.0	59.625
1744701	7000.0	13	8000.0	0.7	59.625	0.875	61.2
1700317	6000.0	13	8000.0	0.6	61.2	0.75	62.550000000000004
1684586	9000.0	13	8000.0	0.9	62.55	1.125	64.57499999999999
1736301	10000.0	13	8000.0	1.0	64.575	1.25	66.825
1647786	8000.0	13	8000.0	0.8	66.825	1.0	68.625
1807448	8000.0	13	8000.0	0.8	68.625	1.0	70.425
1824978	9000.0	13	8000.0	0.9	70.425	1.125	72.45
1702655	8000.0	13	8000.0	0.8	72.45	1.0	74.25
1647550	9000.0	13	8000.0	0.9	74.25	1.125	76.275
1705034	8000.0	14	12000.0	0.8	0	0.6667	1.4667
1745306	7000.0	14	12000.0	0.7	1.4667	0.5833	2.7499999999999996
1713552	9000.0	14	12000.0	0.9	2.75	0.75	4.4
1699921	6000.0	14	12000.0	0.6	4.4	0.5	5.5
1648774	8000.0	14	12000.0	0.8	5.5	0.6667	6.9666999999999994
1712175	7000.0	14	12000.0	0.7	6.9667	0.5833	8.25
1711274	9000.0	14	12000.0	0.9	8.25	0.75	9.9
1758231	9000.0	14	12000.0	0.9	9.9	0.75	11.55
1714217	9000.0	14	12000.0	0.9	11.55	0.75	13.200000000000001
1735827	7000.0	14	12000.0	0.7	13.2	0.5833	14.483299999999998
1835270	9000.0	14	12000.0	0.9	14.4833	0.75	16.1333
1738409	9000.0	14	12000.0	0.9	16.1333	0.75	17.783299999999997
1741408	11000.0	14	12000.0	1.1	17.7833	0.9167	19.8
1738988	7000.0	14	12000.0	0.7	19.8	0.5833	21.0833
1782241	8000.0	14	12000.0	0.8	21.0833	0.6667	22.55
1808647	7000.0	14	12000.0	0.7	22.55	0.5833	23.8333
1699401	6000.0	14	12000.0	0.6	23.8333	0.5	24.933300000000003
1820802	9000.0	14	12000.0	0.9	24.9333	0.75	26.583299999999998
1744000	8000.0	14	12000.0	0.8	26.5833	0.6667	28.05
1662608	8000.0	14	12000.0	0.8	28.05	0.6667	29.5167
1719246	8000.0	14	12000.0	0.8	29.5167	0.6667	30.9834
1751244	7000.0	14	12000.0	0.7	30.9834	0.5833	32.2667
1815538	8000.0	14	12000.0	0.8	32.2667	0.6667	33.733399999999996
1702389	9000.0	14	12000.0	0.9	33.7334	0.75	35.3834
1705741	9000.0	14	12000.0	0.9	35.3834	0.75	37.0334
1670638	8000.0	14	12000.0	0.8	37.0334	0.6667	38.500099999999996
1730823	9000.0	14	12000.0	0.9	38.5001	0.75	40.1501
1706320	7000.0	14	12000.0	0.7	40.1501	0.5833	41.433400000000006
1686886	7000.0	14	12000.0	0.7	41.4334	0.5833	42.7167
1661509	11000.0	14	12000.0	1.1	42.7167	0.9167	44.7334
1707677	9000.0	14	12000.0	0.9	44.7334	0.75	46.3834
1694787	8000.0	14	12000.0	0.8	46.3834	0.6667	47.8501
1690086	7000.0	14	12000.0	0.7	47.8501	0.5833	49.1334
1656343	12000.0	14	12000.0	1.2	49.1334	1.0	51.333400000000005
1817698	9000.0	14	12000.0	0.9	51.3334	0.75	52.983399999999996
1756284	7000.0	14	12000.0	0.7	52.9834	0.5833	54.26670000000001
1639029	8000.0	14	12000.0	0.8	54.2667	0.6667	55.733399999999996
1723031	8000.0	14	12000.0	0.8	55.7334	0.6667	57.2001
1777886	10000.0	14	12000.0	1.0	57.2001	0.8333	59.0334
1716558	9000.0	14	12000.0	0.9	59.0334	0.75	60.6834
1693953	7000.0	14	12000.0	0.7	60.6834	0.5833	61.9667
1712560	4000.0	14	12000.0	0.4	61.9667	0.3333	62.7
1708526	7000.0	14	12000.0	0.7	62.7	0.5833	63.98330000000001
1711359	9000.0	15	16000.0	0.9	0	0.5625	1.4625
1791170	9000.0	15	16000.0	0.9	1.4625	0.5625	2.925
1773857	7000.0	15	16000.0	0.7	2.925	0.4375	4.0625
1851588	7000.0	15	16000.0	0.7	4.0625	0.4375	5.2
1803541	10000.0	15	16000.0	1.0	5.2	0.625	6.825
1806893	9000.0	15	16000.0	0.9	6.825	0.5625	8.287500000000001
1665454	7000.0	15	16000.0	0.7	8.2875	0.4375	9.424999999999999
1779644	9000.0	15	16000.0	0.9	9.425	0.5625	10.887500000000001
1793543	9000.0	15	16000.0	0.9	10.8875	0.5625	12.35
1714146	7000.0	15	16000.0	0.7	12.35	0.4375	13.487499999999999
1741656	6000.0	15	16000.0	0.6	13.4875	0.375	14.4625
1785322	11000.0	15	16000.0	1.1	14.4625	0.6875	16.25
1691455	8000.0	15	16000.0	0.8	16.25	0.5	17.55
1851055	7000.0	15	16000.0	0.7	17.55	0.4375	18.6875
1745636	8000.0	15	16000.0	0.8	18.6875	0.5	19.9875
1709865	5000.0	15	16000.0	0.5	19.9875	0.3125	20.8
1818149	6000.0	15	16000.0	0.6	20.8	0.375	21.775000000000002
1715285	5000.0	15	16000.0	0.5	21.775	0.3125	22.5875
1650342	8000.0	15	16000.0	0.8	22.5875	0.5	23.8875
1805654	8000.0	15	16000.0	0.8	23.8875	0.5	25.1875
1755944	7000.0	15	16000.0	0.7	25.1875	0.4375	26.325
1717092	8000.0	15	16000.0	0.8	26.325	0.5	27.625
1843713	8000.0	15	16000.0	0.8	27.625	0.5	28.925
1730571	10000.0	15	16000.0	1.0	28.925	0.625	30.55
1762019	7000.0	15	16000.0	0.7	30.55	0.4375	31.6875
1643247	8000.0	15	16000.0	0.8	31.6875	0.5	32.9875
1638248	13000.0	15	16000.0	1.3	32.9875	0.8125	35.099999999999994
1706176	8000.0	15	16000.0	0.8	35.1	0.5	36.4
1770896	7000.0	15	16000.0	0.7	36.4	0.4375	37.5375
1662731	7000.0	15	16000.0	0.7	37.5375	0.4375	38.675000000000004
1731028	8000.0	15	16000.0	0.8	38.675	0.5	39.974999999999994
1687076	8000.0	15	16000.0	0.8	39.975	0.5	41.275
1798817	6000.0	15	16000.0	0.6	41.275	0.375	42.25
1671013	8000.0	15	16000.0	0.8	42.25	0.5	43.55
1798726	7000.0	15	16000.0	0.7	43.55	0.4375	44.6875
1843993	6000.0	15	16000.0	0.6	44.6875	0.375	45.6625
1821018	8000.0	15	16000.0	0.8	45.6625	0.5	46.9625
1759839	6000.0	15	16000.0	0.6	46.9625	0.375	47.9375
1684829	10000.0	15	16000.0	1.0	47.9375	0.625	49.5625
1708349	7000.0	15	16000.0	0.7	49.5625	0.4375	50.7
1732403	8000.0	15	16000.0	0.8	50.7	0.5	52.0
1636594	9000.0	15	16000.0	0.9	52.0	0.5625	53.4625
1674493	11000.0	15	16000.0	1.1	53.4625	0.6875	55.25
1802994	8000.0	15	16000.0	0.8	55.25	0.5	56.55
1763038	7000.0	15	16000.0	0.7	56.55	0.4375	57.6875
1746780	7000.0	15	16000.0	0.7	57.6875	0.4375	58.825
1813040	9000.0	15	16000.0	0.9	58.825	0.5625	60.2875
1821732	6000.0	15	16000.0	0.6	60.2875	0.375	61.2625
1694027	4000.0	15	16000.0	0.4	61.2625	0.25	61.9125
1737589	9000.0	15	16000.0	0.9	61.9125	0.5625	63.375
1840144	10000.0	16	18000.0	1.0058	0	0.5556	1.5614
1681809	9000.0	16	18000.0	0.9058	1.5614	0.5	2.9672
1664824	8000.0	16	18000.0	0.8058	2.9672	0.4444	4.2174000000000005
1791266	7000.0	16	18000.0	0.7058	4.2174	0.3889	5.312099999999999
1806371	6000.0	16	18000.0	0.6058	5.3121	0.3333	6.251200000000001
1652845	7000.0	16	18000.0	0.7058	6.2512	0.3889	7.3459
1836240	7000.0	16	18000.0	0.7058	7.3459	0.3889	8.4406
1650902	8000.0	16	18000.0	0.8058	8.4406	0.4444	9.6908
1806266	7000.0	16	18000.0	0.7058	9.6908	0.3889	10.785499999999999
1684296	7000.0	16	18000.0	0.7058	10.7855	0.3889	11.8802
1745751	9000.0	16	18000.0	0.9058	11.8802	0.5	13.286
1660610	8000.0	16	18000.0	0.8058	13.286	0.4444	14.5362
1793683	8000.0	16	18000.0	0.8058	14.5362	0.4444	15.786399999999999
1767873	7000.0	16	18000.0	0.7058	15.7864	0.3889	16.8811
1654686	8000.0	16	18000.0	0.8058	16.8811	0.4444	18.131300000000003
1785741	9000.0	16	18000.0	0.9058	18.1313	0.5	19.5371
1829581	7000.0	16	18000.0	0.7058	19.5371	0.3889	20.6318
1680466	10000.0	16	18000.0	1.0058	20.6318	0.5556	22.193199999999997
1727364	8000.0	16	18000.0	0.8058	22.1932	0.4444	23.443400000000004
1646810	11000.0	16	18000.0	1.1058	23.4434	0.6111	25.1603
1743979	9000.0	16	18000.0	0.9058	25.1603	0.5	26.5661
1717460	7000.0	16	18000.0	0.7058	26.5661	0.3889	27.6608
1776678	7000.0	16	18000.0	0.7058	27.6608	0.3889	28.755499999999998
1657493	9000.0	16	18000.0	0.9058	28.7555	0.5	30.1613
1653047	8000.0	16	18000.0	0.8058	30.1613	0.4444	31.411500000000004
1731424	7000.0	16	18000.0	0.7058	31.4115	0.3889	32.5062
1782109	10000.0	16	18000.0	1.0058	32.5062	0.5556	34.0676
1689791	9000.0	16	18000.0	0.9058	34.0676	0.5	35.4734
1765780	7000.0	16	18000.0	0.7058	35.4734	0.3889	36.568099999999994
1647910	9000.0	16	18000.0	0.9058	36.5681	0.5	37.9739
1700439	8000.0	16	18000.0	0.8058	37.9739	0.4444	39.2241
1676860	8000.0	16	18000.0	0.8058	39.2241	0.4444	40.4743
1723037	6000.0	16	18000.0	0.6058	40.4743	0.3333	41.4134
1698141	8000.0	16	18000.0	0.8058	41.4134	0.4444	42.6636
1727621	6000.0	16	18000.0	0.6058	42.6636	0.3333	43.602700000000006
1729809	12000.0	16	18000.0	1.2058	43.6027	0.6667	45.475199999999994
1746879	6000.0	16	18000.0	0.6058	45.4752	0.3333	46.414300000000004
1811705	9000.0	17	24000.0	0.9058	0	0.375	1.2808000000000002
1697749	8000.0	17	24000.0	0.8058	1.2808	0.3333	2.4198999999999997
1697347	10000.0	17	24000.0	1.0058	2.4199	0.4167	3.8424
1695869	10000.0	17	24000.0	1.0058	3.8424	0.4167	5.2649
1681622	6000.0	17	24000.0	0.6058	5.2649	0.25	6.1207
1681467	7000.0	17	24000.0	0.7058	6.1207	0.2917	7.1182
1835962	10000.0	17	24000.0	1.0058	7.1182	0.4167	8.540700000000001
1749336	7000.0	17	24000.0	0.7058	8.5407	0.2917	9.5382
1691645	10000.0	17	24000.0	1.0058	9.5382	0.4167	10.960700000000001
1793112	8000.0	17	24000.0	0.8058	10.9607	0.3333	12.099799999999998
1749627	8000.0	17	24000.0	0.8058	12.0998	0.3333	13.2389
1792949	10000.0	17	24000.0	1.0058	13.2389	0.4167	14.6614
1663914	7000.0	17	24000.0	0.7058	14.6614	0.2917	15.658900000000001
1683686	10000.0	17	24000.0	1.0058	15.6589	0.4167	17.0814
1642267	9000.0	17	24000.0	0.9058	17.0814	0.375	18.362199999999998
1757292	8000.0	17	24000.0	0.8058	18.3622	0.3333	19.501300000000004
1832192	10000.0	17	24000.0	1.0058	19.5013	0.4167	20.9238
1757026	6000.0	17	24000.0	0.6058	20.9238	0.25	21.7796
1798503	7000.0	17	24000.0	0.7058	21.7796	0.2917	22.777099999999997
1796414	9000.0	17	24000.0	0.9058	22.7771	0.375	24.0579
1676225	7000.0	17	24000.0	0.7058	24.0579	0.2917	25.0554
1730094	8000.0	17	24000.0	0.8058	25.0554	0.3333	26.1945
1813265	9000.0	17	24000.0	0.9058	26.1945	0.375	27.4753
1711654	9000.0	17	24000.0	0.9058	27.4753	0.375	28.7561
1844404	6000.0	17	24000.0	0.6058	28.7561	0.25	29.6119
1814727	7000.0	17	24000.0	0.7058	29.6119	0.2917	30.609399999999997
1843783	7000.0	17	24000.0	0.7058	30.6094	0.2917	31.6069
1645751	9000.0	17	24000.0	0.9058	31.6069	0.375	32.8877
1834223	10000.0	17	24000.0	1.0058	32.8877	0.4167	34.3102
1723083	10000.0	17	24000.0	1.0058	34.3102	0.4167	35.7327
1833187	7000.0	17	24000.0	0.7058	35.7327	0.2917	36.7302
1743340	9000.0	17	24000.0	0.9058	36.7302	0.375	38.011
1797141	7000.0	17	24000.0	0.7058	38.011	0.2917	39.008500000000005
1751021	8000.0	17	24000.0	0.8058	39.0085	0.3333	40.1476
1825331	7000.0	17	24000.0	0.7058	40.1476	0.2917	41.14509999999999
1658685	6000.0	18	30000.0	0.6058	0	0.2	0.8058000000000001
1803689	7000.0	18	30000.0	0.7058	0.8058	0.2333	1.7449000000000001
1831222	6000.0	18	30000.0	0.6058	1.7449	0.2	2.5507
1735640	6000.0	18	30000.0	0.6058	2.5507	0.2	3.3565
1663384	7000.0	18	30000.0	0.7058	3.3565	0.2333	4.2956
1672955	7000.0	18	30000.0	0.7058	4.2956	0.2333	5.2347
1811917	10000.0	18	30000.0	1.0058	5.2347	0.3333	6.5738
1783658	9000.0	18	30000.0	0.9058	6.5738	0.3	7.7796
1851975	8000.0	18	30000.0	0.8058	7.7796	0.2667	8.8521
1825797	7000.0	18	30000.0	0.7058	8.8521	0.2333	9.7912
1728268	6000.0	18	30000.0	0.6058	9.7912	0.2	10.597
1782387	12000.0	18	30000.0	1.2058	10.597	0.4	12.2028
1758339	12000.0	18	30000.0	1.2058	12.2028	0.4	13.8086
1713145	7000.0	18	30000.0	0.7058	13.8086	0.2333	14.7477
1809967	6000.0	18	30000.0	0.6058	14.7477	0.2	15.5535
1828358	7000.0	18	30000.0	0.7058	15.5535	0.2333	16.4926
1678031	10000.0	18	30000.0	1.0058	16.4926	0.3333	17.8317
1768165	9000.0	18	30000.0	0.9058	17.8317	0.3	19.0375
1818418	8000.0	18	30000.0	0.8058	19.0375	0.2667	20.110000000000003
1738196	8000.0	18	30000.0	0.8058	20.11	0.2667	21.1825
1679020	10000.0	18	30000.0	1.0058	21.1825	0.3333	22.521600000000003
1641736	9000.0	18	30000.0	0.9058	22.5216	0.3	23.7274
1767277	7000.0	18	30000.0	0.7058	23.7274	0.2333	24.6665
1683689	9000.0	18	30000.0	0.9058	24.6665	0.3	25.8723
1831370	6000.0	18	30000.0	0.6058	25.8723	0.2	26.678099999999997
1709206	8000.0	18	30000.0	0.8058	26.6781	0.2667	27.750600000000002
1795245	8000.0	18	30000.0	0.8058	27.7506	0.2667	28.8231
1653082	5000.0	18	30000.0	0.5058	28.8231	0.1667	29.4956
1672341	7000.0	18	30000.0	0.7058	29.4956	0.2333	30.4347
1676220	9000.0	18	30000.0	0.9058	30.4347	0.3	31.6405
1647285	8000.0	18	30000.0	0.8058	31.6405	0.2667	32.713
1824503	8000.0	18	30000.0	0.8058	32.713	0.2667	33.7855
1795923	7000.0	18	30000.0	0.7058	33.7855	0.2333	34.724599999999995
1657477	8000.0	18	30000.0	0.8058	34.7246	0.2667	35.7971
1844663	8000.0	18	30000.0	0.8058	35.7971	0.2667	36.8696
1667559	9000.0	18	30000.0	0.9058	36.8696	0.3	38.075399999999995
1717590	7000.0	18	30000.0	0.7058	38.0754	0.2333	39.0145
1814002	8000.0	18	30000.0	0.8058	39.0145	0.2667	40.086999999999996
1717562	8000.0	18	30000.0	0.8058	40.087	0.2667	41.1595
1694405	7000.0	18	30000.0	0.7058	41.1595	0.2333	42.098600000000005
1795971	10000.0	18	30000.0	1.0058	42.0986	0.3333	43.4377
1644433	9000.0	18	30000.0	0.9058	43.4377	0.3	44.643499999999996
1719093	9000.0	18	30000.0	0.9058	44.6435	0.3	45.8493
1729612	10000.0	18	30000.0	1.0058	45.8493	0.3333	47.1884
1812577	8000.0	18	30000.0	0.8058	47.1884	0.2667	48.2609
1716697	9000.0	18	30000.0	0.9058	48.2609	0.3	49.466699999999996
1705041	8000.0	19	30000.0	0.8058	0	0.2667	1.0725
1641201	7000.0	19	30000.0	0.7058	1.0725	0.2333	2.0116
1833549	9000.0	19	30000.0	0.9058	2.0116	0.3	3.2174
1663341	8000.0	19	30000.0	0.8058	3.2174	0.2667	4.2899
1648497	8000.0	19	30000.0	0.8058	4.2899	0.2667	5.3624
1763634	12000.0	19	30000.0	1.2058	5.3624	0.4	6.9682
1768938	8000.0	19	30000.0	0.8058	6.9682	0.2667	8.0407
1726042	8000.0	19	30000.0	0.8058	8.0407	0.2667	9.113199999999999
1677801	7000.0	19	30000.0	0.7058	9.1132	0.2333	10.0523
1752139	8000.0	19	30000.0	0.8058	10.0523	0.2667	11.1248
1785209	9000.0	19	30000.0	0.9058	11.1248	0.3	12.3306
1749489	8000.0	19	30000.0	0.8058	12.3306	0.2667	13.4031
1749354	9000.0	19	30000.0	0.9058	13.4031	0.3	14.6089
1742291	9000.0	19	30000.0	0.9058	14.6089	0.3	15.8147
1838112	6000.0	19	30000.0	0.6058	15.8147	0.2	16.6205
1805100	9000.0	19	30000.0	0.9058	16.6205	0.3	17.8263
1678092	7000.0	19	30000.0	0.7058	17.8263	0.2333	18.7654
1752186	6000.0	19	30000.0	0.6058	18.7654	0.2	19.571199999999997
1780655	7000.0	19	30000.0	0.7058	19.5712	0.2333	20.5103
1792092	8000.0	19	30000.0	0.8058	20.5103	0.2667	21.582800000000002
1739345	7000.0	19	30000.0	0.7058	21.5828	0.2333	22.5219
1673419	9000.0	19	30000.0	0.9058	22.5219	0.3	23.7277
1715300	9000.0	19	30000.0	0.9058	23.7277	0.3	24.9335
1781929	6000.0	19	30000.0	0.6058	24.9335	0.2	25.739299999999997
1701277	12000.0	19	30000.0	1.2058	25.7393	0.4	27.3451
1755923	11000.0	19	30000.0	1.1058	27.3451	0.3667	28.8176
1667257	8000.0	19	30000.0	0.8058	28.8176	0.2667	29.8901
1845794	7000.0	19	30000.0	0.7058	29.8901	0.2333	30.8292
1824792	7000.0	19	30000.0	0.7058	30.8292	0.2333	31.7683
1846055	6000.0	19	30000.0	0.6058	31.7683	0.2	32.5741
1777639	7000.0	19	30000.0	0.7058	32.5741	0.2333	33.5132
1795195	9000.0	19	30000.0	0.9058	33.5132	0.3	34.718999999999994
1795650	8000.0	19	30000.0	0.8058	34.719	0.2667	35.7915
1675219	8000.0	19	30000.0	0.8058	35.7915	0.2667	36.864
1814508	9000.0	19	30000.0	0.9058	36.864	0.3	38.069799999999994
1823977	9000.0	19	30000.0	0.9058	38.0698	0.3	39.2756
1722562	8000.0	19	30000.0	0.8058	39.2756	0.2667	40.348099999999995
1638005	7000.0	19	30000.0	0.7058	40.3481	0.2333	41.2872
1718914	6000.0	19	30000.0	0.6058	41.2872	0.2	42.093
1786944	7000.0	19	30000.0	0.7058	42.093	0.2333	43.0321
1786907	9000.0	19	30000.0	0.9058	43.0321	0.3	44.237899999999996
1705292	9000.0	19	30000.0	0.9058	44.2379	0.3	45.4437
1722133	7000.0	19	30000.0	0.7058	45.4437	0.2333	46.3828
1663081	9000.0	19	30000.0	0.9058	46.3828	0.3	47.5886
1834768	11000.0	19	30000.0	1.1058	47.5886	0.3667	49.0611
1846412	9000.0	19	30000.0	0.9058	49.0611	0.3	50.2669
