1638872	6000.0	0	500.0	0.6	0	12.0	12.6
1739208	17000.0	0	500.0	1.7	12.6	34.0	48.3
1769301	9000.0	0	500.0	0.9	48.3	18.0	67.19999999999999
1844282	13000.0	0	500.0	1.3	67.2	26.0	94.5
1672930	9000.0	0	500.0	0.9	94.5	18.0	113.4
1672922	15000.0	0	500.0	1.5	113.4	30.0	144.9
1843486	12000.0	0	500.0	1.2	144.9	24.0	170.1
1677771	14000.0	0	500.0	1.4	170.1	28.0	199.5
1729278	11000.0	0	500.0	1.1	199.5	22.0	222.6
1824465	11000.0	0	500.0	1.1	222.6	22.0	245.7
1722757	9000.0	0	500.0	0.9	245.7	18.0	264.6
1823074	11000.0	0	500.0	1.1	264.6	22.0	287.70000000000005
1679087	9000.0	0	500.0	0.9	287.7	18.0	306.59999999999997
1668621	16000.0	0	500.0	1.6	306.6	32.0	340.20000000000005
1707038	12000.0	0	500.0	1.2	340.2	24.0	365.4
1661483	13000.0	0	500.0	1.3	365.4	26.0	392.7
1721300	10000.0	0	500.0	1.0	392.7	20.0	413.7
1799754	8000.0	0	500.0	0.8	413.7	16.0	430.5
1722288	12000.0	0	500.0	1.2	430.5	24.0	455.7
1719194	12000.0	0	500.0	1.2	455.7	24.0	480.9
1721779	11000.0	0	500.0	1.1	480.9	22.0	504.0
1747721	16000.0	0	500.0	1.6	504.0	32.0	537.6
1756936	13000.0	0	500.0	1.3	537.6	26.0	564.9
1761050	12000.0	0	500.0	1.2	564.9	24.0	590.1
1803939	11000.0	0	500.0	1.1	590.1	22.0	613.2
1676623	9000.0	0	500.0	0.9	613.2	18.0	632.1
1772708	12000.0	0	500.0	1.2	632.1	24.0	657.3000000000001
1672532	12000.0	0	500.0	1.2	657.3	24.0	682.5
1741983	13000.0	0	500.0	1.3	682.5	26.0	709.8
1690152	12000.0	0	500.0	1.2	709.8	24.0	735.0
1675218	11000.0	0	500.0	1.1	735.0	22.0	758.1
1682876	11000.0	0	500.0	1.1	758.1	22.0	781.2
1721007	13000.0	0	500.0	1.3	781.2	26.0	808.5
1655771	10000.0	0	500.0	1.0	808.5	20.0	829.5
1752219	11000.0	0	500.0	1.1	829.5	22.0	852.6
1823813	11000.0	0	500.0	1.1	852.6	22.0	875.7
1786757	14000.0	0	500.0	1.4	875.7	28.0	905.1
1844899	10000.0	0	500.0	1.0	905.1	20.0	926.1
1835282	9000.0	0	500.0	0.9	926.1	18.0	945.0
1823798	9000.0	0	500.0	0.9	945.0	18.0	963.9
1785993	12000.0	1	500.0	1.2	0	24.0	25.2
1695195	15000.0	1	500.0	1.5	25.2	30.0	56.7
1653680	8000.0	1	500.0	0.8	56.7	16.0	73.5
1736279	10000.0	1	500.0	1.0	73.5	20.0	94.5
1829970	9000.0	1	500.0	0.9	94.5	18.0	113.4
1726764	9000.0	1	500.0	0.9	113.4	18.0	132.3
1679261	12000.0	1	500.0	1.2	132.3	24.0	157.5
1799140	10000.0	1	500.0	1.0	157.5	20.0	178.5
1664701	14000.0	1	500.0	1.4	178.5	28.0	207.9
1706242	8000.0	1	500.0	0.8	207.9	16.0	224.70000000000002
1837259	13000.0	1	500.0	1.3	224.7	26.0	252.0
1838062	11000.0	1	500.0	1.1	252.0	22.0	275.1
1722510	8000.0	1	500.0	0.8	275.1	16.0	291.90000000000003
1722748	9000.0	1	500.0	0.9	291.9	18.0	310.79999999999995
1678584	10000.0	1	500.0	1.0	310.8	20.0	331.8
1778641	15000.0	1	500.0	1.5	331.8	30.0	363.3
1838253	12000.0	1	500.0	1.2	363.3	24.0	388.5
1784890	14000.0	1	500.0	1.4	388.5	28.0	417.9
1800616	13000.0	1	500.0	1.3	417.9	26.0	445.2
1750386	11000.0	1	500.0	1.1	445.2	22.0	468.3
1771056	8000.0	1	500.0	0.8	468.3	16.0	485.1
1749577	10000.0	1	500.0	1.0	485.1	20.0	506.1
1793744	11000.0	1	500.0	1.1	506.1	22.0	529.2
1800984	8000.0	1	500.0	0.8	529.2	16.0	546.0
1799563	9000.0	1	500.0	0.9	546.0	18.0	564.9
1759017	9000.0	1	500.0	0.9	564.9	18.0	583.8
1800883	8000.0	1	500.0	0.8	583.8	16.0	600.5999999999999
1767919	10000.0	1	500.0	1.0	600.6	20.0	621.6
1671988	9000.0	1	500.0	0.9	621.6	18.0	640.5
1657187	11000.0	1	500.0	1.1	640.5	22.0	663.6
1705850	13000.0	1	500.0	1.3	663.6	26.0	690.9
1827107	11000.0	1	500.0	1.1	690.9	22.0	714.0
1804071	10000.0	1	500.0	1.0	714.0	20.0	735.0
1837625	12000.0	1	500.0	1.2	735.0	24.0	760.2
1748160	11000.0	1	500.0	1.1	760.2	22.0	783.3000000000001
1807748	11000.0	1	500.0	1.1	783.3	22.0	806.4
1693581	10000.0	1	500.0	1.0	806.4	20.0	827.4
1787871	11000.0	1	500.0	1.1	827.4	22.0	850.5
1748448	9000.0	1	500.0	0.9	850.5	18.0	869.4
1697918	13000.0	1	500.0	1.3	869.4	26.0	896.6999999999999
1786651	11000.0	1	500.0	1.1	896.7	22.0	919.8000000000001
1710743	12000.0	1	500.0	1.2	919.8	24.0	945.0
1659886	10000.0	1	500.0	1.0	945.0	20.0	966.0
1766037	11000.0	2	1000.0	1.1	0	11.0	12.1
1695624	9000.0	2	1000.0	0.9	12.1	9.0	22.0
1799459	11000.0	2	1000.0	1.1	22.0	11.0	34.1
1786620	11000.0	2	1000.0	1.1	34.1	11.0	46.2
1777674	12000.0	2	1000.0	1.2	46.2	12.0	59.400000000000006
1635786	9000.0	2	1000.0	0.9	59.4	9.0	69.3
1694089	13000.0	2	1000.0	1.3	69.3	13.0	83.6
1721070	10000.0	2	1000.0	1.0	83.6	10.0	94.6
1842607	10000.0	2	1000.0	1.0	94.6	10.0	105.6
1816352	15000.0	2	1000.0	1.5	105.6	15.0	122.1
1665587	10000.0	2	1000.0	1.0	122.1	10.0	133.1
1782885	11000.0	2	1000.0	1.1	133.1	11.0	145.2
1661384	9000.0	2	1000.0	0.9	145.2	9.0	155.1
1774565	11000.0	2	1000.0	1.1	155.1	11.0	167.2
1688732	10000.0	2	1000.0	1.0	167.2	10.0	178.2
1680121	9000.0	2	1000.0	0.9	178.2	9.0	188.1
1814731	7000.0	2	1000.0	0.7	188.1	7.0	195.79999999999998
1730536	11000.0	2	1000.0	1.1	195.8	11.0	207.9
1834067	9000.0	2	1000.0	0.9	207.9	9.0	217.8
1801472	17000.0	2	1000.0	1.7	217.8	17.0	236.5
1816121	12000.0	2	1000.0	1.2	236.5	12.0	249.7
1739637	9000.0	2	1000.0	0.9	249.7	9.0	259.6
1717232	9000.0	2	1000.0	0.9	259.6	9.0	269.5
1693711	12000.0	2	1000.0	1.2	269.5	12.0	282.7
1791679	8000.0	2	1000.0	0.8	282.7	8.0	291.5
1813111	12000.0	2	1000.0	1.2	291.5	12.0	304.7
1848544	16000.0	2	1000.0	1.6	304.7	16.0	322.3
1692665	10000.0	2	1000.0	1.0	322.3	10.0	333.3
1647400	10000.0	2	1000.0	1.0	333.3	10.0	344.3
1815742	9000.0	2	1000.0	0.9	344.3	9.0	354.2
1705179	14000.0	2	1000.0	1.4	354.2	14.0	369.59999999999997
1694046	10000.0	2	1000.0	1.0	369.6	10.0	380.6
1846799	11000.0	2	1000.0	1.1	380.6	11.0	392.70000000000005
1734988	9000.0	2	1000.0	0.9	392.7	9.0	402.59999999999997
1657001	10000.0	2	1000.0	1.0	402.6	10.0	413.6
1701932	13000.0	2	1000.0	1.3	413.6	13.0	427.90000000000003
1679515	12000.0	2	1000.0	1.2	427.9	12.0	441.09999999999997
1730880	9000.0	2	1000.0	0.9	441.1	9.0	451.0
1660134	10000.0	2	1000.0	1.0	451.0	10.0	462.0
1708708	7000.0	2	1000.0	0.7	462.0	7.0	469.7
1814266	9000.0	3	1000.0	0.9	0	9.0	9.9
1654540	8000.0	3	1000.0	0.8	9.9	8.0	18.700000000000003
1657524	10000.0	3	1000.0	1.0	18.7	10.0	29.7
1641078	11000.0	3	1000.0	1.1	29.7	11.0	41.8
1740627	14000.0	3	1000.0	1.4	41.8	14.0	57.199999999999996
1659513	12000.0	3	1000.0	1.2	57.2	12.0	70.4
1749338	11000.0	3	1000.0	1.1	70.4	11.0	82.5
1762977	10000.0	3	1000.0	1.0	82.5	10.0	93.5
1686684	9000.0	3	1000.0	0.9	93.5	9.0	103.4
1792893	12000.0	3	1000.0	1.2	103.4	12.0	116.60000000000001
1773690	7000.0	3	1000.0	0.7	116.6	7.0	124.3
1700848	16000.0	3	1000.0	1.6	124.3	16.0	141.89999999999998
1826806	11000.0	3	1000.0	1.1	141.9	11.0	154.0
1799835	10000.0	3	1000.0	1.0	154.0	10.0	165.0
1800940	10000.0	3	1000.0	1.0	165.0	10.0	176.0
1749199	10000.0	3	1000.0	1.0	176.0	10.0	187.0
1779154	10000.0	3	1000.0	1.0	187.0	10.0	198.0
1680490	18000.0	3	1000.0	1.8	198.0	18.0	217.8
1840043	9000.0	3	1000.0	0.9	217.8	9.0	227.70000000000002
1654280	12000.0	3	1000.0	1.2	227.7	12.0	240.89999999999998
1813139	9000.0	3	1000.0	0.9	240.9	9.0	250.8
1781670	11000.0	3	1000.0	1.1	250.8	11.0	262.9
1651866	9000.0	3	1000.0	0.9	262.9	9.0	272.79999999999995
1814087	7000.0	3	1000.0	0.7	272.8	7.0	280.5
1804676	10000.0	3	1000.0	1.0	280.5	10.0	291.5
1836690	13000.0	3	1000.0	1.3	291.5	13.0	305.8
1741989	8000.0	3	1000.0	0.8	305.8	8.0	314.6
1639451	14000.0	3	1000.0	1.4	314.6	14.0	330.0
1832109	17000.0	3	1000.0	1.7	330.0	17.0	348.7
1692485	12000.0	3	1000.0	1.2	348.7	12.0	361.9
1837502	7000.0	3	1000.0	0.7	361.9	7.0	369.59999999999997
1832007	8000.0	3	1000.0	0.8	369.6	8.0	378.40000000000003
1786930	11000.0	3	1000.0	1.1	378.4	11.0	390.5
1675570	13000.0	4	4000.0	1.3038	0	3.25	4.5538
1771374	12000.0	4	4000.0	1.2038	4.5538	3.0	8.7576
1810627	15000.0	4	4000.0	1.5038	8.7576	3.75	14.0114
1763832	17000.0	4	4000.0	1.7038	14.0114	4.25	19.9652
1659629	10000.0	4	4000.0	1.0038	19.9652	2.5	23.469
1684208	12000.0	4	4000.0	1.2038	23.469	3.0	27.672800000000002
1653039	10000.0	4	4000.0	1.0038	27.6728	2.5	31.1766
1809002	9000.0	4	4000.0	0.9038	31.1766	2.25	34.3304
1792280	8000.0	4	4000.0	0.8038	34.3304	2.0	37.1342
1831070	12000.0	4	4000.0	1.2038	37.1342	3.0	41.338
1769957	13000.0	4	4000.0	1.3038	41.338	3.25	45.8918
1706900	12000.0	4	4000.0	1.2038	45.8918	3.0	50.095600000000005
1773701	14000.0	4	4000.0	1.4038	50.0956	3.5	54.999399999999994
1744986	8000.0	4	4000.0	0.8038	54.9994	2.0	57.803200000000004
1635963	10000.0	4	4000.0	1.0038	57.8032	2.5	61.306999999999995
1740663	9000.0	4	4000.0	0.9038	61.307	2.25	64.4608
1665250	10000.0	4	4000.0	1.0038	64.4608	2.5	67.9646
1694363	16000.0	4	4000.0	1.6038	67.9646	4.0	73.56840000000001
1828028	9000.0	4	4000.0	0.9038	73.5684	2.25	76.7222
1740719	11000.0	4	4000.0	1.1038	76.7222	2.75	80.57600000000001
1765081	9000.0	4	4000.0	0.9038	80.576	2.25	83.7298
1700209	9000.0	4	4000.0	0.9038	83.7298	2.25	86.8836
1836065	15000.0	4	4000.0	1.5038	86.8836	3.75	92.1374
1838563	16000.0	4	4000.0	1.6038	92.1374	4.0	97.7412
1637386	11000.0	4	4000.0	1.1038	97.7412	2.75	101.59500000000001
1776070	13000.0	4	4000.0	1.3038	101.595	3.25	106.1488
1745995	8000.0	4	4000.0	0.8038	106.1488	2.0	108.95259999999999
1731109	8000.0	4	4000.0	0.8038	108.9526	2.0	111.7564
1656819	11000.0	4	4000.0	1.1038	111.7564	2.75	115.6102
1723762	9000.0	4	4000.0	0.9038	115.6102	2.25	118.76400000000001
1754590	11000.0	4	4000.0	1.1038	118.764	2.75	122.6178
1804686	9000.0	4	4000.0	0.9038	122.6178	2.25	125.7716
1679544	13000.0	4	4000.0	1.3038	125.7716	3.25	130.3254
1643262	8000.0	4	4000.0	0.8038	130.3254	2.0	133.1292
1699023	8000.0	4	4000.0	0.8038	133.1292	2.0	135.933
1771970	12000.0	4	4000.0	1.2038	135.933	3.0	140.1368
1771943	8000.0	4	4000.0	0.8038	140.1368	2.0	142.9406
1755446	13000.0	4	4000.0	1.3038	142.9406	3.25	147.49439999999998
1777364	12000.0	4	4000.0	1.2038	147.4944	3.0	151.6982
1803792	9000.0	4	4000.0	0.9038	151.6982	2.25	154.852
1667867	8000.0	5	4000.0	0.8038	0	2.0	2.8038
1656547	10000.0	5	4000.0	1.0038	2.8038	2.5	6.3076
1761740	13000.0	5	4000.0	1.3038	6.3076	3.25	10.8614
1819119	15000.0	5	4000.0	1.5038	10.8614	3.75	16.1152
1707679	11000.0	5	4000.0	1.1038	16.1152	2.75	19.969
1675605	15000.0	5	4000.0	1.5038	19.969	3.75	25.2228
1696953	8000.0	5	4000.0	0.8038	25.2228	2.0	28.0266
1765660	12000.0	5	4000.0	1.2038	28.0266	3.0	32.2304
1685844	13000.0	5	4000.0	1.3038	32.2304	3.25	36.784200000000006
1723370	11000.0	5	4000.0	1.1038	36.7842	2.75	40.638
1771114	11000.0	5	4000.0	1.1038	40.638	2.75	44.4918
1764873	10000.0	5	4000.0	1.0038	44.4918	2.5	47.995599999999996
1785403	8000.0	5	4000.0	0.8038	47.9956	2.0	50.799400000000006
1712373	12000.0	5	4000.0	1.2038	50.7994	3.0	55.0032
1840798	9000.0	5	4000.0	0.9038	55.0032	2.25	58.157
1821267	7000.0	5	4000.0	0.7038	58.157	1.75	60.6108
1849192	12000.0	5	4000.0	1.2038	60.6108	3.0	64.8146
1661459	10000.0	5	4000.0	1.0038	64.8146	2.5	68.3184
1650585	15000.0	5	4000.0	1.5038	68.3184	3.75	73.5722
1799867	10000.0	5	4000.0	1.0038	73.5722	2.5	77.076
1644174	10000.0	5	4000.0	1.0038	77.076	2.5	80.57979999999999
1680103	12000.0	5	4000.0	1.2038	80.5798	3.0	84.7836
1707889	10000.0	5	4000.0	1.0038	84.7836	2.5	88.2874
1714018	13000.0	5	4000.0	1.3038	88.2874	3.25	92.8412
1812212	11000.0	5	4000.0	1.1038	92.8412	2.75	96.69500000000001
1785603	11000.0	5	4000.0	1.1038	96.695	2.75	100.5488
1847185	9000.0	5	4000.0	0.9038	100.5488	2.25	103.7026
1833322	14000.0	5	4000.0	1.4038	103.7026	3.5	108.60640000000001
1698452	12000.0	5	4000.0	1.2038	108.6064	3.0	112.8102
1805951	11000.0	5	4000.0	1.1038	112.8102	2.75	116.664
1804295	10000.0	5	4000.0	1.0038	116.664	2.5	120.1678
1803959	10000.0	5	4000.0	1.0038	120.1678	2.5	123.6716
1647244	9000.0	5	4000.0	0.9038	123.6716	2.25	126.8254
1726184	9000.0	5	4000.0	0.9038	126.8254	2.25	129.9792
1840518	12000.0	5	4000.0	1.2038	129.9792	3.0	134.183
1697864	13000.0	5	4000.0	1.3038	134.183	3.25	138.7368
1709033	15000.0	5	4000.0	1.5038	138.7368	3.75	143.9906
1669985	18000.0	5	4000.0	1.8038	143.9906	4.5	150.2944
1850868	9000.0	5	4000.0	0.9038	150.2944	2.25	153.44819999999999
1732497	15000.0	5	4000.0	1.5038	153.4482	3.75	158.70200000000003
1735919	12000.0	5	4000.0	1.2038	158.702	3.0	162.9058
1642641	8000.0	6	5000.0	0.8038	0	1.6	2.4038
1783824	11000.0	6	5000.0	1.1038	2.4038	2.2	5.7076
1825720	11000.0	6	5000.0	1.1038	5.7076	2.2	9.0114
1737389	9000.0	6	5000.0	0.9038	9.0114	1.8	11.715200000000001
1821089	10000.0	6	5000.0	1.0038	11.7152	2.0	14.719
1837102	13000.0	6	5000.0	1.3038	14.719	2.6	18.6228
1753384	12000.0	6	5000.0	1.2038	18.6228	2.4	22.2266
1645533	11000.0	6	5000.0	1.1038	22.2266	2.2	25.5304
1794052	12000.0	6	5000.0	1.2038	25.5304	2.4	29.1342
1737084	10000.0	6	5000.0	1.0038	29.1342	2.0	32.138
1751476	8000.0	6	5000.0	0.8038	32.138	1.6	34.5418
1843876	15000.0	6	5000.0	1.5038	34.5418	3.0	39.0456
1667408	10000.0	6	5000.0	1.0038	39.0456	2.0	42.0494
1661448	10000.0	6	5000.0	1.0038	42.0494	2.0	45.0532
1662341	10000.0	6	5000.0	1.0038	45.0532	2.0	48.056999999999995
1636232	9000.0	6	5000.0	0.9038	48.057	1.8	50.760799999999996
1829435	14000.0	6	5000.0	1.4038	50.7608	2.8	54.9646
1745178	6000.0	6	5000.0	0.6038	54.9646	1.2	56.7684
1761996	8000.0	6	5000.0	0.8038	56.7684	1.6	59.172200000000004
1839926	12000.0	6	5000.0	1.2038	59.1722	2.4	62.775999999999996
1824368	8000.0	6	5000.0	0.8038	62.776	1.6	65.1798
1792560	8000.0	6	5000.0	0.8038	65.1798	1.6	67.58359999999999
1750200	10000.0	6	5000.0	1.0038	67.5836	2.0	70.5874
1774386	10000.0	6	5000.0	1.0038	70.5874	2.0	73.5912
1825835	10000.0	6	5000.0	1.0038	73.5912	2.0	76.595
1678904	12000.0	6	5000.0	1.2038	76.595	2.4	80.1988
1760129	13000.0	6	5000.0	1.3038	80.1988	2.6	84.1026
1760985	17000.0	6	5000.0	1.7038	84.1026	3.4	89.2064
1725889	9000.0	6	5000.0	0.9038	89.2064	1.8	91.9102
1672344	9000.0	6	5000.0	0.9038	91.9102	1.8	94.614
1812979	10000.0	6	5000.0	1.0038	94.614	2.0	97.6178
1732222	11000.0	6	5000.0	1.1038	97.6178	2.2	100.92160000000001
1731558	11000.0	6	5000.0	1.1038	100.9216	2.2	104.22540000000001
1757033	14000.0	6	5000.0	1.4038	104.2254	2.8	108.4292
1753068	12000.0	6	5000.0	1.2038	108.4292	2.4	112.033
1641869	9000.0	6	5000.0	0.9038	112.033	1.8	114.7368
1757103	12000.0	6	5000.0	1.2038	114.7368	2.4	118.34060000000001
1678328	11000.0	6	5000.0	1.1038	118.3406	2.2	121.6444
1651272	14000.0	6	5000.0	1.4038	121.6444	2.8	125.8482
1777360	14000.0	6	5000.0	1.4038	125.8482	2.8	130.05200000000002
1757663	12000.0	6	5000.0	1.2038	130.052	2.4	133.6558
1683662	11000.0	7	5000.0	1.1038	0	2.2	3.3038
1665751	9000.0	7	5000.0	0.9038	3.3038	1.8	6.0076
1832293	14000.0	7	5000.0	1.4038	6.0076	2.8	10.211400000000001
1662886	11000.0	7	5000.0	1.1038	10.2114	2.2	13.5152
1648528	9000.0	7	5000.0	0.9038	13.5152	1.8	16.219
1727790	9000.0	7	5000.0	0.9038	16.219	1.8	18.922800000000002
1773852	16000.0	7	5000.0	1.6038	18.9228	3.2	23.726599999999998
1667382	12000.0	7	5000.0	1.2038	23.7266	2.4	27.3304
1753931	10000.0	7	5000.0	1.0038	27.3304	2.0	30.334200000000003
1718977	18000.0	7	5000.0	1.8038	30.3342	3.6	35.738
1653502	12000.0	7	5000.0	1.2038	35.738	2.4	39.3418
1678569	7000.0	7	5000.0	0.7038	39.3418	1.4	41.4456
1642167	10000.0	7	5000.0	1.0038	41.4456	2.0	44.4494
1812187	9000.0	7	5000.0	0.9038	44.4494	1.8	47.15319999999999
1727334	9000.0	7	5000.0	0.9038	47.1532	1.8	49.85699999999999
1799804	8000.0	7	5000.0	0.8038	49.857	1.6	52.2608
1653242	10000.0	7	5000.0	1.0038	52.2608	2.0	55.2646
1833688	11000.0	7	5000.0	1.1038	55.2646	2.2	58.568400000000004
1668563	9000.0	7	5000.0	0.9038	58.5684	1.8	61.27219999999999
1830085	15000.0	7	5000.0	1.5038	61.2722	3.0	65.776
1806892	13000.0	7	5000.0	1.3038	65.776	2.6	69.67979999999999
1671629	13000.0	7	5000.0	1.3038	69.6798	2.6	73.58359999999999
1779959	16000.0	7	5000.0	1.6038	73.5836	3.2	78.38740000000001
1841726	12000.0	7	5000.0	1.2038	78.3874	2.4	81.9912
1743696	12000.0	7	5000.0	1.2038	81.9912	2.4	85.59500000000001
1811697	11000.0	7	5000.0	1.1038	85.595	2.2	88.89880000000001
1766418	9000.0	7	5000.0	0.9038	88.8988	1.8	91.6026
1811434	13000.0	7	5000.0	1.3038	91.6026	2.6	95.50639999999999
1807649	11000.0	7	5000.0	1.1038	95.5064	2.2	98.81020000000001
1836806	7000.0	7	5000.0	0.7038	98.8102	1.4	100.914
1646929	12000.0	7	5000.0	1.2038	100.914	2.4	104.51780000000001
1813926	11000.0	7	5000.0	1.1038	104.5178	2.2	107.8216
1748232	13000.0	7	5000.0	1.3038	107.8216	2.6	111.7254
1842832	13000.0	7	5000.0	1.3038	111.7254	2.6	115.62919999999998
1839641	10000.0	7	5000.0	1.0038	115.6292	2.0	118.633
1803732	9000.0	7	5000.0	0.9038	118.633	1.8	121.3368
1780671	10000.0	7	5000.0	1.0038	121.3368	2.0	124.3406
1690435	10000.0	7	5000.0	1.0038	124.3406	2.0	127.3444
1782228	13000.0	7	5000.0	1.3038	127.3444	2.6	131.2482
1646383	8000.0	7	5000.0	0.8038	131.2482	1.6	133.652
1806592	15000.0	8	5000.0	1.5067	0	3.0	4.5067
1847609	12000.0	8	5000.0	1.2067	4.5067	2.4	8.1134
1638432	12000.0	8	5000.0	1.2067	8.1134	2.4	11.7201
1749056	10000.0	8	5000.0	1.0067	11.7201	2.0	14.7268
1831981	10000.0	8	5000.0	1.0067	14.7268	2.0	17.7335
1715494	12000.0	8	5000.0	1.2067	17.7335	2.4	21.3402
1739493	9000.0	8	5000.0	0.9067	21.3402	1.8	24.0469
1762728	13000.0	8	5000.0	1.3067	24.0469	2.6	27.9536
1764958	11000.0	8	5000.0	1.1067	27.9536	2.2	31.2603
1636246	13000.0	8	5000.0	1.3067	31.2603	2.6	35.167
1722664	10000.0	8	5000.0	1.0067	35.167	2.0	38.173700000000004
1700009	7000.0	8	5000.0	0.7067	38.1737	1.4	40.28039999999999
1694774	13000.0	8	5000.0	1.3067	40.2804	2.6	44.1871
1643733	8000.0	8	5000.0	0.8067	44.1871	1.6	46.5938
1829807	14000.0	8	5000.0	1.4067	46.5938	2.8	50.8005
1801532	16000.0	8	5000.0	1.6067	50.8005	3.2	55.607200000000006
1749248	11000.0	8	5000.0	1.1067	55.6072	2.2	58.9139
1806971	11000.0	8	5000.0	1.1067	58.9139	2.2	62.220600000000005
1673138	9000.0	8	5000.0	0.9067	62.2206	1.8	64.9273
1806933	10000.0	8	5000.0	1.0067	64.9273	2.0	67.934
1734437	11000.0	8	5000.0	1.1067	67.934	2.2	71.2407
1654989	8000.0	8	5000.0	0.8067	71.2407	1.6	73.6474
1723891	14000.0	8	5000.0	1.4067	73.6474	2.8	77.8541
1733170	18000.0	8	5000.0	1.8067	77.8541	3.6	83.2608
1717275	9000.0	8	5000.0	0.9067	83.2608	1.8	85.9675
1671965	11000.0	8	5000.0	1.1067	85.9675	2.2	89.27420000000001
1812973	9000.0	8	5000.0	0.9067	89.2742	1.8	91.98089999999999
1676142	9000.0	8	5000.0	0.9067	91.9809	1.8	94.6876
1776537	9000.0	8	5000.0	0.9067	94.6876	1.8	97.3943
1811560	8000.0	8	5000.0	0.8067	97.3943	1.6	99.801
1644296	10000.0	8	5000.0	1.0067	99.801	2.0	102.8077
1724965	11000.0	8	5000.0	1.1067	102.8077	2.2	106.1144
1686432	11000.0	8	5000.0	1.1067	106.1144	2.2	109.42110000000001
1709143	9000.0	8	5000.0	0.9067	109.4211	1.8	112.1278
1672217	7000.0	8	5000.0	0.7067	112.1278	1.4	114.2345
1659882	13000.0	8	5000.0	1.3067	114.2345	2.6	118.1412
1748022	9000.0	8	5000.0	0.9067	118.1412	1.8	120.8479
1803458	9000.0	9	6000.0	0.9067	0	1.5	2.4067
1691267	12000.0	9	6000.0	1.2067	2.4067	2.0	5.6134
1806632	11000.0	9	6000.0	1.1067	5.6134	1.8333	8.5534
1681105	11000.0	9	6000.0	1.1067	8.5534	1.8333	11.4934
1645325	12000.0	9	6000.0	1.2067	11.4934	2.0	14.700099999999999
1746351	13000.0	9	6000.0	1.3067	14.7001	2.1667	18.1735
1711319	7000.0	9	6000.0	0.7067	18.1735	1.1667	20.0469
1666773	9000.0	9	6000.0	0.9067	20.0469	1.5	22.4536
1654547	9000.0	9	6000.0	0.9067	22.4536	1.5	24.860300000000002
1773270	12000.0	9	6000.0	1.2067	24.8603	2.0	28.067
1734825	9000.0	9	6000.0	0.9067	28.067	1.5	30.4737
1740008	12000.0	9	6000.0	1.2067	30.4737	2.0	33.680400000000006
1849144	11000.0	9	6000.0	1.1067	33.6804	1.8333	36.6204
1708168	11000.0	9	6000.0	1.1067	36.6204	1.8333	39.560399999999994
1778626	11000.0	9	6000.0	1.1067	39.5604	1.8333	42.500400000000006
1793958	10000.0	9	6000.0	1.0067	42.5004	1.6667	45.1738
1755272	12000.0	9	6000.0	1.2067	45.1738	2.0	48.3805
1730494	12000.0	9	6000.0	1.2067	48.3805	2.0	51.587199999999996
1691862	8000.0	9	6000.0	0.8067	51.5872	1.3333	53.7272
1838578	12000.0	9	6000.0	1.2067	53.7272	2.0	56.9339
1665438	12000.0	9	6000.0	1.2067	56.9339	2.0	60.1406
1728525	9000.0	9	6000.0	0.9067	60.1406	1.5	62.5473
1699755	10000.0	9	6000.0	1.0067	62.5473	1.6667	65.22070000000001
1695786	17000.0	9	6000.0	1.7067	65.2207	2.8333	69.76069999999999
1741113	12000.0	9	6000.0	1.2067	69.7607	2.0	72.9674
1819428	10000.0	9	6000.0	1.0067	72.9674	1.6667	75.6408
1685524	10000.0	9	6000.0	1.0067	75.6408	1.6667	78.3142
1829567	16000.0	9	6000.0	1.6067	78.3142	2.6667	82.58760000000001
1766702	10000.0	9	6000.0	1.0067	82.5876	1.6667	85.261
1732955	12000.0	9	6000.0	1.2067	85.261	2.0	88.4677
1736032	10000.0	9	6000.0	1.0067	88.4677	1.6667	91.1411
1795644	6000.0	9	6000.0	0.6067	91.1411	1.0	92.7478
1795583	9000.0	9	6000.0	0.9067	92.7478	1.5	95.1545
1676750	12000.0	9	6000.0	1.2067	95.1545	2.0	98.3612
1846879	11000.0	9	6000.0	1.1067	98.3612	1.8333	101.3012
1693787	7000.0	9	6000.0	0.7067	101.3012	1.1667	103.1746
1830007	7000.0	9	6000.0	0.7067	103.1746	1.1667	105.048
1664078	14000.0	9	6000.0	1.4067	105.048	2.3333	108.788
1828497	9000.0	9	6000.0	0.9067	108.788	1.5	111.1947
1641840	7000.0	9	6000.0	0.7067	111.1947	1.1667	113.0681
1847714	10000.0	9	6000.0	1.0067	113.0681	1.6667	115.7415
1737593	13000.0	9	6000.0	1.3067	115.7415	2.1667	119.21490000000001
1791831	18000.0	9	6000.0	1.8067	119.2149	3.0	124.0216
1675308	13000.0	10	6000.0	1.3067	0	2.1667	3.4734
1642233	20000.0	10	6000.0	2.0067	3.4734	3.3333	8.8134
1646322	10000.0	10	6000.0	1.0067	8.8134	1.6667	11.4868
1694271	11000.0	10	6000.0	1.1067	11.4868	1.8333	14.4268
1695592	10000.0	10	6000.0	1.0067	14.4268	1.6667	17.1002
1753799	9000.0	10	6000.0	0.9067	17.1002	1.5	19.5069
1786381	18000.0	10	6000.0	1.8067	19.5069	3.0	24.3136
1659702	8000.0	10	6000.0	0.8067	24.3136	1.3333	26.4536
1674804	9000.0	10	6000.0	0.9067	26.4536	1.5	28.860300000000002
1696850	14000.0	10	6000.0	1.4067	28.8603	2.3333	32.6003
1656567	6000.0	10	6000.0	0.6067	32.6003	1.0	34.206999999999994
1736731	11000.0	10	6000.0	1.1067	34.207	1.8333	37.147
1808246	9000.0	10	6000.0	0.9067	37.147	1.5	39.5537
1706383	10000.0	10	6000.0	1.0067	39.5537	1.6667	42.2271
1660464	10000.0	10	6000.0	1.0067	42.2271	1.6667	44.9005
1729315	11000.0	10	6000.0	1.1067	44.9005	1.8333	47.8405
1819004	10000.0	10	6000.0	1.0067	47.8405	1.6667	50.5139
1821399	10000.0	10	6000.0	1.0067	50.5139	1.6667	53.1873
1764705	9000.0	10	6000.0	0.9067	53.1873	1.5	55.594
1714483	8000.0	10	6000.0	0.8067	55.594	1.3333	57.734
1825812	10000.0	10	6000.0	1.0067	57.734	1.6667	60.4074
1665331	10000.0	10	6000.0	1.0067	60.4074	1.6667	63.0808
1789428	13000.0	10	6000.0	1.3067	63.0808	2.1667	66.55420000000001
1799885	13000.0	10	6000.0	1.3067	66.5542	2.1667	70.0276
1714862	9000.0	10	6000.0	0.9067	70.0276	1.5	72.43430000000001
1837372	9000.0	10	6000.0	0.9067	72.4343	1.5	74.841
1835780	8000.0	10	6000.0	0.8067	74.841	1.3333	76.981
1642346	9000.0	10	6000.0	0.9067	76.981	1.5	79.3877
1636976	13000.0	10	6000.0	1.3067	79.3877	2.1667	82.86110000000001
1791126	12000.0	10	6000.0	1.2067	82.8611	2.0	86.06779999999999
1697696	10000.0	10	6000.0	1.0067	86.0678	1.6667	88.7412
1733161	11000.0	10	6000.0	1.1067	88.7412	1.8333	91.6812
1663466	14000.0	10	6000.0	1.4067	91.6812	2.3333	95.4212
1810830	16000.0	10	6000.0	1.6067	95.4212	2.6667	99.69460000000001
1717001	11000.0	10	6000.0	1.1067	99.6946	1.8333	102.63459999999999
1649503	9000.0	10	6000.0	0.9067	102.6346	1.5	105.0413
1760606	14000.0	10	6000.0	1.4067	105.0413	2.3333	108.7813
1658595	11000.0	10	6000.0	1.1067	108.7813	1.8333	111.7213
1676132	11000.0	10	6000.0	1.1067	111.7213	1.8333	114.6613
1732345	12000.0	10	6000.0	1.2067	114.6613	2.0	117.868
1703999	9000.0	11	6000.0	0.9067	0	1.5	2.4067
1832190	10000.0	11	6000.0	1.0067	2.4067	1.6667	5.0801
1824130	10000.0	11	6000.0	1.0067	5.0801	1.6667	7.753500000000001
1695429	12000.0	11	6000.0	1.2067	7.7535	2.0	10.9602
1665923	10000.0	11	6000.0	1.0067	10.9602	1.6667	13.633600000000001
1829937	10000.0	11	6000.0	1.0067	13.6336	1.6667	16.307
1751442	9000.0	11	6000.0	0.9067	16.307	1.5	18.7137
1661570	5000.0	11	6000.0	0.5067	18.7137	0.8333	20.0537
1764720	13000.0	11	6000.0	1.3067	20.0537	2.1667	23.527099999999997
1792713	11000.0	11	6000.0	1.1067	23.5271	1.8333	26.467100000000002
1728090	13000.0	11	6000.0	1.3067	26.4671	2.1667	29.940499999999997
1837143	10000.0	11	6000.0	1.0067	29.9405	1.6667	32.6139
1747272	10000.0	11	6000.0	1.0067	32.6139	1.6667	35.2873
1829949	9000.0	11	6000.0	0.9067	35.2873	1.5	37.694
1849758	16000.0	11	6000.0	1.6067	37.694	2.6667	41.967400000000005
1829905	10000.0	11	6000.0	1.0067	41.9674	1.6667	44.6408
1739648	7000.0	11	6000.0	0.7067	44.6408	1.1667	46.514199999999995
1818025	12000.0	11	6000.0	1.2067	46.5142	2.0	49.7209
1813043	19000.0	11	6000.0	1.9067	49.7209	3.1667	54.7943
1702241	10000.0	11	6000.0	1.0067	54.7943	1.6667	57.4677
1815360	13000.0	11	6000.0	1.3067	57.4677	2.1667	60.9411
1657678	13000.0	11	6000.0	1.3067	60.9411	2.1667	64.4145
1641011	9000.0	11	6000.0	0.9067	64.4145	1.5	66.8212
1690827	9000.0	11	6000.0	0.9067	66.8212	1.5	69.2279
1678417	7000.0	11	6000.0	0.7067	69.2279	1.1667	71.10130000000001
1813646	10000.0	11	6000.0	1.0067	71.1013	1.6667	73.7747
1732031	14000.0	11	6000.0	1.4067	73.7747	2.3333	77.51469999999999
1848322	14000.0	11	6000.0	1.4067	77.5147	2.3333	81.2547
1745824	7000.0	11	6000.0	0.7067	81.2547	1.1667	83.1281
1656136	15000.0	11	6000.0	1.5067	83.1281	2.5	87.1348
1771860	9000.0	11	6000.0	0.9067	87.1348	1.5	89.5415
1731682	12000.0	11	6000.0	1.2067	89.5415	2.0	92.7482
1684332	12000.0	11	6000.0	1.2067	92.7482	2.0	95.9549
1663317	10000.0	11	6000.0	1.0067	95.9549	1.6667	98.6283
1710674	9000.0	11	6000.0	0.9067	98.6283	1.5	101.035
1639351	11000.0	11	6000.0	1.1067	101.035	1.8333	103.975
1840647	14000.0	11	6000.0	1.4067	103.975	2.3333	107.71499999999999
1840060	15000.0	12	6000.0	1.5	0	2.5	4.0
1754069	9000.0	12	6000.0	0.9	4.0	1.5	6.4
1700590	8000.0	12	6000.0	0.8	6.4	1.3333	8.5333
1831441	9000.0	12	6000.0	0.9	8.5333	1.5	10.933300000000001
1783464	11000.0	12	6000.0	1.1	10.9333	1.8333	13.866599999999998
1636559	15000.0	12	6000.0	1.5	13.8666	2.5	17.8666
1789986	12000.0	12	6000.0	1.2	17.8666	2.0	21.066599999999998
1646279	12000.0	12	6000.0	1.2	21.0666	2.0	24.2666
1700326	8000.0	12	6000.0	0.8	24.2666	1.3333	26.399900000000002
1753181	15000.0	12	6000.0	1.5	26.3999	2.5	30.3999
1750203	9000.0	12	6000.0	0.9	30.3999	1.5	32.799899999999994
1636300	15000.0	12	6000.0	1.5	32.7999	2.5	36.7999
1800273	14000.0	12	6000.0	1.4	36.7999	2.3333	40.5332
1717979	12000.0	12	6000.0	1.2	40.5332	2.0	43.733200000000004
1773748	16000.0	12	6000.0	1.6	43.7332	2.6667	47.9999
1708035	14000.0	12	6000.0	1.4	47.9999	2.3333	51.7332
1744908	11000.0	12	6000.0	1.1	51.7332	1.8333	54.6665
1664320	11000.0	12	6000.0	1.1	54.6665	1.8333	57.5998
1753576	10000.0	12	6000.0	1.0	57.5998	1.6667	60.2665
1729591	12000.0	12	6000.0	1.2	60.2665	2.0	63.4665
1717706	9000.0	12	6000.0	0.9	63.4665	1.5	65.8665
1764052	10000.0	12	6000.0	1.0	65.8665	1.6667	68.53320000000001
1780742	7000.0	12	6000.0	0.7	68.5332	1.1667	70.3999
1701706	11000.0	12	6000.0	1.1	70.3999	1.8333	73.33319999999999
1795558	8000.0	12	6000.0	0.8	73.3332	1.3333	75.4665
1701600	12000.0	12	6000.0	1.2	75.4665	2.0	78.6665
1836638	13000.0	12	6000.0	1.3	78.6665	2.1667	82.1332
1752881	8000.0	12	6000.0	0.8	82.1332	1.3333	84.2665
1725447	11000.0	12	6000.0	1.1	84.2665	1.8333	87.19979999999998
1811822	12000.0	12	6000.0	1.2	87.1998	2.0	90.3998
1788473	12000.0	12	6000.0	1.2	90.3998	2.0	93.5998
1772631	9000.0	12	6000.0	0.9	93.5998	1.5	95.99980000000001
1830178	8000.0	12	6000.0	0.8	95.9998	1.3333	98.13309999999998
1641885	9000.0	12	6000.0	0.9	98.1331	1.5	100.5331
1649775	12000.0	12	6000.0	1.2	100.5331	2.0	103.73310000000001
1723583	8000.0	12	6000.0	0.8	103.7331	1.3333	105.86639999999998
1689003	8000.0	13	8000.0	0.8	0	1.0	1.8
1829617	8000.0	13	8000.0	0.8	1.8	1.0	3.6
1673015	13000.0	13	8000.0	1.3	3.6	1.625	6.525
1779357	10000.0	13	8000.0	1.0	6.525	1.25	8.775
1713527	12000.0	13	8000.0	1.2	8.775	1.5	11.475
1763826	9000.0	13	8000.0	0.9	11.475	1.125	13.5
1681293	12000.0	13	8000.0	1.2	13.5	1.5	16.2
1642678	10000.0	13	8000.0	1.0	16.2	1.25	18.45
1713603	8000.0	13	8000.0	0.8	18.45	1.0	20.25
1751177	14000.0	13	8000.0	1.4	20.25	1.75	23.4
1685282	15000.0	13	8000.0	1.5	23.4	1.875	26.775
1660467	7000.0	13	8000.0	0.7	26.775	0.875	28.349999999999998
1850172	7000.0	13	8000.0	0.7	28.35	0.875	29.925
1711432	11000.0	13	8000.0	1.1	29.925	1.375	32.400000000000006
1730128	8000.0	13	8000.0	0.8	32.4	1.0	34.199999999999996
1667632	8000.0	13	8000.0	0.8	34.2	1.0	36.0
1832349	9000.0	13	8000.0	0.9	36.0	1.125	38.025
1836280	13000.0	13	8000.0	1.3	38.025	1.625	40.949999999999996
1712424	9000.0	13	8000.0	0.9	40.95	1.125	42.975
1740082	10000.0	13	8000.0	1.0	42.975	1.25	45.225
1758923	11000.0	13	8000.0	1.1	45.225	1.375	47.7
1773870	10000.0	13	8000.0	1.0	47.7	1.25	49.95
1728047	13000.0	13	8000.0	1.3	49.95	1.625	52.875
1851697	11000.0	13	8000.0	1.1	52.875	1.375	55.35
1729823	10000.0	13	8000.0	1.0	55.35	1.25	57.6
1811772	13000.0	13	8000.0	1.3	57.6	1.625	60.525
1844313	9000.0	13	8000.0	0.9	60.525	1.125	62.55
1762028	9000.0	13	8000.0	0.9	62.55	1.125	64.57499999999999
1706507	10000.0	13	8000.0	1.0	64.575	1.25	66.825
1845832	14000.0	13	8000.0	1.4	66.825	1.75	69.97500000000001
1767849	15000.0	13	8000.0	1.5	69.975	1.875	73.35
1693842	10000.0	13	8000.0	1.0	73.35	1.25	75.6
1692851	11000.0	13	8000.0	1.1	75.6	1.375	78.07499999999999
1851761	13000.0	13	8000.0	1.3	78.075	1.625	81.0
1796040	15000.0	13	8000.0	1.5	81.0	1.875	84.375
1771959	10000.0	13	8000.0	1.0	84.375	1.25	86.625
1827692	14000.0	13	8000.0	1.4	86.625	1.75	89.775
1684343	10000.0	13	8000.0	1.0	89.775	1.25	92.025
1673617	15000.0	13	8000.0	1.5	92.025	1.875	95.4
1654710	7000.0	13	8000.0	0.7	95.4	0.875	96.97500000000001
1742644	14000.0	13	8000.0	1.4	96.975	1.75	100.125
1779764	13000.0	13	8000.0	1.3	100.125	1.625	103.05
1821090	9000.0	14	12000.0	0.9	0	0.75	1.65
1851053	14000.0	14	12000.0	1.4	1.65	1.1667	4.2166999999999994
1849510	9000.0	14	12000.0	0.9	4.2167	0.75	5.866700000000001
1783220	12000.0	14	12000.0	1.2	5.8667	1.0	8.0667
1711220	8000.0	14	12000.0	0.8	8.0667	0.6667	9.533400000000002
1668047	10000.0	14	12000.0	1.0	9.5334	0.8333	11.3667
1687866	10000.0	14	12000.0	1.0	11.3667	0.8333	13.2
1722253	14000.0	14	12000.0	1.4	13.2	1.1667	15.7667
1803409	7000.0	14	12000.0	0.7	15.7667	0.5833	17.05
1678065	13000.0	14	12000.0	1.3	17.05	1.0833	19.433300000000003
1826144	8000.0	14	12000.0	0.8	19.4333	0.6667	20.9
1792963	17000.0	14	12000.0	1.7	20.9	1.4167	24.016699999999997
1645880	12000.0	14	12000.0	1.2	24.0167	1.0	26.2167
1782948	11000.0	14	12000.0	1.1	26.2167	0.9167	28.2334
1668602	10000.0	14	12000.0	1.0	28.2334	0.8333	30.0667
1718699	13000.0	14	12000.0	1.3	30.0667	1.0833	32.45
1838606	13000.0	14	12000.0	1.3	32.45	1.0833	34.8333
1782612	11000.0	14	12000.0	1.1	34.8333	0.9167	36.85
1792666	11000.0	14	12000.0	1.1	36.85	0.9167	38.8667
1708409	12000.0	14	12000.0	1.2	38.8667	1.0	41.066700000000004
1648602	14000.0	14	12000.0	1.4	41.0667	1.1667	43.633399999999995
1815156	12000.0	14	12000.0	1.2	43.6334	1.0	45.833400000000005
1745179	11000.0	14	12000.0	1.1	45.8334	0.9167	47.8501
1779227	11000.0	14	12000.0	1.1	47.8501	0.9167	49.8668
1815696	10000.0	14	12000.0	1.0	49.8668	0.8333	51.7001
1704393	9000.0	14	12000.0	0.9	51.7001	0.75	53.3501
1669630	14000.0	14	12000.0	1.4	53.3501	1.1667	55.916799999999995
1821834	10000.0	14	12000.0	1.0	55.9168	0.8333	57.7501
1746241	12000.0	14	12000.0	1.2	57.7501	1.0	59.950100000000006
1760141	9000.0	14	12000.0	0.9	59.9501	0.75	61.6001
1646575	10000.0	14	12000.0	1.0	61.6001	0.8333	63.4334
1797826	11000.0	14	12000.0	1.1	63.4334	0.9167	65.4501
1724017	13000.0	14	12000.0	1.3	65.4501	1.0833	67.8334
1698770	14000.0	14	12000.0	1.4	67.8334	1.1667	70.40010000000001
1649826	10000.0	14	12000.0	1.0	70.4001	0.8333	72.23339999999999
1804534	8000.0	14	12000.0	0.8	72.2334	0.6667	73.7001
1759871	17000.0	14	12000.0	1.7	73.7001	1.4167	76.81680000000001
1841576	13000.0	14	12000.0	1.3	76.8168	1.0833	79.20009999999999
1656365	12000.0	14	12000.0	1.2	79.2001	1.0	81.40010000000001
1761603	15000.0	14	12000.0	1.5	81.4001	1.25	84.1501
1679273	9000.0	15	16000.0	0.9	0	0.5625	1.4625
1713711	11000.0	15	16000.0	1.1	1.4625	0.6875	3.25
1677609	12000.0	15	16000.0	1.2	3.25	0.75	5.2
1765872	8000.0	15	16000.0	0.8	5.2	0.5	6.5
1840058	13000.0	15	16000.0	1.3	6.5	0.8125	8.6125
1783451	12000.0	15	16000.0	1.2	8.6125	0.75	10.5625
1699630	11000.0	15	16000.0	1.1	10.5625	0.6875	12.35
1751148	11000.0	15	16000.0	1.1	12.35	0.6875	14.1375
1672675	12000.0	15	16000.0	1.2	14.1375	0.75	16.0875
1844190	14000.0	15	16000.0	1.4	16.0875	0.875	18.362499999999997
1654448	11000.0	15	16000.0	1.1	18.3625	0.6875	20.150000000000002
1683734	8000.0	15	16000.0	0.8	20.15	0.5	21.45
1742677	10000.0	15	16000.0	1.0	21.45	0.625	23.075
1840692	9000.0	15	16000.0	0.9	23.075	0.5625	24.537499999999998
1674748	9000.0	15	16000.0	0.9	24.5375	0.5625	26.0
1650217	11000.0	15	16000.0	1.1	26.0	0.6875	27.7875
1753919	12000.0	15	16000.0	1.2	27.7875	0.75	29.7375
1694926	12000.0	15	16000.0	1.2	29.7375	0.75	31.6875
1717660	14000.0	15	16000.0	1.4	31.6875	0.875	33.9625
1802781	8000.0	15	16000.0	0.8	33.9625	0.5	35.262499999999996
1824091	16000.0	15	16000.0	1.6	35.2625	1.0	37.862500000000004
1846013	11000.0	15	16000.0	1.1	37.8625	0.6875	39.65
1844287	12000.0	15	16000.0	1.2	39.65	0.75	41.6
1845992	14000.0	15	16000.0	1.4	41.6	0.875	43.875
1785465	11000.0	15	16000.0	1.1	43.875	0.6875	45.6625
1747179	10000.0	15	16000.0	1.0	45.6625	0.625	47.2875
1734409	12000.0	15	16000.0	1.2	47.2875	0.75	49.237500000000004
1805899	12000.0	15	16000.0	1.2	49.2375	0.75	51.1875
1791638	8000.0	15	16000.0	0.8	51.1875	0.5	52.4875
1723809	16000.0	15	16000.0	1.6	52.4875	1.0	55.0875
1790491	9000.0	15	16000.0	0.9	55.0875	0.5625	56.55
1827057	10000.0	15	16000.0	1.0	56.55	0.625	58.175
1684908	12000.0	15	16000.0	1.2	58.175	0.75	60.125
1643479	9000.0	15	16000.0	0.9	60.125	0.5625	61.5875
1647874	14000.0	15	16000.0	1.4	61.5875	0.875	63.8625
1829991	8000.0	15	16000.0	0.8	63.8625	0.5	65.1625
1676850	8000.0	15	16000.0	0.8	65.1625	0.5	66.46249999999999
1839592	8000.0	15	16000.0	0.8	66.4625	0.5	67.7625
1674100	12000.0	15	16000.0	1.2	67.7625	0.75	69.7125
1767436	14000.0	15	16000.0	1.4	69.7125	0.875	71.98750000000001
1811565	8000.0	15	16000.0	0.8	71.9875	0.5	73.2875
1705046	11000.0	15	16000.0	1.1	73.2875	0.6875	75.07499999999999
1655260	9000.0	15	16000.0	0.9	75.075	0.5625	76.53750000000001
1830748	9000.0	15	16000.0	0.9	76.5375	0.5625	78.0
1697885	10000.0	15	16000.0	1.0	78.0	0.625	79.625
1671904	13000.0	15	16000.0	1.3	79.625	0.8125	81.7375
1828980	11000.0	15	16000.0	1.1	81.7375	0.6875	83.52499999999999
1717448	10000.0	15	16000.0	1.0	83.525	0.625	85.15
1654496	9000.0	16	18000.0	0.9058	0	0.5	1.4058000000000002
1753098	12000.0	16	18000.0	1.2058	1.4058	0.6667	3.2783
1783951	11000.0	16	18000.0	1.1058	3.2783	0.6111	4.9952000000000005
1822940	8000.0	16	18000.0	0.8058	4.9952	0.4444	6.245399999999999
1706781	10000.0	16	18000.0	1.0058	6.2454	0.5556	7.8068
1696482	5000.0	16	18000.0	0.5058	7.8068	0.2778	8.590399999999999
1688280	11000.0	16	18000.0	1.1058	8.5904	0.6111	10.307300000000001
1712499	13000.0	16	18000.0	1.3058	10.3073	0.7222	12.3353
1708110	12000.0	16	18000.0	1.2058	12.3353	0.6667	14.2078
1832701	14000.0	16	18000.0	1.4058	14.2078	0.7778	16.3914
1636112	15000.0	16	18000.0	1.5058	16.3914	0.8333	18.730500000000003
1809094	15000.0	16	18000.0	1.5058	18.7305	0.8333	21.0696
1668456	12000.0	16	18000.0	1.2058	21.0696	0.6667	22.9421
1747259	11000.0	16	18000.0	1.1058	22.9421	0.6111	24.659
1749799	9000.0	16	18000.0	0.9058	24.659	0.5	26.064799999999998
1806815	11000.0	16	18000.0	1.1058	26.0648	0.6111	27.7817
1664560	9000.0	16	18000.0	0.9058	27.7817	0.5	29.1875
1751487	11000.0	16	18000.0	1.1058	29.1875	0.6111	30.9044
1688652	15000.0	16	18000.0	1.5058	30.9044	0.8333	33.2435
1639817	13000.0	16	18000.0	1.3058	33.2435	0.7222	35.271499999999996
1705694	8000.0	16	18000.0	0.8058	35.2715	0.4444	36.5217
1682623	17000.0	16	18000.0	1.7058	36.5217	0.9444	39.17190000000001
1719570	13000.0	16	18000.0	1.3058	39.1719	0.7222	41.1999
1752244	13000.0	16	18000.0	1.3058	41.1999	0.7222	43.2279
1781814	9000.0	16	18000.0	0.9058	43.2279	0.5	44.6337
1819781	12000.0	16	18000.0	1.2058	44.6337	0.6667	46.5062
1704895	10000.0	16	18000.0	1.0058	46.5062	0.5556	48.0676
1788178	17000.0	16	18000.0	1.7058	48.0676	0.9444	50.7178
1828463	8000.0	16	18000.0	0.8058	50.7178	0.4444	51.967999999999996
1719970	13000.0	16	18000.0	1.3058	51.968	0.7222	53.996
1716858	12000.0	16	18000.0	1.2058	53.996	0.6667	55.868500000000004
1790708	14000.0	16	18000.0	1.4058	55.8685	0.7778	58.052099999999996
1670059	10000.0	16	18000.0	1.0058	58.0521	0.5556	59.6135
1757201	10000.0	16	18000.0	1.0058	59.6135	0.5556	61.1749
1755889	10000.0	16	18000.0	1.0058	61.1749	0.5556	62.7363
1672465	10000.0	16	18000.0	1.0058	62.7363	0.5556	64.2977
1639621	11000.0	16	18000.0	1.1058	64.2977	0.6111	66.0146
1830691	12000.0	16	18000.0	1.2058	66.0146	0.6667	67.8871
1798033	10000.0	16	18000.0	1.0058	67.8871	0.5556	69.4485
1825055	13000.0	16	18000.0	1.3058	69.4485	0.7222	71.4765
1654659	10000.0	16	18000.0	1.0058	71.4765	0.5556	73.0379
1761543	12000.0	16	18000.0	1.2058	73.0379	0.6667	74.9104
1743407	13000.0	16	18000.0	1.3058	74.9104	0.7222	76.9384
1770641	13000.0	17	24000.0	1.3058	0	0.5417	1.8475000000000001
1685582	13000.0	17	24000.0	1.3058	1.8475	0.5417	3.695
1758368	10000.0	17	24000.0	1.0058	3.695	0.4167	5.1175
1786575	9000.0	17	24000.0	0.9058	5.1175	0.375	6.3983
1786184	10000.0	17	24000.0	1.0058	6.3983	0.4167	7.820799999999999
1665864	10000.0	17	24000.0	1.0058	7.8208	0.4167	9.243300000000001
1675877	10000.0	17	24000.0	1.0058	9.2433	0.4167	10.6658
1827930	11000.0	17	24000.0	1.1058	10.6658	0.4583	12.2299
1786073	10000.0	17	24000.0	1.0058	12.2299	0.4167	13.652400000000002
1671018	14000.0	17	24000.0	1.4058	13.6524	0.5833	15.641499999999999
1750651	12000.0	17	24000.0	1.2058	15.6415	0.5	17.3473
1771345	8000.0	17	24000.0	0.8058	17.3473	0.3333	18.486400000000003
1831960	9000.0	17	24000.0	0.9058	18.4864	0.375	19.7672
1838079	11000.0	17	24000.0	1.1058	19.7672	0.4583	21.3313
1761987	7000.0	17	24000.0	0.7058	21.3313	0.2917	22.328799999999998
1728640	12000.0	17	24000.0	1.2058	22.3288	0.5	24.0346
1769651	9000.0	17	24000.0	0.9058	24.0346	0.375	25.3154
1649163	12000.0	17	24000.0	1.2058	25.3154	0.5	27.0212
1714021	16000.0	17	24000.0	1.6058	27.0212	0.6667	29.293699999999998
1802540	10000.0	17	24000.0	1.0058	29.2937	0.4167	30.7162
1844865	11000.0	17	24000.0	1.1058	30.7162	0.4583	32.2803
1780056	14000.0	17	24000.0	1.4058	32.2803	0.5833	34.2694
1813683	13000.0	17	24000.0	1.3058	34.2694	0.5417	36.116899999999994
1723709	9000.0	17	24000.0	0.9058	36.1169	0.375	37.3977
1804829	11000.0	17	24000.0	1.1058	37.3977	0.4583	38.961800000000004
1832905	10000.0	17	24000.0	1.0058	38.9618	0.4167	40.384299999999996
1664016	9000.0	17	24000.0	0.9058	40.3843	0.375	41.6651
1663970	11000.0	17	24000.0	1.1058	41.6651	0.4583	43.229200000000006
1817711	12000.0	17	24000.0	1.2058	43.2292	0.5	44.935
1768336	12000.0	17	24000.0	1.2058	44.935	0.5	46.6408
1738299	9000.0	17	24000.0	0.9058	46.6408	0.375	47.9216
1641670	10000.0	17	24000.0	1.0058	47.9216	0.4167	49.3441
1767681	8000.0	17	24000.0	0.8058	49.3441	0.3333	50.4832
1805583	9000.0	17	24000.0	0.9058	50.4832	0.375	51.763999999999996
1807789	17000.0	17	24000.0	1.7058	51.764	0.7083	54.17810000000001
1804902	7000.0	17	24000.0	0.7058	54.1781	0.2917	55.175599999999996
1768118	12000.0	17	24000.0	1.2058	55.1756	0.5	56.8814
1753428	10000.0	18	30000.0	1.0058	0	0.3333	1.3391
1838375	9000.0	18	30000.0	0.9058	1.3391	0.3	2.5448999999999997
1685367	9000.0	18	30000.0	0.9058	2.5449	0.3	3.7507
1749873	10000.0	18	30000.0	1.0058	3.7507	0.3333	5.0898
1770567	11000.0	18	30000.0	1.1058	5.0898	0.3667	6.5623000000000005
1803068	10000.0	18	30000.0	1.0058	6.5623	0.3333	7.9014
1661047	9000.0	18	30000.0	0.9058	7.9014	0.3	9.1072
1639031	9000.0	18	30000.0	0.9058	9.1072	0.3	10.313
1696315	8000.0	18	30000.0	0.8058	10.313	0.2667	11.3855
1835787	10000.0	18	30000.0	1.0058	11.3855	0.3333	12.7246
1807076	9000.0	18	30000.0	0.9058	12.7246	0.3	13.9304
1729969	13000.0	18	30000.0	1.3058	13.9304	0.4333	15.6695
1662216	9000.0	18	30000.0	0.9058	15.6695	0.3	16.8753
1696127	10000.0	18	30000.0	1.0058	16.8753	0.3333	18.2144
1644799	10000.0	18	30000.0	1.0058	18.2144	0.3333	19.553500000000003
1730039	11000.0	18	30000.0	1.1058	19.5535	0.3667	21.026
1764772	10000.0	18	30000.0	1.0058	21.026	0.3333	22.3651
1770067	11000.0	18	30000.0	1.1058	22.3651	0.3667	23.837600000000002
1802878	12000.0	18	30000.0	1.2058	23.8376	0.4	25.443399999999997
1688731	13000.0	18	30000.0	1.3058	25.4434	0.4333	27.1825
1785910	8000.0	18	30000.0	0.8058	27.1825	0.2667	28.255000000000003
1712237	11000.0	18	30000.0	1.1058	28.255	0.3667	29.7275
1833512	12000.0	18	30000.0	1.2058	29.7275	0.4	31.333299999999998
1667741	14000.0	18	30000.0	1.4058	31.3333	0.4667	33.2058
1703049	8000.0	18	30000.0	0.8058	33.2058	0.2667	34.2783
1734072	10000.0	18	30000.0	1.0058	34.2783	0.3333	35.6174
1641013	13000.0	18	30000.0	1.3058	35.6174	0.4333	37.356500000000004
1689619	11000.0	18	30000.0	1.1058	37.3565	0.3667	38.829
1828391	10000.0	18	30000.0	1.0058	38.829	0.3333	40.1681
1845647	10000.0	18	30000.0	1.0058	40.1681	0.3333	41.507200000000005
1779792	8000.0	18	30000.0	0.8058	41.5072	0.2667	42.579699999999995
1814127	12000.0	18	30000.0	1.2058	42.5797	0.4	44.1855
1848160	9000.0	18	30000.0	0.9058	44.1855	0.3	45.391299999999994
1675207	10000.0	18	30000.0	1.0058	45.3913	0.3333	46.7304
1710038	7000.0	18	30000.0	0.7058	46.7304	0.2333	47.6695
1830775	9000.0	18	30000.0	0.9058	47.6695	0.3	48.875299999999996
1658527	14000.0	18	30000.0	1.4058	48.8753	0.4667	50.747800000000005
1845132	10000.0	18	30000.0	1.0058	50.7478	0.3333	52.0869
1674141	12000.0	18	30000.0	1.2058	52.0869	0.4	53.692699999999995
1759556	10000.0	18	30000.0	1.0058	53.6927	0.3333	55.031800000000004
1724673	8000.0	18	30000.0	0.8058	55.0318	0.2667	56.104299999999995
1701750	9000.0	18	30000.0	0.9058	56.1043	0.3	57.3101
1822608	14000.0	18	30000.0	1.4058	57.3101	0.4667	59.1826
1686573	10000.0	18	30000.0	1.0058	59.1826	0.3333	60.5217
1765789	15000.0	19	30000.0	1.5058	0	0.5	2.0058
1683318	17000.0	19	30000.0	1.7058	2.0058	0.5667	4.2783
1729250	10000.0	19	30000.0	1.0058	4.2783	0.3333	5.6174
1792046	9000.0	19	30000.0	0.9058	5.6174	0.3	6.8232
1770684	12000.0	19	30000.0	1.2058	6.8232	0.4	8.429
1713468	10000.0	19	30000.0	1.0058	8.429	0.3333	9.7681
1794833	10000.0	19	30000.0	1.0058	9.7681	0.3333	11.1072
1699614	12000.0	19	30000.0	1.2058	11.1072	0.4	12.713000000000001
1851097	12000.0	19	30000.0	1.2058	12.713	0.4	14.3188
1658865	16000.0	19	30000.0	1.6058	14.3188	0.5333	16.4579
1792620	11000.0	19	30000.0	1.1058	16.4579	0.3667	17.9304
1680164	9000.0	19	30000.0	0.9058	17.9304	0.3	19.1362
1742748	15000.0	19	30000.0	1.5058	19.1362	0.5	21.142
1670801	7000.0	19	30000.0	0.7058	21.142	0.2333	22.0811
1801880	13000.0	19	30000.0	1.3058	22.0811	0.4333	23.8202
1729895	9000.0	19	30000.0	0.9058	23.8202	0.3	25.026
1770217	13000.0	19	30000.0	1.3058	25.026	0.4333	26.7651
1730061	10000.0	19	30000.0	1.0058	26.7651	0.3333	28.104200000000002
1664400	13000.0	19	30000.0	1.3058	28.1042	0.4333	29.8433
1695874	11000.0	19	30000.0	1.1058	29.8433	0.3667	31.3158
1644486	12000.0	19	30000.0	1.2058	31.3158	0.4	32.9216
1722987	14000.0	19	30000.0	1.4058	32.9216	0.4667	34.7941
1799636	12000.0	19	30000.0	1.2058	34.7941	0.4	36.399899999999995
1702750	12000.0	19	30000.0	1.2058	36.3999	0.4	38.0057
1733900	13000.0	19	30000.0	1.3058	38.0057	0.4333	39.7448
1777033	12000.0	19	30000.0	1.2058	39.7448	0.4	41.35059999999999
1637281	11000.0	19	30000.0	1.1058	41.3506	0.3667	42.823100000000004
1676510	11000.0	19	30000.0	1.1058	42.8231	0.3667	44.2956
1752518	12000.0	19	30000.0	1.2058	44.2956	0.4	45.9014
1651859	11000.0	19	30000.0	1.1058	45.9014	0.3667	47.373900000000006
1654838	10000.0	19	30000.0	1.0058	47.3739	0.3333	48.713
1768230	10000.0	19	30000.0	1.0058	48.713	0.3333	50.0521
1819758	9000.0	19	30000.0	0.9058	50.0521	0.3	51.2579
1820136	10000.0	19	30000.0	1.0058	51.2579	0.3333	52.597
1759332	11000.0	19	30000.0	1.1058	52.597	0.3667	54.069500000000005
1660208	10000.0	19	30000.0	1.0058	54.0695	0.3333	55.4086
1790823	12000.0	19	30000.0	1.2058	55.4086	0.4	57.0144
1636849	11000.0	19	30000.0	1.1058	57.0144	0.3667	58.486900000000006
1684501	10000.0	19	30000.0	1.0058	58.4869	0.3333	59.826
1797122	11000.0	19	30000.0	1.1058	59.826	0.3667	61.298500000000004
1656007	11000.0	19	30000.0	1.1058	61.2985	0.3667	62.771
1746024	14000.0	19	30000.0	1.4058	62.771	0.4667	64.6435
1850793	9000.0	19	30000.0	0.9058	64.6435	0.3	65.8493
1744370	9000.0	19	30000.0	0.9058	65.8493	0.3	67.0551
1710171	10000.0	19	30000.0	1.0058	67.0551	0.3333	68.39419999999998
