1743247	3000.0	0	500.0	0.3	0	6.0	6.3
1844734	9000.0	0	500.0	0.9	6.3	18.0	25.2
1641515	6000.0	0	500.0	0.6	25.2	12.0	37.8
1706731	7000.0	0	500.0	0.7	37.8	14.0	52.5
1846516	7000.0	0	500.0	0.7	52.5	14.0	67.2
1693053	4000.0	0	500.0	0.4	67.2	8.0	75.60000000000001
1777133	9000.0	0	500.0	0.9	75.6	18.0	94.5
1787296	6000.0	0	500.0	0.6	94.5	12.0	107.1
1804061	6000.0	0	500.0	0.6	107.1	12.0	119.69999999999999
1840519	6000.0	0	500.0	0.6	119.7	12.0	132.3
1672172	6000.0	0	500.0	0.6	132.3	12.0	144.9
1681109	6000.0	0	500.0	0.6	144.9	12.0	157.5
1752279	5000.0	0	500.0	0.5	157.5	10.0	168.0
1809638	4000.0	0	500.0	0.4	168.0	8.0	176.4
1740573	7000.0	0	500.0	0.7	176.4	14.0	191.1
1737272	4000.0	0	500.0	0.4	191.1	8.0	199.5
1843769	4000.0	0	500.0	0.4	199.5	8.0	207.9
1806843	6000.0	0	500.0	0.6	207.9	12.0	220.5
1665360	3000.0	0	500.0	0.3	220.5	6.0	226.8
1719098	6000.0	0	500.0	0.6	226.8	12.0	239.4
1784285	7000.0	0	500.0	0.7	239.4	14.0	254.1
1684919	6000.0	0	500.0	0.6	254.1	12.0	266.7
1817321	4000.0	0	500.0	0.4	266.7	8.0	275.09999999999997
1713671	9000.0	0	500.0	0.9	275.1	18.0	294.0
1798299	6000.0	0	500.0	0.6	294.0	12.0	306.6
1848520	6000.0	0	500.0	0.6	306.6	12.0	319.20000000000005
1792674	5000.0	0	500.0	0.5	319.2	10.0	329.7
1792842	9000.0	0	500.0	0.9	329.7	18.0	348.59999999999997
1754556	4000.0	0	500.0	0.4	348.6	8.0	357.0
1768377	6000.0	0	500.0	0.6	357.0	12.0	369.6
1676233	5000.0	0	500.0	0.5	369.6	10.0	380.1
1647544	10000.0	0	500.0	1.0	380.1	20.0	401.1
1832592	3000.0	0	500.0	0.3	401.1	6.0	407.40000000000003
1646151	4000.0	0	500.0	0.4	407.4	8.0	415.79999999999995
1648854	8000.0	0	500.0	0.8	415.8	16.0	432.6
1770881	8000.0	0	500.0	0.8	432.6	16.0	449.40000000000003
1668367	7000.0	0	500.0	0.7	449.4	14.0	464.09999999999997
1765407	5000.0	0	500.0	0.5	464.1	10.0	474.6
1643626	5000.0	0	500.0	0.5	474.6	10.0	485.1
1814911	7000.0	0	500.0	0.7	485.1	14.0	499.8
1753290	5000.0	0	500.0	0.5	499.8	10.0	510.3
1787509	7000.0	1	500.0	0.7	0	14.0	14.7
1843147	6000.0	1	500.0	0.6	14.7	12.0	27.299999999999997
1732344	4000.0	1	500.0	0.4	27.3	8.0	35.7
1823443	1000.0	1	500.0	0.1	35.7	2.0	37.800000000000004
1644228	6000.0	1	500.0	0.6	37.8	12.0	50.4
1818223	6000.0	1	500.0	0.6	50.4	12.0	63.0
1785524	6000.0	1	500.0	0.6	63.0	12.0	75.6
1818626	6000.0	1	500.0	0.6	75.6	12.0	88.19999999999999
1736154	8000.0	1	500.0	0.8	88.2	16.0	105.0
1693878	6000.0	1	500.0	0.6	105.0	12.0	117.6
1761269	6000.0	1	500.0	0.6	117.6	12.0	130.2
1752221	6000.0	1	500.0	0.6	130.2	12.0	142.79999999999998
1774940	7000.0	1	500.0	0.7	142.8	14.0	157.5
1650966	6000.0	1	500.0	0.6	157.5	12.0	170.1
1736786	6000.0	1	500.0	0.6	170.1	12.0	182.7
1713328	7000.0	1	500.0	0.7	182.7	14.0	197.39999999999998
1783453	9000.0	1	500.0	0.9	197.4	18.0	216.3
1703730	6000.0	1	500.0	0.6	216.3	12.0	228.9
1717777	8000.0	1	500.0	0.8	228.9	16.0	245.70000000000002
1810146	5000.0	1	500.0	0.5	245.7	10.0	256.2
1737496	7000.0	1	500.0	0.7	256.2	14.0	270.9
1712914	6000.0	1	500.0	0.6	270.9	12.0	283.5
1782071	1000.0	1	500.0	0.1	283.5	2.0	285.6
1683166	6000.0	1	500.0	0.6	285.6	12.0	298.20000000000005
1708793	8000.0	1	500.0	0.8	298.2	16.0	315.0
1651482	9000.0	1	500.0	0.9	315.0	18.0	333.9
1738328	7000.0	1	500.0	0.7	333.9	14.0	348.59999999999997
1761544	6000.0	1	500.0	0.6	348.6	12.0	361.20000000000005
1846347	7000.0	1	500.0	0.7	361.2	14.0	375.9
1806319	3000.0	1	500.0	0.3	375.9	6.0	382.2
1821966	4000.0	1	500.0	0.4	382.2	8.0	390.59999999999997
1846341	4000.0	1	500.0	0.4	390.6	8.0	399.0
1711008	4000.0	1	500.0	0.4	399.0	8.0	407.4
1775981	7000.0	1	500.0	0.7	407.4	14.0	422.09999999999997
1646840	6000.0	1	500.0	0.6	422.1	12.0	434.70000000000005
1688178	4000.0	1	500.0	0.4	434.7	8.0	443.09999999999997
1667745	5000.0	1	500.0	0.5	443.1	10.0	453.6
1791900	5000.0	1	500.0	0.5	453.6	10.0	464.1
1697977	5000.0	1	500.0	0.5	464.1	10.0	474.6
1699734	5000.0	1	500.0	0.5	474.6	10.0	485.1
1755711	8000.0	1	500.0	0.8	485.1	16.0	501.90000000000003
1824638	5000.0	1	500.0	0.5	501.9	10.0	512.4
1756948	5000.0	1	500.0	0.5	512.4	10.0	522.9
1771433	10000.0	1	500.0	1.0	522.9	20.0	543.9
1723711	3000.0	1	500.0	0.3	543.9	6.0	550.1999999999999
1677608	6000.0	1	500.0	0.6	550.2	12.0	562.8000000000001
1649219	6000.0	1	500.0	0.6	562.8	12.0	575.4
1724055	7000.0	1	500.0	0.7	575.4	14.0	590.1
1699462	8000.0	1	500.0	0.8	590.1	16.0	606.9
1795087	4000.0	1	500.0	0.4	606.9	8.0	615.3
1698291	7000.0	1	500.0	0.7	615.3	14.0	630.0
1647714	5000.0	1	500.0	0.5	630.0	10.0	640.5
1764859	3000.0	1	500.0	0.3	640.5	6.0	646.8
1660412	7000.0	1	500.0	0.7	646.8	14.0	661.5
1722545	8000.0	1	500.0	0.8	661.5	16.0	678.3
1675665	7000.0	1	500.0	0.7	678.3	14.0	693.0
1770425	3000.0	1	500.0	0.3	693.0	6.0	699.3
1812446	6000.0	1	500.0	0.6	699.3	12.0	711.9
1764358	6000.0	1	500.0	0.6	711.9	12.0	724.5
1667445	5000.0	1	500.0	0.5	724.5	10.0	735.0
1700001	7000.0	1	500.0	0.7	735.0	14.0	749.7
1726608	7000.0	1	500.0	0.7	749.7	14.0	764.4000000000001
1765075	8000.0	1	500.0	0.8	764.4	16.0	781.1999999999999
1798947	7000.0	1	500.0	0.7	781.2	14.0	795.9000000000001
1688349	6000.0	1	500.0	0.6	795.9	12.0	808.5
1785823	5000.0	2	1000.0	0.5	0	5.0	5.5
1715021	9000.0	2	1000.0	0.9	5.5	9.0	15.4
1745462	6000.0	2	1000.0	0.6	15.4	6.0	22.0
1640809	5000.0	2	1000.0	0.5	22.0	5.0	27.5
1702064	4000.0	2	1000.0	0.4	27.5	4.0	31.9
1760277	7000.0	2	1000.0	0.7	31.9	7.0	39.6
1733214	6000.0	2	1000.0	0.6	39.6	6.0	46.2
1772745	8000.0	2	1000.0	0.8	46.2	8.0	55.0
1649880	7000.0	2	1000.0	0.7	55.0	7.0	62.7
1802207	7000.0	2	1000.0	0.7	62.7	7.0	70.4
1656747	4000.0	2	1000.0	0.4	70.4	4.0	74.80000000000001
1720046	9000.0	2	1000.0	0.9	74.8	9.0	84.7
1714309	5000.0	2	1000.0	0.5	84.7	5.0	90.2
1702013	7000.0	2	1000.0	0.7	90.2	7.0	97.9
1714769	7000.0	2	1000.0	0.7	97.9	7.0	105.60000000000001
1715986	5000.0	2	1000.0	0.5	105.6	5.0	111.1
1711941	7000.0	2	1000.0	0.7	111.1	7.0	118.8
1682473	7000.0	2	1000.0	0.7	118.8	7.0	126.5
1806805	5000.0	2	1000.0	0.5	126.5	5.0	132.0
1842519	6000.0	2	1000.0	0.6	132.0	6.0	138.6
1664507	5000.0	2	1000.0	0.5	138.6	5.0	144.1
1817044	2000.0	2	1000.0	0.2	144.1	2.0	146.29999999999998
1752020	3000.0	2	1000.0	0.3	146.3	3.0	149.60000000000002
1740073	4000.0	2	1000.0	0.4	149.6	4.0	154.0
1775739	3000.0	2	1000.0	0.3	154.0	3.0	157.3
1704742	5000.0	2	1000.0	0.5	157.3	5.0	162.8
1671242	5000.0	2	1000.0	0.5	162.8	5.0	168.3
1653906	4000.0	2	1000.0	0.4	168.3	4.0	172.70000000000002
1753866	6000.0	2	1000.0	0.6	172.7	6.0	179.29999999999998
1718902	6000.0	2	1000.0	0.6	179.3	6.0	185.9
1819131	5000.0	2	1000.0	0.5	185.9	5.0	191.4
1646568	5000.0	2	1000.0	0.5	191.4	5.0	196.9
1747217	5000.0	2	1000.0	0.5	196.9	5.0	202.4
1833704	7000.0	2	1000.0	0.7	202.4	7.0	210.1
1695830	5000.0	2	1000.0	0.5	210.1	5.0	215.6
1828866	6000.0	2	1000.0	0.6	215.6	6.0	222.2
1638355	6000.0	2	1000.0	0.6	222.2	6.0	228.79999999999998
1770994	8000.0	2	1000.0	0.8	228.8	8.0	237.60000000000002
1847828	3000.0	2	1000.0	0.3	237.6	3.0	240.9
1698276	7000.0	2	1000.0	0.7	240.9	7.0	248.6
1815044	6000.0	2	1000.0	0.6	248.6	6.0	255.2
1721776	6000.0	2	1000.0	0.6	255.2	6.0	261.79999999999995
1691664	5000.0	2	1000.0	0.5	261.8	5.0	267.3
1832664	6000.0	2	1000.0	0.6	267.3	6.0	273.90000000000003
1691343	4000.0	2	1000.0	0.4	273.9	4.0	278.29999999999995
1667437	4000.0	2	1000.0	0.4	278.3	4.0	282.7
1790936	5000.0	2	1000.0	0.5	282.7	5.0	288.2
1687664	8000.0	2	1000.0	0.8	288.2	8.0	297.0
1700703	5000.0	2	1000.0	0.5	297.0	5.0	302.5
1750340	4000.0	3	1000.0	0.4	0	4.0	4.4
1657193	2000.0	3	1000.0	0.2	4.4	2.0	6.6000000000000005
1807041	5000.0	3	1000.0	0.5	6.6	5.0	12.1
1850656	7000.0	3	1000.0	0.7	12.1	7.0	19.799999999999997
1652298	7000.0	3	1000.0	0.7	19.8	7.0	27.5
1637398	7000.0	3	1000.0	0.7	27.5	7.0	35.2
1821703	6000.0	3	1000.0	0.6	35.2	6.0	41.800000000000004
1762488	7000.0	3	1000.0	0.7	41.8	7.0	49.5
1735980	5000.0	3	1000.0	0.5	49.5	5.0	55.0
1732283	4000.0	3	1000.0	0.4	55.0	4.0	59.4
1636846	5000.0	3	1000.0	0.5	59.4	5.0	64.9
1837741	4000.0	3	1000.0	0.4	64.9	4.0	69.30000000000001
1739828	5000.0	3	1000.0	0.5	69.3	5.0	74.8
1760160	7000.0	3	1000.0	0.7	74.8	7.0	82.5
1784794	7000.0	3	1000.0	0.7	82.5	7.0	90.2
1743598	7000.0	3	1000.0	0.7	90.2	7.0	97.9
1719963	8000.0	3	1000.0	0.8	97.9	8.0	106.7
1844468	10000.0	3	1000.0	1.0	106.7	10.0	117.7
1682142	7000.0	3	1000.0	0.7	117.7	7.0	125.4
1709073	5000.0	3	1000.0	0.5	125.4	5.0	130.9
1826793	4000.0	3	1000.0	0.4	130.9	4.0	135.3
1810412	4000.0	3	1000.0	0.4	135.3	4.0	139.70000000000002
1805283	4000.0	3	1000.0	0.4	139.7	4.0	144.1
1834635	6000.0	3	1000.0	0.6	144.1	6.0	150.7
1783504	5000.0	3	1000.0	0.5	150.7	5.0	156.2
1704454	6000.0	3	1000.0	0.6	156.2	6.0	162.79999999999998
1752470	7000.0	3	1000.0	0.7	162.8	7.0	170.5
1835438	5000.0	3	1000.0	0.5	170.5	5.0	176.0
1650837	7000.0	3	1000.0	0.7	176.0	7.0	183.7
1802820	6000.0	3	1000.0	0.6	183.7	6.0	190.29999999999998
1774756	7000.0	3	1000.0	0.7	190.3	7.0	198.0
1774770	1000.0	3	1000.0	0.1	198.0	1.0	199.1
1731916	10000.0	3	1000.0	1.0	199.1	10.0	210.1
1674416	6000.0	3	1000.0	0.6	210.1	6.0	216.7
1782720	6000.0	3	1000.0	0.6	216.7	6.0	223.29999999999998
1641953	4000.0	3	1000.0	0.4	223.3	4.0	227.70000000000002
1822673	2000.0	3	1000.0	0.2	227.7	2.0	229.89999999999998
1752013	9000.0	3	1000.0	0.9	229.9	9.0	239.8
1779797	6000.0	3	1000.0	0.6	239.8	6.0	246.4
1662791	3000.0	3	1000.0	0.3	246.4	3.0	249.70000000000002
1730861	8000.0	3	1000.0	0.8	249.7	8.0	258.5
1782101	4000.0	3	1000.0	0.4	258.5	4.0	262.9
1717133	7000.0	3	1000.0	0.7	262.9	7.0	270.59999999999997
1842195	6000.0	3	1000.0	0.6	270.6	6.0	277.20000000000005
1819199	5000.0	3	1000.0	0.5	277.2	5.0	282.7
1744268	7000.0	3	1000.0	0.7	282.7	7.0	290.4
1775583	5000.0	3	1000.0	0.5	290.4	5.0	295.9
1703019	5000.0	3	1000.0	0.5	295.9	5.0	301.4
1703014	6000.0	3	1000.0	0.6	301.4	6.0	308.0
1713715	8000.0	3	1000.0	0.8	308.0	8.0	316.8
1686938	5000.0	3	1000.0	0.5	316.8	5.0	322.3
1776777	6000.0	3	1000.0	0.6	322.3	6.0	328.90000000000003
1728487	8000.0	3	1000.0	0.8	328.9	8.0	337.7
1723070	6000.0	3	1000.0	0.6	337.7	6.0	344.3
1735155	3000.0	3	1000.0	0.3	344.3	3.0	347.6
1834119	6000.0	3	1000.0	0.6	347.6	6.0	354.20000000000005
1734187	5000.0	3	1000.0	0.5	354.2	5.0	359.7
1647052	5000.0	3	1000.0	0.5	359.7	5.0	365.2
1697015	7000.0	3	1000.0	0.7	365.2	7.0	372.9
1799155	10000.0	3	1000.0	1.0	372.9	10.0	383.9
1735647	8000.0	3	1000.0	0.8	383.9	8.0	392.7
1770349	7000.0	3	1000.0	0.7	392.7	7.0	400.4
1695921	6000.0	3	1000.0	0.6	400.4	6.0	407.0
1720262	5000.0	3	1000.0	0.5	407.0	5.0	412.5
1734853	7000.0	3	1000.0	0.7	412.5	7.0	420.2
1643737	6000.0	3	1000.0	0.6	420.2	6.0	426.8
1772303	6000.0	3	1000.0	0.6	426.8	6.0	433.40000000000003
1693941	6000.0	4	4000.0	0.6038	0	1.5	2.1038
1701792	6000.0	4	4000.0	0.6038	2.1038	1.5	4.2076
1821260	3000.0	4	4000.0	0.3038	4.2076	0.75	5.2614
1776960	6000.0	4	4000.0	0.6038	5.2614	1.5	7.3652
1818370	4000.0	4	4000.0	0.4038	7.3652	1.0	8.769
1819931	7000.0	4	4000.0	0.7038	8.769	1.75	11.2228
1803968	5000.0	4	4000.0	0.5038	11.2228	1.25	12.9766
1651967	8000.0	4	4000.0	0.8038	12.9766	2.0	15.7804
1790713	1000.0	4	4000.0	0.1038	15.7804	0.25	16.1342
1818846	4000.0	4	4000.0	0.4038	16.1342	1.0	17.538
1742861	5000.0	4	4000.0	0.5038	17.538	1.25	19.291800000000002
1662013	5000.0	4	4000.0	0.5038	19.2918	1.25	21.0456
1802749	7000.0	4	4000.0	0.7038	21.0456	1.75	23.4994
1833548	6000.0	4	4000.0	0.6038	23.4994	1.5	25.6032
1808300	3000.0	4	4000.0	0.3038	25.6032	0.75	26.657
1650529	6000.0	4	4000.0	0.6038	26.657	1.5	28.7608
1703486	7000.0	4	4000.0	0.7038	28.7608	1.75	31.2146
1717489	2000.0	4	4000.0	0.2038	31.2146	0.5	31.918400000000002
1717547	5000.0	4	4000.0	0.5038	31.9184	1.25	33.6722
1737401	7000.0	4	4000.0	0.7038	33.6722	1.75	36.126
1809067	6000.0	4	4000.0	0.6038	36.126	1.5	38.2298
1712908	5000.0	4	4000.0	0.5038	38.2298	1.25	39.983599999999996
1665726	6000.0	4	4000.0	0.6038	39.9836	1.5	42.0874
1788518	4000.0	4	4000.0	0.4038	42.0874	1.0	43.4912
1682250	7000.0	4	4000.0	0.7038	43.4912	1.75	45.945
1650203	6000.0	4	4000.0	0.6038	45.945	1.5	48.0488
1669733	6000.0	4	4000.0	0.6038	48.0488	1.5	50.1526
1650105	6000.0	4	4000.0	0.6038	50.1526	1.5	52.2564
1651728	7000.0	4	4000.0	0.7038	52.2564	1.75	54.7102
1773390	3000.0	4	4000.0	0.3038	54.7102	0.75	55.764
1736350	6000.0	4	4000.0	0.6038	55.764	1.5	57.8678
1788192	7000.0	4	4000.0	0.7038	57.8678	1.75	60.321600000000004
1705280	8000.0	4	4000.0	0.8038	60.3216	2.0	63.1254
1685652	9000.0	4	4000.0	0.9038	63.1254	2.25	66.2792
1737963	5000.0	4	4000.0	0.5038	66.2792	1.25	68.033
1674719	4000.0	4	4000.0	0.4038	68.033	1.0	69.4368
1702856	4000.0	4	4000.0	0.4038	69.4368	1.0	70.84060000000001
1711027	6000.0	4	4000.0	0.6038	70.8406	1.5	72.9444
1710942	4000.0	4	4000.0	0.4038	72.9444	1.0	74.3482
1650286	7000.0	4	4000.0	0.7038	74.3482	1.75	76.802
1771709	7000.0	4	4000.0	0.7038	76.802	1.75	79.25580000000001
1797738	3000.0	4	4000.0	0.3038	79.2558	0.75	80.30959999999999
1835987	8000.0	4	4000.0	0.8038	80.3096	2.0	83.1134
1687756	6000.0	4	4000.0	0.6038	83.1134	1.5	85.2172
1722994	4000.0	4	4000.0	0.4038	85.2172	1.0	86.62100000000001
1657687	6000.0	4	4000.0	0.6038	86.621	1.5	88.7248
1667767	7000.0	4	4000.0	0.7038	88.7248	1.75	91.1786
1796707	6000.0	4	4000.0	0.6038	91.1786	1.5	93.28240000000001
1832829	4000.0	4	4000.0	0.4038	93.2824	1.0	94.6862
1770291	5000.0	4	4000.0	0.5038	94.6862	1.25	96.44
1834221	6000.0	4	4000.0	0.6038	96.44	1.5	98.5438
1746646	4000.0	4	4000.0	0.4038	98.5438	1.0	99.94760000000001
1793842	7000.0	4	4000.0	0.7038	99.9476	1.75	102.4014
1801272	4000.0	4	4000.0	0.4038	102.4014	1.0	103.8052
1814990	6000.0	4	4000.0	0.6038	103.8052	1.5	105.909
1814685	7000.0	4	4000.0	0.7038	105.909	1.75	108.36280000000001
1828116	2000.0	4	4000.0	0.2038	108.3628	0.5	109.0666
1667480	5000.0	4	4000.0	0.5038	109.0666	1.25	110.82039999999999
1758184	6000.0	4	4000.0	0.6038	110.8204	1.5	112.92420000000001
1832402	7000.0	5	4000.0	0.7038	0	1.75	2.4538
1787735	8000.0	5	4000.0	0.8038	2.4538	2.0	5.2576
1759715	6000.0	5	4000.0	0.6038	5.2576	1.5	7.3614
1654719	8000.0	5	4000.0	0.8038	7.3614	2.0	10.1652
1777523	4000.0	5	4000.0	0.4038	10.1652	1.0	11.569
1806155	7000.0	5	4000.0	0.7038	11.569	1.75	14.0228
1682152	6000.0	5	4000.0	0.6038	14.0228	1.5	16.1266
1682842	8000.0	5	4000.0	0.8038	16.1266	2.0	18.9304
1733888	6000.0	5	4000.0	0.6038	18.9304	1.5	21.0342
1713112	7000.0	5	4000.0	0.7038	21.0342	1.75	23.488
1783155	7000.0	5	4000.0	0.7038	23.488	1.75	25.9418
1744393	6000.0	5	4000.0	0.6038	25.9418	1.5	28.0456
1737851	4000.0	5	4000.0	0.4038	28.0456	1.0	29.4494
1674524	5000.0	5	4000.0	0.5038	29.4494	1.25	31.203200000000002
1730601	7000.0	5	4000.0	0.7038	31.2032	1.75	33.657
1808803	6000.0	5	4000.0	0.6038	33.657	1.5	35.760799999999996
1816939	7000.0	5	4000.0	0.7038	35.7608	1.75	38.214600000000004
1712227	8000.0	5	4000.0	0.8038	38.2146	2.0	41.0184
1819636	9000.0	5	4000.0	0.9038	41.0184	2.25	44.1722
1741556	2000.0	5	4000.0	0.2038	44.1722	0.5	44.876
1707221	6000.0	5	4000.0	0.6038	44.876	1.5	46.9798
1817723	8000.0	5	4000.0	0.8038	46.9798	2.0	49.7836
1806673	4000.0	5	4000.0	0.4038	49.7836	1.0	51.1874
1741472	8000.0	5	4000.0	0.8038	51.1874	2.0	53.9912
1702887	6000.0	5	4000.0	0.6038	53.9912	1.5	56.095
1655681	8000.0	5	4000.0	0.8038	56.095	2.0	58.8988
1723178	7000.0	5	4000.0	0.7038	58.8988	1.75	61.3526
1756204	5000.0	5	4000.0	0.5038	61.3526	1.25	63.1064
1658925	7000.0	5	4000.0	0.7038	63.1064	1.75	65.56020000000001
1828958	10000.0	5	4000.0	1.0038	65.5602	2.5	69.064
1824375	4000.0	5	4000.0	0.4038	69.064	1.0	70.4678
1735389	5000.0	5	4000.0	0.5038	70.4678	1.25	72.2216
1699198	6000.0	5	4000.0	0.6038	72.2216	1.5	74.3254
1795193	6000.0	5	4000.0	0.6038	74.3254	1.5	76.42920000000001
1797198	6000.0	5	4000.0	0.6038	76.4292	1.5	78.533
1826279	2000.0	5	4000.0	0.2038	78.533	0.5	79.2368
1754686	6000.0	5	4000.0	0.6038	79.2368	1.5	81.34060000000001
1749347	8000.0	5	4000.0	0.8038	81.3406	2.0	84.14439999999999
1687399	6000.0	5	4000.0	0.6038	84.1444	1.5	86.24820000000001
1646207	4000.0	5	4000.0	0.4038	86.2482	1.0	87.652
1812561	6000.0	5	4000.0	0.6038	87.652	1.5	89.75580000000001
1700228	5000.0	5	4000.0	0.5038	89.7558	1.25	91.50959999999999
1836387	3000.0	5	4000.0	0.3038	91.5096	0.75	92.5634
1670967	5000.0	6	5000.0	0.5038	0	1.0	1.5038
1850330	6000.0	6	5000.0	0.6038	1.5038	1.2	3.3076
1823327	8000.0	6	5000.0	0.8038	3.3076	1.6	5.711399999999999
1654733	5000.0	6	5000.0	0.5038	5.7114	1.0	7.2152
1715592	6000.0	6	5000.0	0.6038	7.2152	1.2	9.019
1715599	6000.0	6	5000.0	0.6038	9.019	1.2	10.822799999999999
1815815	5000.0	6	5000.0	0.5038	10.8228	1.0	12.326600000000001
1802209	5000.0	6	5000.0	0.5038	12.3266	1.0	13.8304
1786713	7000.0	6	5000.0	0.7038	13.8304	1.4	15.934199999999999
1777616	6000.0	6	5000.0	0.6038	15.9342	1.2	17.738
1742147	8000.0	6	5000.0	0.8038	17.738	1.6	20.1418
1684350	7000.0	6	5000.0	0.7038	20.1418	1.4	22.2456
1640937	9000.0	6	5000.0	0.9038	22.2456	1.8	24.9494
1683950	7000.0	6	5000.0	0.7038	24.9494	1.4	27.0532
1739344	5000.0	6	5000.0	0.5038	27.0532	1.0	28.557000000000002
1774315	4000.0	6	5000.0	0.4038	28.557	0.8	29.7608
1744932	5000.0	6	5000.0	0.5038	29.7608	1.0	31.2646
1752599	6000.0	6	5000.0	0.6038	31.2646	1.2	33.068400000000004
1707588	9000.0	6	5000.0	0.9038	33.0684	1.8	35.77219999999999
1835054	4000.0	6	5000.0	0.4038	35.7722	0.8	36.97599999999999
1808768	8000.0	6	5000.0	0.8038	36.976	1.6	39.3798
1827279	8000.0	6	5000.0	0.8038	39.3798	1.6	41.78360000000001
1682437	8000.0	6	5000.0	0.8038	41.7836	1.6	44.187400000000004
1674234	7000.0	6	5000.0	0.7038	44.1874	1.4	46.291199999999996
1782803	4000.0	6	5000.0	0.4038	46.2912	0.8	47.495
1678330	6000.0	6	5000.0	0.6038	47.495	1.2	49.2988
1784333	6000.0	6	5000.0	0.6038	49.2988	1.2	51.1026
1713978	5000.0	6	5000.0	0.5038	51.1026	1.0	52.6064
1823098	1000.0	6	5000.0	0.1038	52.6064	0.2	52.9102
1807564	9000.0	6	5000.0	0.9038	52.9102	1.8	55.614
1699848	3000.0	6	5000.0	0.3038	55.614	0.6	56.5178
1791507	7000.0	6	5000.0	0.7038	56.5178	1.4	58.6216
1836487	8000.0	6	5000.0	0.8038	58.6216	1.6	61.025400000000005
1699908	7000.0	6	5000.0	0.7038	61.0254	1.4	63.1292
1801531	9000.0	6	5000.0	0.9038	63.1292	1.8	65.833
1636018	7000.0	6	5000.0	0.7038	65.833	1.4	67.9368
1701398	6000.0	6	5000.0	0.6038	67.9368	1.2	69.74060000000001
1687151	6000.0	6	5000.0	0.6038	69.7406	1.2	71.54440000000001
1695620	7000.0	6	5000.0	0.7038	71.5444	1.4	73.6482
1647967	7000.0	6	5000.0	0.7038	73.6482	1.4	75.75200000000001
1696908	5000.0	6	5000.0	0.5038	75.752	1.0	77.2558
1635732	4000.0	6	5000.0	0.4038	77.2558	0.8	78.4596
1728145	7000.0	6	5000.0	0.7038	78.4596	1.4	80.5634
1800325	7000.0	6	5000.0	0.7038	80.5634	1.4	82.66720000000001
1849149	4000.0	6	5000.0	0.4038	82.6672	0.8	83.871
1832477	6000.0	7	5000.0	0.6038	0	1.2	1.8037999999999998
1787760	6000.0	7	5000.0	0.6038	1.8038	1.2	3.6075999999999997
1670649	5000.0	7	5000.0	0.5038	3.6076	1.0	5.1114
1841916	5000.0	7	5000.0	0.5038	5.1114	1.0	6.6152
1811368	6000.0	7	5000.0	0.6038	6.6152	1.2	8.418999999999999
1687029	5000.0	7	5000.0	0.5038	8.419	1.0	9.9228
1660975	8000.0	7	5000.0	0.8038	9.9228	1.6	12.326600000000001
1706210	4000.0	7	5000.0	0.4038	12.3266	0.8	13.5304
1760982	3000.0	7	5000.0	0.3038	13.5304	0.6	14.4342
1732863	6000.0	7	5000.0	0.6038	14.4342	1.2	16.238
1802137	6000.0	7	5000.0	0.6038	16.238	1.2	18.0418
1742307	6000.0	7	5000.0	0.6038	18.0418	1.2	19.845599999999997
1842939	6000.0	7	5000.0	0.6038	19.8456	1.2	21.6494
1681123	6000.0	7	5000.0	0.6038	21.6494	1.2	23.4532
1774282	3000.0	7	5000.0	0.3038	23.4532	0.6	24.357
1640597	6000.0	7	5000.0	0.6038	24.357	1.2	26.1608
1718350	5000.0	7	5000.0	0.5038	26.1608	1.0	27.6646
1744456	8000.0	7	5000.0	0.8038	27.6646	1.6	30.0684
1733716	7000.0	7	5000.0	0.7038	30.0684	1.4	32.172200000000004
1678218	8000.0	7	5000.0	0.8038	32.1722	1.6	34.576
1744789	3000.0	7	5000.0	0.3038	34.576	0.6	35.479800000000004
1665833	8000.0	7	5000.0	0.8038	35.4798	1.6	37.8836
1808580	8000.0	7	5000.0	0.8038	37.8836	1.6	40.287400000000005
1663237	3000.0	7	5000.0	0.3038	40.2874	0.6	41.1912
1708005	4000.0	7	5000.0	0.4038	41.1912	0.8	42.394999999999996
1789677	6000.0	7	5000.0	0.6038	42.395	1.2	44.198800000000006
1652875	5000.0	7	5000.0	0.5038	44.1988	1.0	45.7026
1842625	5000.0	7	5000.0	0.5038	45.7026	1.0	47.206399999999995
1661622	3000.0	7	5000.0	0.3038	47.2064	0.6	48.110200000000006
1789203	6000.0	7	5000.0	0.6038	48.1102	1.2	49.914
1844216	10000.0	7	5000.0	1.0038	49.914	2.0	52.9178
1773996	4000.0	7	5000.0	0.4038	52.9178	0.8	54.121599999999994
1711128	6000.0	7	5000.0	0.6038	54.1216	1.2	55.9254
1740241	5000.0	7	5000.0	0.5038	55.9254	1.0	57.4292
1741394	5000.0	7	5000.0	0.5038	57.4292	1.0	58.933
1756023	8000.0	7	5000.0	0.8038	58.933	1.6	61.336800000000004
1825115	9000.0	7	5000.0	0.9038	61.3368	1.8	64.0406
1720660	4000.0	7	5000.0	0.4038	64.0406	0.8	65.2444
1676558	6000.0	7	5000.0	0.6038	65.2444	1.2	67.04820000000001
1824841	6000.0	7	5000.0	0.6038	67.0482	1.2	68.852
1747889	6000.0	7	5000.0	0.6038	68.852	1.2	70.65580000000001
1847061	6000.0	7	5000.0	0.6038	70.6558	1.2	72.45960000000001
1828467	6000.0	7	5000.0	0.6038	72.4596	1.2	74.2634
1660035	3000.0	7	5000.0	0.3038	74.2634	0.6	75.1672
1647986	8000.0	7	5000.0	0.8038	75.1672	1.6	77.57099999999998
1807269	7000.0	7	5000.0	0.7038	77.571	1.4	79.6748
1728733	3000.0	7	5000.0	0.3038	79.6748	0.6	80.5786
1676118	7000.0	7	5000.0	0.7038	80.5786	1.4	82.6824
1679186	7000.0	7	5000.0	0.7038	82.6824	1.4	84.78620000000001
1700242	2000.0	7	5000.0	0.2038	84.7862	0.4	85.39
1657343	7000.0	7	5000.0	0.7038	85.39	1.4	87.49380000000001
1829961	5000.0	7	5000.0	0.5038	87.4938	1.0	88.99759999999999
1727363	4000.0	7	5000.0	0.4038	88.9976	0.8	90.2014
1794200	8000.0	7	5000.0	0.8038	90.2014	1.6	92.6052
1722091	5000.0	7	5000.0	0.5038	92.6052	1.0	94.109
1773108	5000.0	8	5000.0	0.5067	0	1.0	1.5067
1678003	7000.0	8	5000.0	0.7067	1.5067	1.4	3.6134
1732236	9000.0	8	5000.0	0.9067	3.6134	1.8	6.3201
1705877	6000.0	8	5000.0	0.6067	6.3201	1.2	8.1268
1654183	5000.0	8	5000.0	0.5067	8.1268	1.0	9.6335
1821679	4000.0	8	5000.0	0.4067	9.6335	0.8	10.840200000000001
1714603	4000.0	8	5000.0	0.4067	10.8402	0.8	12.0469
1706836	5000.0	8	5000.0	0.5067	12.0469	1.0	13.553600000000001
1781013	6000.0	8	5000.0	0.6067	13.5536	1.2	15.360299999999999
1804690	6000.0	8	5000.0	0.6067	15.3603	1.2	17.167
1681147	7000.0	8	5000.0	0.7067	17.167	1.4	19.2737
1843714	7000.0	8	5000.0	0.7067	19.2737	1.4	21.3804
1775342	6000.0	8	5000.0	0.6067	21.3804	1.2	23.1871
1834645	7000.0	8	5000.0	0.7067	23.1871	1.4	25.2938
1834646	5000.0	8	5000.0	0.5067	25.2938	1.0	26.8005
1717594	4000.0	8	5000.0	0.4067	26.8005	0.8	28.0072
1686828	5000.0	8	5000.0	0.5067	28.0072	1.0	29.5139
1672773	10000.0	8	5000.0	1.0067	29.5139	2.0	32.5206
1693723	7000.0	8	5000.0	0.7067	32.5206	1.4	34.6273
1803069	2000.0	8	5000.0	0.2067	34.6273	0.4	35.233999999999995
1845388	7000.0	8	5000.0	0.7067	35.234	1.4	37.3407
1705036	3000.0	8	5000.0	0.3067	37.3407	0.6	38.2474
1738453	5000.0	8	5000.0	0.5067	38.2474	1.0	39.7541
1716773	8000.0	8	5000.0	0.8067	39.7541	1.6	42.1608
1682609	4000.0	8	5000.0	0.4067	42.1608	0.8	43.3675
1767037	10000.0	8	5000.0	1.0067	43.3675	2.0	46.3742
1798348	6000.0	8	5000.0	0.6067	46.3742	1.2	48.18090000000001
1692029	4000.0	8	5000.0	0.4067	48.1809	0.8	49.3876
1815397	6000.0	8	5000.0	0.6067	49.3876	1.2	51.1943
1726011	6000.0	8	5000.0	0.6067	51.1943	1.2	53.001000000000005
1728385	6000.0	8	5000.0	0.6067	53.001	1.2	54.8077
1763382	7000.0	8	5000.0	0.7067	54.8077	1.4	56.91439999999999
1755721	4000.0	8	5000.0	0.4067	56.9144	0.8	58.1211
1763738	5000.0	8	5000.0	0.5067	58.1211	1.0	59.6278
1795790	5000.0	8	5000.0	0.5067	59.6278	1.0	61.1345
1698266	7000.0	8	5000.0	0.7067	61.1345	1.4	63.2412
1838924	8000.0	8	5000.0	0.8067	63.2412	1.6	65.64789999999999
1754423	6000.0	8	5000.0	0.6067	65.6479	1.2	67.45460000000001
1729558	5000.0	8	5000.0	0.5067	67.4546	1.0	68.9613
1667411	8000.0	8	5000.0	0.8067	68.9613	1.6	71.368
1689225	6000.0	8	5000.0	0.6067	71.368	1.2	73.1747
1691722	4000.0	8	5000.0	0.4067	73.1747	0.8	74.3814
1643940	5000.0	8	5000.0	0.5067	74.3814	1.0	75.8881
1846773	6000.0	8	5000.0	0.6067	75.8881	1.2	77.6948
1636321	7000.0	9	6000.0	0.7067	0	1.1667	1.8734000000000002
1754107	4000.0	9	6000.0	0.4067	1.8734	0.6667	2.9468
1680909	5000.0	9	6000.0	0.5067	2.9468	0.8333	4.2868
1784637	7000.0	9	6000.0	0.7067	4.2868	1.1667	6.1602
1692701	6000.0	9	6000.0	0.6067	6.1602	1.0	7.7669
1673518	6000.0	9	6000.0	0.6067	7.7669	1.0	9.3736
1739807	8000.0	9	6000.0	0.8067	9.3736	1.3333	11.513599999999999
1639917	1000.0	9	6000.0	0.1067	11.5136	0.1667	11.787
1732199	9000.0	9	6000.0	0.9067	11.787	1.5	14.193700000000002
1820320	7000.0	9	6000.0	0.7067	14.1937	1.1667	16.0671
1638086	3000.0	9	6000.0	0.3067	16.0671	0.5	16.8738
1637504	9000.0	9	6000.0	0.9067	16.8738	1.5	19.2805
1740657	8000.0	9	6000.0	0.8067	19.2805	1.3333	21.4205
1761876	6000.0	9	6000.0	0.6067	21.4205	1.0	23.0272
1685577	5000.0	9	6000.0	0.5067	23.0272	0.8333	24.3672
1733614	5000.0	9	6000.0	0.5067	24.3672	0.8333	25.7072
1744556	4000.0	9	6000.0	0.4067	25.7072	0.6667	26.7806
1737226	8000.0	9	6000.0	0.8067	26.7806	1.3333	28.9206
1782915	4000.0	9	6000.0	0.4067	28.9206	0.6667	29.994
1653545	6000.0	9	6000.0	0.6067	29.994	1.0	31.6007
1717097	4000.0	9	6000.0	0.4067	31.6007	0.6667	32.674099999999996
1779766	6000.0	9	6000.0	0.6067	32.6741	1.0	34.2808
1740089	4000.0	9	6000.0	0.4067	34.2808	0.6667	35.3542
1759507	4000.0	9	6000.0	0.4067	35.3542	0.6667	36.4276
1716839	6000.0	9	6000.0	0.6067	36.4276	1.0	38.0343
1702659	7000.0	9	6000.0	0.7067	38.0343	1.1667	39.9077
1664242	5000.0	9	6000.0	0.5067	39.9077	0.8333	41.2477
1834693	7000.0	9	6000.0	0.7067	41.2477	1.1667	43.1211
1742689	7000.0	9	6000.0	0.7067	43.1211	1.1667	44.994499999999995
1789102	8000.0	9	6000.0	0.8067	44.9945	1.3333	47.1345
1817436	6000.0	9	6000.0	0.6067	47.1345	1.0	48.741200000000006
1740233	4000.0	9	6000.0	0.4067	48.7412	0.6667	49.8146
1834307	6000.0	9	6000.0	0.6067	49.8146	1.0	51.4213
1734963	3000.0	9	6000.0	0.3067	51.4213	0.5	52.228
1829556	7000.0	9	6000.0	0.7067	52.228	1.1667	54.1014
1851754	7000.0	9	6000.0	0.7067	54.1014	1.1667	55.974799999999995
1748785	4000.0	9	6000.0	0.4067	55.9748	0.6667	57.0482
1834184	5000.0	9	6000.0	0.5067	57.0482	0.8333	58.388200000000005
1645310	8000.0	9	6000.0	0.8067	58.3882	1.3333	60.5282
1801617	6000.0	9	6000.0	0.6067	60.5282	1.0	62.1349
1767760	5000.0	9	6000.0	0.5067	62.1349	0.8333	63.474900000000005
1798595	6000.0	9	6000.0	0.6067	63.4749	1.0	65.0816
1688441	6000.0	9	6000.0	0.6067	65.0816	1.0	66.6883
1793461	5000.0	9	6000.0	0.5067	66.6883	0.8333	68.02829999999999
1799990	4000.0	9	6000.0	0.4067	68.0283	0.6667	69.10170000000001
1694866	6000.0	9	6000.0	0.6067	69.1017	1.0	70.7084
1765227	5000.0	9	6000.0	0.5067	70.7084	0.8333	72.04839999999999
1758685	7000.0	9	6000.0	0.7067	72.0484	1.1667	73.9218
1832525	3000.0	9	6000.0	0.3067	73.9218	0.5	74.72850000000001
1645506	8000.0	9	6000.0	0.8067	74.7285	1.3333	76.8685
1770642	6000.0	9	6000.0	0.6067	76.8685	1.0	78.4752
1716403	7000.0	10	6000.0	0.7067	0	1.1667	1.8734000000000002
1739520	6000.0	10	6000.0	0.6067	1.8734	1.0	3.4801
1834785	6000.0	10	6000.0	0.6067	3.4801	1.0	5.0868
1781229	7000.0	10	6000.0	0.7067	5.0868	1.1667	6.9602
1778529	5000.0	10	6000.0	0.5067	6.9602	0.8333	8.3002
1754180	6000.0	10	6000.0	0.6067	8.3002	1.0	9.9069
1786366	6000.0	10	6000.0	0.6067	9.9069	1.0	11.5136
1708411	4000.0	10	6000.0	0.4067	11.5136	0.6667	12.587000000000002
1674179	6000.0	10	6000.0	0.6067	12.587	1.0	14.1937
1685507	6000.0	10	6000.0	0.6067	14.1937	1.0	15.8004
1753690	4000.0	10	6000.0	0.4067	15.8004	0.6667	16.8738
1639420	7000.0	10	6000.0	0.7067	16.8738	1.1667	18.7472
1844164	6000.0	10	6000.0	0.6067	18.7472	1.0	20.3539
1703940	3000.0	10	6000.0	0.3067	20.3539	0.5	21.1606
1830512	5000.0	10	6000.0	0.5067	21.1606	0.8333	22.5006
1808581	7000.0	10	6000.0	0.7067	22.5006	1.1667	24.374
1774624	7000.0	10	6000.0	0.7067	24.374	1.1667	26.2474
1730238	5000.0	10	6000.0	0.5067	26.2474	0.8333	27.5874
1681578	7000.0	10	6000.0	0.7067	27.5874	1.1667	29.4608
1773618	6000.0	10	6000.0	0.6067	29.4608	1.0	31.0675
1719206	8000.0	10	6000.0	0.8067	31.0675	1.3333	33.207499999999996
1692479	6000.0	10	6000.0	0.6067	33.2075	1.0	34.8142
1783677	5000.0	10	6000.0	0.5067	34.8142	0.8333	36.1542
1744281	8000.0	10	6000.0	0.8067	36.1542	1.3333	38.294200000000004
1718569	4000.0	10	6000.0	0.4067	38.2942	0.6667	39.367599999999996
1741335	6000.0	10	6000.0	0.6067	39.3676	1.0	40.9743
1755913	8000.0	10	6000.0	0.8067	40.9743	1.3333	43.1143
1747392	7000.0	10	6000.0	0.7067	43.1143	1.1667	44.9877
1700818	5000.0	10	6000.0	0.5067	44.9877	0.8333	46.3277
1848602	7000.0	10	6000.0	0.7067	46.3277	1.1667	48.2011
1646558	2000.0	10	6000.0	0.2067	48.2011	0.3333	48.741099999999996
1726261	4000.0	10	6000.0	0.4067	48.7411	0.6667	49.8145
1648385	6000.0	10	6000.0	0.6067	49.8145	1.0	51.4212
1794419	6000.0	10	6000.0	0.6067	51.4212	1.0	53.0279
1691336	8000.0	10	6000.0	0.8067	53.0279	1.3333	55.1679
1839587	6000.0	10	6000.0	0.6067	55.1679	1.0	56.77460000000001
1796331	3000.0	10	6000.0	0.3067	56.7746	0.5	57.5813
1642970	8000.0	10	6000.0	0.8067	57.5813	1.3333	59.7213
1768332	8000.0	10	6000.0	0.8067	59.7213	1.3333	61.8613
1823946	4000.0	10	6000.0	0.4067	61.8613	0.6667	62.9347
1796024	6000.0	10	6000.0	0.6067	62.9347	1.0	64.5414
1699180	7000.0	10	6000.0	0.7067	64.5414	1.1667	66.4148
1832794	6000.0	10	6000.0	0.6067	66.4148	1.0	68.0215
1836746	5000.0	10	6000.0	0.5067	68.0215	0.8333	69.36149999999999
1687874	2000.0	10	6000.0	0.2067	69.3615	0.3333	69.9015
1657914	7000.0	10	6000.0	0.7067	69.9015	1.1667	71.7749
1646188	4000.0	10	6000.0	0.4067	71.7749	0.6667	72.84830000000001
1696540	9000.0	10	6000.0	0.9067	72.8483	1.5	75.255
1691868	3000.0	10	6000.0	0.3067	75.255	0.5	76.0617
1746845	8000.0	10	6000.0	0.8067	76.0617	1.3333	78.2017
1646336	4000.0	10	6000.0	0.4067	78.2017	0.6667	79.27510000000001
1829394	4000.0	10	6000.0	0.4067	79.2751	0.6667	80.3485
1762760	4000.0	10	6000.0	0.4067	80.3485	0.6667	81.42190000000001
1646262	5000.0	10	6000.0	0.5067	81.4219	0.8333	82.76189999999998
1777904	7000.0	11	6000.0	0.7067	0	1.1667	1.8734000000000002
1803672	7000.0	11	6000.0	0.7067	1.8734	1.1667	3.7468
1738733	7000.0	11	6000.0	0.7067	3.7468	1.1667	5.6202000000000005
1834457	7000.0	11	6000.0	0.7067	5.6202	1.1667	7.493599999999999
1781607	6000.0	11	6000.0	0.6067	7.4936	1.0	9.1003
1670120	8000.0	11	6000.0	0.8067	9.1003	1.3333	11.2403
1655055	5000.0	11	6000.0	0.5067	11.2403	0.8333	12.5803
1809195	8000.0	11	6000.0	0.8067	12.5803	1.3333	14.720299999999998
1654570	9000.0	11	6000.0	0.9067	14.7203	1.5	17.127000000000002
1837739	7000.0	11	6000.0	0.7067	17.127	1.1667	19.0004
1818343	5000.0	11	6000.0	0.5067	19.0004	0.8333	20.3404
1652599	8000.0	11	6000.0	0.8067	20.3404	1.3333	22.4804
1778325	7000.0	11	6000.0	0.7067	22.4804	1.1667	24.3538
1693003	5000.0	11	6000.0	0.5067	24.3538	0.8333	25.6938
1819887	7000.0	11	6000.0	0.7067	25.6938	1.1667	27.5672
1663483	6000.0	11	6000.0	0.6067	27.5672	1.0	29.1739
1741198	6000.0	11	6000.0	0.6067	29.1739	1.0	30.7806
1704211	6000.0	11	6000.0	0.6067	30.7806	1.0	32.387299999999996
1783547	9000.0	11	6000.0	0.9067	32.3873	1.5	34.794000000000004
1775186	5000.0	11	6000.0	0.5067	34.794	0.8333	36.134
1708070	7000.0	11	6000.0	0.7067	36.134	1.1667	38.0074
1693275	8000.0	11	6000.0	0.8067	38.0074	1.3333	40.1474
1740804	7000.0	11	6000.0	0.7067	40.1474	1.1667	42.020799999999994
1655634	7000.0	11	6000.0	0.7067	42.0208	1.1667	43.8942
1716680	4000.0	11	6000.0	0.4067	43.8942	0.6667	44.9676
1789263	8000.0	11	6000.0	0.8067	44.9676	1.3333	47.1076
1752806	7000.0	11	6000.0	0.7067	47.1076	1.1667	48.980999999999995
1820991	4000.0	11	6000.0	0.4067	48.981	0.6667	50.0544
1686943	4000.0	11	6000.0	0.4067	50.0544	0.6667	51.1278
1754592	5000.0	11	6000.0	0.5067	51.1278	0.8333	52.467800000000004
1721553	8000.0	11	6000.0	0.8067	52.4678	1.3333	54.6078
1659230	4000.0	11	6000.0	0.4067	54.6078	0.6667	55.6812
1792669	7000.0	11	6000.0	0.7067	55.6812	1.1667	57.55459999999999
1720649	4000.0	11	6000.0	0.4067	57.5546	0.6667	58.628
1851737	8000.0	11	6000.0	0.8067	58.628	1.3333	60.768
1814439	6000.0	11	6000.0	0.6067	60.768	1.0	62.374700000000004
1813082	5000.0	11	6000.0	0.5067	62.3747	0.8333	63.7147
1839502	5000.0	11	6000.0	0.5067	63.7147	0.8333	65.0547
1759168	6000.0	11	6000.0	0.6067	65.0547	1.0	66.6614
1724696	5000.0	11	6000.0	0.5067	66.6614	0.8333	68.00139999999999
1756728	3000.0	11	6000.0	0.3067	68.0014	0.5	68.80810000000001
1791208	5000.0	11	6000.0	0.5067	68.8081	0.8333	70.14809999999999
1746011	8000.0	11	6000.0	0.8067	70.1481	1.3333	72.2881
1666329	4000.0	11	6000.0	0.4067	72.2881	0.6667	73.3615
1678948	7000.0	11	6000.0	0.7067	73.3615	1.1667	75.23490000000001
1840375	5000.0	11	6000.0	0.5067	75.2349	0.8333	76.57489999999999
1764820	7000.0	11	6000.0	0.7067	76.5749	1.1667	78.4483
1680268	9000.0	11	6000.0	0.9067	78.4483	1.5	80.855
1758639	7000.0	11	6000.0	0.7067	80.855	1.1667	82.72840000000001
1840038	3000.0	11	6000.0	0.3067	82.7284	0.5	83.5351
1755165	2000.0	11	6000.0	0.2067	83.5351	0.3333	84.07509999999999
1800635	5000.0	11	6000.0	0.5067	84.0751	0.8333	85.4151
1675119	7000.0	11	6000.0	0.7067	85.4151	1.1667	87.2885
1689248	3000.0	11	6000.0	0.3067	87.2885	0.5	88.0952
1780592	7000.0	12	6000.0	0.7	0	1.1667	1.8667
1835578	6000.0	12	6000.0	0.6	1.8667	1.0	3.4667
1705506	6000.0	12	6000.0	0.6	3.4667	1.0	5.0667
1790700	6000.0	12	6000.0	0.6	5.0667	1.0	6.6667
1653921	5000.0	12	6000.0	0.5	6.6667	0.8333	8.0
1716030	4000.0	12	6000.0	0.4	8.0	0.6667	9.0667
1786212	7000.0	12	6000.0	0.7	9.0667	1.1667	10.9334
1720064	7000.0	12	6000.0	0.7	10.9334	1.1667	12.8001
1640922	8000.0	12	6000.0	0.8	12.8001	1.3333	14.9334
1783216	7000.0	12	6000.0	0.7	14.9334	1.1667	16.8001
1641188	6000.0	12	6000.0	0.6	16.8001	1.0	18.400100000000002
1737836	6000.0	12	6000.0	0.6	18.4001	1.0	20.0001
1751429	6000.0	12	6000.0	0.6	20.0001	1.0	21.6001
1717682	7000.0	12	6000.0	0.7	21.6001	1.1667	23.4668
1732639	4000.0	12	6000.0	0.4	23.4668	0.6667	24.533499999999997
1810062	5000.0	12	6000.0	0.5	24.5335	0.8333	25.8668
1745348	4000.0	12	6000.0	0.4	25.8668	0.6667	26.9335
1788642	5000.0	12	6000.0	0.5	26.9335	0.8333	28.2668
1803670	5000.0	12	6000.0	0.5	28.2668	0.8333	29.6001
1784278	7000.0	12	6000.0	0.7	29.6001	1.1667	31.4668
1738473	7000.0	12	6000.0	0.7	31.4668	1.1667	33.3335
1732514	7000.0	12	6000.0	0.7	33.3335	1.1667	35.2002
1641834	6000.0	12	6000.0	0.6	35.2002	1.0	36.800200000000004
1665107	6000.0	12	6000.0	0.6	36.8002	1.0	38.4002
1663946	6000.0	12	6000.0	0.6	38.4002	1.0	40.0002
1808180	6000.0	12	6000.0	0.6	40.0002	1.0	41.6002
1822346	6000.0	12	6000.0	0.6	41.6002	1.0	43.2002
1776030	7000.0	12	6000.0	0.7	43.2002	1.1667	45.066900000000004
1718756	6000.0	12	6000.0	0.6	45.0669	1.0	46.6669
1762277	6000.0	12	6000.0	0.6	46.6669	1.0	48.2669
1649355	7000.0	12	6000.0	0.7	48.2669	1.1667	50.1336
1689869	7000.0	12	6000.0	0.7	50.1336	1.1667	52.0003
1755859	5000.0	12	6000.0	0.5	52.0003	0.8333	53.333600000000004
1814389	7000.0	12	6000.0	0.7	53.3336	1.1667	55.2003
1690079	5000.0	12	6000.0	0.5	55.2003	0.8333	56.5336
1767425	5000.0	12	6000.0	0.5	56.5336	0.8333	57.8669
1769397	5000.0	12	6000.0	0.5	57.8669	0.8333	59.2002
1748351	5000.0	12	6000.0	0.5	59.2002	0.8333	60.533500000000004
1794895	5000.0	12	6000.0	0.5	60.5335	0.8333	61.8668
1695827	5000.0	12	6000.0	0.5	61.8668	0.8333	63.2001
1697560	7000.0	12	6000.0	0.7	63.2001	1.1667	65.0668
1792387	7000.0	12	6000.0	0.7	65.0668	1.1667	66.93350000000001
1807296	8000.0	12	6000.0	0.8	66.9335	1.3333	69.06679999999999
1815292	8000.0	12	6000.0	0.8	69.0668	1.3333	71.20009999999999
1768379	6000.0	12	6000.0	0.6	71.2001	1.0	72.8001
1721316	4000.0	12	6000.0	0.4	72.8001	0.6667	73.86680000000001
1676293	3000.0	12	6000.0	0.3	73.8668	0.5	74.6668
1795674	5000.0	12	6000.0	0.5	74.6668	0.8333	76.00009999999999
1757636	6000.0	12	6000.0	0.6	76.0001	1.0	77.6001
1725020	3000.0	12	6000.0	0.3	77.6001	0.5	78.4001
1690172	5000.0	12	6000.0	0.5	78.4001	0.8333	79.73339999999999
1692275	7000.0	12	6000.0	0.7	79.7334	1.1667	81.60010000000001
1836759	7000.0	12	6000.0	0.7	81.6001	1.1667	83.4668
1767841	6000.0	12	6000.0	0.6	83.4668	1.0	85.0668
1837185	6000.0	12	6000.0	0.6	85.0668	1.0	86.6668
1700398	8000.0	12	6000.0	0.8	86.6668	1.3333	88.80009999999999
1846680	5000.0	12	6000.0	0.5	88.8001	0.8333	90.1334
1849726	7000.0	12	6000.0	0.7	90.1334	1.1667	92.0001
1666150	8000.0	12	6000.0	0.8	92.0001	1.3333	94.1334
1728144	7000.0	12	6000.0	0.7	94.1334	1.1667	96.0001
1657829	5000.0	12	6000.0	0.5	96.0001	0.8333	97.3334
1746764	7000.0	12	6000.0	0.7	97.3334	1.1667	99.2001
1828995	5000.0	12	6000.0	0.5	99.2001	0.8333	100.5334
1720559	3000.0	12	6000.0	0.3	100.5334	0.5	101.3334
1814611	7000.0	12	6000.0	0.7	101.3334	1.1667	103.2001
1686746	6000.0	12	6000.0	0.6	103.2001	1.0	104.8001
1645032	7000.0	12	6000.0	0.7	104.8001	1.1667	106.66680000000001
1687510	7000.0	12	6000.0	0.7	106.6668	1.1667	108.5335
1675517	6000.0	12	6000.0	0.6	108.5335	1.0	110.1335
1707036	7000.0	13	8000.0	0.7	0	0.875	1.575
1672478	5000.0	13	8000.0	0.5	1.575	0.625	2.7
1660868	7000.0	13	8000.0	0.7	2.7	0.875	4.275
1803896	6000.0	13	8000.0	0.6	4.275	0.75	5.625
1670517	8000.0	13	8000.0	0.8	5.625	1.0	7.425
1745632	3000.0	13	8000.0	0.3	7.425	0.375	8.1
1731535	8000.0	13	8000.0	0.8	8.1	1.0	9.9
1843077	4000.0	13	8000.0	0.4	9.9	0.5	10.8
1815919	6000.0	13	8000.0	0.6	10.8	0.75	12.15
1775144	6000.0	13	8000.0	0.6	12.15	0.75	13.5
1752543	6000.0	13	8000.0	0.6	13.5	0.75	14.85
1816517	4000.0	13	8000.0	0.4	14.85	0.5	15.75
1751696	7000.0	13	8000.0	0.7	15.75	0.875	17.325
1846037	9000.0	13	8000.0	0.9	17.325	1.125	19.349999999999998
1850802	4000.0	13	8000.0	0.4	19.35	0.5	20.25
1775202	7000.0	13	8000.0	0.7	20.25	0.875	21.825
1789624	6000.0	13	8000.0	0.6	21.825	0.75	23.175
1774075	5000.0	13	8000.0	0.5	23.175	0.625	24.3
1838084	3000.0	13	8000.0	0.3	24.3	0.375	24.975
1843867	6000.0	13	8000.0	0.6	24.975	0.75	26.325000000000003
1730442	5000.0	13	8000.0	0.5	26.325	0.625	27.45
1830511	4000.0	13	8000.0	0.4	27.45	0.5	28.349999999999998
1662381	6000.0	13	8000.0	0.6	28.35	0.75	29.700000000000003
1827633	7000.0	13	8000.0	0.7	29.7	0.875	31.275
1788429	4000.0	13	8000.0	0.4	31.275	0.5	32.175
1658246	6000.0	13	8000.0	0.6	32.175	0.75	33.525
1788077	7000.0	13	8000.0	0.7	33.525	0.875	35.1
1850031	4000.0	13	8000.0	0.4	35.1	0.5	36.0
1773634	7000.0	13	8000.0	0.7	36.0	0.875	37.575
1663947	6000.0	13	8000.0	0.6	37.575	0.75	38.925000000000004
1655992	7000.0	13	8000.0	0.7	38.925	0.875	40.5
1711515	6000.0	13	8000.0	0.6	40.5	0.75	41.85
1708523	6000.0	13	8000.0	0.6	41.85	0.75	43.2
1845524	4000.0	13	8000.0	0.4	43.2	0.5	44.1
1671155	6000.0	13	8000.0	0.6	44.1	0.75	45.45
1651389	8000.0	13	8000.0	0.8	45.45	1.0	47.25
1843383	7000.0	13	8000.0	0.7	47.25	0.875	48.825
1806943	8000.0	13	8000.0	0.8	48.825	1.0	50.625
1721065	4000.0	13	8000.0	0.4	50.625	0.5	51.525
1720835	7000.0	13	8000.0	0.7	51.525	0.875	53.1
1825095	2000.0	13	8000.0	0.2	53.1	0.25	53.550000000000004
1797783	5000.0	13	8000.0	0.5	53.55	0.625	54.675
1771893	6000.0	13	8000.0	0.6	54.675	0.75	56.025
1648334	4000.0	13	8000.0	0.4	56.025	0.5	56.925
1755442	4000.0	13	8000.0	0.4	56.925	0.5	57.824999999999996
1771827	2000.0	13	8000.0	0.2	57.825	0.25	58.275000000000006
1734971	6000.0	13	8000.0	0.6	58.275	0.75	59.625
1699142	5000.0	13	8000.0	0.5	59.625	0.625	60.75
1795913	5000.0	13	8000.0	0.5	60.75	0.625	61.875
1771099	6000.0	13	8000.0	0.6	61.875	0.75	63.225
1695390	7000.0	13	8000.0	0.7	63.225	0.875	64.80000000000001
1690374	5000.0	13	8000.0	0.5	64.8	0.625	65.925
1827725	6000.0	13	8000.0	0.6	65.925	0.75	67.27499999999999
1800766	6000.0	13	8000.0	0.6	67.275	0.75	68.625
1746815	7000.0	13	8000.0	0.7	68.625	0.875	70.2
1747006	6000.0	13	8000.0	0.6	70.2	0.75	71.55
1812297	7000.0	13	8000.0	0.7	71.55	0.875	73.125
1812370	6000.0	13	8000.0	0.6	73.125	0.75	74.475
1666644	5000.0	13	8000.0	0.5	74.475	0.625	75.6
1747120	9000.0	13	8000.0	0.9	75.6	1.125	77.625
1832614	5000.0	13	8000.0	0.5	77.625	0.625	78.75
1675680	6000.0	13	8000.0	0.6	78.75	0.75	80.1
1649541	7000.0	13	8000.0	0.7	80.1	0.875	81.675
1657428	9000.0	13	8000.0	0.9	81.675	1.125	83.7
1851957	5000.0	14	12000.0	0.5	0	0.4167	0.9167000000000001
1714220	10000.0	14	12000.0	1.0	0.9167	0.8333	2.75
1790881	6000.0	14	12000.0	0.6	2.75	0.5	3.85
1684172	6000.0	14	12000.0	0.6	3.85	0.5	4.95
1761130	4000.0	14	12000.0	0.4	4.95	0.3333	5.683300000000001
1652712	9000.0	14	12000.0	0.9	5.6833	0.75	7.3333
1743360	7000.0	14	12000.0	0.7	7.3333	0.5833	8.6166
1719898	8000.0	14	12000.0	0.8	8.6166	0.6667	10.083300000000001
1811500	6000.0	14	12000.0	0.6	10.0833	0.5	11.1833
1673240	8000.0	14	12000.0	0.8	11.1833	0.6667	12.65
1686015	4000.0	14	12000.0	0.4	12.65	0.3333	13.3833
1844769	6000.0	14	12000.0	0.6	13.3833	0.5	14.4833
1851932	2000.0	14	12000.0	0.2	14.4833	0.1667	14.85
1835102	7000.0	14	12000.0	0.7	14.85	0.5833	16.1333
1742316	5000.0	14	12000.0	0.5	16.1333	0.4167	17.049999999999997
1804253	5000.0	14	12000.0	0.5	17.05	0.4167	17.9667
1670021	6000.0	14	12000.0	0.6	17.9667	0.5	19.0667
1838123	6000.0	14	12000.0	0.6	19.0667	0.5	20.166700000000002
1737694	6000.0	14	12000.0	0.6	20.1667	0.5	21.2667
1752289	7000.0	14	12000.0	0.7	21.2667	0.5833	22.55
1672723	6000.0	14	12000.0	0.6	22.55	0.5	23.650000000000002
1661882	4000.0	14	12000.0	0.4	23.65	0.3333	24.3833
1740593	6000.0	14	12000.0	0.6	24.3833	0.5	25.4833
1779011	5000.0	14	12000.0	0.5	25.4833	0.4167	26.4
1717617	5000.0	14	12000.0	0.5	26.4	0.4167	27.316699999999997
1750612	5000.0	14	12000.0	0.5	27.3167	0.4167	28.2334
1774868	5000.0	14	12000.0	0.5	28.2334	0.4167	29.1501
1760898	7000.0	14	12000.0	0.7	29.1501	0.5833	30.4334
1750918	4000.0	14	12000.0	0.4	30.4334	0.3333	31.1667
1638954	3000.0	14	12000.0	0.3	31.1667	0.25	31.7167
1686944	5000.0	14	12000.0	0.5	31.7167	0.4167	32.6334
1788160	5000.0	14	12000.0	0.5	32.6334	0.4167	33.5501
1850210	6000.0	14	12000.0	0.6	33.5501	0.5	34.6501
1840860	3000.0	14	12000.0	0.3	34.6501	0.25	35.2001
1731712	5000.0	14	12000.0	0.5	35.2001	0.4167	36.1168
1843422	6000.0	14	12000.0	0.6	36.1168	0.5	37.2168
1732070	2000.0	14	12000.0	0.2	37.2168	0.1667	37.5835
1836627	5000.0	14	12000.0	0.5	37.5835	0.4167	38.5002
1747173	5000.0	14	12000.0	0.5	38.5002	0.4167	39.4169
1847996	4000.0	14	12000.0	0.4	39.4169	0.3333	40.1502
1699271	6000.0	14	12000.0	0.6	40.1502	0.5	41.2502
1657557	6000.0	14	12000.0	0.6	41.2502	0.5	42.3502
1647689	8000.0	14	12000.0	0.8	42.3502	0.6667	43.8169
1747742	3000.0	14	12000.0	0.3	43.8169	0.25	44.366899999999994
1747776	7000.0	14	12000.0	0.7	44.3669	0.5833	45.650200000000005
1801638	5000.0	14	12000.0	0.5	45.6502	0.4167	46.5669
1649085	7000.0	14	12000.0	0.7	46.5669	0.5833	47.8502
1792019	6000.0	14	12000.0	0.6	47.8502	0.5	48.9502
1699426	5000.0	14	12000.0	0.5	48.9502	0.4167	49.8669
1659314	5000.0	14	12000.0	0.5	49.8669	0.4167	50.7836
1828592	6000.0	14	12000.0	0.6	50.7836	0.5	51.8836
1698486	5000.0	14	12000.0	0.5	51.8836	0.4167	52.8003
1836987	6000.0	14	12000.0	0.6	52.8003	0.5	53.9003
1764329	4000.0	14	12000.0	0.4	53.9003	0.3333	54.6336
1847209	10000.0	14	12000.0	1.0	54.6336	0.8333	56.4669
1697223	7000.0	14	12000.0	0.7	56.4669	0.5833	57.75020000000001
1770119	5000.0	14	12000.0	0.5	57.7502	0.4167	58.6669
1659907	9000.0	14	12000.0	0.9	58.6669	0.75	60.3169
1825582	6000.0	14	12000.0	0.6	60.3169	0.5	61.4169
1770163	6000.0	14	12000.0	0.6	61.4169	0.5	62.5169
1790019	8000.0	15	16000.0	0.8	0	0.5	1.3
1811401	6000.0	15	16000.0	0.6	1.3	0.375	2.275
1842756	8000.0	15	16000.0	0.8	2.275	0.5	3.575
1652275	5000.0	15	16000.0	0.5	3.575	0.3125	4.3875
1811707	8000.0	15	16000.0	0.8	4.3875	0.5	5.6875
1731495	6000.0	15	16000.0	0.6	5.6875	0.375	6.6625
1743458	8000.0	15	16000.0	0.8	6.6625	0.5	7.9624999999999995
1649816	9000.0	15	16000.0	0.9	7.9625	0.5625	9.425
1831991	5000.0	15	16000.0	0.5	9.425	0.3125	10.2375
1654858	8000.0	15	16000.0	0.8	10.2375	0.5	11.537500000000001
1777763	4000.0	15	16000.0	0.4	11.5375	0.25	12.1875
1780130	7000.0	15	16000.0	0.7	12.1875	0.4375	13.325
1737707	7000.0	15	16000.0	0.7	13.325	0.4375	14.462499999999999
1805490	6000.0	15	16000.0	0.6	14.4625	0.375	15.4375
1805259	5000.0	15	16000.0	0.5	15.4375	0.3125	16.25
1822499	6000.0	15	16000.0	0.6	16.25	0.375	17.225
1732584	4000.0	15	16000.0	0.4	17.225	0.25	17.875
1641166	7000.0	15	16000.0	0.7	17.875	0.4375	19.0125
1685494	7000.0	15	16000.0	0.7	19.0125	0.4375	20.15
1806964	11000.0	15	16000.0	1.1	20.15	0.6875	21.9375
1776386	8000.0	15	16000.0	0.8	21.9375	0.5	23.2375
1719214	7000.0	15	16000.0	0.7	23.2375	0.4375	24.375
1788132	6000.0	15	16000.0	0.6	24.375	0.375	25.35
1736344	8000.0	15	16000.0	0.8	25.35	0.5	26.650000000000002
1779422	6000.0	15	16000.0	0.6	26.65	0.375	27.625
1684858	7000.0	15	16000.0	0.7	27.625	0.4375	28.7625
1733498	5000.0	15	16000.0	0.5	28.7625	0.3125	29.575
1710973	4000.0	15	16000.0	0.4	29.575	0.25	30.224999999999998
1826599	3000.0	15	16000.0	0.3	30.225	0.1875	30.712500000000002
1697934	4000.0	15	16000.0	0.4	30.7125	0.25	31.362499999999997
1729626	3000.0	15	16000.0	0.3	31.3625	0.1875	31.85
1766853	6000.0	15	16000.0	0.6	31.85	0.375	32.825
1657540	6000.0	15	16000.0	0.6	32.825	0.375	33.800000000000004
1794914	4000.0	15	16000.0	0.4	33.8	0.25	34.449999999999996
1720914	6000.0	15	16000.0	0.6	34.45	0.375	35.425000000000004
1695751	7000.0	15	16000.0	0.7	35.425	0.4375	36.5625
1735427	7000.0	15	16000.0	0.7	36.5625	0.4375	37.7
1766541	4000.0	15	16000.0	0.4	37.7	0.25	38.35
1636128	3000.0	15	16000.0	0.3	38.35	0.1875	38.8375
1833962	7000.0	15	16000.0	0.7	38.8375	0.4375	39.975
1721277	6000.0	15	16000.0	0.6	39.975	0.375	40.95
1815058	7000.0	15	16000.0	0.7	40.95	0.4375	42.087500000000006
1679625	7000.0	15	16000.0	0.7	42.0875	0.4375	43.225
1758948	4000.0	15	16000.0	0.4	43.225	0.25	43.875
1801055	14000.0	15	16000.0	1.4	43.875	0.875	46.15
1754613	7000.0	15	16000.0	0.7	46.15	0.4375	47.2875
1767839	5000.0	15	16000.0	0.5	47.2875	0.3125	48.1
1638599	6000.0	15	16000.0	0.6	48.1	0.375	49.075
1642726	5000.0	15	16000.0	0.5	49.075	0.3125	49.8875
1812371	3000.0	15	16000.0	0.3	49.8875	0.1875	50.375
1727624	3000.0	15	16000.0	0.3	50.375	0.1875	50.8625
1836327	6000.0	15	16000.0	0.6	50.8625	0.375	51.8375
1666453	5000.0	15	16000.0	0.5	51.8375	0.3125	52.65
1747093	6000.0	15	16000.0	0.6	52.65	0.375	53.625
1841689	4000.0	16	18000.0	0.4058	0	0.2222	0.628
1842872	2000.0	16	18000.0	0.2058	0.628	0.1111	0.9449
1850437	7000.0	16	18000.0	0.7058	0.9449	0.3889	2.0396
1738789	7000.0	16	18000.0	0.7058	2.0396	0.3889	3.1343
1652692	8000.0	16	18000.0	0.8058	3.1343	0.4444	4.3845
1707115	4000.0	16	18000.0	0.4058	4.3845	0.2222	5.0125
1668919	6000.0	16	18000.0	0.6058	5.0125	0.3333	5.951600000000001
1845016	7000.0	16	18000.0	0.7058	5.9516	0.3889	7.0463000000000005
1702057	7000.0	16	18000.0	0.7058	7.0463	0.3889	8.141
1743428	6000.0	16	18000.0	0.6058	8.141	0.3333	9.0801
1786242	4000.0	16	18000.0	0.4058	9.0801	0.2222	9.7081
1778576	7000.0	16	18000.0	0.7058	9.7081	0.3889	10.8028
1663482	3000.0	16	18000.0	0.3058	10.8028	0.1667	11.2753
1650534	5000.0	16	18000.0	0.5058	11.2753	0.2778	12.0589
1779286	6000.0	16	18000.0	0.6058	12.0589	0.3333	12.998
1840972	2000.0	16	18000.0	0.2058	12.998	0.1111	13.3149
1774223	4000.0	16	18000.0	0.4058	13.3149	0.2222	13.9429
1834606	9000.0	16	18000.0	0.9058	13.9429	0.5	15.3487
1774750	7000.0	16	18000.0	0.7058	15.3487	0.3889	16.443399999999997
1836041	7000.0	16	18000.0	0.7058	16.4434	0.3889	17.5381
1650774	6000.0	16	18000.0	0.6058	17.5381	0.3333	18.4772
1782393	7000.0	16	18000.0	0.7058	18.4772	0.3889	19.5719
1712229	6000.0	16	18000.0	0.6058	19.5719	0.3333	20.511
1788509	7000.0	16	18000.0	0.7058	20.511	0.3889	21.6057
1788439	10000.0	16	18000.0	1.0058	21.6057	0.5556	23.167099999999998
1658239	6000.0	16	18000.0	0.6058	23.1671	0.3333	24.1062
1784221	9000.0	16	18000.0	0.9058	24.1062	0.5	25.512
1840783	9000.0	16	18000.0	0.9058	25.512	0.5	26.9178
1705320	3000.0	16	18000.0	0.3058	26.9178	0.1667	27.3903
1745421	4000.0	16	18000.0	0.4058	27.3903	0.2222	28.0183
1708939	7000.0	16	18000.0	0.7058	28.0183	0.3889	29.113
1681619	5000.0	16	18000.0	0.5058	29.113	0.2778	29.8966
1817719	5000.0	16	18000.0	0.5058	29.8966	0.2778	30.6802
1784302	7000.0	16	18000.0	0.7058	30.6802	0.3889	31.7749
1711523	7000.0	16	18000.0	0.7058	31.7749	0.3889	32.8696
1809536	6000.0	16	18000.0	0.6058	32.8696	0.3333	33.8087
1651136	6000.0	16	18000.0	0.6058	33.8087	0.3333	34.747800000000005
1665209	5000.0	16	18000.0	0.5058	34.7478	0.2778	35.5314
1646805	6000.0	16	18000.0	0.6058	35.5314	0.3333	36.4705
1749765	6000.0	16	18000.0	0.6058	36.4705	0.3333	37.409600000000005
1734950	5000.0	16	18000.0	0.5058	37.4096	0.2778	38.1932
1756265	6000.0	16	18000.0	0.6058	38.1932	0.3333	39.1323
1735189	6000.0	16	18000.0	0.6058	39.1323	0.3333	40.071400000000004
1734443	5000.0	16	18000.0	0.5058	40.0714	0.2778	40.855
1839658	4000.0	16	18000.0	0.4058	40.855	0.2222	41.483
1680494	6000.0	16	18000.0	0.6058	41.483	0.3333	42.4221
1723649	7000.0	16	18000.0	0.7058	42.4221	0.3889	43.516799999999996
1748185	5000.0	16	18000.0	0.5058	43.5168	0.2778	44.3004
1721067	6000.0	16	18000.0	0.6058	44.3004	0.3333	45.23950000000001
1728716	8000.0	16	18000.0	0.8058	45.2395	0.4444	46.4897
1724827	6000.0	16	18000.0	0.6058	46.4897	0.3333	47.4288
1796999	4000.0	16	18000.0	0.4058	47.4288	0.2222	48.0568
1675163	6000.0	16	18000.0	0.6058	48.0568	0.3333	48.995900000000006
1728223	3000.0	16	18000.0	0.3058	48.9959	0.1667	49.468399999999995
1727083	6000.0	16	18000.0	0.6058	49.4684	0.3333	50.407500000000006
1688660	7000.0	16	18000.0	0.7058	50.4075	0.3889	51.502199999999995
1746938	4000.0	16	18000.0	0.4058	51.5022	0.2222	52.1302
1800389	4000.0	16	18000.0	0.4058	52.1302	0.2222	52.7582
1764926	4000.0	16	18000.0	0.4058	52.7582	0.2222	53.3862
1659715	6000.0	16	18000.0	0.6058	53.3862	0.3333	54.325300000000006
1726631	7000.0	16	18000.0	0.7058	54.3253	0.3889	55.419999999999995
1807437	5000.0	16	18000.0	0.5058	55.42	0.2778	56.2036
1640018	6000.0	17	24000.0	0.6058	0	0.25	0.8558
1715282	3000.0	17	24000.0	0.3058	0.8558	0.125	1.2866
1785806	8000.0	17	24000.0	0.8058	1.2866	0.3333	2.4257
1660963	7000.0	17	24000.0	0.7058	2.4257	0.2917	3.4232
1706063	4000.0	17	24000.0	0.4058	3.4232	0.1667	3.9957000000000003
1739787	11000.0	17	24000.0	1.1058	3.9957	0.4583	5.5598
1673716	4000.0	17	24000.0	0.4058	5.5598	0.1667	6.1323
1778754	8000.0	17	24000.0	0.8058	6.1323	0.3333	7.2714
1789492	8000.0	17	24000.0	0.8058	7.2714	0.3333	8.410499999999999
1636553	7000.0	17	24000.0	0.7058	8.4105	0.2917	9.408000000000001
1637188	8000.0	17	24000.0	0.8058	9.408	0.3333	10.547099999999999
1789318	6000.0	17	24000.0	0.6058	10.5471	0.25	11.4029
1751664	7000.0	17	24000.0	0.7058	11.4029	0.2917	12.400400000000001
1783335	7000.0	17	24000.0	0.7058	12.4004	0.2917	13.3979
1783047	7000.0	17	24000.0	0.7058	13.3979	0.2917	14.3954
1782621	3000.0	17	24000.0	0.3058	14.3954	0.125	14.8262
1712559	5000.0	17	24000.0	0.5058	14.8262	0.2083	15.5403
1662686	5000.0	17	24000.0	0.5058	15.5403	0.2083	16.2544
1703673	7000.0	17	24000.0	0.7058	16.2544	0.2917	17.2519
1662236	6000.0	17	24000.0	0.6058	17.2519	0.25	18.107699999999998
1641178	4000.0	17	24000.0	0.4058	18.1077	0.1667	18.6802
1820686	7000.0	17	24000.0	0.7058	18.6802	0.2917	19.677699999999998
1685320	4000.0	17	24000.0	0.4058	19.6777	0.1667	20.2502
1774634	7000.0	17	24000.0	0.7058	20.2502	0.2917	21.2477
1783624	6000.0	17	24000.0	0.6058	21.2477	0.25	22.103499999999997
1844310	7000.0	17	24000.0	0.7058	22.1035	0.2917	23.101
1817767	7000.0	17	24000.0	0.7058	23.101	0.2917	24.098499999999998
1680930	5000.0	17	24000.0	0.5058	24.0985	0.2083	24.812600000000003
1652925	5000.0	17	24000.0	0.5058	24.8126	0.2083	25.5267
1650390	6000.0	17	24000.0	0.6058	25.5267	0.25	26.3825
1840884	4000.0	17	24000.0	0.4058	26.3825	0.1667	26.955
1759432	7000.0	17	24000.0	0.7058	26.955	0.2917	27.952499999999997
1661464	6000.0	17	24000.0	0.6058	27.9525	0.25	28.8083
1835311	9000.0	17	24000.0	0.9058	28.8083	0.375	30.0891
1688103	5000.0	17	24000.0	0.5058	30.0891	0.2083	30.8032
1766935	6000.0	17	24000.0	0.6058	30.8032	0.25	31.659
1756199	6000.0	17	24000.0	0.6058	31.659	0.25	32.5148
1646458	4000.0	17	24000.0	0.4058	32.5148	0.1667	33.0873
1798519	7000.0	17	24000.0	0.7058	33.0873	0.2917	34.084799999999994
1847797	8000.0	17	24000.0	0.8058	34.0848	0.3333	35.2239
1647387	7000.0	17	24000.0	0.7058	35.2239	0.2917	36.221399999999996
1735060	7000.0	17	24000.0	0.7058	36.2214	0.2917	37.2189
1795866	6000.0	17	24000.0	0.6058	37.2189	0.25	38.0747
1699036	4000.0	17	24000.0	0.4058	38.0747	0.1667	38.6472
1826342	6000.0	17	24000.0	0.6058	38.6472	0.25	39.503
1667935	6000.0	17	24000.0	0.6058	39.503	0.25	40.3588
1797226	8000.0	17	24000.0	0.8058	40.3588	0.3333	41.4979
1797391	7000.0	17	24000.0	0.7058	41.4979	0.2917	42.4954
1647202	6000.0	17	24000.0	0.6058	42.4954	0.25	43.3512
1800844	5000.0	17	24000.0	0.5058	43.3512	0.2083	44.0653
1749267	6000.0	17	24000.0	0.6058	44.0653	0.25	44.9211
1800405	6000.0	17	24000.0	0.6058	44.9211	0.25	45.776900000000005
1686661	7000.0	17	24000.0	0.7058	45.7769	0.2917	46.77439999999999
1668535	7000.0	17	24000.0	0.7058	46.7744	0.2917	47.771899999999995
1791362	6000.0	17	24000.0	0.6058	47.7719	0.25	48.627700000000004
1679315	7000.0	17	24000.0	0.7058	48.6277	0.2917	49.6252
1837310	8000.0	17	24000.0	0.8058	49.6252	0.3333	50.7643
1721729	7000.0	17	24000.0	0.7058	50.7643	0.2917	51.7618
1675675	6000.0	17	24000.0	0.6058	51.7618	0.25	52.6176
1818474	6000.0	18	30000.0	0.6058	0	0.2	0.8058000000000001
1817993	4000.0	18	30000.0	0.4058	0.8058	0.1333	1.3449
1802088	4000.0	18	30000.0	0.4058	1.3449	0.1333	1.884
1790833	8000.0	18	30000.0	0.8058	1.884	0.2667	2.9565
1656625	7000.0	18	30000.0	0.7058	2.9565	0.2333	3.8956
1750464	4000.0	18	30000.0	0.4058	3.8956	0.1333	4.4347
1784685	7000.0	18	30000.0	0.7058	4.4347	0.2333	5.3738
1715660	3000.0	18	30000.0	0.3058	5.3738	0.1	5.779599999999999
1706632	4000.0	18	30000.0	0.4058	5.7796	0.1333	6.318700000000001
1842926	6000.0	18	30000.0	0.6058	6.3187	0.2	7.1245
1751247	6000.0	18	30000.0	0.6058	7.1245	0.2	7.930300000000001
1822917	6000.0	18	30000.0	0.6058	7.9303	0.2	8.736099999999999
1832290	3000.0	18	30000.0	0.3058	8.7361	0.1	9.1419
1752643	7000.0	18	30000.0	0.7058	9.1419	0.2333	10.081
1835003	8000.0	18	30000.0	0.8058	10.081	0.2667	11.1535
1636455	6000.0	18	30000.0	0.6058	11.1535	0.2	11.959299999999999
1740910	6000.0	18	30000.0	0.6058	11.9593	0.2	12.7651
1662529	6000.0	18	30000.0	0.6058	12.7651	0.2	13.5709
1802869	4000.0	18	30000.0	0.4058	13.5709	0.1333	14.11
1662733	6000.0	18	30000.0	0.6058	14.11	0.2	14.915799999999999
1774861	6000.0	18	30000.0	0.6058	14.9158	0.2	15.7216
1760790	5000.0	18	30000.0	0.5058	15.7216	0.1667	16.394099999999998
1738342	8000.0	18	30000.0	0.8058	16.3941	0.2667	17.466600000000003
1781987	7000.0	18	30000.0	0.7058	17.4666	0.2333	18.4057
1669833	7000.0	18	30000.0	0.7058	18.4057	0.2333	19.3448
1673124	6000.0	18	30000.0	0.6058	19.3448	0.2	20.150599999999997
1784125	6000.0	18	30000.0	0.6058	20.1506	0.2	20.9564
1816147	7000.0	18	30000.0	0.7058	20.9564	0.2333	21.8955
1665575	6000.0	18	30000.0	0.6058	21.8955	0.2	22.701299999999996
1641376	5000.0	18	30000.0	0.5058	22.7013	0.1667	23.3738
1652841	6000.0	18	30000.0	0.6058	23.3738	0.2	24.179599999999997
1779882	9000.0	18	30000.0	0.9058	24.1796	0.3	25.3854
1807945	3000.0	18	30000.0	0.3058	25.3854	0.1	25.791200000000003
1661685	3000.0	18	30000.0	0.3058	25.7912	0.1	26.197000000000003
1703059	8000.0	18	30000.0	0.8058	26.197	0.2667	27.2695
1840889	4000.0	18	30000.0	0.4058	27.2695	0.1333	27.8086
1661765	5000.0	18	30000.0	0.5058	27.8086	0.1667	28.481099999999998
1753880	9000.0	18	30000.0	0.9058	28.4811	0.3	29.6869
1707458	7000.0	18	30000.0	0.7058	29.6869	0.2333	30.626
1833530	4000.0	18	30000.0	0.4058	30.626	0.1333	31.1651
1826408	5000.0	18	30000.0	0.5058	31.1651	0.1667	31.8376
1746210	8000.0	18	30000.0	0.8058	31.8376	0.2667	32.9101
1813066	4000.0	18	30000.0	0.4058	32.9101	0.1333	33.4492
1722922	3000.0	18	30000.0	0.3058	33.4492	0.1	33.855
1796423	5000.0	18	30000.0	0.5058	33.855	0.1667	34.527499999999996
1796535	5000.0	18	30000.0	0.5058	34.5275	0.1667	35.2
1768181	6000.0	18	30000.0	0.6058	35.2	0.2	36.00580000000001
1792353	7000.0	18	30000.0	0.7058	36.0058	0.2333	36.944900000000004
1756484	7000.0	18	30000.0	0.7058	36.9449	0.2333	37.884
1725063	6000.0	18	30000.0	0.6058	37.884	0.2	38.689800000000005
1700870	4000.0	18	30000.0	0.4058	38.6898	0.1333	39.228899999999996
1688994	7000.0	18	30000.0	0.7058	39.2289	0.2333	40.168000000000006
1679217	6000.0	18	30000.0	0.6058	40.168	0.2	40.973800000000004
1800138	5000.0	18	30000.0	0.5058	40.9738	0.1667	41.6463
1720311	8000.0	18	30000.0	0.8058	41.6463	0.2667	42.718799999999995
1696486	5000.0	18	30000.0	0.5058	42.7188	0.1667	43.3913
1727362	3000.0	18	30000.0	0.3058	43.3913	0.1	43.7971
1772333	5000.0	18	30000.0	0.5058	43.7971	0.1667	44.4696
1827861	6000.0	18	30000.0	0.6058	44.4696	0.2	45.275400000000005
1777043	6000.0	19	30000.0	0.6058	0	0.2	0.8058000000000001
1804769	4000.0	19	30000.0	0.4058	0.8058	0.1333	1.3449
1776839	8000.0	19	30000.0	0.8058	1.3449	0.2667	2.4174
1670157	5000.0	19	30000.0	0.5058	2.4174	0.1667	3.0899000000000005
1644798	5000.0	19	30000.0	0.5058	3.0899	0.1667	3.7624
1811066	8000.0	19	30000.0	0.8058	3.7624	0.2667	4.8349
1709859	3000.0	19	30000.0	0.3058	4.8349	0.1	5.2406999999999995
1742006	3000.0	19	30000.0	0.3058	5.2407	0.1	5.6465
1668994	4000.0	19	30000.0	0.4058	5.6465	0.1333	6.1856
1742043	6000.0	19	30000.0	0.6058	6.1856	0.2	6.9914000000000005
1778342	4000.0	19	30000.0	0.4058	6.9914	0.1333	7.5305
1735845	7000.0	19	30000.0	0.7058	7.5305	0.2333	8.4696
1675029	9000.0	19	30000.0	0.9058	8.4696	0.3	9.6754
1808369	6000.0	19	30000.0	0.6058	9.6754	0.2	10.4812
1685505	5000.0	19	30000.0	0.5058	10.4812	0.1667	11.1537
1653599	6000.0	19	30000.0	0.6058	11.1537	0.2	11.9595
1663580	6000.0	19	30000.0	0.6058	11.9595	0.2	12.7653
1708219	5000.0	19	30000.0	0.5058	12.7653	0.1667	13.437800000000001
1744606	7000.0	19	30000.0	0.7058	13.4378	0.2333	14.3769
1808657	6000.0	19	30000.0	0.6058	14.3769	0.2	15.182699999999999
1639582	7000.0	19	30000.0	0.7058	15.1827	0.2333	16.1218
1788831	6000.0	19	30000.0	0.6058	16.1218	0.2	16.927599999999998
1845202	7000.0	19	30000.0	0.7058	16.9276	0.2333	17.8667
1843467	7000.0	19	30000.0	0.7058	17.8667	0.2333	18.8058
1840861	6000.0	19	30000.0	0.6058	18.8058	0.2	19.6116
1840894	3000.0	19	30000.0	0.3058	19.6116	0.1	20.017400000000002
1717264	4000.0	19	30000.0	0.4058	20.0174	0.1333	20.556499999999996
1655691	8000.0	19	30000.0	0.8058	20.5565	0.2667	21.629
1806950	5000.0	19	30000.0	0.5058	21.629	0.1667	22.3015
1837106	6000.0	19	30000.0	0.6058	22.3015	0.2	23.1073
1725466	6000.0	19	30000.0	0.6058	23.1073	0.2	23.913099999999996
1690080	7000.0	19	30000.0	0.7058	23.9131	0.2333	24.8522
1687831	5000.0	19	30000.0	0.5058	24.8522	0.1667	25.5247
1824351	6000.0	19	30000.0	0.6058	25.5247	0.2	26.330499999999997
1768431	2000.0	19	30000.0	0.2058	26.3305	0.0667	26.603
1768343	7000.0	19	30000.0	0.7058	26.603	0.2333	27.5421
1699264	6000.0	19	30000.0	0.6058	27.5421	0.2	28.3479
1690717	8000.0	19	30000.0	0.8058	28.3479	0.2667	29.4204
1848134	7000.0	19	30000.0	0.7058	29.4204	0.2333	30.3595
1796821	7000.0	19	30000.0	0.7058	30.3595	0.2333	31.2986
1797099	6000.0	19	30000.0	0.6058	31.2986	0.2	32.1044
1675589	10000.0	19	30000.0	1.0058	32.1044	0.3333	33.4435
1648660	8000.0	19	30000.0	0.8058	33.4435	0.2667	34.516
1812425	7000.0	19	30000.0	0.7058	34.516	0.2333	35.4551
1798802	5000.0	19	30000.0	0.5058	35.4551	0.1667	36.1276
1727975	6000.0	19	30000.0	0.6058	36.1276	0.2	36.933400000000006
1646440	8000.0	19	30000.0	0.8058	36.9334	0.2667	38.0059
1700502	4000.0	19	30000.0	0.4058	38.0059	0.1333	38.544999999999995
1766165	6000.0	19	30000.0	0.6058	38.545	0.2	39.35080000000001
