1645810	7000.0	0	500.0	0.7	0	14.0	14.7
1655099	8000.0	0	500.0	0.8	14.7	16.0	31.5
1738867	6000.0	0	500.0	0.6	31.5	12.0	44.1
1836383	6000.0	0	500.0	0.6	44.1	12.0	56.7
1678572	7000.0	0	500.0	0.7	56.7	14.0	71.4
1784170	7000.0	0	500.0	0.7	71.4	14.0	86.10000000000001
1668652	7000.0	0	500.0	0.7	86.1	14.0	100.8
1836651	9000.0	0	500.0	0.9	100.8	18.0	119.7
1728566	6000.0	0	500.0	0.6	119.7	12.0	132.3
1771094	6000.0	0	500.0	0.6	132.3	12.0	144.9
1823055	7000.0	0	500.0	0.7	144.9	14.0	159.6
1839912	9000.0	0	500.0	0.9	159.6	18.0	178.5
1803519	7000.0	0	500.0	0.7	178.5	14.0	193.2
1690964	8000.0	0	500.0	0.8	193.2	16.0	210.0
1796577	9000.0	0	500.0	0.9	210.0	18.0	228.9
1848931	6000.0	0	500.0	0.6	228.9	12.0	241.5
1756870	6000.0	0	500.0	0.6	241.5	12.0	254.1
1706035	7000.0	0	500.0	0.7	254.1	14.0	268.79999999999995
1674578	8000.0	0	500.0	0.8	268.8	16.0	285.6
1792930	10000.0	0	500.0	1.0	285.6	20.0	306.6
1721491	9000.0	0	500.0	0.9	306.6	18.0	325.5
1819450	7000.0	0	500.0	0.7	325.5	14.0	340.2
1721956	7000.0	0	500.0	0.7	340.2	14.0	354.9
1758822	4000.0	0	500.0	0.4	354.9	8.0	363.29999999999995
1645359	7000.0	0	500.0	0.7	363.3	14.0	378.0
1754716	6000.0	0	500.0	0.6	378.0	12.0	390.6
1843115	6000.0	0	500.0	0.6	390.6	12.0	403.20000000000005
1816157	10000.0	0	500.0	1.0	403.2	20.0	424.2
1700175	6000.0	0	500.0	0.6	424.2	12.0	436.8
1700747	8000.0	0	500.0	0.8	436.8	16.0	453.6
1845195	7000.0	0	500.0	0.7	453.6	14.0	468.3
1731023	8000.0	0	500.0	0.8	468.3	16.0	485.1
1667361	5000.0	0	500.0	0.5	485.1	10.0	495.6
1755888	5000.0	0	500.0	0.5	495.6	10.0	506.1
1667624	8000.0	0	500.0	0.8	506.1	16.0	522.9000000000001
1821303	7000.0	0	500.0	0.7	522.9	14.0	537.6
1675362	6000.0	0	500.0	0.6	537.6	12.0	550.2
1693261	6000.0	0	500.0	0.6	550.2	12.0	562.8000000000001
1821438	9000.0	0	500.0	0.9	562.8	18.0	581.6999999999999
1843913	7000.0	0	500.0	0.7	581.7	14.0	596.4000000000001
1833886	7000.0	0	500.0	0.7	596.4	14.0	611.1
1748969	9000.0	0	500.0	0.9	611.1	18.0	630.0
1679643	10000.0	0	500.0	1.0	630.0	20.0	651.0
1683434	6000.0	0	500.0	0.6	651.0	12.0	663.6
1768192	6000.0	0	500.0	0.6	663.6	12.0	676.2
1650084	10000.0	0	500.0	1.0	676.2	20.0	697.2
1825639	7000.0	0	500.0	0.7	697.2	14.0	711.9000000000001
1679877	6000.0	0	500.0	0.6	711.9	12.0	724.5
1778080	7000.0	0	500.0	0.7	724.5	14.0	739.2
1751836	5000.0	0	500.0	0.5	739.2	10.0	749.7
1767916	7000.0	0	500.0	0.7	749.7	14.0	764.4000000000001
1727043	8000.0	0	500.0	0.8	764.4	16.0	781.1999999999999
1749784	6000.0	0	500.0	0.6	781.2	12.0	793.8000000000001
1807225	9000.0	0	500.0	0.9	793.8	18.0	812.6999999999999
1713822	5000.0	0	500.0	0.5	812.7	10.0	823.2
1680756	6000.0	0	500.0	0.6	823.2	12.0	835.8000000000001
1811176	6000.0	0	500.0	0.6	835.8	12.0	848.4
1813528	7000.0	0	500.0	0.7	848.4	14.0	863.1
1751386	6000.0	0	500.0	0.6	863.1	12.0	875.7
1726183	6000.0	0	500.0	0.6	875.7	12.0	888.3000000000001
1770203	5000.0	0	500.0	0.5	888.3	10.0	898.8
1727803	8000.0	0	500.0	0.8	898.8	16.0	915.5999999999999
1743689	8000.0	0	500.0	0.8	915.6	16.0	932.4
1840229	6000.0	1	500.0	0.6	0	12.0	12.6
1638093	7000.0	1	500.0	0.7	12.6	14.0	27.299999999999997
1738830	6000.0	1	500.0	0.6	27.3	12.0	39.900000000000006
1699605	8000.0	1	500.0	0.8	39.9	16.0	56.699999999999996
1698716	7000.0	1	500.0	0.7	56.7	14.0	71.4
1814810	7000.0	1	500.0	0.7	71.4	14.0	86.10000000000001
1687286	5000.0	1	500.0	0.5	86.1	10.0	96.6
1668676	8000.0	1	500.0	0.8	96.6	16.0	113.39999999999999
1752775	7000.0	1	500.0	0.7	113.4	14.0	128.10000000000002
1839365	7000.0	1	500.0	0.7	128.1	14.0	142.79999999999998
1728315	6000.0	1	500.0	0.6	142.8	12.0	155.4
1779110	5000.0	1	500.0	0.5	155.4	10.0	165.9
1736788	6000.0	1	500.0	0.6	165.9	12.0	178.5
1736849	9000.0	1	500.0	0.9	178.5	18.0	197.4
1719920	8000.0	1	500.0	0.8	197.4	16.0	214.20000000000002
1657824	6000.0	1	500.0	0.6	214.2	12.0	226.79999999999998
1674749	7000.0	1	500.0	0.7	226.8	14.0	241.5
1703235	7000.0	1	500.0	0.7	241.5	14.0	256.2
1760433	8000.0	1	500.0	0.8	256.2	16.0	273.0
1820334	7000.0	1	500.0	0.7	273.0	14.0	287.7
1791639	7000.0	1	500.0	0.7	287.7	14.0	302.4
1791680	8000.0	1	500.0	0.8	302.4	16.0	319.2
1720512	8000.0	1	500.0	0.8	319.2	16.0	336.0
1723099	8000.0	1	500.0	0.8	336.0	16.0	352.8
1676113	7000.0	1	500.0	0.7	352.8	14.0	367.5
1730234	6000.0	1	500.0	0.6	367.5	12.0	380.1
1644839	6000.0	1	500.0	0.6	380.1	12.0	392.70000000000005
1700020	6000.0	1	500.0	0.6	392.7	12.0	405.3
1729192	5000.0	1	500.0	0.5	405.3	10.0	415.8
1656378	8000.0	1	500.0	0.8	415.8	16.0	432.6
1771879	6000.0	1	500.0	0.6	432.6	12.0	445.20000000000005
1841718	9000.0	1	500.0	0.9	445.2	18.0	464.09999999999997
1644315	6000.0	1	500.0	0.6	464.1	12.0	476.70000000000005
1675256	8000.0	1	500.0	0.8	476.7	16.0	493.5
1844742	7000.0	1	500.0	0.7	493.5	14.0	508.2
1731795	7000.0	1	500.0	0.7	508.2	14.0	522.9
1845567	8000.0	1	500.0	0.8	522.9	16.0	539.6999999999999
1821486	6000.0	1	500.0	0.6	539.7	12.0	552.3000000000001
1707849	5000.0	1	500.0	0.5	552.3	10.0	562.8
1844193	10000.0	1	500.0	1.0	562.8	20.0	583.8
1799684	9000.0	1	500.0	0.9	583.8	18.0	602.6999999999999
1719284	7000.0	1	500.0	0.7	602.7	14.0	617.4000000000001
1799995	5000.0	1	500.0	0.5	617.4	10.0	627.9
1765121	7000.0	1	500.0	0.7	627.9	14.0	642.6
1827718	6000.0	1	500.0	0.6	642.6	12.0	655.2
1749443	6000.0	1	500.0	0.6	655.2	12.0	667.8000000000001
1831068	7000.0	1	500.0	0.7	667.8	14.0	682.5
1695278	7000.0	1	500.0	0.7	682.5	14.0	697.2
1769773	6000.0	1	500.0	0.6	697.2	12.0	709.8000000000001
1829755	7000.0	1	500.0	0.7	709.8	14.0	724.5
1661254	7000.0	1	500.0	0.7	724.5	14.0	739.2
1767165	7000.0	1	500.0	0.7	739.2	14.0	753.9000000000001
1682366	8000.0	1	500.0	0.8	753.9	16.0	770.6999999999999
1767735	8000.0	1	500.0	0.8	770.7	16.0	787.5
1636590	7000.0	1	500.0	0.7	787.5	14.0	802.2
1712949	6000.0	1	500.0	0.6	802.2	12.0	814.8000000000001
1651827	9000.0	1	500.0	0.9	814.8	18.0	833.6999999999999
1770029	6000.0	1	500.0	0.6	833.7	12.0	846.3000000000001
1712690	9000.0	1	500.0	0.9	846.3	18.0	865.1999999999999
1637544	7000.0	1	500.0	0.7	865.2	14.0	879.9000000000001
1766534	7000.0	1	500.0	0.7	879.9	14.0	894.6
1831606	6000.0	1	500.0	0.6	894.6	12.0	907.2
1778910	6000.0	1	500.0	0.6	907.2	12.0	919.8000000000001
1784437	5000.0	2	1000.0	0.5	0	5.0	5.5
1806154	8000.0	2	1000.0	0.8	5.5	8.0	14.3
1709964	7000.0	2	1000.0	0.7	14.3	7.0	22.0
1638467	7000.0	2	1000.0	0.7	22.0	7.0	29.7
1837430	5000.0	2	1000.0	0.5	29.7	5.0	35.2
1753258	6000.0	2	1000.0	0.6	35.2	6.0	41.800000000000004
1645661	5000.0	2	1000.0	0.5	41.8	5.0	47.3
1645461	6000.0	2	1000.0	0.6	47.3	6.0	53.9
1698434	8000.0	2	1000.0	0.8	53.9	8.0	62.699999999999996
1764502	7000.0	2	1000.0	0.7	62.7	7.0	70.4
1654646	6000.0	2	1000.0	0.6	70.4	6.0	77.0
1659970	7000.0	2	1000.0	0.7	77.0	7.0	84.7
1796228	7000.0	2	1000.0	0.7	84.7	7.0	92.4
1706118	7000.0	2	1000.0	0.7	92.4	7.0	100.10000000000001
1733573	6000.0	2	1000.0	0.6	100.1	6.0	106.69999999999999
1732247	7000.0	2	1000.0	0.7	106.7	7.0	114.4
1797500	6000.0	2	1000.0	0.6	114.4	6.0	121.0
1643120	10000.0	2	1000.0	1.0	121.0	10.0	132.0
1846377	6000.0	2	1000.0	0.6	132.0	6.0	138.6
1774506	8000.0	2	1000.0	0.8	138.6	8.0	147.4
1819184	9000.0	2	1000.0	0.9	147.4	9.0	157.3
1672796	7000.0	2	1000.0	0.7	157.3	7.0	165.0
1736172	7000.0	2	1000.0	0.7	165.0	7.0	172.7
1658569	6000.0	2	1000.0	0.6	172.7	6.0	179.29999999999998
1822215	6000.0	2	1000.0	0.6	179.3	6.0	185.9
1776101	7000.0	2	1000.0	0.7	185.9	7.0	193.6
1700968	7000.0	2	1000.0	0.7	193.6	7.0	201.29999999999998
1800746	6000.0	2	1000.0	0.6	201.3	6.0	207.9
1670520	5000.0	2	1000.0	0.5	207.9	5.0	213.4
1763115	6000.0	2	1000.0	0.6	213.4	6.0	220.0
1702214	5000.0	2	1000.0	0.5	220.0	5.0	225.5
1798435	8000.0	2	1000.0	0.8	225.5	8.0	234.3
1800371	7000.0	2	1000.0	0.7	234.3	7.0	242.0
1800492	7000.0	2	1000.0	0.7	242.0	7.0	249.7
1761899	6000.0	2	1000.0	0.6	249.7	6.0	256.29999999999995
1824413	7000.0	2	1000.0	0.7	256.3	7.0	264.0
1748672	6000.0	2	1000.0	0.6	264.0	6.0	270.6
1828231	7000.0	2	1000.0	0.7	270.6	7.0	278.3
1814022	5000.0	2	1000.0	0.5	278.3	5.0	283.8
1823952	6000.0	2	1000.0	0.6	283.8	6.0	290.40000000000003
1782617	8000.0	2	1000.0	0.8	290.4	8.0	299.2
1809329	5000.0	2	1000.0	0.5	299.2	5.0	304.7
1811369	5000.0	2	1000.0	0.5	304.7	5.0	310.2
1749147	8000.0	2	1000.0	0.8	310.2	8.0	319.0
1831958	8000.0	2	1000.0	0.8	319.0	8.0	327.8
1652561	6000.0	2	1000.0	0.6	327.8	6.0	334.40000000000003
1835127	6000.0	2	1000.0	0.6	334.4	6.0	341.0
1743064	6000.0	2	1000.0	0.6	341.0	6.0	347.6
1683620	8000.0	2	1000.0	0.8	347.6	8.0	356.40000000000003
1824816	6000.0	2	1000.0	0.6	356.4	6.0	363.0
1784809	7000.0	3	1000.0	0.7	0	7.0	7.7
1815182	8000.0	3	1000.0	0.8	7.7	8.0	16.5
1710713	8000.0	3	1000.0	0.8	16.5	8.0	25.3
1805908	8000.0	3	1000.0	0.8	25.3	8.0	34.1
1838909	6000.0	3	1000.0	0.6	34.1	6.0	40.7
1687491	6000.0	3	1000.0	0.6	40.7	6.0	47.300000000000004
1836794	7000.0	3	1000.0	0.7	47.3	7.0	55.0
1838290	6000.0	3	1000.0	0.6	55.0	6.0	61.6
1655617	6000.0	3	1000.0	0.6	61.6	6.0	68.2
1706539	8000.0	3	1000.0	0.8	68.2	8.0	77.0
1773638	7000.0	3	1000.0	0.7	77.0	7.0	84.7
1705992	6000.0	3	1000.0	0.6	84.7	6.0	91.3
1846543	5000.0	3	1000.0	0.5	91.3	5.0	96.8
1846237	7000.0	3	1000.0	0.7	96.8	7.0	104.5
1692430	7000.0	3	1000.0	0.7	104.5	7.0	112.2
1674492	5000.0	3	1000.0	0.5	112.2	5.0	117.7
1732530	9000.0	3	1000.0	0.9	117.7	9.0	127.60000000000001
1758238	6000.0	3	1000.0	0.6	127.6	6.0	134.2
1818683	7000.0	3	1000.0	0.7	134.2	7.0	141.89999999999998
1704127	6000.0	3	1000.0	0.6	141.9	6.0	148.5
1792064	9000.0	3	1000.0	0.9	148.5	9.0	158.4
1672429	5000.0	3	1000.0	0.5	158.4	5.0	163.9
1667980	7000.0	3	1000.0	0.7	163.9	7.0	171.6
1700842	8000.0	3	1000.0	0.8	171.6	8.0	180.4
1699959	6000.0	3	1000.0	0.6	180.4	6.0	187.0
1689088	8000.0	3	1000.0	0.8	187.0	8.0	195.8
1789059	5000.0	3	1000.0	0.5	195.8	5.0	201.3
1639548	6000.0	3	1000.0	0.6	201.3	6.0	207.9
1789488	8000.0	3	1000.0	0.8	207.9	8.0	216.70000000000002
1775646	6000.0	3	1000.0	0.6	216.7	6.0	223.29999999999998
1639258	9000.0	3	1000.0	0.9	223.3	9.0	233.20000000000002
1656731	6000.0	3	1000.0	0.6	233.2	6.0	239.79999999999998
1844400	7000.0	3	1000.0	0.7	239.8	7.0	247.5
1825223	7000.0	3	1000.0	0.7	247.5	7.0	255.2
1725666	7000.0	3	1000.0	0.7	255.2	7.0	262.9
1748585	7000.0	3	1000.0	0.7	262.9	7.0	270.59999999999997
1781357	8000.0	3	1000.0	0.8	270.6	8.0	279.40000000000003
1725998	9000.0	3	1000.0	0.9	279.4	9.0	289.29999999999995
1812306	6000.0	3	1000.0	0.6	289.3	6.0	295.90000000000003
1827915	6000.0	3	1000.0	0.6	295.9	6.0	302.5
1647481	7000.0	3	1000.0	0.7	302.5	7.0	310.2
1660568	6000.0	3	1000.0	0.6	310.2	6.0	316.8
1825570	5000.0	3	1000.0	0.5	316.8	5.0	322.3
1809641	7000.0	3	1000.0	0.7	322.3	7.0	330.0
1809359	8000.0	3	1000.0	0.8	330.0	8.0	338.8
1829510	6000.0	3	1000.0	0.6	338.8	6.0	345.40000000000003
1725334	6000.0	3	1000.0	0.6	345.4	6.0	352.0
1711955	5000.0	3	1000.0	0.5	352.0	5.0	357.5
1809326	8000.0	3	1000.0	0.8	357.5	8.0	366.3
1660527	6000.0	3	1000.0	0.6	366.3	6.0	372.90000000000003
1684235	6000.0	3	1000.0	0.6	372.9	6.0	379.5
1680516	6000.0	3	1000.0	0.6	379.5	6.0	386.1
1712840	6000.0	3	1000.0	0.6	386.1	6.0	392.70000000000005
1824680	6000.0	3	1000.0	0.6	392.7	6.0	399.3
1637118	7000.0	3	1000.0	0.7	399.3	7.0	407.0
1752165	8000.0	3	1000.0	0.8	407.0	8.0	415.8
1712496	6000.0	3	1000.0	0.6	415.8	6.0	422.40000000000003
1715663	6000.0	3	1000.0	0.6	422.4	6.0	429.0
1748315	6000.0	3	1000.0	0.6	429.0	6.0	435.6
1743833	8000.0	3	1000.0	0.8	435.6	8.0	444.40000000000003
1770427	6000.0	3	1000.0	0.6	444.4	6.0	451.0
1661159	7000.0	3	1000.0	0.7	451.0	7.0	458.7
1764964	8000.0	3	1000.0	0.8	458.7	8.0	467.5
1679333	7000.0	4	4000.0	0.7038	0	1.75	2.4538
1654979	7000.0	4	4000.0	0.7038	2.4538	1.75	4.9076
1738369	7000.0	4	4000.0	0.7038	4.9076	1.75	7.361400000000001
1655000	6000.0	4	4000.0	0.6038	7.3614	1.5	9.4652
1837602	7000.0	4	4000.0	0.7038	9.4652	1.75	11.918999999999999
1764067	8000.0	4	4000.0	0.8038	11.919	2.0	14.722800000000001
1837865	8000.0	4	4000.0	0.8038	14.7228	2.0	17.526600000000002
1822957	6000.0	4	4000.0	0.6038	17.5266	1.5	19.630399999999998
1718663	7000.0	4	4000.0	0.7038	19.6304	1.75	22.084200000000003
1805846	9000.0	4	4000.0	0.9038	22.0842	2.25	25.238
1838654	5000.0	4	4000.0	0.5038	25.238	1.25	26.991799999999998
1838653	7000.0	4	4000.0	0.7038	26.9918	1.75	29.445600000000002
1637835	6000.0	4	4000.0	0.6038	29.4456	1.5	31.5494
1638678	6000.0	4	4000.0	0.6038	31.5494	1.5	33.6532
1771450	8000.0	4	4000.0	0.8038	33.6532	2.0	36.457
1694210	8000.0	4	4000.0	0.8038	36.457	2.0	39.2608
1784345	8000.0	4	4000.0	0.8038	39.2608	2.0	42.064600000000006
1706665	8000.0	4	4000.0	0.8038	42.0646	2.0	44.8684
1642512	5000.0	4	4000.0	0.5038	44.8684	1.25	46.6222
1848796	9000.0	4	4000.0	0.9038	46.6222	2.25	49.775999999999996
1818011	11000.0	4	4000.0	1.1038	49.776	2.75	53.6298
1795741	6000.0	4	4000.0	0.6038	53.6298	1.5	55.7336
1820296	7000.0	4	4000.0	0.7038	55.7336	1.75	58.187400000000004
1817760	6000.0	4	4000.0	0.6038	58.1874	1.5	60.291199999999996
1721770	6000.0	4	4000.0	0.6038	60.2912	1.5	62.395
1850828	7000.0	4	4000.0	0.7038	62.395	1.75	64.84880000000001
1641031	5000.0	4	4000.0	0.5038	64.8488	1.25	66.6026
1672618	8000.0	4	4000.0	0.8038	66.6026	2.0	69.40639999999999
1818355	8000.0	4	4000.0	0.8038	69.4064	2.0	72.2102
1757147	6000.0	4	4000.0	0.6038	72.2102	1.5	74.31400000000001
1703518	6000.0	4	4000.0	0.6038	74.314	1.5	76.4178
1708075	8000.0	4	4000.0	0.8038	76.4178	2.0	79.2216
1688930	10000.0	4	4000.0	1.0038	79.2216	2.5	82.7254
1656137	7000.0	4	4000.0	0.7038	82.7254	1.75	85.1792
1729904	7000.0	4	4000.0	0.7038	85.1792	1.75	87.633
1700788	7000.0	4	4000.0	0.7038	87.633	1.75	90.0868
1761448	7000.0	4	4000.0	0.7038	90.0868	1.75	92.5406
1737320	5000.0	4	4000.0	0.5038	92.5406	1.25	94.2944
1798574	9000.0	4	4000.0	0.9038	94.2944	2.25	97.4482
1787854	6000.0	4	4000.0	0.6038	97.4482	1.5	99.552
1787910	9000.0	4	4000.0	0.9038	99.552	2.25	102.70580000000001
1755358	10000.0	4	4000.0	1.0038	102.7058	2.5	106.2096
1755349	6000.0	4	4000.0	0.6038	106.2096	1.5	108.3134
1742031	9000.0	4	4000.0	0.9038	108.3134	2.25	111.4672
1828020	6000.0	4	4000.0	0.6038	111.4672	1.5	113.57100000000001
1835076	7000.0	4	4000.0	0.7038	113.571	1.75	116.0248
1723732	7000.0	4	4000.0	0.7038	116.0248	1.75	118.4786
1750061	9000.0	4	4000.0	0.9038	118.4786	2.25	121.6324
1695714	6000.0	4	4000.0	0.6038	121.6324	1.5	123.73620000000001
1809487	6000.0	4	4000.0	0.6038	123.7362	1.5	125.84
1834719	6000.0	4	4000.0	0.6038	125.84	1.5	127.94380000000001
1653193	7000.0	4	4000.0	0.7038	127.9438	1.75	130.39759999999998
1681901	7000.0	4	4000.0	0.7038	130.3976	1.75	132.8514
1769626	8000.0	4	4000.0	0.8038	132.8514	2.0	135.6552
1811956	7000.0	4	4000.0	0.7038	135.6552	1.75	138.109
1825960	5000.0	4	4000.0	0.5038	138.109	1.25	139.86280000000002
1724521	9000.0	4	4000.0	0.9038	139.8628	2.25	143.01659999999998
1765774	7000.0	4	4000.0	0.7038	143.0166	1.75	145.4704
1664761	9000.0	4	4000.0	0.9038	145.4704	2.25	148.6242
1695221	6000.0	4	4000.0	0.6038	148.6242	1.5	150.728
1742299	7000.0	4	4000.0	0.7038	150.728	1.75	153.1818
1827502	8000.0	4	4000.0	0.8038	153.1818	2.0	155.9856
1836460	5000.0	5	4000.0	0.5038	0	1.25	1.7538
1661924	9000.0	5	4000.0	0.9038	1.7538	2.25	4.9076
1784484	9000.0	5	4000.0	0.9038	4.9076	2.25	8.0614
1694184	7000.0	5	4000.0	0.7038	8.0614	1.75	10.5152
1661565	8000.0	5	4000.0	0.8038	10.5152	2.0	13.319
1660416	7000.0	5	4000.0	0.7038	13.319	1.75	15.7728
1837893	7000.0	5	4000.0	0.7038	15.7728	1.75	18.2266
1670115	7000.0	5	4000.0	0.7038	18.2266	1.75	20.680400000000002
1805864	7000.0	5	4000.0	0.7038	20.6804	1.75	23.1342
1709096	7000.0	5	4000.0	0.7038	23.1342	1.75	25.588
1839016	6000.0	5	4000.0	0.6038	25.588	1.5	27.6918
1805047	15000.0	5	4000.0	1.5038	27.6918	3.75	32.9456
1776487	5000.0	5	4000.0	0.5038	32.9456	1.25	34.6994
1752404	5000.0	5	4000.0	0.5038	34.6994	1.25	36.453199999999995
1698607	10000.0	5	4000.0	1.0038	36.4532	2.5	39.957
1659906	8000.0	5	4000.0	0.8038	39.957	2.0	42.7608
1733386	8000.0	5	4000.0	0.8038	42.7608	2.0	45.564600000000006
1719939	5000.0	5	4000.0	0.5038	45.5646	1.25	47.3184
1760212	9000.0	5	4000.0	0.9038	47.3184	2.25	50.472199999999994
1797601	6000.0	5	4000.0	0.6038	50.4722	1.5	52.576
1663169	7000.0	5	4000.0	0.7038	52.576	1.75	55.0298
1674018	7000.0	5	4000.0	0.7038	55.0298	1.75	57.4836
1641023	6000.0	5	4000.0	0.6038	57.4836	1.5	59.5874
1792115	7000.0	5	4000.0	0.7038	59.5874	1.75	62.0412
1673007	6000.0	5	4000.0	0.6038	62.0412	1.5	64.14500000000001
1672582	6000.0	5	4000.0	0.6038	64.145	1.5	66.2488
1693816	6000.0	5	4000.0	0.6038	66.2488	1.5	68.35260000000001
1754645	6000.0	5	4000.0	0.6038	68.3526	1.5	70.4564
1670197	6000.0	5	4000.0	0.6038	70.4564	1.5	72.56020000000001
1668364	8000.0	5	4000.0	0.8038	72.5602	2.0	75.36399999999999
1718820	8000.0	5	4000.0	0.8038	75.364	2.0	78.1678
1841401	7000.0	5	4000.0	0.7038	78.1678	1.75	80.6216
1775663	7000.0	5	4000.0	0.7038	80.6216	1.75	83.0754
1701691	5000.0	5	4000.0	0.5038	83.0754	1.25	84.8292
1797954	5000.0	5	4000.0	0.5038	84.8292	1.25	86.583
1746600	5000.0	5	4000.0	0.5038	86.583	1.25	88.3368
1843757	7000.0	5	4000.0	0.7038	88.3368	1.75	90.7906
1843267	8000.0	5	4000.0	0.8038	90.7906	2.0	93.5944
1675882	9000.0	5	4000.0	0.9038	93.5944	2.25	96.7482
1682976	7000.0	5	4000.0	0.7038	96.7482	1.75	99.202
1714618	6000.0	5	4000.0	0.6038	99.202	1.5	101.3058
1740060	7000.0	5	4000.0	0.7038	101.3058	1.75	103.7596
1635886	6000.0	5	4000.0	0.6038	103.7596	1.5	105.86340000000001
1807294	8000.0	5	4000.0	0.8038	105.8634	2.0	108.6672
1713920	5000.0	5	4000.0	0.5038	108.6672	1.25	110.42099999999999
1741628	6000.0	5	4000.0	0.6038	110.421	1.5	112.52480000000001
1717585	7000.0	5	4000.0	0.7038	112.5248	1.75	114.9786
1681994	7000.0	5	4000.0	0.7038	114.9786	1.75	117.4324
1767201	6000.0	5	4000.0	0.6038	117.4324	1.5	119.53620000000001
1751779	7000.0	5	4000.0	0.7038	119.5362	1.75	121.99
1684680	6000.0	5	4000.0	0.6038	121.99	1.5	124.0938
1636598	6000.0	5	4000.0	0.6038	124.0938	1.5	126.19760000000001
1749158	8000.0	5	4000.0	0.8038	126.1976	2.0	129.0014
1666151	7000.0	5	4000.0	0.7038	129.0014	1.75	131.4552
1743738	7000.0	5	4000.0	0.7038	131.4552	1.75	133.909
1811563	8000.0	5	4000.0	0.8038	133.909	2.0	136.7128
1806337	6000.0	5	4000.0	0.6038	136.7128	1.5	138.8166
1684004	8000.0	5	4000.0	0.8038	138.8166	2.0	141.6204
1727894	6000.0	5	4000.0	0.6038	141.6204	1.5	143.7242
1838144	8000.0	6	5000.0	0.8038	0	1.6	2.4038
1710212	6000.0	6	5000.0	0.6038	2.4038	1.2	4.2076
1718012	6000.0	6	5000.0	0.6038	4.2076	1.2	6.0114
1665451	6000.0	6	5000.0	0.6038	6.0114	1.2	7.8152
1771212	6000.0	6	5000.0	0.6038	7.8152	1.2	9.619
1654521	6000.0	6	5000.0	0.6038	9.619	1.2	11.422799999999999
1815458	4000.0	6	5000.0	0.4038	11.4228	0.8	12.626600000000002
1699335	7000.0	6	5000.0	0.7038	12.6266	1.4	14.7304
1690661	5000.0	6	5000.0	0.5038	14.7304	1.0	16.2342
1690779	7000.0	6	5000.0	0.7038	16.2342	1.4	18.338
1819872	6000.0	6	5000.0	0.6038	18.338	1.2	20.1418
1795390	5000.0	6	5000.0	0.5038	20.1418	1.0	21.6456
1659888	6000.0	6	5000.0	0.6038	21.6456	1.2	23.4494
1846540	9000.0	6	5000.0	0.9038	23.4494	1.8	26.153200000000002
1820641	6000.0	6	5000.0	0.6038	26.1532	1.2	27.956999999999997
1732029	6000.0	6	5000.0	0.6038	27.957	1.2	29.7608
1760406	5000.0	6	5000.0	0.5038	29.7608	1.0	31.2646
1756350	5000.0	6	5000.0	0.5038	31.2646	1.0	32.7684
1735879	9000.0	6	5000.0	0.9038	32.7684	1.8	35.472199999999994
1659063	10000.0	6	5000.0	1.0038	35.4722	2.0	38.476
1664138	7000.0	6	5000.0	0.7038	38.476	1.4	40.5798
1757662	7000.0	6	5000.0	0.7038	40.5798	1.4	42.6836
1819284	10000.0	6	5000.0	1.0038	42.6836	2.0	45.6874
1640696	6000.0	6	5000.0	0.6038	45.6874	1.2	47.4912
1663767	6000.0	6	5000.0	0.6038	47.4912	1.2	49.295
1668057	6000.0	6	5000.0	0.6038	49.295	1.2	51.098800000000004
1822226	7000.0	6	5000.0	0.7038	51.0988	1.4	53.2026
1667820	9000.0	6	5000.0	0.9038	53.2026	1.8	55.90639999999999
1718850	8000.0	6	5000.0	0.8038	55.9064	1.6	58.3102
1670177	9000.0	6	5000.0	0.9038	58.3102	1.8	61.013999999999996
1763036	6000.0	6	5000.0	0.6038	61.014	1.2	62.817800000000005
1737211	8000.0	6	5000.0	0.8038	62.8178	1.6	65.2216
1737413	6000.0	6	5000.0	0.6038	65.2216	1.2	67.0254
1798009	6000.0	6	5000.0	0.6038	67.0254	1.2	68.82920000000001
1845994	5000.0	6	5000.0	0.5038	68.8292	1.0	70.333
1787855	7000.0	6	5000.0	0.7038	70.333	1.4	72.4368
1689768	5000.0	6	5000.0	0.5038	72.4368	1.0	73.9406
1672841	9000.0	6	5000.0	0.9038	73.9406	1.8	76.6444
1686179	6000.0	6	5000.0	0.6038	76.6444	1.2	78.44820000000001
1714871	7000.0	6	5000.0	0.7038	78.4482	1.4	80.552
1783179	6000.0	6	5000.0	0.6038	80.552	1.2	82.35580000000002
1725219	5000.0	6	5000.0	0.5038	82.3558	1.0	83.8596
1669103	8000.0	6	5000.0	0.8038	83.8596	1.6	86.26339999999999
1725566	8000.0	6	5000.0	0.8038	86.2634	1.6	88.6672
1834094	6000.0	6	5000.0	0.6038	88.6672	1.2	90.471
1751967	6000.0	6	5000.0	0.6038	90.471	1.2	92.27480000000001
1686072	8000.0	6	5000.0	0.8038	92.2748	1.6	94.67859999999999
1825890	3000.0	6	5000.0	0.3038	94.6786	0.6	95.58239999999999
1684059	7000.0	6	5000.0	0.7038	95.5824	1.4	97.68620000000001
1832410	7000.0	6	5000.0	0.7038	97.6862	1.4	99.79
1766414	9000.0	6	5000.0	0.9038	99.79	1.8	102.49380000000001
1812200	8000.0	6	5000.0	0.8038	102.4938	1.6	104.89759999999998
1652880	6000.0	6	5000.0	0.6038	104.8976	1.2	106.7014
1771355	9000.0	7	5000.0	0.9038	0	1.8	2.7038
1805249	6000.0	7	5000.0	0.6038	2.7038	1.2	4.5076
1679457	7000.0	7	5000.0	0.7038	4.5076	1.4	6.6114
1744524	5000.0	7	5000.0	0.5038	6.6114	1.0	8.1152
1694480	12000.0	7	5000.0	1.2038	8.1152	2.4	11.719
1687461	8000.0	7	5000.0	0.8038	11.719	1.6	14.1228
1785217	6000.0	7	5000.0	0.6038	14.1228	1.2	15.926599999999999
1747682	6000.0	7	5000.0	0.6038	15.9266	1.2	17.7304
1752354	6000.0	7	5000.0	0.6038	17.7304	1.2	19.5342
1709405	7000.0	7	5000.0	0.7038	19.5342	1.4	21.637999999999998
1804016	7000.0	7	5000.0	0.7038	21.638	1.4	23.7418
1784318	8000.0	7	5000.0	0.8038	23.7418	1.6	26.1456
1783835	9000.0	7	5000.0	0.9038	26.1456	1.8	28.849400000000003
1690789	7000.0	7	5000.0	0.7038	28.8494	1.4	30.9532
1640030	6000.0	7	5000.0	0.6038	30.9532	1.2	32.757
1795574	6000.0	7	5000.0	0.6038	32.757	1.2	34.5608
1707108	6000.0	7	5000.0	0.6038	34.5608	1.2	36.3646
1775564	6000.0	7	5000.0	0.6038	36.3646	1.2	38.168400000000005
1820678	8000.0	7	5000.0	0.8038	38.1684	1.6	40.5722
1643273	6000.0	7	5000.0	0.6038	40.5722	1.2	42.376000000000005
1732705	7000.0	7	5000.0	0.7038	42.376	1.4	44.4798
1796878	7000.0	7	5000.0	0.7038	44.4798	1.4	46.5836
1760374	8000.0	7	5000.0	0.8038	46.5836	1.6	48.9874
1706680	5000.0	7	5000.0	0.5038	48.9874	1.0	50.4912
1706950	5000.0	7	5000.0	0.5038	50.4912	1.0	51.995
1703147	6000.0	7	5000.0	0.6038	51.995	1.2	53.7988
1721575	7000.0	7	5000.0	0.7038	53.7988	1.4	55.9026
1704470	5000.0	7	5000.0	0.5038	55.9026	1.0	57.4064
1734823	9000.0	7	5000.0	0.9038	57.4064	1.8	60.11019999999999
1759293	8000.0	7	5000.0	0.8038	60.1102	1.6	62.514
1708372	7000.0	7	5000.0	0.7038	62.514	1.4	64.6178
1840551	8000.0	7	5000.0	0.8038	64.6178	1.6	67.02159999999999
1802158	7000.0	7	5000.0	0.7038	67.0216	1.4	69.12540000000001
1798146	7000.0	7	5000.0	0.7038	69.1254	1.4	71.2292
1657496	7000.0	7	5000.0	0.7038	71.2292	1.4	73.33300000000001
1656859	6000.0	7	5000.0	0.6038	73.333	1.2	75.13680000000001
1799996	7000.0	7	5000.0	0.7038	75.1368	1.4	77.2406
1814425	6000.0	7	5000.0	0.6038	77.2406	1.2	79.04440000000001
1828373	5000.0	7	5000.0	0.5038	79.0444	1.0	80.5482
1812405	7000.0	7	5000.0	0.7038	80.5482	1.4	82.652
1765527	8000.0	7	5000.0	0.8038	82.652	1.6	85.05579999999999
1695402	7000.0	7	5000.0	0.7038	85.0558	1.4	87.15960000000001
1711652	7000.0	7	5000.0	0.7038	87.1596	1.4	89.2634
1780562	6000.0	7	5000.0	0.6038	89.2634	1.2	91.06720000000001
1684841	6000.0	7	5000.0	0.6038	91.0672	1.2	92.87100000000001
1829584	7000.0	7	5000.0	0.7038	92.871	1.4	94.9748
1650544	8000.0	7	5000.0	0.8038	94.9748	1.6	97.37859999999999
1809283	9000.0	7	5000.0	0.9038	97.3786	1.8	100.0824
1829990	6000.0	7	5000.0	0.6038	100.0824	1.2	101.88620000000002
1727938	7000.0	7	5000.0	0.7038	101.8862	1.4	103.99000000000001
1717054	7000.0	7	5000.0	0.7038	103.99	1.4	106.0938
1748204	7000.0	7	5000.0	0.7038	106.0938	1.4	108.19760000000001
1833448	5000.0	7	5000.0	0.5038	108.1976	1.0	109.70139999999999
1726385	7000.0	7	5000.0	0.7038	109.7014	1.4	111.80520000000001
1826297	8000.0	7	5000.0	0.8038	111.8052	1.6	114.20899999999999
1826583	7000.0	7	5000.0	0.7038	114.209	1.4	116.31280000000001
1712555	5000.0	7	5000.0	0.5038	116.3128	1.0	117.8166
1810884	8000.0	7	5000.0	0.8038	117.8166	1.6	120.22039999999998
1824804	6000.0	7	5000.0	0.6038	120.2204	1.2	122.02420000000001
1765583	7000.0	7	5000.0	0.7038	122.0242	1.4	124.128
1716862	6000.0	7	5000.0	0.6038	124.128	1.2	125.93180000000001
1694988	7000.0	7	5000.0	0.7038	125.9318	1.4	128.0356
1683634	7000.0	7	5000.0	0.7038	128.0356	1.4	130.1394
1715920	7000.0	7	5000.0	0.7038	130.1394	1.4	132.2432
1715260	10000.0	7	5000.0	1.0038	132.2432	2.0	135.247
1710670	6000.0	8	5000.0	0.6067	0	1.2	1.8067
1747442	7000.0	8	5000.0	0.7067	1.8067	1.4	3.9133999999999998
1763560	6000.0	8	5000.0	0.6067	3.9134	1.2	5.7201
1678489	7000.0	8	5000.0	0.7067	5.7201	1.4	7.8268
1654948	6000.0	8	5000.0	0.6067	7.8268	1.2	9.6335
1744418	7000.0	8	5000.0	0.7067	9.6335	1.4	11.7402
1738986	7000.0	8	5000.0	0.7067	11.7402	1.4	13.8469
1661898	7000.0	8	5000.0	0.7067	13.8469	1.4	15.9536
1838842	9000.0	8	5000.0	0.9067	15.9536	1.8	18.6603
1661637	6000.0	8	5000.0	0.6067	18.6603	1.2	20.467
1736558	9000.0	8	5000.0	0.9067	20.467	1.8	23.1737
1795599	6000.0	8	5000.0	0.6067	23.1737	1.2	24.9804
1657932	7000.0	8	5000.0	0.7067	24.9804	1.4	27.0871
1702647	7000.0	8	5000.0	0.7067	27.0871	1.4	29.1938
1797587	8000.0	8	5000.0	0.8067	29.1938	1.6	31.6005
1789941	6000.0	8	5000.0	0.6067	31.6005	1.2	33.4072
1666522	7000.0	8	5000.0	0.7067	33.4072	1.4	35.5139
1758370	6000.0	8	5000.0	0.6067	35.5139	1.2	37.3206
1793213	6000.0	8	5000.0	0.6067	37.3206	1.2	39.127300000000005
1735034	6000.0	8	5000.0	0.6067	39.1273	1.2	40.934
1704235	7000.0	8	5000.0	0.7067	40.934	1.4	43.040699999999994
1757986	6000.0	8	5000.0	0.6067	43.0407	1.2	44.84740000000001
1692181	7000.0	8	5000.0	0.7067	44.8474	1.4	46.9541
1792457	6000.0	8	5000.0	0.6067	46.9541	1.2	48.7608
1663723	6000.0	8	5000.0	0.6067	48.7608	1.2	50.56750000000001
1668083	6000.0	8	5000.0	0.6067	50.5675	1.2	52.3742
1821977	7000.0	8	5000.0	0.7067	52.3742	1.4	54.4809
1801816	8000.0	8	5000.0	0.8067	54.4809	1.6	56.8876
1822102	5000.0	8	5000.0	0.5067	56.8876	1.0	58.3943
1801163	7000.0	8	5000.0	0.7067	58.3943	1.4	60.501
1730147	7000.0	8	5000.0	0.7067	60.501	1.4	62.607699999999994
1775956	7000.0	8	5000.0	0.7067	62.6077	1.4	64.7144
1676036	6000.0	8	5000.0	0.6067	64.7144	1.2	66.5211
1762951	4000.0	8	5000.0	0.4067	66.5211	0.8	67.7278
1656393	5000.0	8	5000.0	0.5067	67.7278	1.0	69.2345
1841449	7000.0	8	5000.0	0.7067	69.2345	1.4	71.3412
1731337	7000.0	8	5000.0	0.7067	71.3412	1.4	73.4479
1817380	5000.0	8	5000.0	0.5067	73.4479	1.0	74.9546
1643454	6000.0	8	5000.0	0.6067	74.9546	1.2	76.7613
1798199	7000.0	8	5000.0	0.7067	76.7613	1.4	78.86800000000001
1707246	8000.0	8	5000.0	0.8067	78.868	1.6	81.2747
1675578	7000.0	8	5000.0	0.7067	81.2747	1.4	83.3814
1775770	8000.0	8	5000.0	0.8067	83.3814	1.6	85.7881
1768112	8000.0	8	5000.0	0.8067	85.7881	1.6	88.1948
1809042	8000.0	8	5000.0	0.8067	88.1948	1.6	90.6015
1683069	8000.0	8	5000.0	0.8067	90.6015	1.6	93.0082
1743548	8000.0	8	5000.0	0.8067	93.0082	1.6	95.4149
1682696	7000.0	8	5000.0	0.7067	95.4149	1.4	97.5216
1650854	6000.0	8	5000.0	0.6067	97.5216	1.2	99.32830000000001
1649592	6000.0	8	5000.0	0.6067	99.3283	1.2	101.135
1748078	7000.0	8	5000.0	0.7067	101.135	1.4	103.24170000000001
1752069	8000.0	8	5000.0	0.8067	103.2417	1.6	105.6484
1833712	7000.0	8	5000.0	0.7067	105.6484	1.4	107.7551
1825013	6000.0	8	5000.0	0.6067	107.7551	1.2	109.5618
1698001	8000.0	8	5000.0	0.8067	109.5618	1.6	111.9685
1782823	7000.0	8	5000.0	0.7067	111.9685	1.4	114.07520000000001
1767660	6000.0	8	5000.0	0.6067	114.0752	1.2	115.8819
1650835	7000.0	8	5000.0	0.7067	115.8819	1.4	117.9886
1652718	6000.0	8	5000.0	0.6067	117.9886	1.2	119.79530000000001
1833053	7000.0	8	5000.0	0.7067	119.7953	1.4	121.902
1807776	8000.0	8	5000.0	0.8067	121.902	1.6	124.3087
1666130	6000.0	8	5000.0	0.6067	124.3087	1.2	126.11540000000001
1781673	7000.0	8	5000.0	0.7067	126.1154	1.4	128.22209999999998
1715669	5000.0	8	5000.0	0.5067	128.2221	1.0	129.7288
1832386	5000.0	8	5000.0	0.5067	129.7288	1.0	131.2355
1636993	9000.0	8	5000.0	0.9067	131.2355	1.8	133.9422
1685791	7000.0	8	5000.0	0.7067	133.9422	1.4	136.04890000000003
1804348	6000.0	9	6000.0	0.6067	0	1.0	1.6067
1806143	10000.0	9	6000.0	1.0067	1.6067	1.6667	4.2801
1645654	6000.0	9	6000.0	0.6067	4.2801	1.0	5.8868
1747369	7000.0	9	6000.0	0.7067	5.8868	1.1667	7.760199999999999
1804925	6000.0	9	6000.0	0.6067	7.7602	1.0	9.366900000000001
1694583	7000.0	9	6000.0	0.7067	9.3669	1.1667	11.2403
1848027	7000.0	9	6000.0	0.7067	11.2403	1.1667	13.1137
1760087	6000.0	9	6000.0	0.6067	13.1137	1.0	14.7204
1818070	7000.0	9	6000.0	0.7067	14.7204	1.1667	16.593799999999998
1706241	7000.0	9	6000.0	0.7067	16.5938	1.1667	18.467200000000002
1759784	8000.0	9	6000.0	0.8067	18.4672	1.3333	20.6072
1820196	6000.0	9	6000.0	0.6067	20.6072	1.0	22.2139
1847172	6000.0	9	6000.0	0.6067	22.2139	1.0	23.8206
1643097	5000.0	9	6000.0	0.5067	23.8206	0.8333	25.1606
1793459	7000.0	9	6000.0	0.7067	25.1606	1.1667	27.034
1659542	5000.0	9	6000.0	0.5067	27.034	0.8333	28.374
1664082	5000.0	9	6000.0	0.5067	28.374	0.8333	29.714
1758166	6000.0	9	6000.0	0.6067	29.714	1.0	31.3207
1734278	4000.0	9	6000.0	0.4067	31.3207	0.6667	32.3941
1849838	6000.0	9	6000.0	0.6067	32.3941	1.0	34.0008
1720348	6000.0	9	6000.0	0.6067	34.0008	1.0	35.6075
1849848	9000.0	9	6000.0	0.9067	35.6075	1.5	38.0142
1721936	6000.0	9	6000.0	0.6067	38.0142	1.0	39.620900000000006
1731865	6000.0	9	6000.0	0.6067	39.6209	1.0	41.227599999999995
1787371	6000.0	9	6000.0	0.6067	41.2276	1.0	42.8343
1776087	6000.0	9	6000.0	0.6067	42.8343	1.0	44.441
1802057	8000.0	9	6000.0	0.8067	44.441	1.3333	46.581
1816687	7000.0	9	6000.0	0.7067	46.581	1.1667	48.4544
1689537	7000.0	9	6000.0	0.7067	48.4544	1.1667	50.327799999999996
1787756	6000.0	9	6000.0	0.6067	50.3278	1.0	51.9345
1700796	6000.0	9	6000.0	0.6067	51.9345	1.0	53.5412
1729434	7000.0	9	6000.0	0.7067	53.5412	1.1667	55.4146
1763270	8000.0	9	6000.0	0.8067	55.4146	1.3333	57.5546
1841569	4000.0	9	6000.0	0.4067	57.5546	0.6667	58.628
1729796	5000.0	9	6000.0	0.5067	58.628	0.8333	59.968
1729650	7000.0	9	6000.0	0.7067	59.968	1.1667	61.8414
1701907	13000.0	9	6000.0	1.3067	61.8414	2.1667	65.3148
1761327	6000.0	9	6000.0	0.6067	65.3148	1.0	66.92150000000001
1772906	5000.0	9	6000.0	0.5067	66.9215	0.8333	68.26149999999998
1731646	6000.0	9	6000.0	0.6067	68.2615	1.0	69.8682
1731564	6000.0	9	6000.0	0.6067	69.8682	1.0	71.4749
1800280	6000.0	9	6000.0	0.6067	71.4749	1.0	73.08160000000001
1788237	6000.0	9	6000.0	0.6067	73.0816	1.0	74.6883
1689695	6000.0	9	6000.0	0.6067	74.6883	1.0	76.295
1762039	6000.0	9	6000.0	0.6067	76.295	1.0	77.9017
1744040	6000.0	9	6000.0	0.6067	77.9017	1.0	79.50840000000001
1782482	7000.0	9	6000.0	0.7067	79.5084	1.1667	81.3818
1812801	7000.0	9	6000.0	0.7067	81.3818	1.1667	83.2552
1807104	9000.0	9	6000.0	0.9067	83.2552	1.5	85.6619
1726965	7000.0	9	6000.0	0.7067	85.6619	1.1667	87.5353
1696574	6000.0	9	6000.0	0.6067	87.5353	1.0	89.14200000000001
1694968	6000.0	9	6000.0	0.6067	89.142	1.0	90.7487
1810481	7000.0	9	6000.0	0.7067	90.7487	1.1667	92.6221
1697906	8000.0	9	6000.0	0.8067	92.6221	1.3333	94.7621
1828484	9000.0	9	6000.0	0.9067	94.7621	1.5	97.1688
1682340	9000.0	9	6000.0	0.9067	97.1688	1.5	99.5755
1741801	7000.0	9	6000.0	0.7067	99.5755	1.1667	101.44890000000001
1767766	8000.0	9	6000.0	0.8067	101.4489	1.3333	103.5889
1649012	7000.0	9	6000.0	0.7067	103.5889	1.1667	105.4623
1652478	6000.0	9	6000.0	0.6067	105.4623	1.0	107.069
1717080	8000.0	9	6000.0	0.8067	107.069	1.3333	109.209
1781934	6000.0	9	6000.0	0.6067	109.209	1.0	110.8157
1728063	5000.0	9	6000.0	0.5067	110.8157	0.8333	112.1557
1713225	6000.0	9	6000.0	0.6067	112.1557	1.0	113.7624
1742302	7000.0	9	6000.0	0.7067	113.7624	1.1667	115.6358
1808659	8000.0	9	6000.0	0.8067	115.6358	1.3333	117.7758
1835182	6000.0	9	6000.0	0.6067	117.7758	1.0	119.38250000000001
1831452	7000.0	9	6000.0	0.7067	119.3825	1.1667	121.2559
1713053	7000.0	9	6000.0	0.7067	121.2559	1.1667	123.1293
1784806	8000.0	10	6000.0	0.8067	0	1.3333	2.1399999999999997
1836600	6000.0	10	6000.0	0.6067	2.14	1.0	3.7467
1806219	6000.0	10	6000.0	0.6067	3.7467	1.0	5.353400000000001
1840283	6000.0	10	6000.0	0.6067	5.3534	1.0	6.9601
1677314	6000.0	10	6000.0	0.6067	6.9601	1.0	8.5668
1823339	4000.0	10	6000.0	0.4067	8.5668	0.6667	9.640200000000002
1655565	6000.0	10	6000.0	0.6067	9.6402	1.0	11.2469
1728835	7000.0	10	6000.0	0.7067	11.2469	1.1667	13.1203
1699058	9000.0	10	6000.0	0.9067	13.1203	1.5	15.527000000000001
1694438	6000.0	10	6000.0	0.6067	15.527	1.0	17.133699999999997
1790383	6000.0	10	6000.0	0.6067	17.1337	1.0	18.7404
1847788	8000.0	10	6000.0	0.8067	18.7404	1.3333	20.8804
1706336	7000.0	10	6000.0	0.7067	20.8804	1.1667	22.753800000000002
1745878	5000.0	10	6000.0	0.5067	22.7538	0.8333	24.093799999999998
1719597	6000.0	10	6000.0	0.6067	24.0938	1.0	25.7005
1756683	8000.0	10	6000.0	0.8067	25.7005	1.3333	27.840500000000002
1657941	6000.0	10	6000.0	0.6067	27.8405	1.0	29.4472
1692307	7000.0	10	6000.0	0.7067	29.4472	1.1667	31.3206
1721581	8000.0	10	6000.0	0.8067	31.3206	1.3333	33.4606
1793341	7000.0	10	6000.0	0.7067	33.4606	1.1667	35.333999999999996
1745249	6000.0	10	6000.0	0.6067	35.334	1.0	36.94070000000001
1745200	5000.0	10	6000.0	0.5067	36.9407	0.8333	38.2807
1851873	7000.0	10	6000.0	0.7067	38.2807	1.1667	40.1541
1659014	8000.0	10	6000.0	0.8067	40.1541	1.3333	42.2941
1691522	8000.0	10	6000.0	0.8067	42.2941	1.3333	44.4341
1703494	6000.0	10	6000.0	0.6067	44.4341	1.0	46.040800000000004
1787426	8000.0	10	6000.0	0.8067	46.0408	1.3333	48.1808
1754603	8000.0	10	6000.0	0.8067	48.1808	1.3333	50.3208
1787431	6000.0	10	6000.0	0.6067	50.3208	1.0	51.927499999999995
1843089	6000.0	10	6000.0	0.6067	51.9275	1.0	53.5342
1816651	6000.0	10	6000.0	0.6067	53.5342	1.0	55.1409
1693550	9000.0	10	6000.0	0.9067	55.1409	1.5	57.5476
1842905	8000.0	10	6000.0	0.8067	57.5476	1.3333	59.6876
1822613	6000.0	10	6000.0	0.6067	59.6876	1.0	61.29430000000001
1772020	5000.0	10	6000.0	0.5067	61.2943	0.8333	62.6343
1723245	7000.0	10	6000.0	0.7067	62.6343	1.1667	64.5077
1843768	5000.0	10	6000.0	0.5067	64.5077	0.8333	65.84769999999999
1800541	7000.0	10	6000.0	0.7067	65.8477	1.1667	67.7211
1778636	6000.0	10	6000.0	0.6067	67.7211	1.0	69.32780000000001
1781026	6000.0	10	6000.0	0.6067	69.3278	1.0	70.9345
1683041	7000.0	10	6000.0	0.7067	70.9345	1.1667	72.8079
1766907	5000.0	10	6000.0	0.5067	72.8079	0.8333	74.14789999999999
1752054	8000.0	10	6000.0	0.8067	74.1479	1.3333	76.28790000000001
1649604	7000.0	10	6000.0	0.7067	76.2879	1.1667	78.1613
1695535	7000.0	10	6000.0	0.7067	78.1613	1.1667	80.0347
1666307	6000.0	10	6000.0	0.6067	80.0347	1.0	81.6414
1653338	8000.0	10	6000.0	0.8067	81.6414	1.3333	83.7814
1714440	7000.0	10	6000.0	0.7067	83.7814	1.1667	85.65480000000001
1724155	5000.0	10	6000.0	0.5067	85.6548	0.8333	86.99479999999998
1752075	8000.0	10	6000.0	0.8067	86.9948	1.3333	89.1348
1698218	5000.0	10	6000.0	0.5067	89.1348	0.8333	90.47479999999999
1835411	9000.0	10	6000.0	0.9067	90.4748	1.5	92.8815
1831835	5000.0	10	6000.0	0.5067	92.8815	0.8333	94.22149999999999
1637116	7000.0	10	6000.0	0.7067	94.2215	1.1667	96.09490000000001
1660931	9000.0	10	6000.0	0.9067	96.0949	1.5	98.5016
1679506	8000.0	10	6000.0	0.8067	98.5016	1.3333	100.6416
1827433	8000.0	10	6000.0	0.8067	100.6416	1.3333	102.7816
1813142	7000.0	10	6000.0	0.7067	102.7816	1.1667	104.655
1636787	6000.0	10	6000.0	0.6067	104.655	1.0	106.2617
1638515	10000.0	11	6000.0	1.0067	0	1.6667	2.6734
1688711	8000.0	11	6000.0	0.8067	2.6734	1.3333	4.8134
1718534	9000.0	11	6000.0	0.9067	4.8134	1.5	7.2200999999999995
1709220	6000.0	11	6000.0	0.6067	7.2201	1.0	8.8268
1637613	5000.0	11	6000.0	0.5067	8.8268	0.8333	10.1668
1718103	7000.0	11	6000.0	0.7067	10.1668	1.1667	12.0402
1687072	8000.0	11	6000.0	0.8067	12.0402	1.3333	14.1802
1698454	6000.0	11	6000.0	0.6067	14.1802	1.0	15.7869
1710951	7000.0	11	6000.0	0.7067	15.7869	1.1667	17.6603
1739205	8000.0	11	6000.0	0.8067	17.6603	1.3333	19.8003
1836036	7000.0	11	6000.0	0.7067	19.8003	1.1667	21.6737
1764446	8000.0	11	6000.0	0.8067	21.6737	1.3333	23.8137
1844170	7000.0	11	6000.0	0.7067	23.8137	1.1667	25.6871
1745980	7000.0	11	6000.0	0.7067	25.6871	1.1667	27.5605
1773541	6000.0	11	6000.0	0.6067	27.5605	1.0	29.1672
1690692	8000.0	11	6000.0	0.8067	29.1672	1.3333	31.3072
1789840	6000.0	11	6000.0	0.6067	31.3072	1.0	32.9139
1756196	6000.0	11	6000.0	0.6067	32.9139	1.0	34.5206
1756232	6000.0	11	6000.0	0.6067	34.5206	1.0	36.127300000000005
1722267	5000.0	11	6000.0	0.5067	36.1273	0.8333	37.4673
1850785	9000.0	11	6000.0	0.9067	37.4673	1.5	39.874
1793306	6000.0	11	6000.0	0.6067	39.874	1.0	41.4807
1851713	7000.0	11	6000.0	0.7067	41.4807	1.1667	43.354099999999995
1757244	6000.0	11	6000.0	0.6067	43.3541	1.0	44.960800000000006
1641991	7000.0	11	6000.0	0.7067	44.9608	1.1667	46.834199999999996
1757298	7000.0	11	6000.0	0.7067	46.8342	1.1667	48.7076
1800932	6000.0	11	6000.0	0.6067	48.7076	1.0	50.3143
1822361	9000.0	11	6000.0	0.9067	50.3143	1.5	52.721000000000004
1700615	7000.0	11	6000.0	0.7067	52.721	1.1667	54.59439999999999
1799019	8000.0	11	6000.0	0.8067	54.5944	1.3333	56.7344
1722539	6000.0	11	6000.0	0.6067	56.7344	1.0	58.3411
1761366	12000.0	11	6000.0	1.2067	58.3411	2.0	61.547799999999995
1799478	7000.0	11	6000.0	0.7067	61.5478	1.1667	63.4212
1821662	7000.0	11	6000.0	0.7067	63.4212	1.1667	65.2946
1800076	8000.0	11	6000.0	0.8067	65.2946	1.3333	67.4346
1834832	4000.0	11	6000.0	0.4067	67.4346	0.6667	68.50800000000001
1725678	5000.0	11	6000.0	0.5067	68.508	0.8333	69.84799999999998
1810348	6000.0	11	6000.0	0.6067	69.848	1.0	71.4547
1725586	6000.0	11	6000.0	0.6067	71.4547	1.0	73.0614
1711522	8000.0	11	6000.0	0.8067	73.0614	1.3333	75.2014
1769191	6000.0	11	6000.0	0.6067	75.2014	1.0	76.80810000000001
1636039	8000.0	11	6000.0	0.8067	76.8081	1.3333	78.9481
1749415	6000.0	11	6000.0	0.6067	78.9481	1.0	80.5548
1743222	7000.0	11	6000.0	0.7067	80.5548	1.1667	82.4282
1824068	5000.0	11	6000.0	0.5067	82.4282	0.8333	83.7682
1743602	7000.0	11	6000.0	0.7067	83.7682	1.1667	85.6416
1697093	6000.0	11	6000.0	0.6067	85.6416	1.0	87.2483
1716673	7000.0	11	6000.0	0.7067	87.2483	1.1667	89.1217
1825560	12000.0	11	6000.0	1.2067	89.1217	2.0	92.3284
1829635	6000.0	11	6000.0	0.6067	92.3284	1.0	93.9351
1646472	7000.0	11	6000.0	0.7067	93.9351	1.1667	95.80850000000001
1739725	6000.0	11	6000.0	0.6067	95.8085	1.0	97.4152
1648093	7000.0	11	6000.0	0.7067	97.4152	1.1667	99.2886
1748782	6000.0	11	6000.0	0.6067	99.2886	1.0	100.8953
1727404	9000.0	11	6000.0	0.9067	100.8953	1.5	103.302
1725432	8000.0	11	6000.0	0.8067	103.302	1.3333	105.44200000000001
1834022	7000.0	11	6000.0	0.7067	105.442	1.1667	107.3154
1742585	7000.0	11	6000.0	0.7067	107.3154	1.1667	109.1888
1766113	6000.0	11	6000.0	0.6067	109.1888	1.0	110.7955
1685543	6000.0	11	6000.0	0.6067	110.7955	1.0	112.40220000000001
1768579	7000.0	11	6000.0	0.7067	112.4022	1.1667	114.2756
1685574	8000.0	11	6000.0	0.8067	114.2756	1.3333	116.4156
1780548	7000.0	11	6000.0	0.7067	116.4156	1.1667	118.289
1727848	6000.0	11	6000.0	0.6067	118.289	1.0	119.8957
1743693	6000.0	11	6000.0	0.6067	119.8957	1.0	121.50240000000001
1651510	7000.0	11	6000.0	0.7067	121.5024	1.1667	123.3758
1637964	6000.0	12	6000.0	0.6	0	1.0	1.6
1806243	6000.0	12	6000.0	0.6	1.6	1.0	3.2
1752528	6000.0	12	6000.0	0.6	3.2	1.0	4.800000000000001
1837400	8000.0	12	6000.0	0.8	4.8	1.3333	6.933299999999999
1764630	6000.0	12	6000.0	0.6	6.9333	1.0	8.5333
1738684	7000.0	12	6000.0	0.7	8.5333	1.1667	10.4
1836714	7000.0	12	6000.0	0.7	10.4	1.1667	12.2667
1764582	6000.0	12	6000.0	0.6	12.2667	1.0	13.8667
1710548	10000.0	12	6000.0	1.0	13.8667	1.6667	16.5334
1661499	6000.0	12	6000.0	0.6	16.5334	1.0	18.1334
1728510	5000.0	12	6000.0	0.5	18.1334	0.8333	19.466700000000003
1642893	7000.0	12	6000.0	0.7	19.4667	1.1667	21.333399999999997
1692247	6000.0	12	6000.0	0.6	21.3334	1.0	22.933400000000002
1759782	6000.0	12	6000.0	0.6	22.9334	1.0	24.5334
1722359	8000.0	12	6000.0	0.8	24.5334	1.3333	26.666700000000002
1846809	7000.0	12	6000.0	0.7	26.6667	1.1667	28.533399999999997
1690578	10000.0	12	6000.0	1.0	28.5334	1.6667	31.2001
1818864	8000.0	12	6000.0	0.8	31.2001	1.3333	33.3334
1642407	8000.0	12	6000.0	0.8	33.3334	1.3333	35.466699999999996
1734094	6000.0	12	6000.0	0.6	35.4667	1.0	37.066700000000004
1703409	6000.0	12	6000.0	0.6	37.0667	1.0	38.6667
1691490	6000.0	12	6000.0	0.6	38.6667	1.0	40.2667
1705551	7000.0	12	6000.0	0.7	40.2667	1.1667	42.1334
1703577	7000.0	12	6000.0	0.7	42.1334	1.1667	44.0001
1658729	7000.0	12	6000.0	0.7	44.0001	1.1667	45.866800000000005
1735943	7000.0	12	6000.0	0.7	45.8668	1.1667	47.7335
1691739	7000.0	12	6000.0	0.7	47.7335	1.1667	49.6002
1644713	9000.0	12	6000.0	0.9	49.6002	1.5	52.0002
1708156	8000.0	12	6000.0	0.8	52.0002	1.3333	54.1335
1762120	6000.0	12	6000.0	0.6	54.1335	1.0	55.7335
1771807	7000.0	12	6000.0	0.7	55.7335	1.1667	57.6002
1700239	6000.0	12	6000.0	0.6	57.6002	1.0	59.2002
1803186	7000.0	12	6000.0	0.7	59.2002	1.1667	61.066900000000004
1816061	5000.0	12	6000.0	0.5	61.0669	0.8333	62.4002
1763337	5000.0	12	6000.0	0.5	62.4002	0.8333	63.7335
1729678	6000.0	12	6000.0	0.6	63.7335	1.0	65.3335
1690182	7000.0	12	6000.0	0.7	65.3335	1.1667	67.20020000000001
1798211	5000.0	12	6000.0	0.5	67.2002	0.8333	68.53349999999999
1707261	6000.0	12	6000.0	0.6	68.5335	1.0	70.1335
1707791	6000.0	12	6000.0	0.6	70.1335	1.0	71.73349999999999
1843417	7000.0	12	6000.0	0.7	71.7335	1.1667	73.60020000000002
1643917	7000.0	12	6000.0	0.7	73.6002	1.1667	75.46690000000001
1761840	5000.0	12	6000.0	0.5	75.4669	0.8333	76.80019999999999
1768348	9000.0	12	6000.0	0.9	76.8002	1.5	79.20020000000001
1723839	8000.0	12	6000.0	0.8	79.2002	1.3333	81.33349999999999
1664670	10000.0	12	6000.0	1.0	81.3335	1.6667	84.0002
1739719	9000.0	12	6000.0	0.9	84.0002	1.5	86.40020000000001
1682667	6000.0	12	6000.0	0.6	86.4002	1.0	88.00019999999999
1834017	8000.0	12	6000.0	0.8	88.0002	1.3333	90.1335
1769629	8000.0	12	6000.0	0.8	90.1335	1.3333	92.26679999999999
1809994	7000.0	12	6000.0	0.7	92.2668	1.1667	94.13350000000001
1769665	8000.0	12	6000.0	0.8	94.1335	1.3333	96.26679999999999
1696184	7000.0	12	6000.0	0.7	96.2668	1.1667	98.13350000000001
1808385	7000.0	12	6000.0	0.7	98.1335	1.1667	100.0002
1740282	8000.0	12	6000.0	0.8	100.0002	1.3333	102.1335
1685799	9000.0	12	6000.0	0.9	102.1335	1.5	104.5335
1835510	6000.0	12	6000.0	0.6	104.5335	1.0	106.1335
1695118	8000.0	12	6000.0	0.8	106.1335	1.3333	108.26679999999999
1652371	8000.0	12	6000.0	0.8	108.2668	1.3333	110.4001
1723706	8000.0	12	6000.0	0.8	110.4001	1.3333	112.53339999999999
1697240	7000.0	12	6000.0	0.7	112.5334	1.1667	114.40010000000001
1835221	7000.0	12	6000.0	0.7	114.4001	1.1667	116.2668
1769934	7000.0	12	6000.0	0.7	116.2668	1.1667	118.13350000000001
1766395	6000.0	12	6000.0	0.6	118.1335	1.0	119.73349999999999
1836296	6000.0	13	8000.0	0.6	0	0.75	1.35
1709869	7000.0	13	8000.0	0.7	1.35	0.875	2.925
1668869	8000.0	13	8000.0	0.8	2.925	1.0	4.725
1738482	6000.0	13	8000.0	0.6	4.725	0.75	6.074999999999999
1699565	5000.0	13	8000.0	0.5	6.075	0.625	7.2
1655126	6000.0	13	8000.0	0.6	7.2	0.75	8.55
1679005	7000.0	13	8000.0	0.7	8.55	0.875	10.125
1836610	8000.0	13	8000.0	0.8	10.125	1.0	11.925
1655562	6000.0	13	8000.0	0.6	11.925	0.75	13.275
1677849	6000.0	13	8000.0	0.6	13.275	0.75	14.625
1690924	6000.0	13	8000.0	0.6	14.625	0.75	15.975
1642670	6000.0	13	8000.0	0.6	15.975	0.75	17.325
1817970	6000.0	13	8000.0	0.6	17.325	0.75	18.675
1745919	8000.0	13	8000.0	0.8	18.675	1.0	20.475
1848351	7000.0	13	8000.0	0.7	20.475	0.875	22.05
1660281	10000.0	13	8000.0	1.0	22.05	1.25	24.3
1719526	6000.0	13	8000.0	0.6	24.3	0.75	25.650000000000002
1758376	7000.0	13	8000.0	0.7	25.65	0.875	27.224999999999998
1758395	8000.0	13	8000.0	0.8	27.225	1.0	29.025000000000002
1850897	6000.0	13	8000.0	0.6	29.025	0.75	30.375
1735038	7000.0	13	8000.0	0.7	30.375	0.875	31.95
1720893	6000.0	13	8000.0	0.6	31.95	0.75	33.3
1757614	8000.0	13	8000.0	0.8	33.3	1.0	35.099999999999994
1745110	11000.0	13	8000.0	1.1	35.1	1.375	37.575
1734817	8000.0	13	8000.0	0.8	37.575	1.0	39.375
1666853	7000.0	13	8000.0	0.7	39.375	0.875	40.95
1736505	6000.0	13	8000.0	0.6	40.95	0.75	42.300000000000004
1850245	7000.0	13	8000.0	0.7	42.3	0.875	43.875
1819336	7000.0	13	8000.0	0.7	43.875	0.875	45.45
1842194	6000.0	13	8000.0	0.6	45.45	0.75	46.800000000000004
1787192	6000.0	13	8000.0	0.6	46.8	0.75	48.15
1638962	6000.0	13	8000.0	0.6	48.15	0.75	49.5
1746761	6000.0	13	8000.0	0.6	49.5	0.75	50.85
1762306	6000.0	13	8000.0	0.6	50.85	0.75	52.2
1644475	6000.0	13	8000.0	0.6	52.2	0.75	53.550000000000004
1803178	7000.0	13	8000.0	0.7	53.55	0.875	55.125
1699696	7000.0	13	8000.0	0.7	55.125	0.875	56.7
1746973	7000.0	13	8000.0	0.7	56.7	0.875	58.275000000000006
1802747	6000.0	13	8000.0	0.6	58.275	0.75	59.625
1799204	7000.0	13	8000.0	0.7	59.625	0.875	61.2
1755553	7000.0	13	8000.0	0.7	61.2	0.875	62.775000000000006
1844751	10000.0	13	8000.0	1.0	62.775	1.25	65.025
1845637	13000.0	13	8000.0	1.3	65.025	1.625	67.95
1730562	6000.0	13	8000.0	0.6	67.95	0.75	69.3
1843408	9000.0	13	8000.0	0.9	69.3	1.125	71.325
1821634	7000.0	13	8000.0	0.7	71.325	0.875	72.9
1843407	9000.0	13	8000.0	0.9	72.9	1.125	74.92500000000001
1707440	7000.0	13	8000.0	0.7	74.925	0.875	76.5
1657203	8000.0	13	8000.0	0.8	76.5	1.0	78.3
1689731	6000.0	13	8000.0	0.6	78.3	0.75	79.64999999999999
1788403	10000.0	13	8000.0	1.0	79.65	1.25	81.9
1669423	8000.0	13	8000.0	0.8	81.9	1.0	83.7
1807132	8000.0	13	8000.0	0.8	83.7	1.0	85.5
1725990	7000.0	13	8000.0	0.7	85.5	0.875	87.075
1827628	5000.0	13	8000.0	0.5	87.075	0.625	88.2
1813003	6000.0	13	8000.0	0.6	88.2	0.75	89.55
1684816	6000.0	13	8000.0	0.6	89.55	0.75	90.89999999999999
1828526	6000.0	13	8000.0	0.6	90.9	0.75	92.25
1652040	6000.0	13	8000.0	0.6	92.25	0.75	93.6
1751157	6000.0	13	8000.0	0.6	93.6	0.75	94.94999999999999
1742759	6000.0	13	8000.0	0.6	94.95	0.75	96.3
1683760	9000.0	13	8000.0	0.9	96.3	1.125	98.325
1742858	7000.0	13	8000.0	0.7	98.325	0.875	99.9
1680898	7000.0	13	8000.0	0.7	99.9	0.875	101.47500000000001
1697220	5000.0	13	8000.0	0.5	101.475	0.625	102.6
1727821	5000.0	13	8000.0	0.5	102.6	0.625	103.725
1825844	7000.0	13	8000.0	0.7	103.725	0.875	105.3
1803646	6000.0	14	12000.0	0.6	0	0.5	1.1
1752789	8000.0	14	12000.0	0.8	1.1	0.6667	2.5667
1771331	6000.0	14	12000.0	0.6	2.5667	0.5	3.6667
1699598	8000.0	14	12000.0	0.8	3.6667	0.6667	5.1334
1710680	9000.0	14	12000.0	0.9	5.1334	0.75	6.7834
1718316	8000.0	14	12000.0	0.8	6.7834	0.6667	8.2501
1838389	9000.0	14	12000.0	0.9	8.2501	0.75	9.9001
1654181	9000.0	14	12000.0	0.9	9.9001	0.75	11.5501
1677610	7000.0	14	12000.0	0.7	11.5501	0.5833	12.8334
1679379	6000.0	14	12000.0	0.6	12.8334	0.5	13.933399999999999
1723500	7000.0	14	12000.0	0.7	13.9334	0.5833	15.2167
1796200	6000.0	14	12000.0	0.6	15.2167	0.5	16.316699999999997
1733466	7000.0	14	12000.0	0.7	16.3167	0.5833	17.6
1736541	6000.0	14	12000.0	0.6	17.6	0.5	18.700000000000003
1817658	7000.0	14	12000.0	0.7	18.7	0.5833	19.9833
1820816	7000.0	14	12000.0	0.7	19.9833	0.5833	21.2666
1641541	8000.0	14	12000.0	0.8	21.2666	0.6667	22.7333
1705654	7000.0	14	12000.0	0.7	22.7333	0.5833	24.0166
1850216	5000.0	14	12000.0	0.5	24.0166	0.4167	24.9333
1736063	8000.0	14	12000.0	0.8	24.9333	0.6667	26.4
1821707	7000.0	14	12000.0	0.7	26.4	0.5833	27.6833
1841581	8000.0	14	12000.0	0.8	27.6833	0.6667	29.15
1700713	5000.0	14	12000.0	0.5	29.15	0.4167	30.066699999999997
1802674	6000.0	14	12000.0	0.6	30.0667	0.5	31.166700000000002
1643652	6000.0	14	12000.0	0.6	31.1667	0.5	32.2667
1675285	5000.0	14	12000.0	0.5	32.2667	0.4167	33.1834
1643771	7000.0	14	12000.0	0.7	33.1834	0.5833	34.4667
1675011	6000.0	14	12000.0	0.6	34.4667	0.5	35.566700000000004
1731505	9000.0	14	12000.0	0.9	35.5667	0.75	37.216699999999996
1662551	6000.0	14	12000.0	0.6	37.2167	0.5	38.316700000000004
1730710	7000.0	14	12000.0	0.7	38.3167	0.5833	39.6
1670746	6000.0	14	12000.0	0.6	39.6	0.5	40.7
1787900	7000.0	14	12000.0	0.7	40.7	0.5833	41.98330000000001
1746541	8000.0	14	12000.0	0.8	41.9833	0.6667	43.449999999999996
1698296	8000.0	14	12000.0	0.8	43.45	0.6667	44.9167
1727576	6000.0	14	12000.0	0.6	44.9167	0.5	46.0167
1769233	6000.0	14	12000.0	0.6	46.0167	0.5	47.1167
1742001	7000.0	14	12000.0	0.7	47.1167	0.5833	48.400000000000006
1768041	8000.0	14	12000.0	0.8	48.4	0.6667	49.866699999999994
1696541	7000.0	14	12000.0	0.7	49.8667	0.5833	51.150000000000006
1724304	6000.0	14	12000.0	0.6	51.15	0.5	52.25
1779608	10000.0	14	12000.0	1.0	52.25	0.8333	54.0833
1696387	6000.0	14	12000.0	0.6	54.0833	0.5	55.1833
1808788	6000.0	14	12000.0	0.6	55.1833	0.5	56.283300000000004
1770698	8000.0	14	12000.0	0.8	56.2833	0.6667	57.74999999999999
1636410	8000.0	14	12000.0	0.8	57.75	0.6667	59.216699999999996
1809564	7000.0	14	12000.0	0.7	59.2167	0.5833	60.50000000000001
1647706	7000.0	14	12000.0	0.7	60.5	0.5833	61.783300000000004
1825286	6000.0	14	12000.0	0.6	61.7833	0.5	62.8833
1780906	7000.0	14	12000.0	0.7	62.8833	0.5833	64.1666
1713713	7000.0	14	12000.0	0.7	64.1666	0.5833	65.4499
1725536	7000.0	14	12000.0	0.7	65.4499	0.5833	66.7332
1727369	5000.0	14	12000.0	0.5	66.7332	0.4167	67.6499
1768583	7000.0	14	12000.0	0.7	67.6499	0.5833	68.9332
1768826	7000.0	14	12000.0	0.7	68.9332	0.5833	70.2165
1647028	6000.0	14	12000.0	0.6	70.2165	0.5	71.31649999999999
1647024	5000.0	14	12000.0	0.5	71.3165	0.4167	72.23320000000001
1833624	6000.0	14	12000.0	0.6	72.2332	0.5	73.33319999999999
1810683	7000.0	14	12000.0	0.7	73.3332	0.5833	74.6165
1752996	6000.0	15	16000.0	0.6	0	0.375	0.975
1770970	7000.0	15	16000.0	0.7	0.975	0.4375	2.1125
1678807	6000.0	15	16000.0	0.6	2.1125	0.375	3.0875
1784569	6000.0	15	16000.0	0.6	3.0875	0.375	4.0625
1753784	7000.0	15	16000.0	0.7	4.0625	0.4375	5.2
1645719	6000.0	15	16000.0	0.6	5.2	0.375	6.175
1661975	7000.0	15	16000.0	0.7	6.175	0.4375	7.3125
1796418	9000.0	15	16000.0	0.9	7.3125	0.5625	8.775
1733511	6000.0	15	16000.0	0.6	8.775	0.375	9.75
1773120	9000.0	15	16000.0	0.9	9.75	0.5625	11.2125
1663195	7000.0	15	16000.0	0.7	11.2125	0.4375	12.35
1736989	5000.0	15	16000.0	0.5	12.35	0.3125	13.1625
1674417	6000.0	15	16000.0	0.6	13.1625	0.375	14.1375
1797213	5000.0	15	16000.0	0.5	14.1375	0.3125	14.95
1732546	6000.0	15	16000.0	0.6	14.95	0.375	15.924999999999999
1719531	8000.0	15	16000.0	0.8	15.925	0.5	17.225
1758365	7000.0	15	16000.0	0.7	17.225	0.4375	18.3625
1850679	7000.0	15	16000.0	0.7	18.3625	0.4375	19.5
1721733	8000.0	15	16000.0	0.8	19.5	0.5	20.8
1849530	6000.0	15	16000.0	0.6	20.8	0.375	21.775000000000002
1819592	6000.0	15	16000.0	0.6	21.775	0.375	22.75
1733647	8000.0	15	16000.0	0.8	22.75	0.5	24.05
1720196	5000.0	15	16000.0	0.5	24.05	0.3125	24.8625
1819659	5000.0	15	16000.0	0.5	24.8625	0.3125	25.675
1705433	6000.0	15	16000.0	0.6	25.675	0.375	26.650000000000002
1774066	8000.0	15	16000.0	0.8	26.65	0.5	27.95
1640372	6000.0	15	16000.0	0.6	27.95	0.375	28.925
1794500	6000.0	15	16000.0	0.6	28.925	0.375	29.900000000000002
1850316	7000.0	15	16000.0	0.7	29.9	0.4375	31.037499999999998
1736101	6000.0	15	16000.0	0.6	31.0375	0.375	32.0125
1674843	7000.0	15	16000.0	0.7	32.0125	0.4375	33.150000000000006
1842567	7000.0	15	16000.0	0.7	33.15	0.4375	34.2875
1802046	7000.0	15	16000.0	0.7	34.2875	0.4375	35.425000000000004
1803087	7000.0	15	16000.0	0.7	35.425	0.4375	36.5625
1771796	7000.0	15	16000.0	0.7	36.5625	0.4375	37.7
1645235	6000.0	15	16000.0	0.6	37.7	0.375	38.675000000000004
1763294	8000.0	15	16000.0	0.8	38.675	0.5	39.974999999999994
1700446	5000.0	15	16000.0	0.5	39.975	0.3125	40.7875
1775910	7000.0	15	16000.0	0.7	40.7875	0.4375	41.925000000000004
1844999	7000.0	15	16000.0	0.7	41.925	0.4375	43.0625
1788827	8000.0	15	16000.0	0.8	43.0625	0.5	44.3625
1845657	6000.0	15	16000.0	0.6	44.3625	0.375	45.3375
1843348	7000.0	15	16000.0	0.7	45.3375	0.4375	46.475
1761856	6000.0	15	16000.0	0.6	46.475	0.375	47.45
1664720	8000.0	15	16000.0	0.8	47.45	0.5	48.75
1812811	8000.0	15	16000.0	0.8	48.75	0.5	50.05
1830219	6000.0	15	16000.0	0.6	50.05	0.375	51.025
1769240	6000.0	15	16000.0	0.6	51.025	0.375	52.0
1713327	7000.0	15	16000.0	0.7	52.0	0.4375	53.1375
1739999	6000.0	15	16000.0	0.6	53.1375	0.375	54.112500000000004
1829687	8000.0	15	16000.0	0.8	54.1125	0.5	55.412499999999994
1695573	6000.0	15	16000.0	0.6	55.4125	0.375	56.3875
1750087	9000.0	15	16000.0	0.9	56.3875	0.5625	57.85
1647687	7000.0	15	16000.0	0.7	57.85	0.4375	58.987500000000004
1807435	7000.0	15	16000.0	0.7	58.9875	0.4375	60.125
1809247	8000.0	15	16000.0	0.8	60.125	0.5	61.425
1833058	5000.0	15	16000.0	0.5	61.425	0.3125	62.2375
1813252	6000.0	15	16000.0	0.6	62.2375	0.375	63.2125
1832631	7000.0	15	16000.0	0.7	63.2125	0.4375	64.35
1696083	7000.0	15	16000.0	0.7	64.35	0.4375	65.4875
1807879	8000.0	15	16000.0	0.8	65.4875	0.5	66.7875
1751412	7000.0	15	16000.0	0.7	66.7875	0.4375	67.925
1808155	6000.0	15	16000.0	0.6	67.925	0.375	68.89999999999999
1765752	6000.0	15	16000.0	0.6	68.9	0.375	69.875
1648607	9000.0	15	16000.0	0.9	69.875	0.5625	71.3375
1651701	6000.0	15	16000.0	0.6	71.3375	0.375	72.3125
1812261	6000.0	15	16000.0	0.6	72.3125	0.375	73.2875
1679590	7000.0	15	16000.0	0.7	73.2875	0.4375	74.425
1661420	6000.0	15	16000.0	0.6	74.425	0.375	75.39999999999999
1808503	7000.0	15	16000.0	0.7	75.4	0.4375	76.53750000000001
1840219	8000.0	16	18000.0	0.8058	0	0.4444	1.2502
1815991	8000.0	16	18000.0	0.8058	1.2502	0.4444	2.5004
1840321	8000.0	16	18000.0	0.8058	2.5004	0.4444	3.7506
1784596	8000.0	16	18000.0	0.8058	3.7506	0.4444	5.0008
1840363	9000.0	16	18000.0	0.9058	5.0008	0.5	6.4066
1728465	6000.0	16	18000.0	0.6058	6.4066	0.3333	7.345700000000001
1753482	7000.0	16	18000.0	0.7058	7.3457	0.3889	8.4404
1836417	6000.0	16	18000.0	0.6058	8.4404	0.3333	9.3795
1839801	8000.0	16	18000.0	0.8058	9.3795	0.4444	10.6297
1728935	8000.0	16	18000.0	0.8058	10.6297	0.4444	11.8799
1646110	9000.0	16	18000.0	0.9058	11.8799	0.5	13.285699999999999
1668667	9000.0	16	18000.0	0.9058	13.2857	0.5	14.6915
1654510	7000.0	16	18000.0	0.7058	14.6915	0.3889	15.7862
1654515	6000.0	16	18000.0	0.6058	15.7862	0.3333	16.7253
1738515	5000.0	16	18000.0	0.5058	16.7253	0.2778	17.5089
1728620	10000.0	16	18000.0	1.0058	17.5089	0.5556	19.0703
1639985	8000.0	16	18000.0	0.8058	19.0703	0.4444	20.320500000000003
1756432	7000.0	16	18000.0	0.7058	20.3205	0.3889	21.4152
1820108	7000.0	16	18000.0	0.7058	21.4152	0.3889	22.5099
1773627	7000.0	16	18000.0	0.7058	22.5099	0.3889	23.604599999999998
1719690	7000.0	16	18000.0	0.7058	23.6046	0.3889	24.6993
1674075	5000.0	16	18000.0	0.5058	24.6993	0.2778	25.4829
1846215	10000.0	16	18000.0	1.0058	25.4829	0.5556	27.0443
1692718	5000.0	16	18000.0	0.5058	27.0443	0.2778	27.8279
1722159	7000.0	16	18000.0	0.7058	27.8279	0.3889	28.9226
1663875	6000.0	16	18000.0	0.6058	28.9226	0.3333	29.8617
1757693	8000.0	16	18000.0	0.8058	29.8617	0.4444	31.111900000000002
1792398	9000.0	16	18000.0	0.9058	31.1119	0.5	32.5177
1735258	4000.0	16	18000.0	0.4058	32.5177	0.2222	33.1457
1705270	6000.0	16	18000.0	0.6058	33.1457	0.3333	34.0848
1849804	7000.0	16	18000.0	0.7058	34.0848	0.3889	35.1795
1640289	7000.0	16	18000.0	0.7058	35.1795	0.3889	36.2742
1734809	12000.0	16	18000.0	1.2058	36.2742	0.6667	38.1467
1734401	6000.0	16	18000.0	0.6058	38.1467	0.3333	39.085800000000006
1774340	6000.0	16	18000.0	0.6058	39.0858	0.3333	40.0249
1737582	7000.0	16	18000.0	0.7058	40.0249	0.3889	41.1196
1719063	8000.0	16	18000.0	0.8058	41.1196	0.4444	42.3698
1676382	7000.0	16	18000.0	0.7058	42.3698	0.3889	43.464499999999994
1787635	6000.0	16	18000.0	0.6058	43.4645	0.3333	44.403600000000004
1816623	6000.0	16	18000.0	0.6058	44.4036	0.3333	45.3427
1771826	7000.0	16	18000.0	0.7058	45.3427	0.3889	46.437400000000004
1700657	6000.0	16	18000.0	0.6058	46.4374	0.3333	47.3765
1689112	7000.0	16	18000.0	0.7058	47.3765	0.3889	48.4712
1693887	7000.0	16	18000.0	0.7058	48.4712	0.3889	49.565900000000006
1845044	8000.0	16	18000.0	0.8058	49.5659	0.4444	50.8161
1761444	6000.0	16	18000.0	0.6058	50.8161	0.3333	51.7552
1844804	6000.0	16	18000.0	0.6058	51.7552	0.3333	52.694300000000005
1731386	7000.0	16	18000.0	0.7058	52.6943	0.3889	53.788999999999994
1845827	7000.0	16	18000.0	0.7058	53.789	0.3889	54.8837
1817340	7000.0	16	18000.0	0.7058	54.8837	0.3889	55.9784
1768124	8000.0	16	18000.0	0.8058	55.9784	0.4444	57.2286
1712015	6000.0	16	18000.0	0.6058	57.2286	0.3333	58.1677
1727499	7000.0	16	18000.0	0.7058	58.1677	0.3889	59.26240000000001
1809091	5000.0	16	18000.0	0.5058	59.2624	0.2778	60.046
1683128	7000.0	16	18000.0	0.7058	60.046	0.3889	61.1407
1686068	7000.0	16	18000.0	0.7058	61.1407	0.3889	62.235400000000006
1833783	9000.0	16	18000.0	0.9058	62.2354	0.5	63.6412
1683170	6000.0	16	18000.0	0.6058	63.6412	0.3333	64.5803
1813006	7000.0	16	18000.0	0.7058	64.5803	0.3889	65.675
1648150	6000.0	16	18000.0	0.6058	65.675	0.3333	66.6141
1741411	6000.0	16	18000.0	0.6058	66.6141	0.3333	67.55319999999999
1725294	9000.0	16	18000.0	0.9058	67.5532	0.5	68.959
1744112	9000.0	16	18000.0	0.9058	68.959	0.5	70.3648
1648095	7000.0	16	18000.0	0.7058	70.3648	0.3889	71.4595
1767861	8000.0	16	18000.0	0.8058	71.4595	0.4444	72.70970000000001
1767828	7000.0	16	18000.0	0.7058	72.7097	0.3889	73.8044
1686514	8000.0	16	18000.0	0.8058	73.8044	0.4444	75.05460000000001
1684394	6000.0	16	18000.0	0.6058	75.0546	0.3333	75.99369999999999
1685893	8000.0	16	18000.0	0.8058	75.9937	0.4444	77.24390000000001
1807802	8000.0	16	18000.0	0.8058	77.2439	0.4444	78.4941
1652445	7000.0	16	18000.0	0.7058	78.4941	0.3889	79.5888
1832883	8000.0	16	18000.0	0.8058	79.5888	0.4444	80.83900000000001
1687057	6000.0	16	18000.0	0.6058	80.839	0.3333	81.7781
1694762	6000.0	16	18000.0	0.6058	81.7781	0.3333	82.71719999999999
1717339	9000.0	16	18000.0	0.9058	82.7172	0.5	84.123
1810803	6000.0	16	18000.0	0.6058	84.123	0.3333	85.0621
1781509	7000.0	16	18000.0	0.7058	85.0621	0.3889	86.1568
1637369	10000.0	16	18000.0	1.0058	86.1568	0.5556	87.7182
1784951	7000.0	17	24000.0	0.7058	0	0.2917	0.9975
1698664	6000.0	17	24000.0	0.6058	0.9975	0.25	1.8533
1776681	7000.0	17	24000.0	0.7058	1.8533	0.2917	2.8508
1840063	7000.0	17	24000.0	0.7058	2.8508	0.2917	3.8483
1823453	6000.0	17	24000.0	0.6058	3.8483	0.25	4.7041
1733091	8000.0	17	24000.0	0.8058	4.7041	0.3333	5.8432
1796159	6000.0	17	24000.0	0.6058	5.8432	0.25	6.699000000000001
1640087	7000.0	17	24000.0	0.7058	6.699	0.2917	7.6964999999999995
1819830	7000.0	17	24000.0	0.7058	7.6965	0.2917	8.694
1789895	5000.0	17	24000.0	0.5058	8.694	0.2083	9.408100000000001
1643232	7000.0	17	24000.0	0.7058	9.4081	0.2917	10.4056
1846763	7000.0	17	24000.0	0.7058	10.4056	0.2917	11.4031
1691286	6000.0	17	24000.0	0.6058	11.4031	0.25	12.2589
1721241	6000.0	17	24000.0	0.6058	12.2589	0.25	13.114700000000001
1792146	5000.0	17	24000.0	0.5058	13.1147	0.2083	13.8288
1773931	13000.0	17	24000.0	1.3058	13.8288	0.5417	15.6763
1849202	6000.0	17	24000.0	0.6058	15.6763	0.25	16.5321
1791200	7000.0	17	24000.0	0.7058	16.5321	0.2917	17.5296
1791277	6000.0	17	24000.0	0.6058	17.5296	0.25	18.385399999999997
1640659	7000.0	17	24000.0	0.7058	18.3854	0.2917	19.3829
1757185	6000.0	17	24000.0	0.6058	19.3829	0.25	20.238699999999998
1708305	6000.0	17	24000.0	0.6058	20.2387	0.25	21.0945
1800922	5000.0	17	24000.0	0.5058	21.0945	0.2083	21.808600000000002
1645177	7000.0	17	24000.0	0.7058	21.8086	0.2917	22.806099999999997
1763325	6000.0	17	24000.0	0.6058	22.8061	0.25	23.6619
1822280	8000.0	17	24000.0	0.8058	23.6619	0.3333	24.801000000000002
1638958	7000.0	17	24000.0	0.7058	24.801	0.2917	25.798499999999997
1643711	7000.0	17	24000.0	0.7058	25.7985	0.2917	26.796
1799562	6000.0	17	24000.0	0.6058	26.796	0.25	27.651799999999998
1737436	10000.0	17	24000.0	1.0058	27.6518	0.4167	29.0743
1761143	7000.0	17	24000.0	0.7058	29.0743	0.2917	30.0718
1737391	8000.0	17	24000.0	0.8058	30.0718	0.3333	31.210900000000002
1843251	7000.0	17	24000.0	0.7058	31.2109	0.2917	32.2084
1695356	6000.0	17	24000.0	0.6058	32.2084	0.25	33.0642
1810035	7000.0	17	24000.0	0.7058	33.0642	0.2917	34.061699999999995
1653762	7000.0	17	24000.0	0.7058	34.0617	0.2917	35.0592
1748575	8000.0	17	24000.0	0.8058	35.0592	0.3333	36.198299999999996
1823744	9000.0	17	24000.0	0.9058	36.1983	0.375	37.4791
1683280	7000.0	17	24000.0	0.7058	37.4791	0.2917	38.4766
1834732	8000.0	17	24000.0	0.8058	38.4766	0.3333	39.6157
1823949	7000.0	17	24000.0	0.7058	39.6157	0.2917	40.6132
1829129	7000.0	17	24000.0	0.7058	40.6132	0.2917	41.6107
1780269	6000.0	17	24000.0	0.6058	41.6107	0.25	42.4665
1829012	9000.0	17	24000.0	0.9058	42.4665	0.375	43.7473
1650404	4000.0	17	24000.0	0.4058	43.7473	0.1667	44.3198
1653247	6000.0	17	24000.0	0.6058	44.3198	0.25	45.1756
1681785	7000.0	17	24000.0	0.7058	45.1756	0.2917	46.1731
1739608	6000.0	17	24000.0	0.6058	46.1731	0.25	47.0289
1770374	8000.0	17	24000.0	0.8058	47.0289	0.3333	48.168
1651822	5000.0	17	24000.0	0.5058	48.168	0.2083	48.8821
1648886	8000.0	17	24000.0	0.8058	48.8821	0.3333	50.0212
1832403	9000.0	17	24000.0	0.9058	50.0212	0.375	51.302
1806353	5000.0	17	24000.0	0.5058	51.302	0.2083	52.0161
1835213	7000.0	17	24000.0	0.7058	52.0161	0.2917	53.013600000000004
1806748	11000.0	17	24000.0	1.1058	53.0136	0.4583	54.5777
1748087	7000.0	17	24000.0	0.7058	54.5777	0.2917	55.5752
1784718	8000.0	18	30000.0	0.8058	0	0.2667	1.0725
1785766	7000.0	18	30000.0	0.7058	1.0725	0.2333	2.0116
1678117	6000.0	18	30000.0	0.6058	2.0116	0.2	2.8174
1838211	7000.0	18	30000.0	0.7058	2.8174	0.2333	3.7565
1785123	6000.0	18	30000.0	0.6058	3.7565	0.2	4.5623000000000005
1668817	6000.0	18	30000.0	0.6058	4.5623	0.2	5.3681
1783837	7000.0	18	30000.0	0.7058	5.3681	0.2333	6.3072
1795369	10000.0	18	30000.0	1.0058	6.3072	0.3333	7.6463
1848783	8000.0	18	30000.0	0.8058	7.6463	0.2667	8.7188
1660347	9000.0	18	30000.0	0.9058	8.7188	0.3	9.9246
1702923	9000.0	18	30000.0	0.9058	9.9246	0.3	11.1304
1704586	7000.0	18	30000.0	0.7058	11.1304	0.2333	12.0695
1704533	8000.0	18	30000.0	0.8058	12.0695	0.2667	13.142
1704521	8000.0	18	30000.0	0.8058	13.142	0.2667	14.2145
1735637	5000.0	18	30000.0	0.5058	14.2145	0.1667	14.887
1672910	5000.0	18	30000.0	0.5058	14.887	0.1667	15.559500000000002
1819124	6000.0	18	30000.0	0.6058	15.5595	0.2	16.365299999999998
1850635	7000.0	18	30000.0	0.7058	16.3653	0.2333	17.3044
1794897	6000.0	18	30000.0	0.6058	17.3044	0.2	18.1102
1736323	7000.0	18	30000.0	0.7058	18.1102	0.2333	19.0493
1640734	6000.0	18	30000.0	0.6058	19.0493	0.2	19.855099999999997
1772158	9000.0	18	30000.0	0.9058	19.8551	0.3	21.0609
1676605	8000.0	18	30000.0	0.8058	21.0609	0.2667	22.1334
1800763	8000.0	18	30000.0	0.8058	22.1334	0.2667	23.205900000000003
1708039	8000.0	18	30000.0	0.8058	23.2059	0.2667	24.2784
1801126	5000.0	18	30000.0	0.5058	24.2784	0.1667	24.9509
1746749	6000.0	18	30000.0	0.6058	24.9509	0.2	25.7567
1676021	7000.0	18	30000.0	0.7058	25.7567	0.2333	26.6958
1816649	5000.0	18	30000.0	0.5058	26.6958	0.1667	27.368299999999998
1699794	8000.0	18	30000.0	0.8058	27.3683	0.2667	28.440800000000003
1754226	5000.0	18	30000.0	0.5058	28.4408	0.1667	29.1133
1841216	9000.0	18	30000.0	0.9058	29.1133	0.3	30.3191
1802746	6000.0	18	30000.0	0.6058	30.3191	0.2	31.124899999999997
1816255	7000.0	18	30000.0	0.7058	31.1249	0.2333	32.064
1802568	9000.0	18	30000.0	0.9058	32.064	0.3	33.2698
1845359	8000.0	18	30000.0	0.8058	33.2698	0.2667	34.342299999999994
1689950	7000.0	18	30000.0	0.7058	34.3423	0.2333	35.281400000000005
1657392	7000.0	18	30000.0	0.7058	35.2814	0.2333	36.2205
1639587	7000.0	18	30000.0	0.7058	36.2205	0.2333	37.1596
1639588	8000.0	18	30000.0	0.8058	37.1596	0.2667	38.232099999999996
1644164	8000.0	18	30000.0	0.8058	38.2321	0.2667	39.3046
1639373	6000.0	18	30000.0	0.6058	39.3046	0.2	40.110400000000006
1788549	6000.0	18	30000.0	0.6058	40.1104	0.2	40.9162
1844545	7000.0	18	30000.0	0.7058	40.9162	0.2333	41.8553
1675755	6000.0	18	30000.0	0.6058	41.8553	0.2	42.661100000000005
1675754	7000.0	18	30000.0	0.7058	42.6611	0.2333	43.6002
1844151	6000.0	18	30000.0	0.6058	43.6002	0.2	44.406000000000006
1810251	10000.0	18	30000.0	1.0058	44.406	0.3333	45.7451
1830458	7000.0	18	30000.0	0.7058	45.7451	0.2333	46.684200000000004
1724242	7000.0	18	30000.0	0.7058	46.6842	0.2333	47.6233
1696999	8000.0	18	30000.0	0.8058	47.6233	0.2667	48.6958
1725982	5000.0	18	30000.0	0.5058	48.6958	0.1667	49.3683
1781162	5000.0	18	30000.0	0.5058	49.3683	0.1667	50.0408
1744179	7000.0	18	30000.0	0.7058	50.0408	0.2333	50.9799
1723824	7000.0	18	30000.0	0.7058	50.9799	0.2333	51.919
1716054	6000.0	18	30000.0	0.6058	51.919	0.2	52.7248
1650447	7000.0	18	30000.0	0.7058	52.7248	0.2333	53.6639
1765220	11000.0	18	30000.0	1.1058	53.6639	0.3667	55.1364
1686526	7000.0	18	30000.0	0.7058	55.1364	0.2333	56.075500000000005
1829769	5000.0	18	30000.0	0.5058	56.0755	0.1667	56.748
1712856	8000.0	18	30000.0	0.8058	56.748	0.2667	57.820499999999996
1827195	7000.0	18	30000.0	0.7058	57.8205	0.2333	58.759600000000006
1715334	8000.0	18	30000.0	0.8058	58.7596	0.2667	59.8321
1808167	7000.0	18	30000.0	0.7058	59.8321	0.2333	60.77119999999999
1810776	6000.0	18	30000.0	0.6058	60.7712	0.2	61.577000000000005
1742364	7000.0	18	30000.0	0.7058	61.577	0.2333	62.516099999999994
1649208	7000.0	18	30000.0	0.7058	62.5161	0.2333	63.455200000000005
1813106	7000.0	18	30000.0	0.7058	63.4552	0.2333	64.3943
1739092	9000.0	19	30000.0	0.9058	0	0.3	1.2058
1784804	5000.0	19	30000.0	0.5058	1.2058	0.1667	1.8783
1776909	5000.0	19	30000.0	0.5058	1.8783	0.1667	2.5508
1822669	6000.0	19	30000.0	0.6058	2.5508	0.2	3.3566000000000003
1763978	6000.0	19	30000.0	0.6058	3.3566	0.2	4.1624
1747308	6000.0	19	30000.0	0.6058	4.1624	0.2	4.9682
1771744	4000.0	19	30000.0	0.4058	4.9682	0.1333	5.507300000000001
1694163	8000.0	19	30000.0	0.8058	5.5073	0.2667	6.5798
1728906	7000.0	19	30000.0	0.7058	6.5798	0.2333	7.5188999999999995
1694603	5000.0	19	30000.0	0.5058	7.5189	0.1667	8.191400000000002
1668769	9000.0	19	30000.0	0.9058	8.1914	0.3	9.3972
1679358	6000.0	19	30000.0	0.6058	9.3972	0.2	10.203
1838301	7000.0	19	30000.0	0.7058	10.203	0.2333	11.1421
1718610	9000.0	19	30000.0	0.9058	11.1421	0.3	12.3479
1756951	7000.0	19	30000.0	0.7058	12.3479	0.2333	13.286999999999999
1846145	7000.0	19	30000.0	0.7058	13.287	0.2333	14.2261
1732675	6000.0	19	30000.0	0.6058	14.2261	0.2	15.0319
1660173	4000.0	19	30000.0	0.4058	15.0319	0.1333	15.571
1732722	10000.0	19	30000.0	1.0058	15.571	0.3333	16.9101
1692358	6000.0	19	30000.0	0.6058	16.9101	0.2	17.715899999999998
1757531	8000.0	19	30000.0	0.8058	17.7159	0.2667	18.788400000000003
1793309	10000.0	19	30000.0	1.0058	18.7884	0.3333	20.1275
1792460	10000.0	19	30000.0	1.0058	20.1275	0.3333	21.466600000000003
1672498	6000.0	19	30000.0	0.6058	21.4666	0.2	22.272399999999998
1734286	7000.0	19	30000.0	0.7058	22.2724	0.2333	23.2115
1790758	6000.0	19	30000.0	0.6058	23.2115	0.2	24.0173
1849937	8000.0	19	30000.0	0.8058	24.0173	0.2667	25.0898
1693568	6000.0	19	30000.0	0.6058	25.0898	0.2	25.895599999999998
1841841	5000.0	19	30000.0	0.5058	25.8956	0.1667	26.5681
1722972	7000.0	19	30000.0	0.7058	26.5681	0.2333	27.5072
1762197	7000.0	19	30000.0	0.7058	27.5072	0.2333	28.4463
1787746	6000.0	19	30000.0	0.6058	28.4463	0.2	29.2521
1786324	11000.0	19	30000.0	1.1058	29.2521	0.3667	30.7246
1708809	9000.0	19	30000.0	0.9058	30.7246	0.3	31.9304
1670288	6000.0	19	30000.0	0.6058	31.9304	0.2	32.736200000000004
1731270	2000.0	19	30000.0	0.2058	32.7362	0.0667	33.0087
1820876	5000.0	19	30000.0	0.5058	33.0087	0.1667	33.6812
1702456	7000.0	19	30000.0	0.7058	33.6812	0.2333	34.6203
1690274	7000.0	19	30000.0	0.7058	34.6203	0.2333	35.5594
1800499	6000.0	19	30000.0	0.6058	35.5594	0.2	36.3652
1816835	7000.0	19	30000.0	0.7058	36.3652	0.2333	37.3043
1644023	6000.0	19	30000.0	0.6058	37.3043	0.2	38.1101
1761698	6000.0	19	30000.0	0.6058	38.1101	0.2	38.91590000000001
1730780	8000.0	19	30000.0	0.8058	38.9159	0.2667	39.9884
1695388	6000.0	19	30000.0	0.6058	39.9884	0.2	40.794200000000004
1682753	6000.0	19	30000.0	0.6058	40.7942	0.2	41.6
1825742	5000.0	19	30000.0	0.5058	41.6	0.1667	42.2725
1831055	5000.0	19	30000.0	0.5058	42.2725	0.1667	42.945
1831149	5000.0	19	30000.0	0.5058	42.945	0.1667	43.6175
1810634	6000.0	19	30000.0	0.6058	43.6175	0.2	44.423300000000005
1726902	9000.0	19	30000.0	0.9058	44.4233	0.3	45.629099999999994
1714161	5000.0	19	30000.0	0.5058	45.6291	0.1667	46.3016
1723978	7000.0	19	30000.0	0.7058	46.3016	0.2333	47.240700000000004
1682211	6000.0	19	30000.0	0.6058	47.2407	0.2	48.0465
1828472	6000.0	19	30000.0	0.6058	48.0465	0.2	48.85230000000001
1650586	7000.0	19	30000.0	0.7058	48.8523	0.2333	49.791399999999996
1726538	10000.0	19	30000.0	1.0058	49.7914	0.3333	51.130500000000005
1742560	8000.0	19	30000.0	0.8058	51.1305	0.2667	52.202999999999996
1715323	7000.0	19	30000.0	0.7058	52.203	0.2333	53.1421
1811795	17000.0	19	30000.0	1.7058	53.1421	0.5667	55.41459999999999
1648812	8000.0	19	30000.0	0.8058	55.4146	0.2667	56.4871
1749095	7000.0	19	30000.0	0.7058	56.4871	0.2333	57.426199999999994
1743082	5000.0	19	30000.0	0.5058	57.4262	0.1667	58.0987
1724855	8000.0	19	30000.0	0.8058	58.0987	0.2667	59.1712
1683639	8000.0	19	30000.0	0.8058	59.1712	0.2667	60.2437
