1741501	6000.0	0	500.0	0.6	0	12.0	12.6
1684166	5000.0	0	500.0	0.5	12.6	10.0	23.1
1710808	7000.0	0	500.0	0.7	23.1	14.0	37.8
1648455	7000.0	0	500.0	0.7	37.8	14.0	52.5
1661081	4000.0	0	500.0	0.4	52.5	8.0	60.9
1738309	3000.0	0	500.0	0.3	60.9	6.0	67.19999999999999
1780379	4000.0	0	500.0	0.4	67.2	8.0	75.60000000000001
1845782	7000.0	0	500.0	0.7	75.6	14.0	90.3
1778151	6000.0	0	500.0	0.6	90.3	12.0	102.89999999999999
1665793	4000.0	0	500.0	0.4	102.9	8.0	111.30000000000001
1672034	6000.0	0	500.0	0.6	111.3	12.0	123.89999999999999
1656128	9000.0	0	500.0	0.9	123.9	18.0	142.8
1812553	8000.0	0	500.0	0.8	142.8	16.0	159.60000000000002
1835942	6000.0	0	500.0	0.6	159.6	12.0	172.2
1796120	7000.0	0	500.0	0.7	172.2	14.0	186.89999999999998
1768607	6000.0	0	500.0	0.6	186.9	12.0	199.5
1699412	7000.0	0	500.0	0.7	199.5	14.0	214.2
1810197	5000.0	0	500.0	0.5	214.2	10.0	224.7
1848313	7000.0	0	500.0	0.7	224.7	14.0	239.39999999999998
1700734	8000.0	0	500.0	0.8	239.4	16.0	256.20000000000005
1821932	12000.0	0	500.0	1.2	256.2	24.0	281.4
1679704	7000.0	0	500.0	0.7	281.4	14.0	296.09999999999997
1756570	6000.0	0	500.0	0.6	296.1	12.0	308.70000000000005
1842402	6000.0	0	500.0	0.6	308.7	12.0	321.3
1829743	6000.0	0	500.0	0.6	321.3	12.0	333.90000000000003
1695541	6000.0	0	500.0	0.6	333.9	12.0	346.5
1803866	8000.0	0	500.0	0.8	346.5	16.0	363.3
1838020	7000.0	0	500.0	0.7	363.3	14.0	378.0
1678610	8000.0	0	500.0	0.8	378.0	16.0	394.8
1643519	8000.0	1	500.0	0.8	0	16.0	16.8
1718444	4000.0	1	500.0	0.4	16.8	8.0	25.2
1789522	10000.0	1	500.0	1.0	25.2	20.0	46.2
1683269	6000.0	1	500.0	0.6	46.2	12.0	58.800000000000004
1689673	6000.0	1	500.0	0.6	58.8	12.0	71.4
1755255	9000.0	1	500.0	0.9	71.4	18.0	90.30000000000001
1751964	3000.0	1	500.0	0.3	90.3	6.0	96.6
1684044	6000.0	1	500.0	0.6	96.6	12.0	109.19999999999999
1667008	6000.0	1	500.0	0.6	109.2	12.0	121.8
1753534	3000.0	1	500.0	0.3	121.8	6.0	128.1
1681907	16000.0	1	500.0	1.6	128.1	32.0	161.7
1836871	8000.0	1	500.0	0.8	161.7	16.0	178.5
1792291	7000.0	1	500.0	0.7	178.5	14.0	193.2
1665646	6000.0	1	500.0	0.6	193.2	12.0	205.79999999999998
1771806	8000.0	1	500.0	0.8	205.8	16.0	222.60000000000002
1722848	4000.0	1	500.0	0.4	222.6	8.0	231.0
1754138	6000.0	1	500.0	0.6	231.0	12.0	243.6
1756468	4000.0	1	500.0	0.4	243.6	8.0	252.0
1847488	7000.0	1	500.0	0.7	252.0	14.0	266.7
1769949	8000.0	1	500.0	0.8	266.7	16.0	283.5
1797570	6000.0	1	500.0	0.6	283.5	12.0	296.1
1664589	3000.0	1	500.0	0.3	296.1	6.0	302.40000000000003
1724439	8000.0	1	500.0	0.8	302.4	16.0	319.2
1735048	7000.0	1	500.0	0.7	319.2	14.0	333.9
1821336	8000.0	1	500.0	0.8	333.9	16.0	350.7
1651713	8000.0	1	500.0	0.8	350.7	16.0	367.5
1842431	3000.0	1	500.0	0.3	367.5	6.0	373.8
1664476	7000.0	1	500.0	0.7	373.8	14.0	388.5
1664491	4000.0	1	500.0	0.4	388.5	8.0	396.9
1656964	7000.0	1	500.0	0.7	396.9	14.0	411.59999999999997
1796960	7000.0	1	500.0	0.7	411.6	14.0	426.3
1682803	6000.0	1	500.0	0.6	426.3	12.0	438.90000000000003
1658288	6000.0	1	500.0	0.6	438.9	12.0	451.5
1806068	4000.0	1	500.0	0.4	451.5	8.0	459.9
1644936	16000.0	1	500.0	1.6	459.9	32.0	493.5
1750563	4000.0	1	500.0	0.4	493.5	8.0	501.9
1693906	9000.0	1	500.0	0.9	501.9	18.0	520.8
1761485	13000.0	1	500.0	1.3	520.8	26.0	548.0999999999999
1681482	10000.0	2	1000.0	1.0	0	10.0	11.0
1774937	7000.0	2	1000.0	0.7	11.0	7.0	18.7
1754709	7000.0	2	1000.0	0.7	18.7	7.0	26.4
1717637	6000.0	2	1000.0	0.6	26.4	6.0	33.0
1835157	7000.0	2	1000.0	0.7	33.0	7.0	40.7
1663223	4000.0	2	1000.0	0.4	40.7	4.0	45.1
1774627	5000.0	2	1000.0	0.5	45.1	5.0	50.6
1688882	4000.0	2	1000.0	0.4	50.6	4.0	55.0
1836905	9000.0	2	1000.0	0.9	55.0	9.0	64.9
1831101	6000.0	2	1000.0	0.6	64.9	6.0	71.5
1675057	14000.0	2	1000.0	1.4	71.5	14.0	86.9
1715781	6000.0	2	1000.0	0.6	86.9	6.0	93.5
1648133	6000.0	2	1000.0	0.6	93.5	6.0	100.1
1746483	9000.0	2	1000.0	0.9	100.1	9.0	110.0
1747629	7000.0	2	1000.0	0.7	110.0	7.0	117.7
1768346	4000.0	2	1000.0	0.4	117.7	4.0	122.10000000000001
1725415	1000.0	2	1000.0	0.1	122.1	1.0	123.19999999999999
1813393	9000.0	2	1000.0	0.9	123.2	9.0	133.10000000000002
1783317	5000.0	2	1000.0	0.5	133.1	5.0	138.6
1797039	9000.0	2	1000.0	0.9	138.6	9.0	148.5
1796759	7000.0	2	1000.0	0.7	148.5	7.0	156.2
1678956	9000.0	2	1000.0	0.9	156.2	9.0	166.1
1806079	6000.0	2	1000.0	0.6	166.1	6.0	172.7
1678050	2000.0	2	1000.0	0.2	172.7	2.0	174.89999999999998
1837886	6000.0	2	1000.0	0.6	174.9	6.0	181.5
1826452	6000.0	2	1000.0	0.6	181.5	6.0	188.1
1693461	5000.0	2	1000.0	0.5	188.1	5.0	193.6
1637997	7000.0	2	1000.0	0.7	193.6	7.0	201.29999999999998
1704749	3000.0	3	1000.0	0.3	0	3.0	3.3
1774460	16000.0	3	1000.0	1.6	3.3	16.0	20.9
1755752	5000.0	3	1000.0	0.5	20.9	5.0	26.4
1677341	7000.0	3	1000.0	0.7	26.4	7.0	34.099999999999994
1706553	5000.0	3	1000.0	0.5	34.1	5.0	39.6
1666328	4000.0	3	1000.0	0.4	39.6	4.0	44.0
1844780	5000.0	3	1000.0	0.5	44.0	5.0	49.5
1753286	7000.0	3	1000.0	0.7	49.5	7.0	57.2
1769153	6000.0	3	1000.0	0.6	57.2	6.0	63.800000000000004
1642843	7000.0	3	1000.0	0.7	63.8	7.0	71.5
1660503	4000.0	3	1000.0	0.4	71.5	4.0	75.9
1816047	7000.0	3	1000.0	0.7	75.9	7.0	83.60000000000001
1751298	5000.0	3	1000.0	0.5	83.6	5.0	89.1
1732250	6000.0	3	1000.0	0.6	89.1	6.0	95.69999999999999
1764184	5000.0	3	1000.0	0.5	95.7	5.0	101.2
1760714	6000.0	3	1000.0	0.6	101.2	6.0	107.8
1801772	7000.0	3	1000.0	0.7	107.8	7.0	115.5
1667765	7000.0	3	1000.0	0.7	115.5	7.0	123.2
1808137	8000.0	4	4000.0	0.8038	0	2.0	2.8038
1833121	8000.0	4	4000.0	0.8038	2.8038	2.0	5.6076
1659842	7000.0	4	4000.0	0.7038	5.6076	1.75	8.061399999999999
1711007	6000.0	4	4000.0	0.6038	8.0614	1.5	10.1652
1836292	6000.0	4	4000.0	0.6038	10.1652	1.5	12.269
1685114	7000.0	4	4000.0	0.7038	12.269	1.75	14.7228
1780531	6000.0	4	4000.0	0.6038	14.7228	1.5	16.8266
1812298	6000.0	4	4000.0	0.6038	16.8266	1.5	18.9304
1714717	8000.0	4	4000.0	0.8038	18.9304	2.0	21.734199999999998
1799258	7000.0	4	4000.0	0.7038	21.7342	1.75	24.188000000000002
1814812	3000.0	4	4000.0	0.3038	24.188	0.75	25.241799999999998
1662729	6000.0	4	4000.0	0.6038	25.2418	1.5	27.3456
1753522	7000.0	4	4000.0	0.7038	27.3456	1.75	29.799400000000002
1791074	5000.0	4	4000.0	0.5038	29.7994	1.25	31.553199999999997
1832860	4000.0	4	4000.0	0.4038	31.5532	1.0	32.957
1715912	7000.0	4	4000.0	0.7038	32.957	1.75	35.4108
1647794	7000.0	4	4000.0	0.7038	35.4108	1.75	37.8646
1745872	4000.0	4	4000.0	0.4038	37.8646	1.0	39.2684
1707297	8000.0	4	4000.0	0.8038	39.2684	2.0	42.0722
1669907	5000.0	4	4000.0	0.5038	42.0722	1.25	43.826
1653431	5000.0	4	4000.0	0.5038	43.826	1.25	45.5798
1649916	8000.0	4	4000.0	0.8038	45.5798	2.0	48.3836
1797186	7000.0	4	4000.0	0.7038	48.3836	1.75	50.8374
1767206	4000.0	4	4000.0	0.4038	50.8374	1.0	52.2412
1712289	4000.0	4	4000.0	0.4038	52.2412	1.0	53.644999999999996
1758686	8000.0	4	4000.0	0.8038	53.645	2.0	56.448800000000006
1690454	1000.0	4	4000.0	0.1038	56.4488	0.25	56.8026
1845138	6000.0	4	4000.0	0.6038	56.8026	1.5	58.9064
1754786	6000.0	4	4000.0	0.6038	58.9064	1.5	61.0102
1759973	7000.0	4	4000.0	0.7038	61.0102	1.75	63.464
1850910	6000.0	4	4000.0	0.6038	63.464	1.5	65.5678
1658822	8000.0	4	4000.0	0.8038	65.5678	2.0	68.3716
1729534	8000.0	4	4000.0	0.8038	68.3716	2.0	71.1754
1692634	7000.0	4	4000.0	0.7038	71.1754	1.75	73.6292
1774148	7000.0	5	4000.0	0.7038	0	1.75	2.4538
1774232	5000.0	5	4000.0	0.5038	2.4538	1.25	4.2076
1766982	7000.0	5	4000.0	0.7038	4.2076	1.75	6.6614
1770015	8000.0	5	4000.0	0.8038	6.6614	2.0	9.4652
1686258	5000.0	5	4000.0	0.5038	9.4652	1.25	11.219
1836503	4000.0	5	4000.0	0.4038	11.219	1.0	12.6228
1697540	6000.0	5	4000.0	0.6038	12.6228	1.5	14.7266
1673978	3000.0	5	4000.0	0.3038	14.7266	0.75	15.7804
1745277	9000.0	5	4000.0	0.9038	15.7804	2.25	18.9342
1742056	6000.0	5	4000.0	0.6038	18.9342	1.5	21.038
1847305	7000.0	5	4000.0	0.7038	21.038	1.75	23.4918
1685276	8000.0	5	4000.0	0.8038	23.4918	2.0	26.2956
1781217	7000.0	5	4000.0	0.7038	26.2956	1.75	28.7494
1793820	7000.0	5	4000.0	0.7038	28.7494	1.75	31.203200000000002
1737061	9000.0	5	4000.0	0.9038	31.2032	2.25	34.357
1688810	8000.0	5	4000.0	0.8038	34.357	2.0	37.1608
1835651	7000.0	5	4000.0	0.7038	37.1608	1.75	39.6146
1682230	6000.0	5	4000.0	0.6038	39.6146	1.5	41.7184
1720535	7000.0	5	4000.0	0.7038	41.7184	1.75	44.172200000000004
1700937	3000.0	5	4000.0	0.3038	44.1722	0.75	45.226
1690938	5000.0	5	4000.0	0.5038	45.226	1.25	46.9798
1792994	6000.0	5	4000.0	0.6038	46.9798	1.5	49.0836
1655457	6000.0	5	4000.0	0.6038	49.0836	1.5	51.1874
1698099	6000.0	5	4000.0	0.6038	51.1874	1.5	53.291199999999996
1813796	4000.0	5	4000.0	0.4038	53.2912	1.0	54.695
1644771	8000.0	5	4000.0	0.8038	54.695	2.0	57.4988
1802723	5000.0	5	4000.0	0.5038	57.4988	1.25	59.2526
1695607	17000.0	5	4000.0	1.7038	59.2526	4.25	65.2064
1733912	8000.0	5	4000.0	0.8038	65.2064	2.0	68.0102
1749640	3000.0	5	4000.0	0.3038	68.0102	0.75	69.064
1762091	6000.0	5	4000.0	0.6038	69.064	1.5	71.1678
1843331	7000.0	6	5000.0	0.7038	0	1.4	2.1037999999999997
1717187	17000.0	6	5000.0	1.7038	2.1038	3.4	7.207599999999999
1773441	6000.0	6	5000.0	0.6038	7.2076	1.2	9.0114
1718685	6000.0	6	5000.0	0.6038	9.0114	1.2	10.815199999999999
1689661	8000.0	6	5000.0	0.8038	10.8152	1.6	13.219000000000001
1812484	8000.0	6	5000.0	0.8038	13.219	1.6	15.6228
1764731	4000.0	6	5000.0	0.4038	15.6228	0.8	16.8266
1778200	4000.0	6	5000.0	0.4038	16.8266	0.8	18.0304
1833608	6000.0	6	5000.0	0.6038	18.0304	1.2	19.8342
1715078	6000.0	6	5000.0	0.6038	19.8342	1.2	21.637999999999998
1710115	6000.0	6	5000.0	0.6038	21.638	1.2	23.4418
1822797	8000.0	6	5000.0	0.8038	23.4418	1.6	25.8456
1654910	4000.0	6	5000.0	0.4038	25.8456	0.8	27.049400000000002
1777262	6000.0	6	5000.0	0.6038	27.0494	1.2	28.853199999999998
1720163	6000.0	6	5000.0	0.6038	28.8532	1.2	30.657
1653212	3000.0	6	5000.0	0.3038	30.657	0.6	31.5608
1722849	5000.0	6	5000.0	0.5038	31.5608	1.0	33.0646
1825018	3000.0	6	5000.0	0.3038	33.0646	0.6	33.9684
1767361	6000.0	6	5000.0	0.6038	33.9684	1.2	35.772200000000005
1724941	5000.0	6	5000.0	0.5038	35.7722	1.0	37.275999999999996
1735047	8000.0	6	5000.0	0.8038	37.276	1.6	39.67980000000001
1796715	6000.0	6	5000.0	0.6038	39.6798	1.2	41.4836
1835908	5000.0	6	5000.0	0.5038	41.4836	1.0	42.9874
1762279	6000.0	6	5000.0	0.6038	42.9874	1.2	44.7912
1762176	6000.0	6	5000.0	0.6038	44.7912	1.2	46.595000000000006
1838409	6000.0	6	5000.0	0.6038	46.595	1.2	48.3988
1762890	7000.0	6	5000.0	0.7038	48.3988	1.4	50.5026
1759675	7000.0	6	5000.0	0.7038	50.5026	1.4	52.6064
1779414	6000.0	7	5000.0	0.6038	0	1.2	1.8037999999999998
1739455	7000.0	7	5000.0	0.7038	1.8038	1.4	3.9076
1670564	3000.0	7	5000.0	0.3038	3.9076	0.6	4.8114
1812990	8000.0	7	5000.0	0.8038	4.8114	1.6	7.215199999999999
1774691	7000.0	7	5000.0	0.7038	7.2152	1.4	9.319
1752864	3000.0	7	5000.0	0.3038	9.319	0.6	10.222800000000001
1822876	18000.0	7	5000.0	1.8038	10.2228	3.6	15.6266
1655928	5000.0	7	5000.0	0.5038	15.6266	1.0	17.1304
1789996	6000.0	7	5000.0	0.6038	17.1304	1.2	18.9342
1797918	9000.0	7	5000.0	0.9038	18.9342	1.8	21.638
1647684	8000.0	7	5000.0	0.8038	21.638	1.6	24.041800000000002
1715989	7000.0	7	5000.0	0.7038	24.0418	1.4	26.145599999999998
1673057	7000.0	7	5000.0	0.7038	26.1456	1.4	28.2494
1647567	6000.0	7	5000.0	0.6038	28.2494	1.2	30.0532
1771866	5000.0	7	5000.0	0.5038	30.0532	1.0	31.557000000000002
1720784	6000.0	7	5000.0	0.6038	31.557	1.2	33.360800000000005
1754154	6000.0	7	5000.0	0.6038	33.3608	1.2	35.1646
1773123	5000.0	7	5000.0	0.5038	35.1646	1.0	36.6684
1846386	6000.0	7	5000.0	0.6038	36.6684	1.2	38.4722
1815802	7000.0	7	5000.0	0.7038	38.4722	1.4	40.576
1713113	2000.0	7	5000.0	0.2038	40.576	0.4	41.1798
1772839	5000.0	7	5000.0	0.5038	41.1798	1.0	42.6836
1762438	9000.0	7	5000.0	0.9038	42.6836	1.8	45.38739999999999
1686907	7000.0	7	5000.0	0.7038	45.3874	1.4	47.4912
1750056	7000.0	7	5000.0	0.7038	47.4912	1.4	49.595
1833574	7000.0	7	5000.0	0.7038	49.595	1.4	51.6988
1644454	7000.0	7	5000.0	0.7038	51.6988	1.4	53.8026
1667783	9000.0	7	5000.0	0.9038	53.8026	1.8	56.50639999999999
1669672	7000.0	8	5000.0	0.7067	0	1.4	2.1067
1673968	4000.0	8	5000.0	0.4067	2.1067	0.8	3.3133999999999997
1719005	8000.0	8	5000.0	0.8067	3.3134	1.6	5.7201
1812961	6000.0	8	5000.0	0.6067	5.7201	1.2	7.526800000000001
1780364	4000.0	8	5000.0	0.4067	7.5268	0.8	8.7335
1722084	5000.0	8	5000.0	0.5067	8.7335	1.0	10.2402
1774686	8000.0	8	5000.0	0.8067	10.2402	1.6	12.646899999999999
1666335	5000.0	8	5000.0	0.5067	12.6469	1.0	14.1536
1677098	5000.0	8	5000.0	0.5067	14.1536	1.0	15.660300000000001
1832740	3000.0	8	5000.0	0.3067	15.6603	0.6	16.567
1657315	21000.0	8	5000.0	2.1067	16.567	4.2	22.8737
1720081	6000.0	8	5000.0	0.6067	22.8737	1.2	24.6804
1754248	8000.0	8	5000.0	0.8067	24.6804	1.6	27.0871
1691128	1000.0	8	5000.0	0.1067	27.0871	0.2	27.3938
1759136	5000.0	8	5000.0	0.5067	27.3938	1.0	28.900499999999997
1784091	7000.0	8	5000.0	0.7067	28.9005	1.4	31.0072
1652076	5000.0	8	5000.0	0.5067	31.0072	1.0	32.5139
1817610	4000.0	8	5000.0	0.4067	32.5139	0.8	33.7206
1778565	9000.0	8	5000.0	0.9067	33.7206	1.8	36.427299999999995
1816046	6000.0	8	5000.0	0.6067	36.4273	1.2	38.23400000000001
1810265	6000.0	8	5000.0	0.6067	38.234	1.2	40.0407
1767781	7000.0	8	5000.0	0.7067	40.0407	1.4	42.1474
1831316	9000.0	8	5000.0	0.9067	42.1474	1.8	44.854099999999995
1719901	5000.0	8	5000.0	0.5067	44.8541	1.0	46.360800000000005
1716294	3000.0	8	5000.0	0.3067	46.3608	0.6	47.2675
1758320	13000.0	8	5000.0	1.3067	47.2675	2.6	51.1742
1803861	8000.0	8	5000.0	0.8067	51.1742	1.6	53.5809
1802424	6000.0	8	5000.0	0.6067	53.5809	1.2	55.387600000000006
1733260	4000.0	8	5000.0	0.4067	55.3876	0.8	56.5943
1658305	8000.0	8	5000.0	0.8067	56.5943	1.6	59.001
1659488	7000.0	8	5000.0	0.7067	59.001	1.4	61.107699999999994
1669183	7000.0	8	5000.0	0.7067	61.1077	1.4	63.2144
1764012	7000.0	8	5000.0	0.7067	63.2144	1.4	65.3211
1838007	6000.0	8	5000.0	0.6067	65.3211	1.2	67.12780000000001
1726212	6000.0	9	6000.0	0.6067	0	1.0	1.6067
1842624	5000.0	9	6000.0	0.5067	1.6067	0.8333	2.9467
1650252	6000.0	9	6000.0	0.6067	2.9467	1.0	4.5534
1645754	7000.0	9	6000.0	0.7067	4.5534	1.1667	6.4268
1709723	8000.0	9	6000.0	0.8067	6.4268	1.3333	8.5668
1780104	7000.0	9	6000.0	0.7067	8.5668	1.1667	10.4402
1822380	22000.0	9	6000.0	2.2067	10.4402	3.6667	16.3136
1831535	8000.0	9	6000.0	0.8067	16.3136	1.3333	18.4536
1835093	7000.0	9	6000.0	0.7067	18.4536	1.1667	20.327
1793711	6000.0	9	6000.0	0.6067	20.327	1.0	21.9337
1815038	6000.0	9	6000.0	0.6067	21.9337	1.0	23.5404
1796061	9000.0	9	6000.0	0.9067	23.5404	1.5	25.947100000000002
1747802	3000.0	9	6000.0	0.3067	25.9471	0.5	26.7538
1784257	6000.0	9	6000.0	0.6067	26.7538	1.0	28.3605
1692132	5000.0	9	6000.0	0.5067	28.3605	0.8333	29.700499999999998
1747354	7000.0	9	6000.0	0.7067	29.7005	1.1667	31.573900000000002
1786899	7000.0	9	6000.0	0.7067	31.5739	1.1667	33.4473
1790505	4000.0	9	6000.0	0.4067	33.4473	0.6667	34.5207
1847493	6000.0	9	6000.0	0.6067	34.5207	1.0	36.127399999999994
1783099	7000.0	9	6000.0	0.7067	36.1274	1.1667	38.0008
1738686	5000.0	9	6000.0	0.5067	38.0008	0.8333	39.3408
1731157	7000.0	9	6000.0	0.7067	39.3408	1.1667	41.2142
1732942	8000.0	9	6000.0	0.8067	41.2142	1.3333	43.3542
1687688	6000.0	9	6000.0	0.6067	43.3542	1.0	44.960899999999995
1827035	4000.0	9	6000.0	0.4067	44.9609	0.6667	46.0343
1849517	8000.0	9	6000.0	0.8067	46.0343	1.3333	48.1743
1760088	6000.0	9	6000.0	0.6067	48.1743	1.0	49.781000000000006
1774063	6000.0	10	6000.0	0.6067	0	1.0	1.6067
1703252	6000.0	10	6000.0	0.6067	1.6067	1.0	3.2134
1675684	8000.0	10	6000.0	0.8067	3.2134	1.3333	5.353400000000001
1651277	8000.0	10	6000.0	0.8067	5.3534	1.3333	7.493399999999999
1753917	5000.0	10	6000.0	0.5067	7.4934	0.8333	8.8334
1848386	5000.0	10	6000.0	0.5067	8.8334	0.8333	10.173399999999999
1753984	4000.0	10	6000.0	0.4067	10.1734	0.6667	11.246800000000002
1820588	6000.0	10	6000.0	0.6067	11.2468	1.0	12.8535
1811492	8000.0	10	6000.0	0.8067	12.8535	1.3333	14.9935
1663199	5000.0	10	6000.0	0.5067	14.9935	0.8333	16.3335
1755114	6000.0	10	6000.0	0.6067	16.3335	1.0	17.9402
1799077	5000.0	10	6000.0	0.5067	17.9402	0.8333	19.2802
1822788	7000.0	10	6000.0	0.7067	19.2802	1.1667	21.1536
1704473	7000.0	10	6000.0	0.7067	21.1536	1.1667	23.027
1815037	8000.0	10	6000.0	0.8067	23.027	1.3333	25.167
1772421	8000.0	10	6000.0	0.8067	25.167	1.3333	27.307000000000002
1723533	5000.0	10	6000.0	0.5067	27.307	0.8333	28.647
1682228	7000.0	10	6000.0	0.7067	28.647	1.1667	30.5204
1707110	8000.0	10	6000.0	0.8067	30.5204	1.3333	32.660399999999996
1827801	14000.0	10	6000.0	1.4067	32.6604	2.3333	36.400400000000005
1795550	7000.0	10	6000.0	0.7067	36.4004	1.1667	38.273799999999994
1818822	7000.0	10	6000.0	0.7067	38.2738	1.1667	40.1472
1653468	7000.0	10	6000.0	0.7067	40.1472	1.1667	42.020599999999995
1843752	7000.0	10	6000.0	0.7067	42.0206	1.1667	43.894
1751457	5000.0	10	6000.0	0.5067	43.894	0.8333	45.234
1706948	6000.0	10	6000.0	0.6067	45.234	1.0	46.8407
1827053	4000.0	10	6000.0	0.4067	46.8407	0.6667	47.9141
1760545	4000.0	10	6000.0	0.4067	47.9141	0.6667	48.9875
1755318	7000.0	10	6000.0	0.7067	48.9875	1.1667	50.860899999999994
1729936	2000.0	10	6000.0	0.2067	50.8609	0.3333	51.4009
1637863	7000.0	10	6000.0	0.7067	51.4009	1.1667	53.2743
1636155	6000.0	10	6000.0	0.6067	53.2743	1.0	54.881
1766267	7000.0	11	6000.0	0.7067	0	1.1667	1.8734000000000002
1700082	10000.0	11	6000.0	1.0067	1.8734	1.6667	4.546799999999999
1808461	5000.0	11	6000.0	0.5067	4.5468	0.8333	5.886800000000001
1747052	8000.0	11	6000.0	0.8067	5.8868	1.3333	8.0268
1819760	8000.0	11	6000.0	0.8067	8.0268	1.3333	10.166799999999999
1736564	9000.0	11	6000.0	0.9067	10.1668	1.5	12.573500000000001
1717207	7000.0	11	6000.0	0.7067	12.5735	1.1667	14.4469
1652272	8000.0	11	6000.0	0.8067	14.4469	1.3333	16.5869
1810643	7000.0	11	6000.0	0.7067	16.5869	1.1667	18.4603
1738216	7000.0	11	6000.0	0.7067	18.4603	1.1667	20.3337
1773754	6000.0	11	6000.0	0.6067	20.3337	1.0	21.9404
1817505	6000.0	11	6000.0	0.6067	21.9404	1.0	23.5471
1816329	7000.0	11	6000.0	0.7067	23.5471	1.1667	25.4205
1738063	5000.0	11	6000.0	0.5067	25.4205	0.8333	26.7605
1665947	7000.0	11	6000.0	0.7067	26.7605	1.1667	28.6339
1749371	7000.0	11	6000.0	0.7067	28.6339	1.1667	30.5073
1737056	6000.0	11	6000.0	0.6067	30.5073	1.0	32.114000000000004
1747729	7000.0	11	6000.0	0.7067	32.114	1.1667	33.987399999999994
1655046	5000.0	11	6000.0	0.5067	33.9874	0.8333	35.327400000000004
1772055	6000.0	11	6000.0	0.6067	35.3274	1.0	36.9341
1835451	7000.0	11	6000.0	0.7067	36.9341	1.1667	38.8075
1846948	8000.0	11	6000.0	0.8067	38.8075	1.3333	40.9475
1691160	6000.0	11	6000.0	0.6067	40.9475	1.0	42.554199999999994
1772016	7000.0	11	6000.0	0.7067	42.5542	1.1667	44.4276
1832537	8000.0	11	6000.0	0.8067	44.4276	1.3333	46.5676
1823945	7000.0	11	6000.0	0.7067	46.5676	1.1667	48.440999999999995
1773081	8000.0	11	6000.0	0.8067	48.441	1.3333	50.581
1843903	8000.0	11	6000.0	0.8067	50.581	1.3333	52.721000000000004
1738544	16000.0	11	6000.0	1.6067	52.721	2.6667	56.99439999999999
1640520	6000.0	11	6000.0	0.6067	56.9944	1.0	58.6011
1835366	4000.0	11	6000.0	0.4067	58.6011	0.6667	59.6745
1767473	6000.0	11	6000.0	0.6067	59.6745	1.0	61.2812
1652629	7000.0	11	6000.0	0.7067	61.2812	1.1667	63.154599999999995
1845203	9000.0	11	6000.0	0.9067	63.1546	1.5	65.5613
1797038	8000.0	11	6000.0	0.8067	65.5613	1.3333	67.7013
1777831	16000.0	11	6000.0	1.6067	67.7013	2.6667	71.97470000000001
1643830	11000.0	11	6000.0	1.1067	71.9747	1.8333	74.9147
1693243	6000.0	11	6000.0	0.6067	74.9147	1.0	76.5214
1636381	5000.0	11	6000.0	0.5067	76.5214	0.8333	77.86139999999999
1678188	8000.0	11	6000.0	0.8067	77.8614	1.3333	80.0014
1850924	6000.0	11	6000.0	0.6067	80.0014	1.0	81.60810000000001
1693705	7000.0	11	6000.0	0.7067	81.6081	1.1667	83.4815
1670817	6000.0	12	6000.0	0.6	0	1.0	1.6
1640003	6000.0	12	6000.0	0.6	1.6	1.0	3.2
1708448	7000.0	12	6000.0	0.7	3.2	1.1667	5.066700000000001
1741199	5000.0	12	6000.0	0.5	5.0667	0.8333	6.4
1828900	5000.0	12	6000.0	0.5	6.4	0.8333	7.733300000000001
1847271	4000.0	12	6000.0	0.4	7.7333	0.6667	8.8
1682867	4000.0	12	6000.0	0.4	8.8	0.6667	9.866700000000002
1651021	9000.0	12	6000.0	0.9	9.8667	1.5	12.2667
1663579	9000.0	12	6000.0	0.9	12.2667	1.5	14.6667
1770609	8000.0	12	6000.0	0.8	14.6667	1.3333	16.8
1742248	8000.0	12	6000.0	0.8	16.8	1.3333	18.933300000000003
1793410	7000.0	12	6000.0	0.7	18.9333	1.1667	20.799999999999997
1755219	5000.0	12	6000.0	0.5	20.8	0.8333	22.133300000000002
1737729	5000.0	12	6000.0	0.5	22.1333	0.8333	23.4666
1737145	5000.0	12	6000.0	0.5	23.4666	0.8333	24.7999
1722540	4000.0	12	6000.0	0.4	24.7999	0.6667	25.8666
1848865	8000.0	12	6000.0	0.8	25.8666	1.3333	27.9999
1697095	7000.0	12	6000.0	0.7	27.9999	1.1667	29.8666
1778358	7000.0	12	6000.0	0.7	29.8666	1.1667	31.733299999999996
1774762	9000.0	12	6000.0	0.9	31.7333	1.5	34.1333
1720440	7000.0	12	6000.0	0.7	34.1333	1.1667	36.0
1754593	8000.0	12	6000.0	0.8	36.0	1.3333	38.1333
1757816	3000.0	12	6000.0	0.3	38.1333	0.5	38.933299999999996
1683773	9000.0	12	6000.0	0.9	38.9333	1.5	41.3333
1736160	6000.0	12	6000.0	0.6	41.3333	1.0	42.9333
1679619	8000.0	12	6000.0	0.8	42.9333	1.3333	45.0666
1750780	8000.0	12	6000.0	0.8	45.0666	1.3333	47.1999
1693188	7000.0	12	6000.0	0.7	47.1999	1.1667	49.0666
1804357	4000.0	12	6000.0	0.4	49.0666	0.6667	50.1333
1763133	5000.0	12	6000.0	0.5	50.1333	0.8333	51.4666
1800967	12000.0	12	6000.0	1.2	51.4666	2.0	54.6666
1731368	7000.0	12	6000.0	0.7	54.6666	1.1667	56.533300000000004
1733521	8000.0	12	6000.0	0.8	56.5333	1.3333	58.666599999999995
1689137	7000.0	13	8000.0	0.7	0	0.875	1.575
1657798	7000.0	13	8000.0	0.7	1.575	0.875	3.15
1818732	6000.0	13	8000.0	0.6	3.15	0.75	4.5
1659843	5000.0	13	8000.0	0.5	4.5	0.625	5.625
1794095	3000.0	13	8000.0	0.3	5.625	0.375	6.3
1650175	7000.0	13	8000.0	0.7	6.3	0.875	7.875
1758597	8000.0	13	8000.0	0.8	7.875	1.0	9.675
1689737	6000.0	13	8000.0	0.6	9.675	0.75	11.025
1785609	5000.0	13	8000.0	0.5	11.025	0.625	12.15
1717577	5000.0	13	8000.0	0.5	12.15	0.625	13.275
1691612	9000.0	13	8000.0	0.9	13.275	1.125	15.3
1800508	15000.0	13	8000.0	1.5	15.3	1.875	18.675
1765834	4000.0	13	8000.0	0.4	18.675	0.5	19.575
1744766	6000.0	13	8000.0	0.6	19.575	0.75	20.925
1666083	11000.0	13	8000.0	1.1	20.925	1.375	23.400000000000002
1765508	6000.0	13	8000.0	0.6	23.4	0.75	24.75
1778359	8000.0	13	8000.0	0.8	24.75	1.0	26.55
1848934	8000.0	13	8000.0	0.8	26.55	1.0	28.35
1653050	6000.0	13	8000.0	0.6	28.35	0.75	29.700000000000003
1809516	5000.0	13	8000.0	0.5	29.7	0.625	30.825
1715431	4000.0	13	8000.0	0.4	30.825	0.5	31.724999999999998
1792278	6000.0	13	8000.0	0.6	31.725	0.75	33.075
1818295	7000.0	13	8000.0	0.7	33.075	0.875	34.650000000000006
1790379	4000.0	13	8000.0	0.4	34.65	0.5	35.55
1810210	8000.0	13	8000.0	0.8	35.55	1.0	37.349999999999994
1721859	4000.0	13	8000.0	0.4	37.35	0.5	38.25
1777653	6000.0	13	8000.0	0.6	38.25	0.75	39.6
1648937	2000.0	13	8000.0	0.2	39.6	0.25	40.050000000000004
1649836	8000.0	13	8000.0	0.8	40.05	1.0	41.849999999999994
1782751	5000.0	13	8000.0	0.5	41.85	0.625	42.975
1675604	6000.0	13	8000.0	0.6	42.975	0.75	44.325
1804322	7000.0	13	8000.0	0.7	44.325	0.875	45.900000000000006
1728143	5000.0	13	8000.0	0.5	45.9	0.625	47.025
1644653	6000.0	13	8000.0	0.6	47.025	0.75	48.375
1637029	9000.0	13	8000.0	0.9	48.375	1.125	50.4
1806918	7000.0	13	8000.0	0.7	50.4	0.875	51.975
1729661	4000.0	13	8000.0	0.4	51.975	0.5	52.875
1802068	6000.0	13	8000.0	0.6	52.875	0.75	54.225
1781914	5000.0	14	12000.0	0.5	0	0.4167	0.9167000000000001
1789157	6000.0	14	12000.0	0.6	0.9167	0.5	2.0167
1777651	9000.0	14	12000.0	0.9	2.0167	0.75	3.6667
1788727	8000.0	14	12000.0	0.8	3.6667	0.6667	5.1334
1776089	7000.0	14	12000.0	0.7	5.1334	0.5833	6.4167000000000005
1665906	5000.0	14	12000.0	0.5	6.4167	0.4167	7.333399999999999
1746786	5000.0	14	12000.0	0.5	7.3334	0.4167	8.2501
1669300	7000.0	14	12000.0	0.7	8.2501	0.5833	9.533399999999999
1793811	6000.0	14	12000.0	0.6	9.5334	0.5	10.6334
1778336	9000.0	14	12000.0	0.9	10.6334	0.75	12.2834
1825811	4000.0	14	12000.0	0.4	12.2834	0.3333	13.0167
1746760	5000.0	14	12000.0	0.5	13.0167	0.4167	13.9334
1727278	3000.0	14	12000.0	0.3	13.9334	0.25	14.483400000000001
1696833	6000.0	14	12000.0	0.6	14.4834	0.5	15.5834
1753425	5000.0	14	12000.0	0.5	15.5834	0.4167	16.500099999999996
1783675	8000.0	14	12000.0	0.8	16.5001	0.6667	17.9668
1700817	4000.0	14	12000.0	0.4	17.9668	0.3333	18.7001
1745956	8000.0	14	12000.0	0.8	18.7001	0.6667	20.1668
1807626	6000.0	14	12000.0	0.6	20.1668	0.5	21.2668
1836993	8000.0	14	12000.0	0.8	21.2668	0.6667	22.7335
1757841	11000.0	14	12000.0	1.1	22.7335	0.9167	24.7502
1834163	5000.0	14	12000.0	0.5	24.7502	0.4167	25.6669
1828339	7000.0	14	12000.0	0.7	25.6669	0.5833	26.9502
1719384	6000.0	14	12000.0	0.6	26.9502	0.5	28.0502
1796558	5000.0	14	12000.0	0.5	28.0502	0.4167	28.9669
1756722	7000.0	14	12000.0	0.7	28.9669	0.5833	30.2502
1645338	6000.0	14	12000.0	0.6	30.2502	0.5	31.3502
1761425	2000.0	14	12000.0	0.2	31.3502	0.1667	31.7169
1733708	8000.0	14	12000.0	0.8	31.7169	0.6667	33.1836
1694102	8000.0	14	12000.0	0.8	33.1836	0.6667	34.650299999999994
1657833	8000.0	15	16000.0	0.8	0	0.5	1.3
1710612	6000.0	15	16000.0	0.6	1.3	0.375	2.275
1832695	7000.0	15	16000.0	0.7	2.275	0.4375	3.4124999999999996
1769995	5000.0	15	16000.0	0.5	3.4125	0.3125	4.225
1669692	7000.0	15	16000.0	0.7	4.225	0.4375	5.3625
1816345	8000.0	15	16000.0	0.8	5.3625	0.5	6.6625
1708607	6000.0	15	16000.0	0.6	6.6625	0.375	7.637499999999999
1706453	4000.0	15	16000.0	0.4	7.6375	0.25	8.2875
1780414	3000.0	15	16000.0	0.3	8.2875	0.1875	8.775
1840052	5000.0	15	16000.0	0.5	8.775	0.3125	9.5875
1717633	6000.0	15	16000.0	0.6	9.5875	0.375	10.5625
1737680	8000.0	15	16000.0	0.8	10.5625	0.5	11.8625
1663156	5000.0	15	16000.0	0.5	11.8625	0.3125	12.675
1656254	3000.0	15	16000.0	0.3	12.675	0.1875	13.162500000000001
1706702	4000.0	15	16000.0	0.4	13.1625	0.25	13.8125
1777167	7000.0	15	16000.0	0.7	13.8125	0.4375	14.95
1743554	4000.0	15	16000.0	0.4	14.95	0.25	15.6
1738793	6000.0	15	16000.0	0.6	15.6	0.375	16.575
1672967	8000.0	15	16000.0	0.8	16.575	0.5	17.875
1713234	4000.0	15	16000.0	0.4	17.875	0.25	18.525
1796111	4000.0	15	16000.0	0.4	18.525	0.25	19.174999999999997
1670331	10000.0	15	16000.0	1.0	19.175	0.625	20.8
1795149	6000.0	15	16000.0	0.6	20.8	0.375	21.775000000000002
1769409	6000.0	15	16000.0	0.6	21.775	0.375	22.75
1698781	7000.0	15	16000.0	0.7	22.75	0.4375	23.8875
1723796	6000.0	15	16000.0	0.6	23.8875	0.375	24.8625
1753275	5000.0	15	16000.0	0.5	24.8625	0.3125	25.675
1840302	6000.0	15	16000.0	0.6	25.675	0.375	26.650000000000002
1840644	7000.0	15	16000.0	0.7	26.65	0.4375	27.787499999999998
1842010	8000.0	15	16000.0	0.8	27.7875	0.5	29.087500000000002
1664286	4000.0	15	16000.0	0.4	29.0875	0.25	29.737499999999997
1660641	7000.0	15	16000.0	0.7	29.7375	0.4375	30.875
1719873	9000.0	15	16000.0	0.9	30.875	0.5625	32.3375
1664581	5000.0	15	16000.0	0.5	32.3375	0.3125	33.15
1702106	9000.0	15	16000.0	0.9	33.15	0.5625	34.6125
1669136	7000.0	15	16000.0	0.7	34.6125	0.4375	35.75
1759933	4000.0	15	16000.0	0.4	35.75	0.25	36.4
1644048	6000.0	15	16000.0	0.6	36.4	0.375	37.375
1678722	6000.0	15	16000.0	0.6	37.375	0.375	38.35
1678009	7000.0	15	16000.0	0.7	38.35	0.4375	39.487500000000004
1730532	8000.0	15	16000.0	0.8	39.4875	0.5	40.787499999999994
1741629	7000.0	16	18000.0	0.7058	0	0.3889	1.0947
1823059	4000.0	16	18000.0	0.4058	1.0947	0.2222	1.7227
1717470	6000.0	16	18000.0	0.6058	1.7227	0.3333	2.6618
1699973	6000.0	16	18000.0	0.6058	2.6618	0.3333	3.6008999999999998
1817513	4000.0	16	18000.0	0.4058	3.6009	0.2222	4.2289
1683104	3000.0	16	18000.0	0.3058	4.2289	0.1667	4.7014
1714906	8000.0	16	18000.0	0.8058	4.7014	0.4444	5.951599999999999
1722115	11000.0	16	18000.0	1.1058	5.9516	0.6111	7.6685
1714822	7000.0	16	18000.0	0.7058	7.6685	0.3889	8.7632
1820112	7000.0	16	18000.0	0.7058	8.7632	0.3889	9.857899999999999
1672046	6000.0	16	18000.0	0.6058	9.8579	0.3333	10.797
1767137	7000.0	16	18000.0	0.7058	10.797	0.3889	11.8917
1745996	8000.0	16	18000.0	0.8058	11.8917	0.4444	13.1419
1745864	6000.0	16	18000.0	0.6058	13.1419	0.3333	14.081
1684431	9000.0	16	18000.0	0.9058	14.081	0.5	15.486799999999999
1847143	19000.0	16	18000.0	1.9058	15.4868	1.0556	18.4482
1665396	6000.0	16	18000.0	0.6058	18.4482	0.3333	19.3873
1791475	5000.0	16	18000.0	0.5058	19.3873	0.2778	20.1709
1768324	7000.0	16	18000.0	0.7058	20.1709	0.3889	21.2656
1702391	14000.0	16	18000.0	1.4058	21.2656	0.7778	23.449199999999998
1788145	8000.0	16	18000.0	0.8058	23.4492	0.4444	24.699400000000004
1676570	4000.0	16	18000.0	0.4058	24.6994	0.2222	25.3274
1756215	5000.0	16	18000.0	0.5058	25.3274	0.2778	26.111
1643121	7000.0	16	18000.0	0.7058	26.111	0.3889	27.2057
1664634	7000.0	16	18000.0	0.7058	27.2057	0.3889	28.3004
1690273	6000.0	16	18000.0	0.6058	28.3004	0.3333	29.2395
1747221	6000.0	16	18000.0	0.6058	29.2395	0.3333	30.1786
1730663	4000.0	16	18000.0	0.4058	30.1786	0.2222	30.8066
1850311	6000.0	16	18000.0	0.6058	30.8066	0.3333	31.7457
1683206	6000.0	17	24000.0	0.6058	0	0.25	0.8558
1834531	8000.0	17	24000.0	0.8058	0.8558	0.3333	1.9949
1748919	8000.0	17	24000.0	0.8058	1.9949	0.3333	3.134
1785283	7000.0	17	24000.0	0.7058	3.134	0.2917	4.1315
1703174	7000.0	17	24000.0	0.7058	4.1315	0.2917	5.129
1671857	8000.0	17	24000.0	0.8058	5.129	0.3333	6.2681
1779565	4000.0	17	24000.0	0.4058	6.2681	0.1667	6.840599999999999
1773596	2000.0	17	24000.0	0.2058	6.8406	0.0833	7.129700000000001
1736373	7000.0	17	24000.0	0.7058	7.1297	0.2917	8.1272
1807974	6000.0	17	24000.0	0.6058	8.1272	0.25	8.983
1676789	8000.0	17	24000.0	0.8058	8.983	0.3333	10.1221
1824177	6000.0	17	24000.0	0.6058	10.1221	0.25	10.9779
1648648	6000.0	17	24000.0	0.6058	10.9779	0.25	11.8337
1833880	6000.0	17	24000.0	0.6058	11.8337	0.25	12.6895
1808598	7000.0	17	24000.0	0.7058	12.6895	0.2917	13.687000000000001
1780062	4000.0	17	24000.0	0.4058	13.687	0.1667	14.2595
1686666	5000.0	17	24000.0	0.5058	14.2595	0.2083	14.9736
1821006	7000.0	17	24000.0	0.7058	14.9736	0.2917	15.9711
1686448	8000.0	17	24000.0	0.8058	15.9711	0.3333	17.110200000000003
1813861	5000.0	17	24000.0	0.5058	17.1102	0.2083	17.8243
1671374	5000.0	17	24000.0	0.5058	17.8243	0.2083	18.538400000000003
1819019	6000.0	17	24000.0	0.6058	18.5384	0.25	19.394199999999998
1795032	8000.0	17	24000.0	0.8058	19.3942	0.3333	20.533300000000004
1791588	4000.0	17	24000.0	0.4058	20.5333	0.1667	21.1058
1818187	7000.0	17	24000.0	0.7058	21.1058	0.2917	22.103299999999997
1844484	3000.0	17	24000.0	0.3058	22.1033	0.125	22.534100000000002
1797195	6000.0	17	24000.0	0.6058	22.5341	0.25	23.389899999999997
1690533	8000.0	17	24000.0	0.8058	23.3899	0.3333	24.529000000000003
1647227	3000.0	17	24000.0	0.3058	24.529	0.125	24.9598
1636835	4000.0	17	24000.0	0.4058	24.9598	0.1667	25.5323
1826229	7000.0	17	24000.0	0.7058	25.5323	0.2917	26.529799999999998
1644378	7000.0	17	24000.0	0.7058	26.5298	0.2917	27.5273
1693303	4000.0	17	24000.0	0.4058	27.5273	0.1667	28.0998
1763879	7000.0	17	24000.0	0.7058	28.0998	0.2917	29.097299999999997
1821558	15000.0	18	30000.0	1.5058	0	0.5	2.0058
1653886	16000.0	18	30000.0	1.6058	2.0058	0.5333	4.1449
1748790	5000.0	18	30000.0	0.5058	4.1449	0.1667	4.817399999999999
1739476	7000.0	18	30000.0	0.7058	4.8174	0.2333	5.7565
1767099	5000.0	18	30000.0	0.5058	5.7565	0.1667	6.428999999999999
1725616	8000.0	18	30000.0	0.8058	6.429	0.2667	7.5015
1849129	9000.0	18	30000.0	0.9058	7.5015	0.3	8.7073
1706628	6000.0	18	30000.0	0.6058	8.7073	0.2	9.5131
1666224	16000.0	18	30000.0	1.6058	9.5131	0.5333	11.6522
1838749	7000.0	18	30000.0	0.7058	11.6522	0.2333	12.5913
1722143	3000.0	18	30000.0	0.3058	12.5913	0.1	12.9971
1781202	7000.0	18	30000.0	0.7058	12.9971	0.2333	13.9362
1843138	7000.0	18	30000.0	0.7058	13.9362	0.2333	14.8753
1713682	6000.0	18	30000.0	0.6058	14.8753	0.2	15.681099999999999
1641311	13000.0	18	30000.0	1.3058	15.6811	0.4333	17.4202
1815027	8000.0	18	30000.0	0.8058	17.4202	0.2667	18.492700000000003
1647551	3000.0	18	30000.0	0.3058	18.4927	0.1	18.898500000000002
1652016	12000.0	18	30000.0	1.2058	18.8985	0.4	20.504299999999997
1824669	7000.0	18	30000.0	0.7058	20.5043	0.2333	21.4434
1714219	7000.0	18	30000.0	0.7058	21.4434	0.2333	22.3825
1794758	7000.0	18	30000.0	0.7058	22.3825	0.2333	23.3216
1814106	6000.0	18	30000.0	0.6058	23.3216	0.2	24.127399999999998
1705234	7000.0	18	30000.0	0.7058	24.1274	0.2333	25.0665
1700640	5000.0	18	30000.0	0.5058	25.0665	0.1667	25.739
1810275	3000.0	18	30000.0	0.3058	25.739	0.1	26.144800000000004
1768251	8000.0	18	30000.0	0.8058	26.1448	0.2667	27.2173
1754175	5000.0	18	30000.0	0.5058	27.2173	0.1667	27.8898
1817981	9000.0	18	30000.0	0.9058	27.8898	0.3	29.0956
1724412	7000.0	18	30000.0	0.7058	29.0956	0.2333	30.0347
1809801	10000.0	18	30000.0	1.0058	30.0347	0.3333	31.373800000000003
1804290	5000.0	18	30000.0	0.5058	31.3738	0.1667	32.0463
1728266	6000.0	18	30000.0	0.6058	32.0463	0.2	32.85210000000001
1728612	7000.0	18	30000.0	0.7058	32.8521	0.2333	33.7912
1646447	8000.0	19	30000.0	0.8058	0	0.2667	1.0725
1714698	7000.0	19	30000.0	0.7058	1.0725	0.2333	2.0116
1825469	7000.0	19	30000.0	0.7058	2.0116	0.2333	2.9507
1652306	6000.0	19	30000.0	0.6058	2.9507	0.2	3.7565
1719137	17000.0	19	30000.0	1.7058	3.7565	0.5667	6.029
1741186	8000.0	19	30000.0	0.8058	6.029	0.2667	7.1015
1671802	7000.0	19	30000.0	0.7058	7.1015	0.2333	8.0406
1812965	7000.0	19	30000.0	0.7058	8.0406	0.2333	8.9797
1702961	8000.0	19	30000.0	0.8058	8.9797	0.2667	10.0522
1711195	6000.0	19	30000.0	0.6058	10.0522	0.2	10.857999999999999
1667236	7000.0	19	30000.0	0.7058	10.858	0.2333	11.7971
1670646	5000.0	19	30000.0	0.5058	11.7971	0.1667	12.469600000000002
1685326	7000.0	19	30000.0	0.7058	12.4696	0.2333	13.4087
1780113	6000.0	19	30000.0	0.6058	13.4087	0.2	14.2145
1641881	5000.0	19	30000.0	0.5058	14.2145	0.1667	14.887
1848933	7000.0	19	30000.0	0.7058	14.887	0.2333	15.8261
1841846	6000.0	19	30000.0	0.6058	15.8261	0.2	16.631899999999998
1720038	7000.0	19	30000.0	0.7058	16.6319	0.2333	17.571
1715427	16000.0	19	30000.0	1.6058	17.571	0.5333	19.7101
1724040	13000.0	19	30000.0	1.3058	19.7101	0.4333	21.4492
1795033	7000.0	19	30000.0	0.7058	21.4492	0.2333	22.3883
1777690	3000.0	19	30000.0	0.3058	22.3883	0.1	22.794100000000004
1782560	6000.0	19	30000.0	0.6058	22.7941	0.2	23.599899999999998
1794373	8000.0	19	30000.0	0.8058	23.5999	0.2667	24.672400000000003
1824337	7000.0	19	30000.0	0.7058	24.6724	0.2333	25.6115
1719303	15000.0	19	30000.0	1.5058	25.6115	0.5	27.6173
1772932	7000.0	19	30000.0	0.7058	27.6173	0.2333	28.5564
1768173	4000.0	19	30000.0	0.4058	28.5564	0.1333	29.095499999999998
1809846	5000.0	19	30000.0	0.5058	29.0955	0.1667	29.768
1772798	7000.0	19	30000.0	0.7058	29.768	0.2333	30.7071
1705489	6000.0	19	30000.0	0.6058	30.7071	0.2	31.5129
1636331	4000.0	19	30000.0	0.4058	31.5129	0.1333	32.052
1827227	9000.0	19	30000.0	0.9058	32.052	0.3	33.257799999999996
1762559	6000.0	19	30000.0	0.6058	33.2578	0.2	34.06360000000001
1803033	10000.0	19	30000.0	1.0058	34.0636	0.3333	35.4027
1694515	5000.0	19	30000.0	0.5058	35.4027	0.1667	36.0752
1850993	5000.0	19	30000.0	0.5058	36.0752	0.1667	36.7477
