1830982	13000.0	0	500.0	1.3	0	26.0	27.3
1836316	12000.0	0	500.0	1.2	27.3	24.0	52.5
1681632	9000.0	0	500.0	0.9	52.5	18.0	71.4
1644466	9000.0	0	500.0	0.9	71.4	18.0	90.30000000000001
1678727	20000.0	0	500.0	2.0	90.3	40.0	132.3
1683226	9000.0	0	500.0	0.9	132.3	18.0	151.20000000000002
1679594	9000.0	0	500.0	0.9	151.2	18.0	170.1
1661457	9000.0	0	500.0	0.9	170.1	18.0	189.0
1827647	10000.0	0	500.0	1.0	189.0	20.0	210.0
1796220	18000.0	0	500.0	1.8	210.0	36.0	247.8
1675389	12000.0	0	500.0	1.2	247.8	24.0	273.0
1647094	9000.0	0	500.0	0.9	273.0	18.0	291.9
1818994	5000.0	0	500.0	0.5	291.9	10.0	302.4
1674505	11000.0	0	500.0	1.1	302.4	22.0	325.5
1690837	13000.0	0	500.0	1.3	325.5	26.0	352.8
1654708	12000.0	0	500.0	1.2	352.8	24.0	378.0
1778844	9000.0	0	500.0	0.9	378.0	18.0	396.9
1705647	9000.0	0	500.0	0.9	396.9	18.0	415.79999999999995
1836640	9000.0	0	500.0	0.9	415.8	18.0	434.7
1806825	10000.0	0	500.0	1.0	434.7	20.0	455.7
1841058	11000.0	0	500.0	1.1	455.7	22.0	478.8
1703381	13000.0	0	500.0	1.3	478.8	26.0	506.1
1652679	10000.0	0	500.0	1.0	506.1	20.0	527.1
1746321	8000.0	0	500.0	0.8	527.1	16.0	543.9
1729339	11000.0	0	500.0	1.1	543.9	22.0	567.0
1721527	10000.0	0	500.0	1.0	567.0	20.0	588.0
1846279	11000.0	0	500.0	1.1	588.0	22.0	611.1
1719057	8000.0	0	500.0	0.8	611.1	16.0	627.9
1730783	11000.0	0	500.0	1.1	627.9	22.0	651.0
1849024	8000.0	0	500.0	0.8	651.0	16.0	667.8
1851135	7000.0	0	500.0	0.7	667.8	14.0	682.5
1729463	13000.0	0	500.0	1.3	682.5	26.0	709.8
1849854	12000.0	0	500.0	1.2	709.8	24.0	735.0
1652084	12000.0	1	500.0	1.2	0	24.0	25.2
1772325	11000.0	1	500.0	1.1	25.2	22.0	48.3
1782787	8000.0	1	500.0	0.8	48.3	16.0	65.1
1788760	12000.0	1	500.0	1.2	65.1	24.0	90.3
1804416	12000.0	1	500.0	1.2	90.3	24.0	115.5
1641971	10000.0	1	500.0	1.0	115.5	20.0	136.5
1835638	9000.0	1	500.0	0.9	136.5	18.0	155.4
1708324	8000.0	1	500.0	0.8	155.4	16.0	172.20000000000002
1661521	8000.0	1	500.0	0.8	172.2	16.0	189.0
1644007	12000.0	1	500.0	1.2	189.0	24.0	214.2
1773057	9000.0	1	500.0	0.9	214.2	18.0	233.1
1788387	9000.0	1	500.0	0.9	233.1	18.0	252.0
1819092	9000.0	1	500.0	0.9	252.0	18.0	270.9
1818620	9000.0	1	500.0	0.9	270.9	18.0	289.79999999999995
1695447	9000.0	1	500.0	0.9	289.8	18.0	308.7
1796975	6000.0	1	500.0	0.6	308.7	12.0	321.3
1695081	14000.0	1	500.0	1.4	321.3	28.0	350.7
1793259	11000.0	1	500.0	1.1	350.7	22.0	373.8
1839735	10000.0	1	500.0	1.0	373.8	20.0	394.8
1784297	9000.0	1	500.0	0.9	394.8	18.0	413.7
1761116	7000.0	1	500.0	0.7	413.7	14.0	428.4
1668706	8000.0	1	500.0	0.8	428.4	16.0	445.2
1763442	11000.0	1	500.0	1.1	445.2	22.0	468.3
1671753	7000.0	1	500.0	0.7	468.3	14.0	483.0
1762907	8000.0	1	500.0	0.8	483.0	16.0	499.8
1728083	8000.0	1	500.0	0.8	499.8	16.0	516.6
1847261	13000.0	1	500.0	1.3	516.6	26.0	543.9
1851450	9000.0	1	500.0	0.9	543.9	18.0	562.8
1749306	7000.0	1	500.0	0.7	562.8	14.0	577.5
1733746	8000.0	1	500.0	0.8	577.5	16.0	594.3
1741275	11000.0	1	500.0	1.1	594.3	22.0	617.4
1816265	8000.0	2	1000.0	0.8	0	8.0	8.8
1812778	12000.0	2	1000.0	1.2	8.8	12.0	22.0
1782669	12000.0	2	1000.0	1.2	22.0	12.0	35.2
1782693	10000.0	2	1000.0	1.0	35.2	10.0	46.2
1757446	10000.0	2	1000.0	1.0	46.2	10.0	57.2
1642168	6000.0	2	1000.0	0.6	57.2	6.0	63.800000000000004
1827908	9000.0	2	1000.0	0.9	63.8	9.0	73.7
1817371	8000.0	2	1000.0	0.8	73.7	8.0	82.5
1769074	10000.0	2	1000.0	1.0	82.5	10.0	93.5
1672603	11000.0	2	1000.0	1.1	93.5	11.0	105.6
1701728	7000.0	2	1000.0	0.7	105.6	7.0	113.3
1792538	7000.0	2	1000.0	0.7	113.3	7.0	121.0
1694666	11000.0	2	1000.0	1.1	121.0	11.0	133.1
1765049	11000.0	2	1000.0	1.1	133.1	11.0	145.2
1656323	13000.0	2	1000.0	1.3	145.2	13.0	159.5
1673306	9000.0	2	1000.0	0.9	159.5	9.0	169.4
1673507	15000.0	2	1000.0	1.5	169.4	15.0	185.9
1698840	8000.0	2	1000.0	0.8	185.9	8.0	194.70000000000002
1794010	11000.0	2	1000.0	1.1	194.7	11.0	206.79999999999998
1794396	11000.0	2	1000.0	1.1	206.8	11.0	218.9
1794591	10000.0	2	1000.0	1.0	218.9	10.0	229.9
1637629	9000.0	2	1000.0	0.9	229.9	9.0	239.8
1783205	13000.0	2	1000.0	1.3	239.8	13.0	254.10000000000002
1826843	10000.0	2	1000.0	1.0	254.1	10.0	265.1
1652522	9000.0	2	1000.0	0.9	265.1	9.0	275.0
1677121	9000.0	2	1000.0	0.9	275.0	9.0	284.9
1819423	13000.0	2	1000.0	1.3	284.9	13.0	299.2
1637685	9000.0	2	1000.0	0.9	299.2	9.0	309.09999999999997
1691460	8000.0	2	1000.0	0.8	309.1	8.0	317.90000000000003
1725232	8000.0	2	1000.0	0.8	317.9	8.0	326.7
1734795	9000.0	2	1000.0	0.9	326.7	9.0	336.59999999999997
1850231	12000.0	2	1000.0	1.2	336.6	12.0	349.8
1731030	7000.0	2	1000.0	0.7	349.8	7.0	357.5
1745760	8000.0	2	1000.0	0.8	357.5	8.0	366.3
1713585	9000.0	2	1000.0	0.9	366.3	9.0	376.2
1801321	6000.0	3	1000.0	0.6	0	6.0	6.6
1661176	6000.0	3	1000.0	0.6	6.6	6.0	13.2
1778050	10000.0	3	1000.0	1.0	13.2	10.0	24.2
1678437	11000.0	3	1000.0	1.1	24.2	11.0	36.3
1678390	7000.0	3	1000.0	0.7	36.3	7.0	44.0
1760896	11000.0	3	1000.0	1.1	44.0	11.0	56.1
1817278	15000.0	3	1000.0	1.5	56.1	15.0	72.6
1651560	8000.0	3	1000.0	0.8	72.6	8.0	81.39999999999999
1835302	12000.0	3	1000.0	1.2	81.4	12.0	94.60000000000001
1770857	10000.0	3	1000.0	1.0	94.6	10.0	105.6
1695763	11000.0	3	1000.0	1.1	105.6	11.0	117.69999999999999
1695276	10000.0	3	1000.0	1.0	117.7	10.0	128.7
1840457	14000.0	3	1000.0	1.4	128.7	14.0	144.1
1653314	7000.0	3	1000.0	0.7	144.1	7.0	151.79999999999998
1655831	9000.0	3	1000.0	0.9	151.8	9.0	161.70000000000002
1783260	11000.0	3	1000.0	1.1	161.7	11.0	173.79999999999998
1654850	9000.0	3	1000.0	0.9	173.8	9.0	183.70000000000002
1668825	12000.0	3	1000.0	1.2	183.7	12.0	196.89999999999998
1728087	12000.0	3	1000.0	1.2	196.9	12.0	210.1
1720513	9000.0	3	1000.0	0.9	210.1	9.0	220.0
1723274	8000.0	3	1000.0	0.8	220.0	8.0	228.8
1730709	8000.0	3	1000.0	0.8	228.8	8.0	237.60000000000002
1718845	10000.0	3	1000.0	1.0	237.6	10.0	248.6
1844075	9000.0	3	1000.0	0.9	248.6	9.0	258.5
1716445	12000.0	3	1000.0	1.2	258.5	12.0	271.7
1726025	10000.0	3	1000.0	1.0	271.7	10.0	282.7
1846826	25000.0	3	1000.0	2.5	282.7	25.0	310.2
1731590	13000.0	3	1000.0	1.3	310.2	13.0	324.5
1711437	13000.0	3	1000.0	1.3	324.5	13.0	338.8
1706729	8000.0	4	4000.0	0.8038	0	2.0	2.8038
1817815	7000.0	4	4000.0	0.7038	2.8038	1.75	5.2576
1800182	10000.0	4	4000.0	1.0038	5.2576	2.5	8.7614
1812229	6000.0	4	4000.0	0.6038	8.7614	1.5	10.8652
1683428	12000.0	4	4000.0	1.2038	10.8652	3.0	15.068999999999999
1811257	8000.0	4	4000.0	0.8038	15.069	2.0	17.8728
1772860	9000.0	4	4000.0	0.9038	17.8728	2.25	21.026600000000002
1771639	12000.0	4	4000.0	1.2038	21.0266	3.0	25.2304
1650186	8000.0	4	4000.0	0.8038	25.2304	2.0	28.0342
1642146	6000.0	4	4000.0	0.6038	28.0342	1.5	30.137999999999998
1805620	7000.0	4	4000.0	0.7038	30.138	1.75	32.591800000000006
1779573	10000.0	4	4000.0	1.0038	32.5918	2.5	36.0956
1675356	8000.0	4	4000.0	0.8038	36.0956	2.0	38.8994
1840809	8000.0	4	4000.0	0.8038	38.8994	2.0	41.7032
1826356	6000.0	4	4000.0	0.6038	41.7032	1.5	43.807
1779741	11000.0	4	4000.0	1.1038	43.807	2.75	47.6608
1831829	15000.0	4	4000.0	1.5038	47.6608	3.75	52.9146
1794594	9000.0	4	4000.0	0.9038	52.9146	2.25	56.0684
1795752	9000.0	4	4000.0	0.9038	56.0684	2.25	59.222199999999994
1697510	12000.0	4	4000.0	1.2038	59.2222	3.0	63.426
1691323	9000.0	4	4000.0	0.9038	63.426	2.25	66.5798
1691285	12000.0	4	4000.0	1.2038	66.5798	3.0	70.7836
1654874	5000.0	4	4000.0	0.5038	70.7836	1.25	72.5374
1777352	10000.0	4	4000.0	1.0038	72.5374	2.5	76.0412
1639783	13000.0	4	4000.0	1.3038	76.0412	3.25	80.595
1813506	5000.0	4	4000.0	0.5038	80.595	1.25	82.3488
1671695	10000.0	4	4000.0	1.0038	82.3488	2.5	85.8526
1704117	9000.0	4	4000.0	0.9038	85.8526	2.25	89.0064
1696438	8000.0	4	4000.0	0.8038	89.0064	2.0	91.8102
1711999	12000.0	4	4000.0	1.2038	91.8102	3.0	96.014
1752687	7000.0	4	4000.0	0.7038	96.014	1.75	98.4678
1849739	12000.0	4	4000.0	1.2038	98.4678	3.0	102.6716
1713396	12000.0	4	4000.0	1.2038	102.6716	3.0	106.8754
1741487	8000.0	4	4000.0	0.8038	106.8754	2.0	109.6792
1747548	9000.0	4	4000.0	0.9038	109.6792	2.25	112.833
1845170	10000.0	4	4000.0	1.0038	112.833	2.5	116.3368
1726427	7000.0	4	4000.0	0.7038	116.3368	1.75	118.7906
1745978	12000.0	4	4000.0	1.2038	118.7906	3.0	122.9944
1722347	10000.0	4	4000.0	1.0038	122.9944	2.5	126.4982
1715695	9000.0	4	4000.0	0.9038	126.4982	2.25	129.652
1835174	9000.0	5	4000.0	0.9038	0	2.25	3.1538
1659137	11000.0	5	4000.0	1.1038	3.1538	2.75	7.0076
1770327	8000.0	5	4000.0	0.8038	7.0076	2.0	9.811399999999999
1777622	7000.0	5	4000.0	0.7038	9.8114	1.75	12.2652
1836209	8000.0	5	4000.0	0.8038	12.2652	2.0	15.069
1651166	14000.0	5	4000.0	1.4038	15.069	3.5	19.9728
1708101	7000.0	5	4000.0	0.7038	19.9728	1.75	22.4266
1709479	9000.0	5	4000.0	0.9038	22.4266	2.25	25.5804
1665635	10000.0	5	4000.0	1.0038	25.5804	2.5	29.084200000000003
1820078	7000.0	5	4000.0	0.7038	29.0842	1.75	31.538
1757082	8000.0	5	4000.0	0.8038	31.538	2.0	34.3418
1679800	7000.0	5	4000.0	0.7038	34.3418	1.75	36.7956
1763906	7000.0	5	4000.0	0.7038	36.7956	1.75	39.2494
1807529	11000.0	5	4000.0	1.1038	39.2494	2.75	43.1032
1656009	7000.0	5	4000.0	0.7038	43.1032	1.75	45.557
1802677	9000.0	5	4000.0	0.9038	45.557	2.25	48.7108
1829318	11000.0	5	4000.0	1.1038	48.7108	2.75	52.5646
1673918	8000.0	5	4000.0	0.8038	52.5646	2.0	55.3684
1833168	10000.0	5	4000.0	1.0038	55.3684	2.5	58.8722
1678135	8000.0	5	4000.0	0.8038	58.8722	2.0	61.676
1773710	13000.0	5	4000.0	1.3038	61.676	3.25	66.22980000000001
1706482	11000.0	5	4000.0	1.1038	66.2298	2.75	70.0836
1693064	7000.0	5	4000.0	0.7038	70.0836	1.75	72.5374
1819309	10000.0	5	4000.0	1.0038	72.5374	2.5	76.0412
1746838	10000.0	5	4000.0	1.0038	76.0412	2.5	79.545
1749654	10000.0	5	4000.0	1.0038	79.545	2.5	83.0488
1721895	10000.0	5	4000.0	1.0038	83.0488	2.5	86.5526
1743613	9000.0	5	4000.0	0.9038	86.5526	2.25	89.7064
1750585	9000.0	5	4000.0	0.9038	89.7064	2.25	92.8602
1638319	6000.0	6	5000.0	0.6038	0	1.2	1.8037999999999998
1650723	8000.0	6	5000.0	0.8038	1.8038	1.6	4.2076
1787923	13000.0	6	5000.0	1.3038	4.2076	2.6	8.1114
1649860	8000.0	6	5000.0	0.8038	8.1114	1.6	10.5152
1823397	10000.0	6	5000.0	1.0038	10.5152	2.0	13.519
1644152	10000.0	6	5000.0	1.0038	13.519	2.0	16.5228
1658662	15000.0	6	5000.0	1.5038	16.5228	3.0	21.026600000000002
1843280	10000.0	6	5000.0	1.0038	21.0266	2.0	24.0304
1780814	9000.0	6	5000.0	0.9038	24.0304	1.8	26.7342
1820325	8000.0	6	5000.0	0.8038	26.7342	1.6	29.138
1667017	7000.0	6	5000.0	0.7038	29.138	1.4	31.2418
1764503	12000.0	6	5000.0	1.2038	31.2418	2.4	34.8456
1785963	8000.0	6	5000.0	0.8038	34.8456	1.6	37.2494
1694085	10000.0	6	5000.0	1.0038	37.2494	2.0	40.2532
1702927	11000.0	6	5000.0	1.1038	40.2532	2.2	43.557
1763970	6000.0	6	5000.0	0.6038	43.557	1.2	45.360800000000005
1655997	11000.0	6	5000.0	1.1038	45.3608	2.2	48.6646
1795130	8000.0	6	5000.0	0.8038	48.6646	1.6	51.068400000000004
1667854	8000.0	6	5000.0	0.8038	51.0684	1.6	53.4722
1762539	15000.0	6	5000.0	1.5038	53.4722	3.0	57.976
1769327	10000.0	6	5000.0	1.0038	57.976	2.0	60.9798
1798158	9000.0	6	5000.0	0.9038	60.9798	1.8	63.68359999999999
1819192	10000.0	6	5000.0	1.0038	63.6836	2.0	66.6874
1755791	11000.0	6	5000.0	1.1038	66.6874	2.2	69.9912
1803539	8000.0	6	5000.0	0.8038	69.9912	1.6	72.395
1807302	7000.0	6	5000.0	0.7038	72.395	1.4	74.4988
1742058	17000.0	6	5000.0	1.7038	74.4988	3.4	79.60260000000001
1847411	10000.0	6	5000.0	1.0038	79.6026	2.0	82.6064
1749764	13000.0	6	5000.0	1.3038	82.6064	2.6	86.51019999999998
1746928	8000.0	6	5000.0	0.8038	86.5102	1.6	88.91399999999999
1745381	10000.0	6	5000.0	1.0038	88.914	2.0	91.9178
1844762	15000.0	6	5000.0	1.5038	91.9178	3.0	96.4216
1740565	12000.0	6	5000.0	1.2038	96.4216	2.4	100.0254
1843893	10000.0	6	5000.0	1.0038	100.0254	2.0	103.0292
1744340	10000.0	6	5000.0	1.0038	103.0292	2.0	106.033
1728411	9000.0	6	5000.0	0.9038	106.033	1.8	108.7368
1851759	11000.0	6	5000.0	1.1038	108.7368	2.2	112.04060000000001
1724332	11000.0	6	5000.0	1.1038	112.0406	2.2	115.34440000000001
1751905	9000.0	6	5000.0	0.9038	115.3444	1.8	118.0482
1850669	12000.0	6	5000.0	1.2038	118.0482	2.4	121.652
1753805	10000.0	7	5000.0	1.0038	0	2.0	3.0038
1771918	10000.0	7	5000.0	1.0038	3.0038	2.0	6.0076
1658391	9000.0	7	5000.0	0.9038	6.0076	1.8	8.711400000000001
1681635	8000.0	7	5000.0	0.8038	8.7114	1.6	11.1152
1682490	9000.0	7	5000.0	0.9038	11.1152	1.8	13.819
1670433	10000.0	7	5000.0	1.0038	13.819	2.0	16.8228
1799413	9000.0	7	5000.0	0.9038	16.8228	1.8	19.526600000000002
1809715	10000.0	7	5000.0	1.0038	19.5266	2.0	22.5304
1753463	11000.0	7	5000.0	1.1038	22.5304	2.2	25.8342
1771263	11000.0	7	5000.0	1.1038	25.8342	2.2	29.137999999999998
1684259	7000.0	7	5000.0	0.7038	29.138	1.4	31.2418
1685892	11000.0	7	5000.0	1.1038	31.2418	2.2	34.54560000000001
1685936	10000.0	7	5000.0	1.0038	34.5456	2.0	37.5494
1842517	11000.0	7	5000.0	1.1038	37.5494	2.2	40.8532
1651503	8000.0	7	5000.0	0.8038	40.8532	1.6	43.257000000000005
1773040	9000.0	7	5000.0	0.9038	43.257	1.8	45.96079999999999
1757017	11000.0	7	5000.0	1.1038	45.9608	2.2	49.2646
1773059	14000.0	7	5000.0	1.4038	49.2646	2.8	53.468399999999995
1655479	9000.0	7	5000.0	0.9038	53.4684	1.8	56.1722
1822780	12000.0	7	5000.0	1.2038	56.1722	2.4	59.775999999999996
1818577	16000.0	7	5000.0	1.6038	59.776	3.2	64.5798
1784538	9000.0	7	5000.0	0.9038	64.5798	1.8	67.2836
1646967	10000.0	7	5000.0	1.0038	67.2836	2.0	70.2874
1790814	8000.0	7	5000.0	0.8038	70.2874	1.6	72.6912
1649431	10000.0	7	5000.0	1.0038	72.6912	2.0	75.695
1690130	10000.0	7	5000.0	1.0038	75.695	2.0	78.69879999999999
1817943	14000.0	7	5000.0	1.4038	78.6988	2.8	82.9026
1827055	10000.0	7	5000.0	1.0038	82.9026	2.0	85.9064
1810358	9000.0	7	5000.0	0.9038	85.9064	1.8	88.6102
1703759	12000.0	7	5000.0	1.2038	88.6102	2.4	92.21400000000001
1815143	13000.0	7	5000.0	1.3038	92.214	2.6	96.11779999999999
1832859	8000.0	7	5000.0	0.8038	96.1178	1.6	98.52159999999999
1704284	11000.0	7	5000.0	1.1038	98.5216	2.2	101.82540000000002
1720084	8000.0	7	5000.0	0.8038	101.8254	1.6	104.22919999999999
1715288	8000.0	7	5000.0	0.8038	104.2292	1.6	106.633
1723620	12000.0	7	5000.0	1.2038	106.633	2.4	110.2368
1740913	12000.0	7	5000.0	1.2038	110.2368	2.4	113.84060000000001
1731543	7000.0	7	5000.0	0.7038	113.8406	1.4	115.9444
1663352	12000.0	8	5000.0	1.2067	0	2.4	3.6067
1686788	5000.0	8	5000.0	0.5067	3.6067	1.0	5.1134
1842016	12000.0	8	5000.0	1.2067	5.1134	2.4	8.7201
1834849	7000.0	8	5000.0	0.7067	8.7201	1.4	10.8268
1790084	8000.0	8	5000.0	0.8067	10.8268	1.6	13.2335
1688137	13000.0	8	5000.0	1.3067	13.2335	2.6	17.1402
1828292	9000.0	8	5000.0	0.9067	17.1402	1.8	19.8469
1753469	14000.0	8	5000.0	1.4067	19.8469	2.8	24.053600000000003
1830661	8000.0	8	5000.0	0.8067	24.0536	1.6	26.4603
1809649	9000.0	8	5000.0	0.9067	26.4603	1.8	29.167
1800591	15000.0	8	5000.0	1.5067	29.167	3.0	33.6737
1759245	10000.0	8	5000.0	1.0067	33.6737	2.0	36.6804
1685351	8000.0	8	5000.0	0.8067	36.6804	1.6	39.0871
1667064	8000.0	8	5000.0	0.8067	39.0871	1.6	41.4938
1802283	13000.0	8	5000.0	1.3067	41.4938	2.6	45.4005
1794990	14000.0	8	5000.0	1.4067	45.4005	2.8	49.6072
1643284	16000.0	8	5000.0	1.6067	49.6072	3.2	54.4139
1765596	8000.0	8	5000.0	0.8067	54.4139	1.6	56.8206
1794499	7000.0	8	5000.0	0.7067	56.8206	1.4	58.927299999999995
1639090	7000.0	8	5000.0	0.7067	58.9273	1.4	61.034
1756573	8000.0	8	5000.0	0.8067	61.034	1.6	63.4407
1790515	9000.0	8	5000.0	0.9067	63.4407	1.8	66.14739999999999
1769288	12000.0	8	5000.0	1.2067	66.1474	2.4	69.75410000000001
1706051	11000.0	8	5000.0	1.1067	69.7541	2.2	73.0608
1692587	11000.0	8	5000.0	1.1067	73.0608	2.2	76.3675
1780284	5000.0	8	5000.0	0.5067	76.3675	1.0	77.8742
1704241	9000.0	8	5000.0	0.9067	77.8742	1.8	80.5809
1726612	14000.0	8	5000.0	1.4067	80.5809	2.8	84.7876
1735854	7000.0	8	5000.0	0.7067	84.7876	1.4	86.8943
1720296	8000.0	8	5000.0	0.8067	86.8943	1.6	89.301
1722500	6000.0	8	5000.0	0.6067	89.301	1.2	91.10770000000001
1718738	7000.0	8	5000.0	0.7067	91.1077	1.4	93.2144
1847098	10000.0	8	5000.0	1.0067	93.2144	2.0	96.22109999999999
1748225	11000.0	8	5000.0	1.1067	96.2211	2.2	99.52780000000001
1726675	9000.0	8	5000.0	0.9067	99.5278	1.8	102.2345
1723716	7000.0	8	5000.0	0.7067	102.2345	1.4	104.3412
1716599	12000.0	8	5000.0	1.2067	104.3412	2.4	107.9479
1739458	10000.0	8	5000.0	1.0067	107.9479	2.0	110.9546
1848129	9000.0	8	5000.0	0.9067	110.9546	1.8	113.6613
1773430	13000.0	9	6000.0	1.3067	0	2.1667	3.4734
1686884	12000.0	9	6000.0	1.2067	3.4734	2.0	6.6800999999999995
1758152	27000.0	9	6000.0	2.7067	6.6801	4.5	13.886800000000001
1781106	8000.0	9	6000.0	0.8067	13.8868	1.3333	16.026799999999998
1641861	8000.0	9	6000.0	0.8067	16.0268	1.3333	18.166800000000002
1781184	11000.0	9	6000.0	1.1067	18.1668	1.8333	21.1068
1820003	7000.0	9	6000.0	0.7067	21.1068	1.1667	22.9802
1686307	9000.0	9	6000.0	0.9067	22.9802	1.5	25.3869
1710437	12000.0	9	6000.0	1.2067	25.3869	2.0	28.593600000000002
1811849	12000.0	9	6000.0	1.2067	28.5936	2.0	31.8003
1842948	15000.0	9	6000.0	1.5067	31.8003	2.5	35.807
1664193	8000.0	9	6000.0	0.8067	35.807	1.3333	37.947
1778289	11000.0	9	6000.0	1.1067	37.947	1.8333	40.88700000000001
1662852	11000.0	9	6000.0	1.1067	40.887	1.8333	43.827000000000005
1664707	6000.0	9	6000.0	0.6067	43.827	1.0	45.4337
1699176	11000.0	9	6000.0	1.1067	45.4337	1.8333	48.37370000000001
1840505	12000.0	9	6000.0	1.2067	48.3737	2.0	51.5804
1793141	9000.0	9	6000.0	0.9067	51.5804	1.5	53.9871
1767494	6000.0	9	6000.0	0.6067	53.9871	1.0	55.5938
1783889	8000.0	9	6000.0	0.8067	55.5938	1.3333	57.7338
1700070	10000.0	9	6000.0	1.0067	57.7338	1.6667	60.4072
1794674	12000.0	9	6000.0	1.2067	60.4072	2.0	63.6139
1673397	11000.0	9	6000.0	1.1067	63.6139	1.8333	66.5539
1794458	11000.0	9	6000.0	1.1067	66.5539	1.8333	69.4939
1654758	11000.0	9	6000.0	1.1067	69.4939	1.8333	72.4339
1777136	11000.0	9	6000.0	1.1067	72.4339	1.8333	75.37389999999999
1704798	13000.0	9	6000.0	1.3067	75.3739	2.1667	78.84730000000002
1798231	11000.0	9	6000.0	1.1067	78.8473	1.8333	81.7873
1652412	11000.0	9	6000.0	1.1067	81.7873	1.8333	84.7273
1768643	11000.0	9	6000.0	1.1067	84.7273	1.8333	87.6673
1676766	11000.0	9	6000.0	1.1067	87.6673	1.8333	90.6073
1704563	12000.0	9	6000.0	1.2067	90.6073	2.0	93.814
1776838	8000.0	9	6000.0	0.8067	93.814	1.3333	95.954
1731155	9000.0	9	6000.0	0.9067	95.954	1.5	98.3607
1746568	9000.0	9	6000.0	0.9067	98.3607	1.5	100.7674
1741069	10000.0	9	6000.0	1.0067	100.7674	1.6667	103.4408
1718633	7000.0	9	6000.0	0.7067	103.4408	1.1667	105.3142
1817764	9000.0	10	6000.0	0.9067	0	1.5	2.4067
1666330	11000.0	10	6000.0	1.1067	2.4067	1.8333	5.3467
1830853	9000.0	10	6000.0	0.9067	5.3467	1.5	7.7534
1769544	14000.0	10	6000.0	1.4067	7.7534	2.3333	11.4934
1688681	10000.0	10	6000.0	1.0067	11.4934	1.6667	14.1668
1806332	12000.0	10	6000.0	1.2067	14.1668	2.0	17.3735
1649656	26000.0	10	6000.0	2.6067	17.3735	4.3333	24.3135
1684758	8000.0	10	6000.0	0.8067	24.3135	1.3333	26.453500000000002
1637070	11000.0	10	6000.0	1.1067	26.4535	1.8333	29.3935
1709594	8000.0	10	6000.0	0.8067	29.3935	1.3333	31.5335
1685853	8000.0	10	6000.0	0.8067	31.5335	1.3333	33.673500000000004
1835805	11000.0	10	6000.0	1.1067	33.6735	1.8333	36.613499999999995
1830710	7000.0	10	6000.0	0.7067	36.6135	1.1667	38.4869
1760969	6000.0	10	6000.0	0.6067	38.4869	1.0	40.093599999999995
1805936	12000.0	10	6000.0	1.2067	40.0936	2.0	43.3003
1767094	8000.0	10	6000.0	0.8067	43.3003	1.3333	45.4403
1674901	13000.0	10	6000.0	1.3067	45.4403	2.1667	48.9137
1646722	7000.0	10	6000.0	0.7067	48.9137	1.1667	50.787099999999995
1784647	7000.0	10	6000.0	0.7067	50.7871	1.1667	52.6605
1795311	8000.0	10	6000.0	0.8067	52.6605	1.3333	54.8005
1655716	10000.0	10	6000.0	1.0067	54.8005	1.6667	57.4739
1785347	11000.0	10	6000.0	1.1067	57.4739	1.8333	60.413900000000005
1674619	8000.0	10	6000.0	0.8067	60.4139	1.3333	62.5539
1802625	9000.0	10	6000.0	0.9067	62.5539	1.5	64.9606
1671271	9000.0	10	6000.0	0.9067	64.9606	1.5	67.3673
1787803	9000.0	10	6000.0	0.9067	67.3673	1.5	69.774
1779145	24000.0	10	6000.0	2.4067	69.774	4.0	76.1807
1769253	8000.0	10	6000.0	0.8067	76.1807	1.3333	78.3207
1643689	6000.0	10	6000.0	0.6067	78.3207	1.0	79.9274
1703857	11000.0	10	6000.0	1.1067	79.9274	1.8333	82.8674
1818373	10000.0	10	6000.0	1.0067	82.8674	1.6667	85.5408
1818200	9000.0	10	6000.0	0.9067	85.5408	1.5	87.9475
1725412	8000.0	10	6000.0	0.8067	87.9475	1.3333	90.0875
1844117	12000.0	10	6000.0	1.2067	90.0875	2.0	93.2942
1738188	10000.0	10	6000.0	1.0067	93.2942	1.6667	95.9676
1721079	12000.0	10	6000.0	1.2067	95.9676	2.0	99.1743
1743974	12000.0	10	6000.0	1.2067	99.1743	2.0	102.381
1720730	9000.0	10	6000.0	0.9067	102.381	1.5	104.7877
1729474	11000.0	10	6000.0	1.1067	104.7877	1.8333	107.7277
1711610	8000.0	10	6000.0	0.8067	107.7277	1.3333	109.8677
1849196	8000.0	10	6000.0	0.8067	109.8677	1.3333	112.0077
1835967	12000.0	11	6000.0	1.2067	0	2.0	3.2067
1842267	14000.0	11	6000.0	1.4067	3.2067	2.3333	6.9467
1834842	9000.0	11	6000.0	0.9067	6.9467	1.5	9.3534
1836333	5000.0	11	6000.0	0.5067	9.3534	0.8333	10.6934
1843477	14000.0	11	6000.0	1.4067	10.6934	2.3333	14.4334
1788078	15000.0	11	6000.0	1.5067	14.4334	2.5	18.4401
1682547	10000.0	11	6000.0	1.0067	18.4401	1.6667	21.1135
1788672	8000.0	11	6000.0	0.8067	21.1135	1.3333	23.2535
1669490	12000.0	11	6000.0	1.2067	23.2535	2.0	26.4602
1771552	10000.0	11	6000.0	1.0067	26.4602	1.6667	29.133599999999998
1804181	10000.0	11	6000.0	1.0067	29.1336	1.6667	31.807
1789476	11000.0	11	6000.0	1.1067	31.807	1.8333	34.747
1834130	7000.0	11	6000.0	0.7067	34.747	1.1667	36.6204
1759416	8000.0	11	6000.0	0.8067	36.6204	1.3333	38.7604
1784120	9000.0	11	6000.0	0.9067	38.7604	1.5	41.1671
1675152	11000.0	11	6000.0	1.1067	41.1671	1.8333	44.107099999999996
1666958	10000.0	11	6000.0	1.0067	44.1071	1.6667	46.7805
1820513	11000.0	11	6000.0	1.1067	46.7805	1.8333	49.72050000000001
1694440	7000.0	11	6000.0	0.7067	49.7205	1.1667	51.5939
1672071	7000.0	11	6000.0	0.7067	51.5939	1.1667	53.467299999999994
1673702	10000.0	11	6000.0	1.0067	53.4673	1.6667	56.1407
1699917	12000.0	11	6000.0	1.2067	56.1407	2.0	59.3474
1784673	9000.0	11	6000.0	0.9067	59.3474	1.5	61.7541
1765328	16000.0	11	6000.0	1.6067	61.7541	2.6667	66.0275
1647761	10000.0	11	6000.0	1.0067	66.0275	1.6667	68.7009
1780351	8000.0	11	6000.0	0.8067	68.7009	1.3333	70.8409
1790538	10000.0	11	6000.0	1.0067	70.8409	1.6667	73.5143
1671798	7000.0	11	6000.0	0.7067	73.5143	1.1667	75.38770000000001
1762597	9000.0	11	6000.0	0.9067	75.3877	1.5	77.7944
1786723	7000.0	11	6000.0	0.7067	77.7944	1.1667	79.6678
1733061	7000.0	11	6000.0	0.7067	79.6678	1.1667	81.5412
1720207	8000.0	11	6000.0	0.8067	81.5412	1.3333	83.6812
1732434	8000.0	11	6000.0	0.8067	83.6812	1.3333	85.8212
1711713	4000.0	11	6000.0	0.4067	85.8212	0.6667	86.89460000000001
1728030	9000.0	11	6000.0	0.9067	86.8946	1.5	89.3013
1718896	8000.0	11	6000.0	0.8067	89.3013	1.3333	91.4413
1748464	8000.0	11	6000.0	0.8067	91.4413	1.3333	93.5813
1727834	11000.0	11	6000.0	1.1067	93.5813	1.8333	96.5213
1663769	9000.0	12	6000.0	0.9	0	1.5	2.4
1843370	13000.0	12	6000.0	1.3	2.4	2.1667	5.8667
1830645	7000.0	12	6000.0	0.7	5.8667	1.1667	7.7334
1709030	8000.0	12	6000.0	0.8	7.7334	1.3333	9.8667
1708881	12000.0	12	6000.0	1.2	9.8667	2.0	13.066699999999999
1644835	9000.0	12	6000.0	0.9	13.0667	1.5	15.466700000000001
1664609	11000.0	12	6000.0	1.1	15.4667	1.8333	18.400000000000002
1685452	10000.0	12	6000.0	1.0	18.4	1.6667	21.066699999999997
1834508	13000.0	12	6000.0	1.3	21.0667	2.1667	24.5334
1659018	9000.0	12	6000.0	0.9	24.5334	1.5	26.9334
1793679	9000.0	12	6000.0	0.9	26.9334	1.5	29.333399999999997
1696390	10000.0	12	6000.0	1.0	29.3334	1.6667	32.0001
1805492	10000.0	12	6000.0	1.0	32.0001	1.6667	34.6668
1703068	7000.0	12	6000.0	0.7	34.6668	1.1667	36.533500000000004
1818928	10000.0	12	6000.0	1.0	36.5335	1.6667	39.200199999999995
1643141	9000.0	12	6000.0	0.9	39.2002	1.5	41.6002
1696640	13000.0	12	6000.0	1.3	41.6002	2.1667	45.0669
1785236	12000.0	12	6000.0	1.2	45.0669	2.0	48.2669
1703287	11000.0	12	6000.0	1.1	48.2669	1.8333	51.2002
1761691	10000.0	12	6000.0	1.0	51.2002	1.6667	53.8669
1705478	9000.0	12	6000.0	0.9	53.8669	1.5	56.2669
1656992	10000.0	12	6000.0	1.0	56.2669	1.6667	58.9336
1813431	12000.0	12	6000.0	1.2	58.9336	2.0	62.1336
1763018	9000.0	12	6000.0	0.9	62.1336	1.5	64.5336
1828894	12000.0	12	6000.0	1.2	64.5336	2.0	67.73360000000001
1743135	10000.0	12	6000.0	1.0	67.7336	1.6667	70.4003
1843675	8000.0	12	6000.0	0.8	70.4003	1.3333	72.53359999999999
1749708	7000.0	12	6000.0	0.7	72.5336	1.1667	74.40030000000002
1752475	13000.0	12	6000.0	1.3	74.4003	2.1667	77.867
1748610	7000.0	12	6000.0	0.7	77.867	1.1667	79.73370000000001
1734868	10000.0	12	6000.0	1.0	79.7337	1.6667	82.4004
1745029	15000.0	12	6000.0	1.5	82.4004	2.5	86.4004
1726000	15000.0	12	6000.0	1.5	86.4004	2.5	90.4004
1739704	7000.0	12	6000.0	0.7	90.4004	1.1667	92.26710000000001
1720846	8000.0	12	6000.0	0.8	92.2671	1.3333	94.40039999999999
1729458	11000.0	12	6000.0	1.1	94.4004	1.8333	97.3337
1750631	12000.0	12	6000.0	1.2	97.3337	2.0	100.5337
1658085	11000.0	13	8000.0	1.1	0	1.375	2.475
1687250	10000.0	13	8000.0	1.0	2.475	1.25	4.725
1659964	15000.0	13	8000.0	1.5	4.725	1.875	8.1
1769869	7000.0	13	8000.0	0.7	8.1	0.875	9.674999999999999
1834705	8000.0	13	8000.0	0.8	9.675	1.0	11.475000000000001
1843395	8000.0	13	8000.0	0.8	11.475	1.0	13.275
1754806	12000.0	13	8000.0	1.2	13.275	1.5	15.975
1683688	10000.0	13	8000.0	1.0	15.975	1.25	18.225
1789127	11000.0	13	8000.0	1.1	18.225	1.375	20.700000000000003
1820095	9000.0	13	8000.0	0.9	20.7	1.125	22.724999999999998
1755068	13000.0	13	8000.0	1.3	22.725	1.625	25.650000000000002
1770528	11000.0	13	8000.0	1.1	25.65	1.375	28.125
1657921	9000.0	13	8000.0	0.9	28.125	1.125	30.15
1796442	6000.0	13	8000.0	0.6	30.15	0.75	31.5
1763929	11000.0	13	8000.0	1.1	31.5	1.375	33.975
1698899	15000.0	13	8000.0	1.5	33.975	1.875	37.35
1674594	13000.0	13	8000.0	1.3	37.35	1.625	40.275
1668510	14000.0	13	8000.0	1.4	40.275	1.75	43.425
1646007	10000.0	13	8000.0	1.0	43.425	1.25	45.675
1691316	10000.0	13	8000.0	1.0	45.675	1.25	47.925
1762520	12000.0	13	8000.0	1.2	47.925	1.5	50.625
1705942	11000.0	13	8000.0	1.1	50.625	1.375	53.1
1654689	8000.0	13	8000.0	0.8	53.1	1.0	54.9
1827007	8000.0	13	8000.0	0.8	54.9	1.0	56.699999999999996
1805458	7000.0	13	8000.0	0.7	56.7	0.875	58.275000000000006
1649132	8000.0	13	8000.0	0.8	58.275	1.0	60.074999999999996
1776964	11000.0	13	8000.0	1.1	60.075	1.375	62.550000000000004
1798122	13000.0	13	8000.0	1.3	62.55	1.625	65.475
1712072	11000.0	13	8000.0	1.1	65.475	1.375	67.94999999999999
1851840	10000.0	13	8000.0	1.0	67.95	1.25	70.2
1845606	11000.0	13	8000.0	1.1	70.2	1.375	72.675
1749871	13000.0	13	8000.0	1.3	72.675	1.625	75.6
1749931	14000.0	13	8000.0	1.4	75.6	1.75	78.75
1851986	11000.0	13	8000.0	1.1	78.75	1.375	81.225
1723027	7000.0	13	8000.0	0.7	81.225	0.875	82.8
1848910	12000.0	13	8000.0	1.2	82.8	1.5	85.5
1683201	8000.0	14	12000.0	0.8	0	0.6667	1.4667
1640928	7000.0	14	12000.0	0.7	1.4667	0.5833	2.7499999999999996
1770268	8000.0	14	12000.0	0.8	2.75	0.6667	4.2166999999999994
1843292	13000.0	14	12000.0	1.3	4.2167	1.0833	6.6
1804756	8000.0	14	12000.0	0.8	6.6	0.6667	8.066699999999999
1777562	9000.0	14	12000.0	0.9	8.0667	0.75	9.716700000000001
1782745	11000.0	14	12000.0	1.1	9.7167	0.9167	11.7334
1804299	11000.0	14	12000.0	1.1	11.7334	0.9167	13.7501
1759106	10000.0	14	12000.0	1.0	13.7501	0.8333	15.5834
1709337	11000.0	14	12000.0	1.1	15.5834	0.9167	17.600099999999998
1709750	11000.0	14	12000.0	1.1	17.6001	0.9167	19.6168
1708336	6000.0	14	12000.0	0.6	19.6168	0.5	20.716800000000003
1685080	8000.0	14	12000.0	0.8	20.7168	0.6667	22.1835
1646776	8000.0	14	12000.0	0.8	22.1835	0.6667	23.650199999999998
1674952	12000.0	14	12000.0	1.2	23.6502	1.0	25.8502
1694026	9000.0	14	12000.0	0.9	25.8502	0.75	27.5002
1814816	8000.0	14	12000.0	0.8	27.5002	0.6667	28.9669
1839807	9000.0	14	12000.0	0.9	28.9669	0.75	30.616899999999998
1818834	8000.0	14	12000.0	0.8	30.6169	0.6667	32.083600000000004
1766110	11000.0	14	12000.0	1.1	32.0836	0.9167	34.1003
1810668	11000.0	14	12000.0	1.1	34.1003	0.9167	36.117
1775449	13000.0	14	12000.0	1.3	36.117	1.0833	38.500299999999996
1838818	9000.0	14	12000.0	0.9	38.5003	0.75	40.1503
1641219	11000.0	14	12000.0	1.1	40.1503	0.9167	42.167
1818750	9000.0	14	12000.0	0.9	42.167	0.75	43.817
1803683	10000.0	14	12000.0	1.0	43.817	0.8333	45.6503
1761780	13000.0	14	12000.0	1.3	45.6503	1.0833	48.0336
1704802	12000.0	14	12000.0	1.2	48.0336	1.0	50.2336
1807128	8000.0	14	12000.0	0.8	50.2336	0.6667	51.7003
1678303	10000.0	14	12000.0	1.0	51.7003	0.8333	53.5336
1690059	9000.0	14	12000.0	0.9	53.5336	0.75	55.1836
1689997	6000.0	14	12000.0	0.6	55.1836	0.5	56.2836
1783616	11000.0	14	12000.0	1.1	56.2836	0.9167	58.3003
1819230	9000.0	14	12000.0	0.9	58.3003	0.75	59.9503
1762787	7000.0	14	12000.0	0.7	59.9503	0.5833	61.2336
1837371	11000.0	14	12000.0	1.1	61.2336	0.9167	63.2503
1676687	12000.0	14	12000.0	1.2	63.2503	1.0	65.4503
1743152	12000.0	14	12000.0	1.2	65.4503	1.0	67.6503
1718124	9000.0	14	12000.0	0.9	67.6503	0.75	69.30030000000001
1847418	9000.0	14	12000.0	0.9	69.3003	0.75	70.9503
1737988	7000.0	14	12000.0	0.7	70.9503	0.5833	72.2336
1744297	6000.0	14	12000.0	0.6	72.2336	0.5	73.33359999999999
1727091	9000.0	14	12000.0	0.9	73.3336	0.75	74.98360000000001
1712393	17000.0	14	12000.0	1.7	74.9836	1.4167	78.1003
1744785	10000.0	14	12000.0	1.0	78.1003	0.8333	79.9336
1733661	10000.0	14	12000.0	1.0	79.9336	0.8333	81.76689999999999
1824282	7000.0	15	16000.0	0.7	0	0.4375	1.1375
1644474	6000.0	15	16000.0	0.6	1.1375	0.375	2.1125
1666333	8000.0	15	16000.0	0.8	2.1125	0.5	3.4124999999999996
1781282	9000.0	15	16000.0	0.9	3.4125	0.5625	4.875
1769761	13000.0	15	16000.0	1.3	4.875	0.8125	6.9875
1772856	12000.0	15	16000.0	1.2	6.9875	0.75	8.9375
1801000	11000.0	15	16000.0	1.1	8.9375	0.6875	10.725
1635901	10000.0	15	16000.0	1.0	10.725	0.625	12.35
1685173	8000.0	15	16000.0	0.8	12.35	0.5	13.65
1695723	10000.0	15	16000.0	1.0	13.65	0.625	15.275
1695449	11000.0	15	16000.0	1.1	15.275	0.6875	17.0625
1640594	7000.0	15	16000.0	0.7	17.0625	0.4375	18.2
1666594	7000.0	15	16000.0	0.7	18.2	0.4375	19.3375
1837955	15000.0	15	16000.0	1.5	19.3375	0.9375	21.775
1703120	8000.0	15	16000.0	0.8	21.775	0.5	23.075
1675510	8000.0	15	16000.0	0.8	23.075	0.5	24.375
1832624	9000.0	15	16000.0	0.9	24.375	0.5625	25.8375
1655814	6000.0	15	16000.0	0.6	25.8375	0.375	26.8125
1795186	9000.0	15	16000.0	0.9	26.8125	0.5625	28.275
1765823	11000.0	15	16000.0	1.1	28.275	0.6875	30.0625
1766823	7000.0	15	16000.0	0.7	30.0625	0.4375	31.2
1815731	6000.0	15	16000.0	0.6	31.2	0.375	32.175
1776474	9000.0	15	16000.0	0.9	32.175	0.5625	33.637499999999996
1801801	9000.0	15	16000.0	0.9	33.6375	0.5625	35.1
1837894	9000.0	15	16000.0	0.9	35.1	0.5625	36.5625
1797274	8000.0	15	16000.0	0.8	36.5625	0.5	37.8625
1792202	7000.0	15	16000.0	0.7	37.8625	0.4375	39.0
1692992	7000.0	15	16000.0	0.7	39.0	0.4375	40.1375
1791431	10000.0	15	16000.0	1.0	40.1375	0.625	41.7625
1776821	10000.0	15	16000.0	1.0	41.7625	0.625	43.3875
1704183	10000.0	15	16000.0	1.0	43.3875	0.625	45.0125
1755182	8000.0	15	16000.0	0.8	45.0125	0.5	46.3125
1723072	10000.0	15	16000.0	1.0	46.3125	0.625	47.9375
1848205	10000.0	15	16000.0	1.0	47.9375	0.625	49.5625
1738763	9000.0	15	16000.0	0.9	49.5625	0.5625	51.025
1728167	11000.0	15	16000.0	1.1	51.025	0.6875	52.8125
1738088	13000.0	15	16000.0	1.3	52.8125	0.8125	54.925
1720492	8000.0	15	16000.0	0.8	54.925	0.5	56.224999999999994
1723295	7000.0	15	16000.0	0.7	56.225	0.4375	57.362500000000004
1851554	9000.0	15	16000.0	0.9	57.3625	0.5625	58.824999999999996
1746197	12000.0	15	16000.0	1.2	58.825	0.75	60.775000000000006
1751136	9000.0	15	16000.0	0.9	60.775	0.5625	62.2375
1752262	10000.0	15	16000.0	1.0	62.2375	0.625	63.8625
1789712	10000.0	16	18000.0	1.0058	0	0.5556	1.5614
1641773	7000.0	16	18000.0	0.7058	1.5614	0.3889	2.6561
1651146	13000.0	16	18000.0	1.3058	2.6561	0.7222	4.6841
1771301	13000.0	16	18000.0	1.3058	4.6841	0.7222	6.7121
1710420	9000.0	16	18000.0	0.9058	6.7121	0.5	8.1179
1708867	9000.0	16	18000.0	0.9058	8.1179	0.5	9.5237
1683716	13000.0	16	18000.0	1.3058	9.5237	0.7222	11.5517
1651773	8000.0	16	18000.0	0.8058	11.5517	0.4444	12.8019
1679525	9000.0	16	18000.0	0.9058	12.8019	0.5	14.207699999999999
1701470	10000.0	16	18000.0	1.0058	14.2077	0.5556	15.769100000000002
1810713	10000.0	16	18000.0	1.0058	15.7691	0.5556	17.330499999999997
1839950	10000.0	16	18000.0	1.0058	17.3305	0.5556	18.8919
1699494	10000.0	16	18000.0	1.0058	18.8919	0.5556	20.4533
1794658	10000.0	16	18000.0	1.0058	20.4533	0.5556	22.014699999999998
1700399	10000.0	16	18000.0	1.0058	22.0147	0.5556	23.5761
1700557	11000.0	16	18000.0	1.1058	23.5761	0.6111	25.293
1773639	16000.0	16	18000.0	1.6058	25.293	0.8889	27.787699999999997
1787413	11000.0	16	18000.0	1.1058	27.7877	0.6111	29.5046
1646041	10000.0	16	18000.0	1.0058	29.5046	0.5556	31.066
1664321	12000.0	16	18000.0	1.2058	31.066	0.6667	32.9385
1706279	10000.0	16	18000.0	1.0058	32.9385	0.5556	34.4999
1689271	11000.0	16	18000.0	1.1058	34.4999	0.6111	36.2168
1808136	8000.0	16	18000.0	0.8058	36.2168	0.4444	37.467
1798182	12000.0	16	18000.0	1.2058	37.467	0.6667	39.339499999999994
1763210	12000.0	16	18000.0	1.2058	39.3395	0.6667	41.211999999999996
1641404	14000.0	16	18000.0	1.4058	41.212	0.7778	43.3956
1797880	8000.0	16	18000.0	0.8058	43.3956	0.4444	44.6458
1851847	11000.0	16	18000.0	1.1058	44.6458	0.6111	46.362700000000004
1752628	8000.0	16	18000.0	0.8058	46.3627	0.4444	47.612899999999996
1737934	6000.0	16	18000.0	0.6058	47.6129	0.3333	48.55200000000001
1746302	10000.0	16	18000.0	1.0058	48.552	0.5556	50.1134
1850770	12000.0	16	18000.0	1.2058	50.1134	0.6667	51.985899999999994
1741902	11000.0	16	18000.0	1.1058	51.9859	0.6111	53.7028
1747145	10000.0	16	18000.0	1.0058	53.7028	0.5556	55.2642
1847774	10000.0	16	18000.0	1.0058	55.2642	0.5556	56.8256
1743802	10000.0	16	18000.0	1.0058	56.8256	0.5556	58.387
1721710	8000.0	16	18000.0	0.8058	58.387	0.4444	59.6372
1731706	8000.0	16	18000.0	0.8058	59.6372	0.4444	60.8874
1810932	25000.0	17	24000.0	2.5058	0	1.0417	3.5475
1663997	7000.0	17	24000.0	0.7058	3.5475	0.2917	4.544999999999999
1817249	5000.0	17	24000.0	0.5058	4.545	0.2083	5.2591
1684637	12000.0	17	24000.0	1.2058	5.2591	0.5	6.9649
1823415	11000.0	17	24000.0	1.1058	6.9649	0.4583	8.529
1680818	9000.0	17	24000.0	0.9058	8.529	0.375	9.8098
1669379	7000.0	17	24000.0	0.7058	9.8098	0.2917	10.8073
1683602	10000.0	17	24000.0	1.0058	10.8073	0.4167	12.229800000000001
1657797	8000.0	17	24000.0	0.8058	12.2298	0.3333	13.368899999999998
1659037	9000.0	17	24000.0	0.9058	13.3689	0.375	14.6497
1809923	12000.0	17	24000.0	1.2058	14.6497	0.5	16.3555
1661494	9000.0	17	24000.0	0.9058	16.3555	0.375	17.6363
1788565	15000.0	17	24000.0	1.5058	17.6363	0.625	19.7671
1641668	12000.0	17	24000.0	1.2058	19.7671	0.5	21.4729
1685681	9000.0	17	24000.0	0.9058	21.4729	0.375	22.7537
1646741	11000.0	17	24000.0	1.1058	22.7537	0.4583	24.3178
1838014	8000.0	17	24000.0	0.8058	24.3178	0.3333	25.4569
1648501	7000.0	17	24000.0	0.7058	25.4569	0.2917	26.4544
1775991	10000.0	17	24000.0	1.0058	26.4544	0.4167	27.8769
1643211	8000.0	17	24000.0	0.8058	27.8769	0.3333	29.016000000000002
1665716	6000.0	17	24000.0	0.6058	29.016	0.25	29.871799999999997
1775392	11000.0	17	24000.0	1.1058	29.8718	0.4583	31.4359
1677433	9000.0	17	24000.0	0.9058	31.4359	0.375	32.7167
1791007	10000.0	17	24000.0	1.0058	32.7167	0.4167	34.1392
1660556	8000.0	17	24000.0	0.8058	34.1392	0.3333	35.2783
1813185	9000.0	17	24000.0	0.9058	35.2783	0.375	36.5591
1689280	6000.0	17	24000.0	0.6058	36.5591	0.25	37.4149
1808070	12000.0	17	24000.0	1.2058	37.4149	0.5	39.1207
1703389	11000.0	17	24000.0	1.1058	39.1207	0.4583	40.6848
1691633	8000.0	17	24000.0	0.8058	40.6848	0.3333	41.8239
1818243	10000.0	17	24000.0	1.0058	41.8239	0.4167	43.2464
1786682	7000.0	17	24000.0	0.7058	43.2464	0.2917	44.243900000000004
1732948	12000.0	17	24000.0	1.2058	44.2439	0.5	45.94969999999999
1736527	10000.0	17	24000.0	1.0058	45.9497	0.4167	47.3722
1743406	14000.0	17	24000.0	1.4058	47.3722	0.5833	49.3613
1748333	11000.0	17	24000.0	1.1058	49.3613	0.4583	50.9254
1727306	9000.0	17	24000.0	0.9058	50.9254	0.375	52.2062
1730288	8000.0	17	24000.0	0.8058	52.2062	0.3333	53.3453
1730248	11000.0	17	24000.0	1.1058	53.3453	0.4583	54.909400000000005
1724223	11000.0	17	24000.0	1.1058	54.9094	0.4583	56.4735
1715911	10000.0	17	24000.0	1.0058	56.4735	0.4167	57.896
1759895	8000.0	18	30000.0	0.8058	0	0.2667	1.0725
1663231	9000.0	18	30000.0	0.9058	1.0725	0.3	2.2782999999999998
1773338	11000.0	18	30000.0	1.1058	2.2783	0.3667	3.7508
1756608	10000.0	18	30000.0	1.0058	3.7508	0.3333	5.0899
1816077	10000.0	18	30000.0	1.0058	5.0899	0.3333	6.429
1817206	9000.0	18	30000.0	0.9058	6.429	0.3	7.6348
1710382	15000.0	18	30000.0	1.5058	7.6348	0.5	9.640600000000001
1842966	14000.0	18	30000.0	1.4058	9.6406	0.4667	11.513099999999998
1834046	10000.0	18	30000.0	1.0058	11.5131	0.3333	12.8522
1670027	8000.0	18	30000.0	0.8058	12.8522	0.2667	13.9247
1679791	12000.0	18	30000.0	1.2058	13.9247	0.4	15.5305
1695295	6000.0	18	30000.0	0.6058	15.5305	0.2	16.336299999999998
1832384	7000.0	18	30000.0	0.7058	16.3363	0.2333	17.2754
1652853	8000.0	18	30000.0	0.8058	17.2754	0.2667	18.347900000000003
1675467	10000.0	18	30000.0	1.0058	18.3479	0.3333	19.687
1796683	10000.0	18	30000.0	1.0058	19.687	0.3333	21.026100000000003
1831599	11000.0	18	30000.0	1.1058	21.0261	0.3667	22.4986
1779911	11000.0	18	30000.0	1.1058	22.4986	0.3667	23.9711
1766133	16000.0	18	30000.0	1.6058	23.9711	0.5333	26.1102
1774872	13000.0	18	30000.0	1.3058	26.1102	0.4333	27.8493
1839208	9000.0	18	30000.0	0.9058	27.8493	0.3	29.0551
1783198	9000.0	18	30000.0	0.9058	29.0551	0.3	30.2609
1677148	13000.0	18	30000.0	1.3058	30.2609	0.4333	32.0
1648853	9000.0	18	30000.0	0.9058	32.0	0.3	33.205799999999996
1801769	9000.0	18	30000.0	0.9058	33.2058	0.3	34.4116
1808650	9000.0	18	30000.0	0.9058	34.4116	0.3	35.617399999999996
1791452	13000.0	18	30000.0	1.3058	35.6174	0.4333	37.356500000000004
1791497	10000.0	18	30000.0	1.0058	37.3565	0.3333	38.6956
1732824	10000.0	18	30000.0	1.0058	38.6956	0.3333	40.0347
1738575	13000.0	18	30000.0	1.3058	40.0347	0.4333	41.7738
1745522	9000.0	18	30000.0	0.9058	41.7738	0.3	42.9796
1843843	8000.0	18	30000.0	0.8058	42.9796	0.2667	44.052099999999996
1740473	9000.0	18	30000.0	0.9058	44.0521	0.3	45.2579
1733218	17000.0	18	30000.0	1.7058	45.2579	0.5667	47.5304
1750862	10000.0	18	30000.0	1.0058	47.5304	0.3333	48.8695
1713659	7000.0	18	30000.0	0.7058	48.8695	0.2333	49.8086
1737385	8000.0	18	30000.0	0.8058	49.8086	0.2667	50.881099999999996
1847946	11000.0	18	30000.0	1.1058	50.8811	0.3667	52.35360000000001
1754114	3000.0	19	30000.0	0.3058	0	0.1	0.40580000000000005
1788776	12000.0	19	30000.0	1.2058	0.4058	0.4	2.0116
1827880	11000.0	19	30000.0	1.1058	2.0116	0.3667	3.4840999999999998
1758391	13000.0	19	30000.0	1.3058	3.4841	0.4333	5.2232
1778548	9000.0	19	30000.0	0.9058	5.2232	0.3	6.429
1686148	9000.0	19	30000.0	0.9058	6.429	0.3	7.6348
1643972	8000.0	19	30000.0	0.8058	7.6348	0.2667	8.7073
1834093	10000.0	19	30000.0	1.0058	8.7073	0.3333	10.0464
1701904	9000.0	19	30000.0	0.9058	10.0464	0.3	11.2522
1668237	10000.0	19	30000.0	1.0058	11.2522	0.3333	12.5913
1822154	10000.0	19	30000.0	1.0058	12.5913	0.3333	13.9304
1643078	10000.0	19	30000.0	1.0058	13.9304	0.3333	15.2695
1838982	8000.0	19	30000.0	0.8058	15.2695	0.2667	16.342000000000002
1696843	10000.0	19	30000.0	1.0058	16.342	0.3333	17.6811
1690729	21000.0	19	30000.0	2.1058	17.6811	0.7	20.4869
1660364	9000.0	19	30000.0	0.9058	20.4869	0.3	21.6927
1777303	7000.0	19	30000.0	0.7058	21.6927	0.2333	22.6318
1649579	9000.0	19	30000.0	0.9058	22.6318	0.3	23.8376
1786429	9000.0	19	30000.0	0.9058	23.8376	0.3	25.0434
1755651	8000.0	19	30000.0	0.8058	25.0434	0.2667	26.1159
1648762	14000.0	19	30000.0	1.4058	26.1159	0.4667	27.9884
1763339	7000.0	19	30000.0	0.7058	27.9884	0.2333	28.9275
1826648	8000.0	19	30000.0	0.8058	28.9275	0.2667	30.0
1798022	6000.0	19	30000.0	0.6058	30.0	0.2	30.805799999999998
1691458	9000.0	19	30000.0	0.9058	30.8058	0.3	32.0116
1841252	15000.0	19	30000.0	1.5058	32.0116	0.5	34.0174
1676545	8000.0	19	30000.0	0.8058	34.0174	0.2667	35.0899
1749606	9000.0	19	30000.0	0.9058	35.0899	0.3	36.2957
1720532	13000.0	19	30000.0	1.3058	36.2957	0.4333	38.0348
1717733	9000.0	19	30000.0	0.9058	38.0348	0.3	39.24059999999999
1720540	11000.0	19	30000.0	1.1058	39.2406	0.3667	40.713100000000004
1734729	18000.0	19	30000.0	1.8058	40.7131	0.6	43.1189
1722998	7000.0	19	30000.0	0.7058	43.1189	0.2333	44.05799999999999
1851351	10000.0	19	30000.0	1.0058	44.058	0.3333	45.3971
1740374	9000.0	19	30000.0	0.9058	45.3971	0.3	46.6029
1734197	6000.0	19	30000.0	0.6058	46.6029	0.2	47.4087
1749536	11000.0	19	30000.0	1.1058	47.4087	0.3667	48.88120000000001
1731906	10000.0	19	30000.0	1.0058	48.8812	0.3333	50.2203
1727718	9000.0	19	30000.0	0.9058	50.2203	0.3	51.4261
