1063363.3999999997	0.27	1.5	1
1063390.8999999997	0.3	1.0	1
1063429.3999999997	0.32	1.0	1
1063481.0999999996	0.28	1.2	1
1063543.7999999996	0.33	1.0	1
1063617.4999999995	0.33	1.0	1
1063703.2999999996	0.27	1.1	1
1063802.2999999996	0.33	1.2	1
1063916.6999999995	0.27	1.4	1
1064042.0999999994	0.35	1.0	1
1064178.4999999993	0.31	1.0	1
1064325.8999999992	0.35	1.0	1
1064484.299999999	0.32	1.0	1
1064653.699999999	0.27	1.0	1
1064834.099999999	0.31	1.0	1
1065025.4999999988	0.33	1.0	1
1065227.8999999987	0.3	1.0	1
1065442.3999999987	0.4	1.1	1
1065670.0999999987	0.27	1.2	1
1065918.6999999988	0.23	1.9	1
1066178.2999999989	0.32	1.0	1
1066448.899999999	0.31	1.0	1
1066730.499999999	0.32	1.0	1
1067028.5999999992	0.22	1.5	1
1067338.799999999	0.31	1.1	1
1067663.299999999	0.28	1.3	1
1067999.8999999992	0.27	1.1	1
1068350.799999999	0.25	1.3	1
1068712.699999999	0.31	1.0	1
1069085.599999999	0.27	1.0	1
1069469.4999999988	0.31	1.0	1
1069865.4999999988	0.31	1.1	1
1070276.8999999987	0.25	1.4	1
1070699.2999999986	0.28	1.0	1
1071133.7999999986	0.28	1.1	1
1071579.2999999986	0.29	1.0	1
1072035.7999999986	0.34	1.0	1
1072503.2999999986	0.32	1.0	1
1072981.7999999986	0.34	1.0	1
1073471.2999999986	0.34	1.0	1
1073972.8999999987	0.31	1.1	1
1074486.5999999987	0.29	1.1	1
1075011.2999999986	0.35	1.0	1
1075546.9999999986	0.31	1.0	1
1076094.7999999986	0.32	1.1	1
1076655.7999999986	0.24	1.2	1
1077231.0999999987	0.25	1.3	1
1077819.5999999987	0.28	1.2	1
1078419.0999999987	0.36	1.0	1
1079030.6999999988	0.34	1.1	1
1079654.3999999987	0.28	1.1	1
1080293.4999999988	0.27	1.4	1
1080943.599999999	0.31	1.0	1
1081607.9999999988	0.37	1.3	1
1082283.3999999987	0.33	1.0	1
1082969.7999999986	0.29	1.0	1
1083670.4999999986	0.24	1.3	1
1084387.6999999986	0.26	1.5	1
1085119.1999999986	0.25	1.3	1
1085862.7999999986	0.29	1.1	1
1086617.3999999987	0.3	1.0	1
1087386.2999999986	0.26	1.3	1
1088167.2999999986	0.29	1.1	1
1088959.2999999986	0.32	1.0	1
1089762.2999999986	0.3	1.0	1
1090576.2999999986	0.34	1.0	1
1091401.2999999986	0.31	1.0	1
1092241.6999999986	0.29	1.4	1
1093097.4999999986	0.25	1.4	1
1093966.4999999986	0.28	1.2	1
1094847.5999999987	0.28	1.1	1
1095744.0999999987	0.26	1.4	1
1096652.6999999988	0.29	1.1	1
1097572.2999999989	0.34	1.0	1
1098507.2999999989	0.22	1.4	1
1099453.2999999989	0.3	1.0	1
1100410.2999999989	0.28	1.0	1
1101381.599999999	0.27	1.3	1
1102369.399999999	0.24	1.5	1
1103369.2999999989	0.31	1.1	1
1104380.1999999988	0.38	1.0	1
1105404.2999999989	0.28	1.2	1
1106443.7999999989	0.21	1.4	1
1107494.2999999989	0.31	1.0	1
1108556.899999999	0.31	1.1	1
1109631.599999999	0.32	1.1	1
1110717.2999999989	0.3	1.0	1
1111818.399999999	0.27	1.4	1
1112930.499999999	0.3	1.0	1
1114055.799999999	0.26	1.2	1
1115192.0999999992	0.34	1.0	1
1116341.5999999992	0.25	1.2	1
1117505.3999999992	0.28	1.3	1
1118680.1999999993	0.3	1.0	1
1119865.9999999993	0.33	1.0	1
1121066.0999999994	0.28	1.3	1
1122277.1999999995	0.31	1.0	1
1123501.4999999995	0.31	1.2	1
1124737.8999999994	0.31	1.1	1
1125987.4999999995	0.29	1.2	1
1127248.0999999996	0.36	1.0	1
1128520.7999999996	0.34	1.1	1
1129811.0999999996	0.23	1.6	1
1131112.3999999997	0.31	1.0	1
1132427.9999999998	0.22	1.3	1
1133756.7999999998	0.29	1.2	1
1135098.7999999998	0.29	1.2	1
1136451.7999999998	0.31	1.0	1
1137815.7999999998	0.31	1.0	1
1139192.9999999998	0.26	1.2	1
1140583.3999999997	0.3	1.2	1
1141984.7999999996	0.35	1.0	1
1143397.1999999995	0.32	1.0	1
1144820.5999999994	0.3	1.0	1
1146256.0999999994	0.3	1.1	1
1147704.7999999993	0.26	1.2	1
1149165.5999999994	0.29	1.1	1
1150638.4999999993	0.29	1.1	1
1152123.4999999993	0.31	1.1	1
1153621.6999999993	0.27	1.2	1
1155133.0999999992	0.29	1.2	1
1156655.499999999	0.3	1.0	1
1158188.899999999	0.3	1.0	1
1159737.699999999	0.25	1.4	1
1161298.599999999	0.28	1.1	1
1162870.4999999988	0.32	1.0	1
1164454.4999999988	0.31	1.1	1
1166050.599999999	0.32	1.1	1
1167660.9999999988	0.25	1.3	1
1169284.599999999	0.31	1.2	1
1170920.2999999989	0.31	1.1	1
1172568.099999999	0.33	1.1	1
1174230.199999999	0.29	1.3	1
1175906.599999999	0.29	1.3	1
1177597.2999999989	0.28	1.3	1
1179302.2999999989	0.28	1.3	1
1181020.4999999988	0.28	1.2	1
1182749.6999999988	0.3	1.0	1
1184493.1999999988	0.28	1.3	1
1186247.6999999988	0.33	1.0	1
1188015.3999999987	0.26	1.2	1
1189794.0999999987	0.29	1.0	1
1191584.8999999987	0.31	1.1	1
1193386.6999999988	0.31	1.0	1
1195200.5999999987	0.25	1.1	1
1197034.2999999986	0.22	1.8	1
1198881.1999999986	0.3	1.2	1
1200743.4999999986	0.27	1.4	1
1202617.8999999985	0.29	1.1	1
1204504.3999999985	0.3	1.1	1
1206404.0999999985	0.26	1.2	1
1208314.7999999984	0.3	1.0	1
1210237.5999999985	0.33	1.1	1
1212172.4999999984	0.28	1.1	1
1214119.4999999984	0.27	1.1	1
1216077.4999999984	0.34	1.0	1
1218049.7999999984	0.27	1.3	1
1220033.0999999985	0.34	1.0	1
1222033.9999999984	0.24	1.6	1
1224045.8999999983	0.31	1.0	1
1226070.9999999984	0.27	1.2	1
1228107.0999999985	0.35	1.0	1
1230156.3999999985	0.28	1.2	1
1232219.9999999986	0.3	1.3	1
1234294.5999999987	0.31	1.0	1
1236380.1999999988	0.34	1.0	1
1238477.8999999987	0.32	1.1	1
1240587.6999999988	0.29	1.1	1
1242711.7999999989	0.3	1.3	1
1244846.899999999	0.32	1.0	1
1246994.099999999	0.29	1.1	1
1249152.2999999989	0.3	1.0	1
1251321.4999999988	0.35	1.0	1
1253501.6999999988	0.36	1.0	1
1255692.8999999987	0.35	1.0	1
1257898.3999999987	0.28	1.3	1
1260114.8999999987	0.33	1.0	1
1262343.4999999988	0.31	1.1	1
1264588.599999999	0.24	1.5	1
1266847.9999999988	0.3	1.3	1
1269122.7999999989	0.27	1.4	1
1271414.099999999	0.26	1.5	1
1273717.4999999988	0.29	1.1	1
1276032.9999999988	0.3	1.1	1
1278359.4999999988	0.33	1.0	1
1280702.4999999988	0.25	1.5	1
1283057.599999999	0.31	1.1	1
1285424.7999999989	0.29	1.1	1
1287802.9999999988	0.35	1.0	1
1290192.1999999988	0.31	1.0	1
1292593.4999999988	0.31	1.1	1
1295005.7999999989	0.3	1.0	1
1297430.1999999988	0.31	1.1	1
1299867.7999999989	0.24	1.2	1
1302316.399999999	0.3	1.0	1
1304775.999999999	0.31	1.0	1
1307248.799999999	0.31	1.2	1
1309733.699999999	0.32	1.1	1
1312229.599999999	0.34	1.0	1
1314736.4999999988	0.31	1.0	1
1317255.4999999988	0.28	1.1	1
1319787.6999999988	0.33	1.2	1
1322330.8999999987	0.31	1.0	1
1324886.1999999988	0.34	1.1	1
1327453.5999999987	0.31	1.1	1
1330031.9999999986	0.32	1.0	1
1332621.3999999985	0.28	1.0	1
1335221.7999999984	0.3	1.0	1
1337833.1999999983	0.31	1.0	1
1340456.6999999983	0.31	1.1	1
1343091.1999999983	0.32	1.0	1
1345737.7999999984	0.37	1.1	1
1348395.3999999985	0.32	1.0	1
1351063.9999999986	0.31	1.0	1
1353743.5999999987	0.29	1.0	1
1356438.5999999987	0.29	1.4	1
1359147.8999999987	0.27	1.3	1
1361878.0999999987	0.23	1.9	1
1364622.5999999987	0.26	1.3	1
1367380.2999999986	0.3	1.2	1
1370151.1999999986	0.31	1.2	1
1372933.0999999985	0.29	1.0	1
1375725.9999999984	0.32	1.0	1
1378529.8999999983	0.29	1.0	1
1381344.7999999982	0.32	1.0	1
1384170.699999998	0.37	1.0	1
1387007.599999998	0.29	1.0	1
1389855.499999998	0.31	1.0	1
1392718.799999998	0.24	1.4	1
1395593.099999998	0.34	1.0	1
1398480.599999998	0.29	1.2	1
1401379.099999998	0.29	1.0	1
1404289.699999998	0.32	1.1	1
1407212.399999998	0.3	1.1	1
1410149.399999998	0.3	1.3	1
1413097.399999998	0.32	1.0	1
1416056.399999998	0.31	1.0	1
1419028.599999998	0.31	1.2	1
1422011.799999998	0.32	1.0	1
1425007.099999998	0.3	1.1	1
1428016.699999998	0.27	1.3	1
1431037.2999999982	0.34	1.0	1
1434069.9999999981	0.29	1.1	1
1437114.7999999982	0.3	1.1	1
1440172.7999999982	0.31	1.2	1
1443241.7999999982	0.32	1.0	1
1446321.7999999982	0.3	1.0	1
1449420.4999999981	0.24	1.7	1
1452530.199999998	0.3	1.0	1
1455651.9999999981	0.31	1.1	1
1458785.899999998	0.29	1.1	1
1461931.899999998	0.29	1.1	1
1465091.099999998	0.27	1.2	1
1468262.399999998	0.29	1.1	1
1471449.099999998	0.28	1.4	1
1474646.799999998	0.37	1.0	1
1477855.499999998	0.32	1.0	1
1481076.299999998	0.29	1.1	1
1484308.099999998	0.31	1.0	1
1487550.899999998	0.34	1.0	1
1490811.299999998	0.24	1.6	1
1494082.6999999979	0.31	1.0	1
1497367.299999998	0.3	1.2	1
1500662.899999998	0.33	1.0	1
1503970.599999998	0.32	1.1	1
1507302.499999998	0.23	2.2	1
1510647.599999998	0.32	1.2	1
1514004.799999998	0.29	1.1	1
1517374.099999998	0.38	1.1	1
1520755.499999998	0.3	1.1	1
1524147.8999999978	0.32	1.0	1
1527551.2999999977	0.35	1.0	1
1530965.6999999976	0.32	1.0	1
1534392.1999999976	0.29	1.1	1
1537834.0999999975	0.26	1.4	1
