1719445	9000.0	0	500.0	0.9	0	18.0	18.9
1697874	10000.0	0	500.0	1.0	18.9	20.0	39.9
1724156	9000.0	0	500.0	0.9	39.9	18.0	58.8
1673860	9000.0	0	500.0	0.9	58.8	18.0	77.69999999999999
1735088	8000.0	0	500.0	0.8	77.7	16.0	94.5
1703131	11000.0	0	500.0	1.1	94.5	22.0	117.6
1676100	9000.0	0	500.0	0.9	117.6	18.0	136.5
1804643	4000.0	0	500.0	0.4	136.5	8.0	144.9
1757316	10000.0	0	500.0	1.0	144.9	20.0	165.9
1792883	7000.0	0	500.0	0.7	165.9	14.0	180.6
1842632	5000.0	0	500.0	0.5	180.6	10.0	191.1
1834764	15000.0	0	500.0	1.5	191.1	30.0	222.6
1689179	7000.0	0	500.0	0.7	222.6	14.0	237.29999999999998
1837152	11000.0	0	500.0	1.1	237.3	22.0	260.4
1794273	8000.0	0	500.0	0.8	260.4	16.0	277.2
1798518	7000.0	0	500.0	0.7	277.2	14.0	291.9
1745445	8000.0	0	500.0	0.8	291.9	16.0	308.7
1787035	9000.0	0	500.0	0.9	308.7	18.0	327.59999999999997
1756576	9000.0	0	500.0	0.9	327.6	18.0	346.5
1790001	8000.0	0	500.0	0.8	346.5	16.0	363.3
1839444	7000.0	0	500.0	0.7	363.3	14.0	378.0
1637435	9000.0	0	500.0	0.9	378.0	18.0	396.9
1827533	9000.0	0	500.0	0.9	396.9	18.0	415.79999999999995
1768773	10000.0	0	500.0	1.0	415.8	20.0	436.8
1746053	7000.0	0	500.0	0.7	436.8	14.0	451.5
1687540	9000.0	0	500.0	0.9	451.5	18.0	470.4
1638946	6000.0	0	500.0	0.6	470.4	12.0	483.0
1744856	9000.0	0	500.0	0.9	483.0	18.0	501.9
1790787	14000.0	0	500.0	1.4	501.9	28.0	531.3
1724640	7000.0	0	500.0	0.7	531.3	14.0	546.0
1841807	8000.0	0	500.0	0.8	546.0	16.0	562.8
1841499	12000.0	0	500.0	1.2	562.8	24.0	588.0
1656627	7000.0	0	500.0	0.7	588.0	14.0	602.7
1737450	10000.0	0	500.0	1.0	602.7	20.0	623.7
1768514	13000.0	0	500.0	1.3	623.7	26.0	651.0
1663551	7000.0	0	500.0	0.7	651.0	14.0	665.7
1772730	9000.0	0	500.0	0.9	665.7	18.0	684.6
1817193	7000.0	0	500.0	0.7	684.6	14.0	699.3000000000001
1652543	9000.0	0	500.0	0.9	699.3	18.0	718.1999999999999
1644142	8000.0	0	500.0	0.8	718.2	16.0	735.0
1735127	9000.0	0	500.0	0.9	735.0	18.0	753.9
1732055	7000.0	0	500.0	0.7	753.9	14.0	768.6
1782399	11000.0	0	500.0	1.1	768.6	22.0	791.7
1712461	8000.0	0	500.0	0.8	791.7	16.0	808.5
1724393	7000.0	0	500.0	0.7	808.5	14.0	823.2
1654968	6000.0	0	500.0	0.6	823.2	12.0	835.8000000000001
1778438	10000.0	0	500.0	1.0	835.8	20.0	856.8
1802496	8000.0	1	500.0	0.8	0	16.0	16.8
1676490	8000.0	1	500.0	0.8	16.8	16.0	33.6
1831778	8000.0	1	500.0	0.8	33.6	16.0	50.4
1796042	7000.0	1	500.0	0.7	50.4	14.0	65.1
1839452	7000.0	1	500.0	0.7	65.1	14.0	79.8
1642730	10000.0	1	500.0	1.0	79.8	20.0	100.8
1783243	10000.0	1	500.0	1.0	100.8	20.0	121.8
1657600	9000.0	1	500.0	0.9	121.8	18.0	140.7
1748469	8000.0	1	500.0	0.8	140.7	16.0	157.5
1666174	7000.0	1	500.0	0.7	157.5	14.0	172.2
1842943	6000.0	1	500.0	0.6	172.2	12.0	184.79999999999998
1779750	9000.0	1	500.0	0.9	184.8	18.0	203.70000000000002
1804090	7000.0	1	500.0	0.7	203.7	14.0	218.39999999999998
1725810	8000.0	1	500.0	0.8	218.4	16.0	235.20000000000002
1802064	7000.0	1	500.0	0.7	235.2	14.0	249.89999999999998
1794467	8000.0	1	500.0	0.8	249.9	16.0	266.70000000000005
1806367	8000.0	1	500.0	0.8	266.7	16.0	283.5
1707784	10000.0	1	500.0	1.0	283.5	20.0	304.5
1713169	8000.0	1	500.0	0.8	304.5	16.0	321.3
1784198	9000.0	1	500.0	0.9	321.3	18.0	340.2
1765957	8000.0	1	500.0	0.8	340.2	16.0	357.0
1636916	8000.0	1	500.0	0.8	357.0	16.0	373.8
1731401	10000.0	1	500.0	1.0	373.8	20.0	394.8
1809987	8000.0	1	500.0	0.8	394.8	16.0	411.6
1744343	9000.0	1	500.0	0.9	411.6	18.0	430.5
1671232	9000.0	1	500.0	0.9	430.5	18.0	449.4
1701524	5000.0	1	500.0	0.5	449.4	10.0	459.9
1805220	8000.0	1	500.0	0.8	459.9	16.0	476.7
1642004	9000.0	1	500.0	0.9	476.7	18.0	495.59999999999997
1672286	9000.0	1	500.0	0.9	495.6	18.0	514.5
1671161	8000.0	1	500.0	0.8	514.5	16.0	531.3
1698747	8000.0	1	500.0	0.8	531.3	16.0	548.0999999999999
1775352	10000.0	1	500.0	1.0	548.1	20.0	569.1
1761270	10000.0	1	500.0	1.0	569.1	20.0	590.1
1781711	7000.0	1	500.0	0.7	590.1	14.0	604.8000000000001
1727719	9000.0	1	500.0	0.9	604.8	18.0	623.6999999999999
1793932	7000.0	1	500.0	0.7	623.7	14.0	638.4000000000001
1769468	8000.0	1	500.0	0.8	638.4	16.0	655.1999999999999
1715040	8000.0	1	500.0	0.8	655.2	16.0	672.0
1683334	9000.0	1	500.0	0.9	672.0	18.0	690.9
1729492	6000.0	1	500.0	0.6	690.9	12.0	703.5
1699816	8000.0	1	500.0	0.8	703.5	16.0	720.3
1772996	8000.0	1	500.0	0.8	720.3	16.0	737.0999999999999
1791335	9000.0	1	500.0	0.9	737.1	18.0	756.0
1665703	10000.0	1	500.0	1.0	756.0	20.0	777.0
1815932	6000.0	1	500.0	0.6	777.0	12.0	789.6
1799703	8000.0	1	500.0	0.8	789.6	16.0	806.4
1724849	9000.0	1	500.0	0.9	806.4	18.0	825.3
1813413	7000.0	1	500.0	0.7	825.3	14.0	840.0
1649276	8000.0	1	500.0	0.8	840.0	16.0	856.8
1738816	7000.0	1	500.0	0.7	856.8	14.0	871.5
1714182	9000.0	2	1000.0	0.9	0	9.0	9.9
1686266	7000.0	2	1000.0	0.7	9.9	7.0	17.6
1846198	9000.0	2	1000.0	0.9	17.6	9.0	27.5
1746961	6000.0	2	1000.0	0.6	27.5	6.0	34.1
1810431	7000.0	2	1000.0	0.7	34.1	7.0	41.800000000000004
1828036	8000.0	2	1000.0	0.8	41.8	8.0	50.599999999999994
1840110	8000.0	2	1000.0	0.8	50.6	8.0	59.4
1784566	9000.0	2	1000.0	0.9	59.4	9.0	69.3
1789859	10000.0	2	1000.0	1.0	69.3	10.0	80.3
1648120	9000.0	2	1000.0	0.9	80.3	9.0	90.2
1786902	7000.0	2	1000.0	0.7	90.2	7.0	97.9
1792756	10000.0	2	1000.0	1.0	97.9	10.0	108.9
1809502	7000.0	2	1000.0	0.7	108.9	7.0	116.60000000000001
1809495	9000.0	2	1000.0	0.9	116.6	9.0	126.5
1835878	8000.0	2	1000.0	0.8	126.5	8.0	135.3
1661024	9000.0	2	1000.0	0.9	135.3	9.0	145.20000000000002
1784672	8000.0	2	1000.0	0.8	145.2	8.0	154.0
1842837	6000.0	2	1000.0	0.6	154.0	6.0	160.6
1792711	8000.0	2	1000.0	0.8	160.6	8.0	169.4
1676237	8000.0	2	1000.0	0.8	169.4	8.0	178.20000000000002
1830662	8000.0	2	1000.0	0.8	178.2	8.0	187.0
1758160	11000.0	2	1000.0	1.1	187.0	11.0	199.1
1702667	7000.0	2	1000.0	0.7	199.1	7.0	206.79999999999998
1756700	6000.0	2	1000.0	0.6	206.8	6.0	213.4
1795284	8000.0	2	1000.0	0.8	213.4	8.0	222.20000000000002
1671223	6000.0	2	1000.0	0.6	222.2	6.0	228.79999999999998
1796518	7000.0	2	1000.0	0.7	228.8	7.0	236.5
1704623	9000.0	2	1000.0	0.9	236.5	9.0	246.4
1793707	7000.0	2	1000.0	0.7	246.4	7.0	254.1
1794962	7000.0	2	1000.0	0.7	254.1	7.0	261.79999999999995
1754169	9000.0	2	1000.0	0.9	261.8	9.0	271.7
1664110	8000.0	2	1000.0	0.8	271.7	8.0	280.5
1836135	7000.0	2	1000.0	0.7	280.5	7.0	288.2
1732559	8000.0	2	1000.0	0.8	288.2	8.0	297.0
1748991	7000.0	2	1000.0	0.7	297.0	7.0	304.7
1722272	7000.0	2	1000.0	0.7	304.7	7.0	312.4
1674463	7000.0	2	1000.0	0.7	312.4	7.0	320.09999999999997
1727432	7000.0	2	1000.0	0.7	320.1	7.0	327.8
1800223	6000.0	2	1000.0	0.6	327.8	6.0	334.40000000000003
1653623	7000.0	2	1000.0	0.7	334.4	7.0	342.09999999999997
1737454	10000.0	2	1000.0	1.0	342.1	10.0	353.1
1681300	8000.0	2	1000.0	0.8	353.1	8.0	361.90000000000003
1790877	5000.0	2	1000.0	0.5	361.9	5.0	367.4
1682744	13000.0	2	1000.0	1.3	367.4	13.0	381.7
1799489	10000.0	2	1000.0	1.0	381.7	10.0	392.7
1717530	5000.0	2	1000.0	0.5	392.7	5.0	398.2
1727044	7000.0	2	1000.0	0.7	398.2	7.0	405.9
1717730	8000.0	2	1000.0	0.8	405.9	8.0	414.7
1705344	7000.0	2	1000.0	0.7	414.7	7.0	422.4
1840478	11000.0	2	1000.0	1.1	422.4	11.0	434.5
1735096	7000.0	2	1000.0	0.7	434.5	7.0	442.2
1698588	9000.0	2	1000.0	0.9	442.2	9.0	452.09999999999997
1827836	9000.0	2	1000.0	0.9	452.1	9.0	462.0
1833194	12000.0	2	1000.0	1.2	462.0	12.0	475.2
1765008	9000.0	2	1000.0	0.9	475.2	9.0	485.09999999999997
1639831	8000.0	2	1000.0	0.8	485.1	8.0	493.90000000000003
1849701	9000.0	2	1000.0	0.9	493.9	9.0	503.79999999999995
1761819	6000.0	2	1000.0	0.6	503.8	6.0	510.40000000000003
1759300	10000.0	2	1000.0	1.0	510.4	10.0	521.4
1776833	7000.0	2	1000.0	0.7	521.4	7.0	529.1
1839985	9000.0	3	1000.0	0.9	0	9.0	9.9
1784523	9000.0	3	1000.0	0.9	9.9	9.0	19.8
1744296	9000.0	3	1000.0	0.9	19.8	9.0	29.7
1840681	8000.0	3	1000.0	0.8	29.7	8.0	38.5
1733962	7000.0	3	1000.0	0.7	38.5	7.0	46.2
1748730	12000.0	3	1000.0	1.2	46.2	12.0	59.400000000000006
1778848	6000.0	3	1000.0	0.6	59.4	6.0	66.0
1823872	8000.0	3	1000.0	0.8	66.0	8.0	74.8
1678522	9000.0	3	1000.0	0.9	74.8	9.0	84.7
1754812	6000.0	3	1000.0	0.6	84.7	6.0	91.3
1676300	9000.0	3	1000.0	0.9	91.3	9.0	101.2
1834058	12000.0	3	1000.0	1.2	101.2	12.0	114.4
1636328	8000.0	3	1000.0	0.8	114.4	8.0	123.2
1715584	9000.0	3	1000.0	0.9	123.2	9.0	133.10000000000002
1740980	9000.0	3	1000.0	0.9	133.1	9.0	143.0
1646655	7000.0	3	1000.0	0.7	143.0	7.0	150.7
1742578	9000.0	3	1000.0	0.9	150.7	9.0	160.6
1817727	9000.0	3	1000.0	0.9	160.6	9.0	170.5
1754162	11000.0	3	1000.0	1.1	170.5	11.0	182.6
1783693	7000.0	3	1000.0	0.7	182.6	7.0	190.29999999999998
1833845	7000.0	3	1000.0	0.7	190.3	7.0	198.0
1705655	10000.0	3	1000.0	1.0	198.0	10.0	209.0
1815814	9000.0	3	1000.0	0.9	209.0	9.0	218.9
1637592	7000.0	3	1000.0	0.7	218.9	7.0	226.6
1763169	8000.0	3	1000.0	0.8	226.6	8.0	235.4
1744004	11000.0	3	1000.0	1.1	235.4	11.0	247.5
1814636	9000.0	3	1000.0	0.9	247.5	9.0	257.4
1824545	9000.0	3	1000.0	0.9	257.4	9.0	267.29999999999995
1647190	8000.0	3	1000.0	0.8	267.3	8.0	276.1
1790652	9000.0	3	1000.0	0.9	276.1	9.0	286.0
1777908	6000.0	3	1000.0	0.6	286.0	6.0	292.6
1750471	6000.0	3	1000.0	0.6	292.6	6.0	299.20000000000005
1829226	8000.0	3	1000.0	0.8	299.2	8.0	308.0
1730582	8000.0	3	1000.0	0.8	308.0	8.0	316.8
1772428	8000.0	3	1000.0	0.8	316.8	8.0	325.6
1736888	8000.0	3	1000.0	0.8	325.6	8.0	334.40000000000003
1776513	10000.0	3	1000.0	1.0	334.4	10.0	345.4
1688839	6000.0	3	1000.0	0.6	345.4	6.0	352.0
1678821	10000.0	3	1000.0	1.0	352.0	10.0	363.0
1792167	9000.0	3	1000.0	0.9	363.0	9.0	372.9
1688661	8000.0	3	1000.0	0.8	372.9	8.0	381.7
1674002	10000.0	3	1000.0	1.0	381.7	10.0	392.7
1769839	9000.0	3	1000.0	0.9	392.7	9.0	402.59999999999997
1812984	8000.0	4	4000.0	0.8038	0	2.0	2.8038
1661446	9000.0	4	4000.0	0.9038	2.8038	2.25	5.957599999999999
1712570	8000.0	4	4000.0	0.8038	5.9576	2.0	8.7614
1698050	13000.0	4	4000.0	1.3038	8.7614	3.25	13.3152
1790334	6000.0	4	4000.0	0.6038	13.3152	1.5	15.419
1650925	8000.0	4	4000.0	0.8038	15.419	2.0	18.2228
1803962	8000.0	4	4000.0	0.8038	18.2228	2.0	21.0266
1666689	10000.0	4	4000.0	1.0038	21.0266	2.5	24.5304
1746984	9000.0	4	4000.0	0.9038	24.5304	2.25	27.6842
1674907	8000.0	4	4000.0	0.8038	27.6842	2.0	30.488
1709395	11000.0	4	4000.0	1.1038	30.488	2.75	34.3418
1644472	5000.0	4	4000.0	0.5038	34.3418	1.25	36.0956
1644193	8000.0	4	4000.0	0.8038	36.0956	2.0	38.8994
1756890	9000.0	4	4000.0	0.9038	38.8994	2.25	42.0532
1661904	9000.0	4	4000.0	0.9038	42.0532	2.25	45.206999999999994
1690503	8000.0	4	4000.0	0.8038	45.207	2.0	48.0108
1757399	9000.0	4	4000.0	0.9038	48.0108	2.25	51.1646
1842529	11000.0	4	4000.0	1.1038	51.1646	2.75	55.0184
1780406	10000.0	4	4000.0	1.0038	55.0184	2.5	58.5222
1715756	9000.0	4	4000.0	0.9038	58.5222	2.25	61.675999999999995
1747319	7000.0	4	4000.0	0.7038	61.676	1.75	64.1298
1661161	8000.0	4	4000.0	0.8038	64.1298	2.0	66.9336
1660169	10000.0	4	4000.0	1.0038	66.9336	2.5	70.4374
1839431	7000.0	4	4000.0	0.7038	70.4374	1.75	72.8912
1828172	7000.0	4	4000.0	0.7038	72.8912	1.75	75.345
1721547	10000.0	4	4000.0	1.0038	75.345	2.5	78.8488
1837694	7000.0	4	4000.0	0.7038	78.8488	1.75	81.3026
1663359	8000.0	4	4000.0	0.8038	81.3026	2.0	84.1064
1800711	8000.0	4	4000.0	0.8038	84.1064	2.0	86.91019999999999
1826291	6000.0	4	4000.0	0.6038	86.9102	1.5	89.01400000000001
1636534	9000.0	4	4000.0	0.9038	89.014	2.25	92.1678
1738210	6000.0	4	4000.0	0.6038	92.1678	1.5	94.2716
1680691	12000.0	4	4000.0	1.2038	94.2716	3.0	98.47540000000001
1646765	8000.0	4	4000.0	0.8038	98.4754	2.0	101.27919999999999
1706604	9000.0	4	4000.0	0.9038	101.2792	2.25	104.433
1713486	9000.0	4	4000.0	0.9038	104.433	2.25	107.58680000000001
1847415	6000.0	4	4000.0	0.6038	107.5868	1.5	109.6906
1829485	7000.0	4	4000.0	0.7038	109.6906	1.75	112.1444
1808952	8000.0	4	4000.0	0.8038	112.1444	2.0	114.9482
1645069	11000.0	4	4000.0	1.1038	114.9482	2.75	118.802
1788640	10000.0	4	4000.0	1.0038	118.802	2.5	122.3058
1684676	9000.0	4	4000.0	0.9038	122.3058	2.25	125.45960000000001
1645284	8000.0	4	4000.0	0.8038	125.4596	2.0	128.2634
1753764	8000.0	4	4000.0	0.8038	128.2634	2.0	131.06719999999999
1777933	8000.0	4	4000.0	0.8038	131.0672	2.0	133.871
1669886	7000.0	4	4000.0	0.7038	133.871	1.75	136.3248
1663560	7000.0	4	4000.0	0.7038	136.3248	1.75	138.7786
1715043	7000.0	4	4000.0	0.7038	138.7786	1.75	141.2324
1848217	9000.0	4	4000.0	0.9038	141.2324	2.25	144.3862
1800340	9000.0	4	4000.0	0.9038	144.3862	2.25	147.54
1730612	9000.0	4	4000.0	0.9038	147.54	2.25	150.69379999999998
1768939	7000.0	4	4000.0	0.7038	150.6938	1.75	153.1476
1742160	7000.0	4	4000.0	0.7038	153.1476	1.75	155.6014
1638428	9000.0	4	4000.0	0.9038	155.6014	2.25	158.7552
1653281	12000.0	4	4000.0	1.2038	158.7552	3.0	162.959
1759572	8000.0	4	4000.0	0.8038	162.959	2.0	165.7628
1822562	10000.0	4	4000.0	1.0038	165.7628	2.5	169.2666
1824399	9000.0	4	4000.0	0.9038	169.2666	2.25	172.4204
1750419	8000.0	4	4000.0	0.8038	172.4204	2.0	175.2242
1671141	10000.0	4	4000.0	1.0038	175.2242	2.5	178.728
1700850	12000.0	5	4000.0	1.2038	0	3.0	4.2038
1748699	7000.0	5	4000.0	0.7038	4.2038	1.75	6.6576
1792495	8000.0	5	4000.0	0.8038	6.6576	2.0	9.461400000000001
1697921	7000.0	5	4000.0	0.7038	9.4614	1.75	11.915199999999999
1702865	9000.0	5	4000.0	0.9038	11.9152	2.25	15.069
1709176	4000.0	5	4000.0	0.4038	15.069	1.0	16.4728
1662015	8000.0	5	4000.0	0.8038	16.4728	2.0	19.2766
1767673	7000.0	5	4000.0	0.7038	19.2766	1.75	21.7304
1802253	9000.0	5	4000.0	0.9038	21.7304	2.25	24.8842
1743762	10000.0	5	4000.0	1.0038	24.8842	2.5	28.387999999999998
1795831	10000.0	5	4000.0	1.0038	28.388	2.5	31.891800000000003
1794525	10000.0	5	4000.0	1.0038	31.8918	2.5	35.3956
1818308	10000.0	5	4000.0	1.0038	35.3956	2.5	38.8994
1850606	7000.0	5	4000.0	0.7038	38.8994	1.75	41.3532
1641865	8000.0	5	4000.0	0.8038	41.3532	2.0	44.157000000000004
1745290	7000.0	5	4000.0	0.7038	44.157	1.75	46.6108
1836513	10000.0	5	4000.0	1.0038	46.6108	2.5	50.114599999999996
1833232	8000.0	5	4000.0	0.8038	50.1146	2.0	52.918400000000005
1788678	9000.0	5	4000.0	0.9038	52.9184	2.25	56.072199999999995
1738523	8000.0	5	4000.0	0.8038	56.0722	2.0	58.876000000000005
1808636	8000.0	5	4000.0	0.8038	58.876	2.0	61.6798
1719936	5000.0	5	4000.0	0.5038	61.6798	1.25	63.4336
1667716	8000.0	5	4000.0	0.8038	63.4336	2.0	66.2374
1656161	10000.0	5	4000.0	1.0038	66.2374	2.5	69.74119999999999
1704840	8000.0	5	4000.0	0.8038	69.7412	2.0	72.545
1653737	8000.0	5	4000.0	0.8038	72.545	2.0	75.3488
1656917	7000.0	5	4000.0	0.7038	75.3488	1.75	77.8026
1637253	12000.0	5	4000.0	1.2038	77.8026	3.0	82.0064
1843039	11000.0	5	4000.0	1.1038	82.0064	2.75	85.8602
1796144	7000.0	5	4000.0	0.7038	85.8602	1.75	88.31400000000001
1724822	8000.0	5	4000.0	0.8038	88.314	2.0	91.11779999999999
1672397	8000.0	5	4000.0	0.8038	91.1178	2.0	93.9216
1778482	7000.0	5	4000.0	0.7038	93.9216	1.75	96.3754
1838666	7000.0	5	4000.0	0.7038	96.3754	1.75	98.8292
1799777	10000.0	5	4000.0	1.0038	98.8292	2.5	102.333
1738854	8000.0	5	4000.0	0.8038	102.333	2.0	105.1368
1833966	8000.0	5	4000.0	0.8038	105.1368	2.0	107.94059999999999
1747020	8000.0	6	5000.0	0.8038	0	1.6	2.4038
1810359	8000.0	6	5000.0	0.8038	2.4038	1.6	4.8076
1741167	6000.0	6	5000.0	0.6038	4.8076	1.2	6.6114
1810763	5000.0	6	5000.0	0.5038	6.6114	1.0	8.1152
1691448	8000.0	6	5000.0	0.8038	8.1152	1.6	10.519
1755855	10000.0	6	5000.0	1.0038	10.519	2.0	13.5228
1747465	10000.0	6	5000.0	1.0038	13.5228	2.0	16.526600000000002
1691539	10000.0	6	5000.0	1.0038	16.5266	2.0	19.5304
1799076	8000.0	6	5000.0	0.8038	19.5304	1.6	21.9342
1647671	7000.0	6	5000.0	0.7038	21.9342	1.4	24.038
1820450	8000.0	6	5000.0	0.8038	24.038	1.6	26.4418
1767159	10000.0	6	5000.0	1.0038	26.4418	2.0	29.4456
1715322	7000.0	6	5000.0	0.7038	29.4456	1.4	31.5494
1804570	8000.0	6	5000.0	0.8038	31.5494	1.6	33.9532
1824139	8000.0	6	5000.0	0.8038	33.9532	1.6	36.357000000000006
1766539	11000.0	6	5000.0	1.1038	36.357	2.2	39.6608
1757302	7000.0	6	5000.0	0.7038	39.6608	1.4	41.7646
1743404	9000.0	6	5000.0	0.9038	41.7646	1.8	44.468399999999995
1756492	9000.0	6	5000.0	0.9038	44.4684	1.8	47.1722
1810248	7000.0	6	5000.0	0.7038	47.1722	1.4	49.275999999999996
1842923	8000.0	6	5000.0	0.8038	49.276	1.6	51.67980000000001
1677937	7000.0	6	5000.0	0.7038	51.6798	1.4	53.7836
1810261	10000.0	6	5000.0	1.0038	53.7836	2.0	56.7874
1697685	7000.0	6	5000.0	0.7038	56.7874	1.4	58.8912
1755564	7000.0	6	5000.0	0.7038	58.8912	1.4	60.995
1714358	7000.0	6	5000.0	0.7038	60.995	1.4	63.0988
1714197	6000.0	6	5000.0	0.6038	63.0988	1.2	64.90259999999999
1778123	10000.0	6	5000.0	1.0038	64.9026	2.0	67.9064
1677509	12000.0	6	5000.0	1.2038	67.9064	2.4	71.51020000000001
1838297	7000.0	6	5000.0	0.7038	71.5102	1.4	73.614
1752829	7000.0	6	5000.0	0.7038	73.614	1.4	75.71780000000001
1650492	8000.0	6	5000.0	0.8038	75.7178	1.6	78.12159999999999
1704391	10000.0	6	5000.0	1.0038	78.1216	2.0	81.1254
1827548	7000.0	6	5000.0	0.7038	81.1254	1.4	83.2292
1761633	8000.0	6	5000.0	0.8038	83.2292	1.6	85.633
1845376	9000.0	6	5000.0	0.9038	85.633	1.8	88.3368
1847306	7000.0	6	5000.0	0.7038	88.3368	1.4	90.4406
1744799	8000.0	6	5000.0	0.8038	90.4406	1.6	92.8444
1724946	7000.0	6	5000.0	0.7038	92.8444	1.4	94.9482
1785394	13000.0	6	5000.0	1.3038	94.9482	2.6	98.85199999999999
1760911	8000.0	6	5000.0	0.8038	98.852	1.6	101.2558
1814626	11000.0	6	5000.0	1.1038	101.2558	2.2	104.5596
1727863	6000.0	6	5000.0	0.6038	104.5596	1.2	106.36340000000001
1775931	7000.0	6	5000.0	0.7038	106.3634	1.4	108.4672
1844548	9000.0	6	5000.0	0.9038	108.4672	1.8	111.171
1645391	8000.0	6	5000.0	0.8038	111.171	1.6	113.5748
1668748	8000.0	6	5000.0	0.8038	113.5748	1.6	115.97859999999999
1668475	4000.0	6	5000.0	0.4038	115.9786	0.8	117.1824
1737874	6000.0	6	5000.0	0.6038	117.1824	1.2	118.98620000000001
1641186	10000.0	6	5000.0	1.0038	118.9862	2.0	121.99
1759049	9000.0	6	5000.0	0.9038	121.99	1.8	124.6938
1654856	6000.0	6	5000.0	0.6038	124.6938	1.2	126.4976
1841605	10000.0	6	5000.0	1.0038	126.4976	2.0	129.5014
1764746	8000.0	6	5000.0	0.8038	129.5014	1.6	131.90519999999998
1725443	8000.0	6	5000.0	0.8038	131.9052	1.6	134.309
1674727	9000.0	6	5000.0	0.9038	134.309	1.8	137.0128
1789158	12000.0	6	5000.0	1.2038	137.0128	2.4	140.6166
1842162	7000.0	6	5000.0	0.7038	140.6166	1.4	142.7204
1742381	10000.0	6	5000.0	1.0038	142.7204	2.0	145.72420000000002
1715154	10000.0	6	5000.0	1.0038	145.7242	2.0	148.728
1725291	9000.0	6	5000.0	0.9038	148.728	1.8	151.4318
1692534	8000.0	6	5000.0	0.8038	151.4318	1.6	153.8356
1672375	7000.0	6	5000.0	0.7038	153.8356	1.4	155.9394
1663111	8000.0	6	5000.0	0.8038	155.9394	1.6	158.3432
1759256	8000.0	6	5000.0	0.8038	158.3432	1.6	160.74699999999999
1636516	9000.0	6	5000.0	0.9038	160.747	1.8	163.45080000000002
1724852	10000.0	6	5000.0	1.0038	163.4508	2.0	166.4546
1818596	9000.0	6	5000.0	0.9038	166.4546	1.8	169.1584
1698652	8000.0	6	5000.0	0.8038	169.1584	1.6	171.5622
1638246	10000.0	7	5000.0	1.0038	0	2.0	3.0038
1780057	8000.0	7	5000.0	0.8038	3.0038	1.6	5.4076
1767969	10000.0	7	5000.0	1.0038	5.4076	2.0	8.4114
1741373	7000.0	7	5000.0	0.7038	8.4114	1.4	10.5152
1729621	10000.0	7	5000.0	1.0038	10.5152	2.0	13.519
1653911	7000.0	7	5000.0	0.7038	13.519	1.4	15.6228
1755876	8000.0	7	5000.0	0.8038	15.6228	1.6	18.026600000000002
1642924	6000.0	7	5000.0	0.6038	18.0266	1.2	19.830399999999997
1642160	8000.0	7	5000.0	0.8038	19.8304	1.6	22.2342
1682569	6000.0	7	5000.0	0.6038	22.2342	1.2	24.038
1647677	10000.0	7	5000.0	1.0038	24.038	2.0	27.041800000000002
1846251	6000.0	7	5000.0	0.6038	27.0418	1.2	28.845599999999997
1645714	9000.0	7	5000.0	0.9038	28.8456	1.8	31.549400000000002
1743770	8000.0	7	5000.0	0.8038	31.5494	1.6	33.9532
1789782	7000.0	7	5000.0	0.7038	33.9532	1.4	36.057
1744618	11000.0	7	5000.0	1.1038	36.057	2.2	39.360800000000005
1646799	13000.0	7	5000.0	1.3038	39.3608	2.6	43.2646
1766522	10000.0	7	5000.0	1.0038	43.2646	2.0	46.2684
1774432	7000.0	7	5000.0	0.7038	46.2684	1.4	48.3722
1703588	8000.0	7	5000.0	0.8038	48.3722	1.6	50.776
1795997	8000.0	7	5000.0	0.8038	50.776	1.6	53.17980000000001
1779477	8000.0	7	5000.0	0.8038	53.1798	1.6	55.583600000000004
1819403	8000.0	7	5000.0	0.8038	55.5836	1.6	57.9874
1793051	9000.0	7	5000.0	0.9038	57.9874	1.8	60.691199999999995
1647718	9000.0	7	5000.0	0.9038	60.6912	1.8	63.394999999999996
1697158	9000.0	7	5000.0	0.9038	63.395	1.8	66.0988
1684221	7000.0	7	5000.0	0.7038	66.0988	1.4	68.2026
1829062	9000.0	7	5000.0	0.9038	68.2026	1.8	70.9064
1698392	8000.0	7	5000.0	0.8038	70.9064	1.6	73.3102
1643662	9000.0	7	5000.0	0.9038	73.3102	1.8	76.014
1709491	9000.0	7	5000.0	0.9038	76.014	1.8	78.7178
1659060	10000.0	7	5000.0	1.0038	78.7178	2.0	81.7216
1692818	5000.0	7	5000.0	0.5038	81.7216	1.0	83.2254
1829371	8000.0	7	5000.0	0.8038	83.2254	1.6	85.62919999999998
1831624	12000.0	7	5000.0	1.2038	85.6292	2.4	89.233
1675184	5000.0	7	5000.0	0.5038	89.233	1.0	90.7368
1727761	10000.0	7	5000.0	1.0038	90.7368	2.0	93.7406
1683575	8000.0	7	5000.0	0.8038	93.7406	1.6	96.14439999999999
1656764	11000.0	7	5000.0	1.1038	96.1444	2.2	99.44820000000001
1746471	6000.0	7	5000.0	0.6038	99.4482	1.2	101.25200000000001
1797114	8000.0	7	5000.0	0.8038	101.252	1.6	103.65579999999999
1781165	7000.0	7	5000.0	0.7038	103.6558	1.4	105.7596
1829875	8000.0	7	5000.0	0.8038	105.7596	1.6	108.1634
1713528	8000.0	7	5000.0	0.8038	108.1634	1.6	110.56719999999999
1830499	8000.0	7	5000.0	0.8038	110.5672	1.6	112.97099999999999
1774895	8000.0	7	5000.0	0.8038	112.971	1.6	115.3748
1791265	12000.0	7	5000.0	1.2038	115.3748	2.4	118.9786
1665281	8000.0	7	5000.0	0.8038	118.9786	1.6	121.38239999999999
1711063	11000.0	7	5000.0	1.1038	121.3824	2.2	124.68620000000001
1706956	9000.0	7	5000.0	0.9038	124.6862	1.8	127.39
1771829	8000.0	7	5000.0	0.8038	127.39	1.6	129.7938
1840835	9000.0	8	5000.0	0.9067	0	1.8	2.7067
1806881	9000.0	8	5000.0	0.9067	2.7067	1.8	5.4134
1799275	11000.0	8	5000.0	1.1067	5.4134	2.2	8.7201
1696661	8000.0	8	5000.0	0.8067	8.7201	1.6	11.1268
1654188	7000.0	8	5000.0	0.7067	11.1268	1.4	13.2335
1799137	8000.0	8	5000.0	0.8067	13.2335	1.6	15.640199999999998
1755251	7000.0	8	5000.0	0.7067	15.6402	1.4	17.7469
1851419	8000.0	8	5000.0	0.8067	17.7469	1.6	20.1536
1701272	7000.0	8	5000.0	0.7067	20.1536	1.4	22.2603
1770467	7000.0	8	5000.0	0.7067	22.2603	1.4	24.367
1691045	7000.0	8	5000.0	0.7067	24.367	1.4	26.4737
1745364	12000.0	8	5000.0	1.2067	26.4737	2.4	30.0804
1689198	7000.0	8	5000.0	0.7067	30.0804	1.4	32.1871
1645982	5000.0	8	5000.0	0.5067	32.1871	1.0	33.6938
1835036	9000.0	8	5000.0	0.9067	33.6938	1.8	36.4005
1669257	8000.0	8	5000.0	0.8067	36.4005	1.6	38.8072
1740202	9000.0	8	5000.0	0.9067	38.8072	1.8	41.5139
1790029	6000.0	8	5000.0	0.6067	41.5139	1.2	43.3206
1836761	9000.0	8	5000.0	0.9067	43.3206	1.8	46.0273
1850701	7000.0	8	5000.0	0.7067	46.0273	1.4	48.13399999999999
1681449	7000.0	8	5000.0	0.7067	48.134	1.4	50.2407
1752402	8000.0	8	5000.0	0.8067	50.2407	1.6	52.6474
1639574	8000.0	8	5000.0	0.8067	52.6474	1.6	55.0541
1833847	8000.0	8	5000.0	0.8067	55.0541	1.6	57.4608
1713362	10000.0	8	5000.0	1.0067	57.4608	2.0	60.4675
1710199	10000.0	8	5000.0	1.0067	60.4675	2.0	63.4742
1783880	7000.0	8	5000.0	0.7067	63.4742	1.4	65.58090000000001
1850284	7000.0	8	5000.0	0.7067	65.5809	1.4	67.6876
1720146	10000.0	8	5000.0	1.0067	67.6876	2.0	70.6943
1715045	7000.0	8	5000.0	0.7067	70.6943	1.4	72.801
1727720	8000.0	8	5000.0	0.8067	72.801	1.6	75.2077
1776062	7000.0	8	5000.0	0.7067	75.2077	1.4	77.3144
1838307	9000.0	8	5000.0	0.9067	77.3144	1.8	80.0211
1671923	7000.0	8	5000.0	0.7067	80.0211	1.4	82.12780000000001
1683331	10000.0	8	5000.0	1.0067	82.1278	2.0	85.13449999999999
1668025	7000.0	8	5000.0	0.7067	85.1345	1.4	87.2412
1829171	9000.0	8	5000.0	0.9067	87.2412	1.8	89.9479
1684883	8000.0	8	5000.0	0.8067	89.9479	1.6	92.3546
1730573	9000.0	8	5000.0	0.9067	92.3546	1.8	95.0613
1719779	9000.0	8	5000.0	0.9067	95.0613	1.8	97.768
1792100	7000.0	8	5000.0	0.7067	97.768	1.4	99.8747
1790308	8000.0	9	6000.0	0.8067	0	1.3333	2.1399999999999997
1717843	6000.0	9	6000.0	0.6067	2.14	1.0	3.7467
1739631	9000.0	9	6000.0	0.9067	3.7467	1.5	6.1534
1804379	7000.0	9	6000.0	0.7067	6.1534	1.1667	8.0268
1796119	6000.0	9	6000.0	0.6067	8.0268	1.0	9.6335
1670928	11000.0	9	6000.0	1.1067	9.6335	1.8333	12.5735
1754295	7000.0	9	6000.0	0.7067	12.5735	1.1667	14.4469
1644300	9000.0	9	6000.0	0.9067	14.4469	1.5	16.8536
1816278	10000.0	9	6000.0	1.0067	16.8536	1.6667	19.526999999999997
1773384	9000.0	9	6000.0	0.9067	19.527	1.5	21.9337
1662190	9000.0	9	6000.0	0.9067	21.9337	1.5	24.340400000000002
1690159	8000.0	9	6000.0	0.8067	24.3404	1.3333	26.4804
1818128	9000.0	9	6000.0	0.9067	26.4804	1.5	28.8871
1650076	11000.0	9	6000.0	1.1067	28.8871	1.8333	31.8271
1712982	7000.0	9	6000.0	0.7067	31.8271	1.1667	33.7005
1672895	9000.0	9	6000.0	0.9067	33.7005	1.5	36.1072
1663397	9000.0	9	6000.0	0.9067	36.1072	1.5	38.5139
1772031	9000.0	9	6000.0	0.9067	38.5139	1.5	40.9206
1738141	6000.0	9	6000.0	0.6067	40.9206	1.0	42.5273
1646208	7000.0	9	6000.0	0.7067	42.5273	1.1667	44.40069999999999
1639507	8000.0	9	6000.0	0.8067	44.4007	1.3333	46.5407
1800165	10000.0	9	6000.0	1.0067	46.5407	1.6667	49.2141
1719844	5000.0	9	6000.0	0.5067	49.2141	0.8333	50.554100000000005
1650643	7000.0	9	6000.0	0.7067	50.5541	1.1667	52.427499999999995
1752056	7000.0	9	6000.0	0.7067	52.4275	1.1667	54.3009
1642010	9000.0	9	6000.0	0.9067	54.3009	1.5	56.7076
1668526	9000.0	9	6000.0	0.9067	56.7076	1.5	59.1143
1823484	10000.0	9	6000.0	1.0067	59.1143	1.6667	61.7877
1846863	8000.0	9	6000.0	0.8067	61.7877	1.3333	63.9277
1769360	8000.0	9	6000.0	0.8067	63.9277	1.3333	66.0677
1659490	9000.0	9	6000.0	0.9067	66.0677	1.5	68.4744
1732399	11000.0	9	6000.0	1.1067	68.4744	1.8333	71.4144
1672504	12000.0	9	6000.0	1.2067	71.4144	2.0	74.6211
1699838	6000.0	9	6000.0	0.6067	74.6211	1.0	76.2278
1725319	7000.0	9	6000.0	0.7067	76.2278	1.1667	78.1012
1674702	9000.0	9	6000.0	0.9067	78.1012	1.5	80.5079
1654497	11000.0	9	6000.0	1.1067	80.5079	1.8333	83.4479
1668165	10000.0	9	6000.0	1.0067	83.4479	1.6667	86.1213
1761772	9000.0	9	6000.0	0.9067	86.1213	1.5	88.528
1751914	8000.0	9	6000.0	0.8067	88.528	1.3333	90.668
1844218	6000.0	9	6000.0	0.6067	90.668	1.0	92.27470000000001
1778680	10000.0	9	6000.0	1.0067	92.2747	1.6667	94.9481
1819671	7000.0	9	6000.0	0.7067	94.9481	1.1667	96.8215
1819693	9000.0	9	6000.0	0.9067	96.8215	1.5	99.2282
1694784	7000.0	9	6000.0	0.7067	99.2282	1.1667	101.1016
1756242	9000.0	10	6000.0	0.9067	0	1.5	2.4067
1721912	7000.0	10	6000.0	0.7067	2.4067	1.1667	4.2801
1747556	8000.0	10	6000.0	0.8067	4.2801	1.3333	6.4201
1838914	9000.0	10	6000.0	0.9067	6.4201	1.5	8.826799999999999
1783436	8000.0	10	6000.0	0.8067	8.8268	1.3333	10.9668
1830690	7000.0	10	6000.0	0.7067	10.9668	1.1667	12.8402
1750731	11000.0	10	6000.0	1.1067	12.8402	1.8333	15.780199999999999
1642992	6000.0	10	6000.0	0.6067	15.7802	1.0	17.3869
1697476	11000.0	10	6000.0	1.1067	17.3869	1.8333	20.326900000000002
1641892	9000.0	10	6000.0	0.9067	20.3269	1.5	22.7336
1757347	8000.0	10	6000.0	0.8067	22.7336	1.3333	24.8736
1743412	10000.0	10	6000.0	1.0067	24.8736	1.6667	27.546999999999997
1833546	11000.0	10	6000.0	1.1067	27.547	1.8333	30.487000000000002
1703610	7000.0	10	6000.0	0.7067	30.487	1.1667	32.3604
1660352	8000.0	10	6000.0	0.8067	32.3604	1.3333	34.5004
1677923	7000.0	10	6000.0	0.7067	34.5004	1.1667	36.373799999999996
1815064	7000.0	10	6000.0	0.7067	36.3738	1.1667	38.2472
1798419	11000.0	10	6000.0	1.1067	38.2472	1.8333	41.1872
1828590	11000.0	10	6000.0	1.1067	41.1872	1.8333	44.127199999999995
1688807	11000.0	10	6000.0	1.1067	44.1272	1.8333	47.06720000000001
1747881	10000.0	10	6000.0	1.0067	47.0672	1.6667	49.7406
1831604	6000.0	10	6000.0	0.6067	49.7406	1.0	51.347300000000004
1723569	8000.0	10	6000.0	0.8067	51.3473	1.3333	53.4873
1644033	11000.0	10	6000.0	1.1067	53.4873	1.8333	56.427299999999995
1702256	5000.0	10	6000.0	0.5067	56.4273	0.8333	57.767300000000006
1663251	9000.0	10	6000.0	0.9067	57.7673	1.5	60.174
1821689	9000.0	10	6000.0	0.9067	60.174	1.5	62.5807
1788619	11000.0	10	6000.0	1.1067	62.5807	1.8333	65.52069999999999
1783668	6000.0	10	6000.0	0.6067	65.5207	1.0	67.12740000000001
1699511	7000.0	10	6000.0	0.7067	67.1274	1.1667	69.0008
1659372	6000.0	10	6000.0	0.6067	69.0008	1.0	70.6075
1672109	6000.0	10	6000.0	0.6067	70.6075	1.0	72.2142
1833295	7000.0	10	6000.0	0.7067	72.2142	1.1667	74.08760000000001
1825956	8000.0	10	6000.0	0.8067	74.0876	1.3333	76.2276
1761956	7000.0	10	6000.0	0.7067	76.2276	1.1667	78.101
1736945	6000.0	10	6000.0	0.6067	78.101	1.0	79.7077
1723459	9000.0	10	6000.0	0.9067	79.7077	1.5	82.1144
1799481	6000.0	10	6000.0	0.6067	82.1144	1.0	83.7211
1753684	9000.0	10	6000.0	0.9067	83.7211	1.5	86.12780000000001
1681149	4000.0	10	6000.0	0.4067	86.1278	0.6667	87.2012
1664137	6000.0	10	6000.0	0.6067	87.2012	1.0	88.8079
1723619	6000.0	10	6000.0	0.6067	88.8079	1.0	90.41460000000001
1753646	7000.0	10	6000.0	0.7067	90.4146	1.1667	92.288
1743179	7000.0	11	6000.0	0.7067	0	1.1667	1.8734000000000002
1844849	7000.0	11	6000.0	0.7067	1.8734	1.1667	3.7468
1664931	7000.0	11	6000.0	0.7067	3.7468	1.1667	5.6202000000000005
1686796	8000.0	11	6000.0	0.8067	5.6202	1.3333	7.760199999999999
1702864	9000.0	11	6000.0	0.9067	7.7602	1.5	10.1669
1756224	7000.0	11	6000.0	0.7067	10.1669	1.1667	12.0403
1745211	9000.0	11	6000.0	0.9067	12.0403	1.5	14.447000000000001
1701239	8000.0	11	6000.0	0.8067	14.447	1.3333	16.587
1650335	9000.0	11	6000.0	0.9067	16.587	1.5	18.9937
1747152	12000.0	11	6000.0	1.2067	18.9937	2.0	22.200400000000002
1669273	9000.0	11	6000.0	0.9067	22.2004	1.5	24.6071
1780363	9000.0	11	6000.0	0.9067	24.6071	1.5	27.0138
1839112	7000.0	11	6000.0	0.7067	27.0138	1.1667	28.8872
1725783	8000.0	11	6000.0	0.8067	28.8872	1.3333	31.0272
1784287	9000.0	11	6000.0	0.9067	31.0272	1.5	33.4339
1661979	7000.0	11	6000.0	0.7067	33.4339	1.1667	35.3073
1766330	9000.0	11	6000.0	0.9067	35.3073	1.5	37.714
1767696	9000.0	11	6000.0	0.9067	37.714	1.5	40.1207
1691335	8000.0	11	6000.0	0.8067	40.1207	1.3333	42.2607
1672800	7000.0	11	6000.0	0.7067	42.2607	1.1667	44.1341
1651987	5000.0	11	6000.0	0.5067	44.1341	0.8333	45.4741
1830901	11000.0	11	6000.0	1.1067	45.4741	1.8333	48.4141
1765974	9000.0	11	6000.0	0.9067	48.4141	1.5	50.8208
1789916	8000.0	11	6000.0	0.8067	50.8208	1.3333	52.9608
1823858	10000.0	11	6000.0	1.0067	52.9608	1.6667	55.6342
1640193	11000.0	11	6000.0	1.1067	55.6342	1.8333	58.5742
1795951	7000.0	11	6000.0	0.7067	58.5742	1.1667	60.447599999999994
1835936	11000.0	11	6000.0	1.1067	60.4476	1.8333	63.3876
1823840	7000.0	11	6000.0	0.7067	63.3876	1.1667	65.26100000000001
1705746	8000.0	11	6000.0	0.8067	65.261	1.3333	67.401
1822375	8000.0	11	6000.0	0.8067	67.401	1.3333	69.541
1675115	12000.0	11	6000.0	1.2067	69.541	2.0	72.7477
1706722	9000.0	11	6000.0	0.9067	72.7477	1.5	75.1544
1671811	7000.0	11	6000.0	0.7067	75.1544	1.1667	77.0278
1704472	11000.0	11	6000.0	1.1067	77.0278	1.8333	79.9678
1637655	8000.0	11	6000.0	0.8067	79.9678	1.3333	82.1078
1704813	8000.0	11	6000.0	0.8067	82.1078	1.3333	84.2478
1688172	7000.0	11	6000.0	0.7067	84.2478	1.1667	86.1212
1840403	11000.0	11	6000.0	1.1067	86.1212	1.8333	89.0612
1706138	13000.0	11	6000.0	1.3067	89.0612	2.1667	92.53460000000001
1808799	8000.0	11	6000.0	0.8067	92.5346	1.3333	94.6746
1841537	7000.0	11	6000.0	0.7067	94.6746	1.1667	96.548
1701328	9000.0	11	6000.0	0.9067	96.548	1.5	98.9547
1683291	14000.0	11	6000.0	1.4067	98.9547	2.3333	102.6947
1799595	9000.0	11	6000.0	0.9067	102.6947	1.5	105.1014
1830505	11000.0	11	6000.0	1.1067	105.1014	1.8333	108.0414
1730746	9000.0	11	6000.0	0.9067	108.0414	1.5	110.4481
1643270	8000.0	11	6000.0	0.8067	110.4481	1.3333	112.5881
1754189	8000.0	11	6000.0	0.8067	112.5881	1.3333	114.7281
1688695	7000.0	11	6000.0	0.7067	114.7281	1.1667	116.6015
1768205	6000.0	11	6000.0	0.6067	116.6015	1.0	118.2082
1851560	6000.0	12	6000.0	0.6	0	1.0	1.6
1782545	7000.0	12	6000.0	0.7	1.6	1.1667	3.4667
1847216	9000.0	12	6000.0	0.9	3.4667	1.5	5.8667
1813021	12000.0	12	6000.0	1.2	5.8667	2.0	9.0667
1790237	8000.0	12	6000.0	0.8	9.0667	1.3333	11.200000000000001
1661284	7000.0	12	6000.0	0.7	11.2	1.1667	13.066699999999999
1804438	8000.0	12	6000.0	0.8	13.0667	1.3333	15.200000000000001
1718208	10000.0	12	6000.0	1.0	15.2	1.6667	17.866699999999998
1686505	7000.0	12	6000.0	0.7	17.8667	1.1667	19.7334
1743335	9000.0	12	6000.0	0.9	19.7334	1.5	22.133399999999998
1690848	9000.0	12	6000.0	0.9	22.1334	1.5	24.5334
1734363	10000.0	12	6000.0	1.0	24.5334	1.6667	27.2001
1643313	11000.0	12	6000.0	1.1	27.2001	1.8333	30.1334
1780688	7000.0	12	6000.0	0.7	30.1334	1.1667	32.0001
1703641	12000.0	12	6000.0	1.2	32.0001	2.0	35.200100000000006
1806277	9000.0	12	6000.0	0.9	35.2001	1.5	37.6001
1792609	6000.0	12	6000.0	0.6	37.6001	1.0	39.2001
1809224	7000.0	12	6000.0	0.7	39.2001	1.1667	41.0668
1682438	9000.0	12	6000.0	0.9	41.0668	1.5	43.4668
1842401	6000.0	12	6000.0	0.6	43.4668	1.0	45.0668
1660619	8000.0	12	6000.0	0.8	45.0668	1.3333	47.2001
1846903	9000.0	12	6000.0	0.9	47.2001	1.5	49.6001
1663332	8000.0	12	6000.0	0.8	49.6001	1.3333	51.733399999999996
1638880	7000.0	12	6000.0	0.7	51.7334	1.1667	53.600100000000005
1713484	8000.0	12	6000.0	0.8	53.6001	1.3333	55.733399999999996
1824762	10000.0	12	6000.0	1.0	55.7334	1.6667	58.4001
1688131	8000.0	12	6000.0	0.8	58.4001	1.3333	60.5334
1769708	6000.0	12	6000.0	0.6	60.5334	1.0	62.1334
1667575	9000.0	12	6000.0	0.9	62.1334	1.5	64.5334
1674164	9000.0	12	6000.0	0.9	64.5334	1.5	66.9334
1781766	8000.0	12	6000.0	0.8	66.9334	1.3333	69.0667
1749851	10000.0	12	6000.0	1.0	69.0667	1.6667	71.7334
1840324	8000.0	12	6000.0	0.8	71.7334	1.3333	73.8667
1666964	13000.0	12	6000.0	1.3	73.8667	2.1667	77.3334
1818616	8000.0	12	6000.0	0.8	77.3334	1.3333	79.46669999999999
1676665	8000.0	12	6000.0	0.8	79.4667	1.3333	81.6
1732069	6000.0	12	6000.0	0.6	81.6	1.0	83.19999999999999
1730550	6000.0	12	6000.0	0.6	83.2	1.0	84.8
1636001	8000.0	12	6000.0	0.8	84.8	1.3333	86.93329999999999
1696503	7000.0	12	6000.0	0.7	86.9333	1.1667	88.80000000000001
1704022	8000.0	12	6000.0	0.8	88.8	1.3333	90.93329999999999
1841224	5000.0	12	6000.0	0.5	90.9333	0.8333	92.2666
1833065	7000.0	12	6000.0	0.7	92.2666	1.1667	94.1333
1827686	7000.0	12	6000.0	0.7	94.1333	1.1667	96.00000000000001
1635852	9000.0	12	6000.0	0.9	96.0	1.5	98.4
1764374	7000.0	12	6000.0	0.7	98.4	1.1667	100.26670000000001
1814237	8000.0	12	6000.0	0.8	100.2667	1.3333	102.39999999999999
1751312	9000.0	12	6000.0	0.9	102.4	1.5	104.80000000000001
1687901	9000.0	12	6000.0	0.9	104.8	1.5	107.2
1658853	8000.0	12	6000.0	0.8	107.2	1.3333	109.3333
1744977	7000.0	12	6000.0	0.7	109.3333	1.1667	111.2
1811138	10000.0	13	8000.0	1.0	0	1.25	2.25
1832975	7000.0	13	8000.0	0.7	2.25	0.875	3.825
1686791	11000.0	13	8000.0	1.1	3.825	1.375	6.300000000000001
1685414	9000.0	13	8000.0	0.9	6.3	1.125	8.325
1673491	9000.0	13	8000.0	0.9	8.325	1.125	10.35
1643282	9000.0	13	8000.0	0.9	10.35	1.125	12.375
1780822	8000.0	13	8000.0	0.8	12.375	1.0	14.175
1651177	8000.0	13	8000.0	0.8	14.175	1.0	15.975000000000001
1689697	9000.0	13	8000.0	0.9	15.975	1.125	18.0
1774729	6000.0	13	8000.0	0.6	18.0	0.75	19.35
1719177	8000.0	13	8000.0	0.8	19.35	1.0	21.150000000000002
1757594	7000.0	13	8000.0	0.7	21.15	0.875	22.724999999999998
1793335	9000.0	13	8000.0	0.9	22.725	1.125	24.75
1743487	7000.0	13	8000.0	0.7	24.75	0.875	26.325
1679813	8000.0	13	8000.0	0.8	26.325	1.0	28.125
1730166	8000.0	13	8000.0	0.8	28.125	1.0	29.925
1830888	7000.0	13	8000.0	0.7	29.925	0.875	31.5
1754842	10000.0	13	8000.0	1.0	31.5	1.25	33.75
1798351	8000.0	13	8000.0	0.8	33.75	1.0	35.55
1774104	11000.0	13	8000.0	1.1	35.55	1.375	38.025
1832393	8000.0	13	8000.0	0.8	38.025	1.0	39.824999999999996
1739944	6000.0	13	8000.0	0.6	39.825	0.75	41.175000000000004
1787169	7000.0	13	8000.0	0.7	41.175	0.875	42.75
1848434	6000.0	13	8000.0	0.6	42.75	0.75	44.1
1801859	8000.0	13	8000.0	0.8	44.1	1.0	45.9
1774693	8000.0	13	8000.0	0.8	45.9	1.0	47.699999999999996
1828159	9000.0	13	8000.0	0.9	47.7	1.125	49.725
1767527	8000.0	13	8000.0	0.8	49.725	1.0	51.525
1833088	8000.0	13	8000.0	0.8	51.525	1.0	53.324999999999996
1762869	8000.0	13	8000.0	0.8	53.325	1.0	55.125
1804962	11000.0	13	8000.0	1.1	55.125	1.375	57.6
1751132	8000.0	13	8000.0	0.8	57.6	1.0	59.4
1671832	9000.0	13	8000.0	0.9	59.4	1.125	61.425
1738569	7000.0	13	8000.0	0.7	61.425	0.875	63.0
1728241	8000.0	13	8000.0	0.8	63.0	1.0	64.8
1716652	7000.0	13	8000.0	0.7	64.8	0.875	66.375
1791872	8000.0	13	8000.0	0.8	66.375	1.0	68.175
1832176	8000.0	13	8000.0	0.8	68.175	1.0	69.975
1747935	9000.0	13	8000.0	0.9	69.975	1.125	72.0
1811429	9000.0	13	8000.0	0.9	72.0	1.125	74.025
1639142	8000.0	13	8000.0	0.8	74.025	1.0	75.825
1675304	7000.0	13	8000.0	0.7	75.825	0.875	77.4
1646155	10000.0	13	8000.0	1.0	77.4	1.25	79.65
1643939	6000.0	13	8000.0	0.6	79.65	0.75	81.0
1792313	9000.0	13	8000.0	0.9	81.0	1.125	83.025
1683426	10000.0	13	8000.0	1.0	83.025	1.25	85.275
1759084	6000.0	13	8000.0	0.6	85.275	0.75	86.625
1637234	8000.0	13	8000.0	0.8	86.625	1.0	88.425
1694501	9000.0	13	8000.0	0.9	88.425	1.125	90.45
1643929	5000.0	13	8000.0	0.5	90.45	0.625	91.575
1758684	9000.0	13	8000.0	0.9	91.575	1.125	93.60000000000001
1667071	8000.0	13	8000.0	0.8	93.6	1.0	95.39999999999999
1710073	9000.0	13	8000.0	0.9	95.4	1.125	97.42500000000001
1799784	9000.0	13	8000.0	0.9	97.425	1.125	99.45
1730797	7000.0	13	8000.0	0.7	99.45	0.875	101.025
1826136	7000.0	13	8000.0	0.7	101.025	0.875	102.60000000000001
1645837	8000.0	14	12000.0	0.8	0	0.6667	1.4667
1726135	10000.0	14	12000.0	1.0	1.4667	0.8333	3.3
1786056	9000.0	14	12000.0	0.9	3.3	0.75	4.95
1708914	8000.0	14	12000.0	0.8	4.95	0.6667	6.4167
1669654	14000.0	14	12000.0	1.4	6.4167	1.1667	8.9834
1644613	5000.0	14	12000.0	0.5	8.9834	0.4167	9.9001
1688981	9000.0	14	12000.0	0.9	9.9001	0.75	11.5501
1662413	10000.0	14	12000.0	1.0	11.5501	0.8333	13.3834
1707491	8000.0	14	12000.0	0.8	13.3834	0.6667	14.850100000000001
1799115	9000.0	14	12000.0	0.9	14.8501	0.75	16.5001
1792937	8000.0	14	12000.0	0.8	16.5001	0.6667	17.9668
1740275	10000.0	14	12000.0	1.0	17.9668	0.8333	19.8001
1754985	8000.0	14	12000.0	0.8	19.8001	0.6667	21.2668
1757015	7000.0	14	12000.0	0.7	21.2668	0.5833	22.5501
1718410	7000.0	14	12000.0	0.7	22.5501	0.5833	23.8334
1740604	10000.0	14	12000.0	1.0	23.8334	0.8333	25.666700000000002
1644436	6000.0	14	12000.0	0.6	25.6667	0.5	26.7667
1825024	9000.0	14	12000.0	0.9	26.7667	0.75	28.4167
1809839	9000.0	14	12000.0	0.9	28.4167	0.75	30.066699999999997
1786740	11000.0	14	12000.0	1.1	30.0667	0.9167	32.083400000000005
1795861	11000.0	14	12000.0	1.1	32.0834	0.9167	34.1001
1674831	9000.0	14	12000.0	0.9	34.1001	0.75	35.750099999999996
1780689	6000.0	14	12000.0	0.6	35.7501	0.5	36.850100000000005
1798913	7000.0	14	12000.0	0.7	36.8501	0.5833	38.1334
1784584	11000.0	14	12000.0	1.1	38.1334	0.9167	40.1501
1792704	6000.0	14	12000.0	0.6	40.1501	0.5	41.2501
1697173	6000.0	14	12000.0	0.6	41.2501	0.5	42.350100000000005
1812903	7000.0	14	12000.0	0.7	42.3501	0.5833	43.6334
1670737	7000.0	14	12000.0	0.7	43.6334	0.5833	44.916700000000006
1825308	8000.0	14	12000.0	0.8	44.9167	0.6667	46.383399999999995
1680602	6000.0	14	12000.0	0.6	46.3834	0.5	47.4834
1826259	9000.0	14	12000.0	0.9	47.4834	0.75	49.1334
1826301	7000.0	14	12000.0	0.7	49.1334	0.5833	50.416700000000006
1785179	7000.0	14	12000.0	0.7	50.4167	0.5833	51.7
1671509	7000.0	14	12000.0	0.7	51.7	0.5833	52.98330000000001
1642579	12000.0	14	12000.0	1.2	52.9833	1.0	55.1833
1804866	8000.0	14	12000.0	0.8	55.1833	0.6667	56.65
1698793	9000.0	14	12000.0	0.9	56.65	0.75	58.3
1762797	6000.0	14	12000.0	0.6	58.3	0.5	59.4
1799953	10000.0	14	12000.0	1.0	59.4	0.8333	61.2333
1761016	6000.0	14	12000.0	0.6	61.2333	0.5	62.3333
1724541	6000.0	14	12000.0	0.6	62.3333	0.5	63.4333
1813494	5000.0	14	12000.0	0.5	63.4333	0.4167	64.35000000000001
1704966	6000.0	14	12000.0	0.6	64.35	0.5	65.44999999999999
1746029	6000.0	14	12000.0	0.6	65.45	0.5	66.55
1800368	8000.0	14	12000.0	0.8	66.55	0.6667	68.0167
1671454	7000.0	14	12000.0	0.7	68.0167	0.5833	69.3
1826413	6000.0	14	12000.0	0.6	69.3	0.5	70.39999999999999
1748247	8000.0	14	12000.0	0.8	70.4	0.6667	71.86670000000001
1815190	9000.0	14	12000.0	0.9	71.8667	0.75	73.5167
1799358	6000.0	14	12000.0	0.6	73.5167	0.5	74.6167
1849485	9000.0	14	12000.0	0.9	74.6167	0.75	76.2667
1646284	7000.0	14	12000.0	0.7	76.2667	0.5833	77.55
1713537	7000.0	14	12000.0	0.7	77.55	0.5833	78.8333
1638362	6000.0	14	12000.0	0.6	78.8333	0.5	79.93329999999999
1639930	12000.0	14	12000.0	1.2	79.9333	1.0	82.1333
1665399	7000.0	14	12000.0	0.7	82.1333	0.5833	83.4166
1838724	9000.0	14	12000.0	0.9	83.4166	0.75	85.06660000000001
1797700	7000.0	14	12000.0	0.7	85.0666	0.5833	86.34989999999999
1764443	8000.0	14	12000.0	0.8	86.3499	0.6667	87.81660000000001
1801305	7000.0	14	12000.0	0.7	87.8166	0.5833	89.09989999999999
1664195	6000.0	14	12000.0	0.6	89.0999	0.5	90.1999
1755759	8000.0	15	16000.0	0.8	0	0.5	1.3
1702823	8000.0	15	16000.0	0.8	1.3	0.5	2.6
1734925	9000.0	15	16000.0	0.9	2.6	0.5625	4.0625
1801683	10000.0	15	16000.0	1.0	4.0625	0.625	5.6875
1678181	8000.0	15	16000.0	0.8	5.6875	0.5	6.9875
1703149	9000.0	15	16000.0	0.9	6.9875	0.5625	8.45
1640295	10000.0	15	16000.0	1.0	8.45	0.625	10.075
1809461	9000.0	15	16000.0	0.9	10.075	0.5625	11.5375
1840931	6000.0	15	16000.0	0.6	11.5375	0.375	12.5125
1731745	7000.0	15	16000.0	0.7	12.5125	0.4375	13.649999999999999
1734213	5000.0	15	16000.0	0.5	13.65	0.3125	14.4625
1697543	9000.0	15	16000.0	0.9	14.4625	0.5625	15.925
1743760	9000.0	15	16000.0	0.9	15.925	0.5625	17.3875
1813998	8000.0	15	16000.0	0.8	17.3875	0.5	18.6875
1773193	7000.0	15	16000.0	0.7	18.6875	0.4375	19.825
1708652	7000.0	15	16000.0	0.7	19.825	0.4375	20.9625
1802850	10000.0	15	16000.0	1.0	20.9625	0.625	22.5875
1664516	9000.0	15	16000.0	0.9	22.5875	0.5625	24.049999999999997
1773544	7000.0	15	16000.0	0.7	24.05	0.4375	25.1875
1787504	7000.0	15	16000.0	0.7	25.1875	0.4375	26.325
1775483	9000.0	15	16000.0	0.9	26.325	0.5625	27.787499999999998
1674607	10000.0	15	16000.0	1.0	27.7875	0.625	29.4125
1758499	8000.0	15	16000.0	0.8	29.4125	0.5	30.712500000000002
1639235	10000.0	15	16000.0	1.0	30.7125	0.625	32.3375
1668403	9000.0	15	16000.0	0.9	32.3375	0.5625	33.8
1819706	8000.0	15	16000.0	0.8	33.8	0.5	35.099999999999994
1674032	8000.0	15	16000.0	0.8	35.1	0.5	36.4
1672295	6000.0	15	16000.0	0.6	36.4	0.375	37.375
1799972	10000.0	15	16000.0	1.0	37.375	0.625	39.0
1742784	8000.0	15	16000.0	0.8	39.0	0.5	40.3
1668929	7000.0	15	16000.0	0.7	40.3	0.4375	41.4375
1687066	8000.0	15	16000.0	0.8	41.4375	0.5	42.7375
1641286	8000.0	15	16000.0	0.8	42.7375	0.5	44.037499999999994
1838412	9000.0	15	16000.0	0.9	44.0375	0.5625	45.5
1659303	8000.0	15	16000.0	0.8	45.5	0.5	46.8
1800445	7000.0	15	16000.0	0.7	46.8	0.4375	47.9375
1706034	8000.0	15	16000.0	0.8	47.9375	0.5	49.2375
1643981	8000.0	15	16000.0	0.8	49.2375	0.5	50.537499999999994
1670038	7000.0	15	16000.0	0.7	50.5375	0.4375	51.675000000000004
1683593	9000.0	15	16000.0	0.9	51.675	0.5625	53.137499999999996
1704659	7000.0	15	16000.0	0.7	53.1375	0.4375	54.275000000000006
1639449	10000.0	15	16000.0	1.0	54.275	0.625	55.9
1735905	9000.0	15	16000.0	0.9	55.9	0.5625	57.3625
1829386	7000.0	15	16000.0	0.7	57.3625	0.4375	58.5
1687214	8000.0	15	16000.0	0.8	58.5	0.5	59.8
1713602	8000.0	15	16000.0	0.8	59.8	0.5	61.099999999999994
1745940	7000.0	15	16000.0	0.7	61.1	0.4375	62.237500000000004
1797324	7000.0	15	16000.0	0.7	62.2375	0.4375	63.375
1637252	7000.0	15	16000.0	0.7	63.375	0.4375	64.5125
1668288	9000.0	15	16000.0	0.9	64.5125	0.5625	65.97500000000001
1688811	8000.0	15	16000.0	0.8	65.975	0.5	67.27499999999999
1729465	6000.0	15	16000.0	0.6	67.275	0.375	68.25
1817935	8000.0	15	16000.0	0.8	68.25	0.5	69.55
1707068	9000.0	15	16000.0	0.9	69.55	0.5625	71.0125
1781119	8000.0	15	16000.0	0.8	71.0125	0.5	72.3125
1843368	6000.0	15	16000.0	0.6	72.3125	0.375	73.2875
1668185	11000.0	15	16000.0	1.1	73.2875	0.6875	75.07499999999999
1768956	10000.0	15	16000.0	1.0	75.075	0.625	76.7
1667805	7000.0	15	16000.0	0.7	76.7	0.4375	77.8375
1808568	11000.0	15	16000.0	1.1	77.8375	0.6875	79.625
1826891	14000.0	15	16000.0	1.4	79.625	0.875	81.9
1721127	10000.0	15	16000.0	1.0	81.9	0.625	83.525
1724807	9000.0	15	16000.0	0.9	83.525	0.5625	84.98750000000001
1759232	7000.0	15	16000.0	0.7	84.9875	0.4375	86.125
1675679	8000.0	15	16000.0	0.8	86.125	0.5	87.425
1735379	9000.0	15	16000.0	0.9	87.425	0.5625	88.8875
1830481	6000.0	15	16000.0	0.6	88.8875	0.375	89.8625
1654086	5000.0	16	18000.0	0.5058	0	0.2778	0.7836000000000001
1824018	7000.0	16	18000.0	0.7058	0.7836	0.3889	1.8782999999999999
1665880	9000.0	16	18000.0	0.9058	1.8783	0.5	3.2841
1654347	7000.0	16	18000.0	0.7058	3.2841	0.3889	4.3788
1641518	4000.0	16	18000.0	0.4058	4.3788	0.2222	5.0068
1672992	10000.0	16	18000.0	1.0058	5.0068	0.5556	6.5682
1755374	9000.0	16	18000.0	0.9058	6.5682	0.5	7.974
1715897	11000.0	16	18000.0	1.1058	7.974	0.6111	9.690900000000001
1850006	6000.0	16	18000.0	0.6058	9.6909	0.3333	10.629999999999999
1825485	9000.0	16	18000.0	0.9058	10.63	0.5	12.0358
1779296	7000.0	16	18000.0	0.7058	12.0358	0.3889	13.1305
1648402	6000.0	16	18000.0	0.6058	13.1305	0.3333	14.0696
1734700	7000.0	16	18000.0	0.7058	14.0696	0.3889	15.164299999999999
1648406	8000.0	16	18000.0	0.8058	15.1643	0.4444	16.4145
1790587	9000.0	16	18000.0	0.9058	16.4145	0.5	17.8203
1655823	8000.0	16	18000.0	0.8058	17.8203	0.4444	19.070500000000003
1671248	7000.0	16	18000.0	0.7058	19.0705	0.3889	20.1652
1764213	6000.0	16	18000.0	0.6058	20.1652	0.3333	21.1043
1699380	9000.0	16	18000.0	0.9058	21.1043	0.5	22.510099999999998
1814747	6000.0	16	18000.0	0.6058	22.5101	0.3333	23.4492
1656163	7000.0	16	18000.0	0.7058	23.4492	0.3889	24.5439
1713653	5000.0	16	18000.0	0.5058	24.5439	0.2778	25.3275
1768600	8000.0	16	18000.0	0.8058	25.3275	0.4444	26.577700000000004
1827070	10000.0	16	18000.0	1.0058	26.5777	0.5556	28.1391
1772090	7000.0	16	18000.0	0.7058	28.1391	0.3889	29.2338
1716879	10000.0	16	18000.0	1.0058	29.2338	0.5556	30.795199999999998
1701585	7000.0	16	18000.0	0.7058	30.7952	0.3889	31.8899
1644681	7000.0	16	18000.0	0.7058	31.8899	0.3889	32.9846
1808447	11000.0	16	18000.0	1.1058	32.9846	0.6111	34.7015
1645583	9000.0	16	18000.0	0.9058	34.7015	0.5	36.1073
1758541	7000.0	16	18000.0	0.7058	36.1073	0.3889	37.202000000000005
1843840	8000.0	16	18000.0	0.8058	37.202	0.4444	38.4522
1803850	9000.0	16	18000.0	0.9058	38.4522	0.5	39.858
1691914	12000.0	16	18000.0	1.2058	39.858	0.6667	41.7305
1644780	8000.0	16	18000.0	0.8058	41.7305	0.4444	42.9807
1817525	6000.0	16	18000.0	0.6058	42.9807	0.3333	43.9198
1811541	8000.0	16	18000.0	0.8058	43.9198	0.4444	45.17
1722686	12000.0	16	18000.0	1.2058	45.17	0.6667	47.0425
1817056	8000.0	16	18000.0	0.8058	47.0425	0.4444	48.292699999999996
1692323	7000.0	16	18000.0	0.7058	48.2927	0.3889	49.38740000000001
1696866	8000.0	17	24000.0	0.8058	0	0.3333	1.1391
1680937	8000.0	17	24000.0	0.8058	1.1391	0.3333	2.2782
1813250	8000.0	17	24000.0	0.8058	2.2782	0.3333	3.4173
1698101	8000.0	17	24000.0	0.8058	3.4173	0.3333	4.5564
1806739	8000.0	17	24000.0	0.8058	4.5564	0.3333	5.6955
1816299	7000.0	17	24000.0	0.7058	5.6955	0.2917	6.693
1831757	10000.0	17	24000.0	1.0058	6.693	0.4167	8.115499999999999
1672601	8000.0	17	24000.0	0.8058	8.1155	0.3333	9.2546
1768009	9000.0	17	24000.0	0.9058	9.2546	0.375	10.5354
1708892	7000.0	17	24000.0	0.7058	10.5354	0.2917	11.5329
1782555	9000.0	17	24000.0	0.9058	11.5329	0.375	12.813699999999999
1717869	9000.0	17	24000.0	0.9058	12.8137	0.375	14.0945
1725970	6000.0	17	24000.0	0.6058	14.0945	0.25	14.9503
1767128	9000.0	17	24000.0	0.9058	14.9503	0.375	16.231099999999998
1809527	10000.0	17	24000.0	1.0058	16.2311	0.4167	17.6536
1766616	9000.0	17	24000.0	0.9058	17.6536	0.375	18.9344
1792923	7000.0	17	24000.0	0.7058	18.9344	0.2917	19.9319
1740744	8000.0	17	24000.0	0.8058	19.9319	0.3333	21.071
1682288	8000.0	17	24000.0	0.8058	21.071	0.3333	22.210100000000004
1725748	8000.0	17	24000.0	0.8058	22.2101	0.3333	23.349200000000003
1734767	8000.0	17	24000.0	0.8058	23.3492	0.3333	24.488300000000002
1767886	7000.0	17	24000.0	0.7058	24.4883	0.2917	25.485799999999998
1691129	7000.0	17	24000.0	0.7058	25.4858	0.2917	26.4833
1802828	10000.0	17	24000.0	1.0058	26.4833	0.4167	27.9058
1708564	10000.0	17	24000.0	1.0058	27.9058	0.4167	29.3283
1657277	7000.0	17	24000.0	0.7058	29.3283	0.2917	30.325799999999997
1759995	7000.0	17	24000.0	0.7058	30.3258	0.2917	31.3233
1763918	7000.0	17	24000.0	0.7058	31.3233	0.2917	32.3208
1763753	10000.0	17	24000.0	1.0058	32.3208	0.4167	33.7433
1674468	8000.0	17	24000.0	0.8058	33.7433	0.3333	34.8824
1785715	10000.0	17	24000.0	1.0058	34.8824	0.4167	36.304899999999996
1760168	13000.0	17	24000.0	1.3058	36.3049	0.5417	38.1524
1796398	9000.0	17	24000.0	0.9058	38.1524	0.375	39.4332
1837648	8000.0	17	24000.0	0.8058	39.4332	0.3333	40.5723
1649254	10000.0	17	24000.0	1.0058	40.5723	0.4167	41.9948
1656174	7000.0	17	24000.0	0.7058	41.9948	0.2917	42.99229999999999
1683607	8000.0	17	24000.0	0.8058	42.9923	0.3333	44.1314
1822223	9000.0	17	24000.0	0.9058	44.1314	0.375	45.4122
1693180	12000.0	17	24000.0	1.2058	45.4122	0.5	47.117999999999995
1777196	9000.0	17	24000.0	0.9058	47.118	0.375	48.3988
1643884	7000.0	17	24000.0	0.7058	48.3988	0.2917	49.396300000000004
1843144	10000.0	17	24000.0	1.0058	49.3963	0.4167	50.818799999999996
1645259	7000.0	17	24000.0	0.7058	50.8188	0.2917	51.816300000000005
1788970	11000.0	17	24000.0	1.1058	51.8163	0.4583	53.3804
1728484	10000.0	17	24000.0	1.0058	53.3804	0.4167	54.8029
1704066	8000.0	17	24000.0	0.8058	54.8029	0.3333	55.942
1717649	6000.0	17	24000.0	0.6058	55.942	0.25	56.7978
1824620	10000.0	17	24000.0	1.0058	56.7978	0.4167	58.2203
1815892	13000.0	17	24000.0	1.3058	58.2203	0.5417	60.0678
1822711	9000.0	17	24000.0	0.9058	60.0678	0.375	61.3486
1739275	7000.0	17	24000.0	0.7058	61.3486	0.2917	62.3461
1782425	8000.0	17	24000.0	0.8058	62.3461	0.3333	63.4852
1811545	9000.0	17	24000.0	0.9058	63.4852	0.375	64.766
1798038	7000.0	18	30000.0	0.7058	0	0.2333	0.9391
1661249	9000.0	18	30000.0	0.9058	0.9391	0.3	2.1449
1686672	9000.0	18	30000.0	0.9058	2.1449	0.3	3.3507
1697856	8000.0	18	30000.0	0.8058	3.3507	0.2667	4.4232
1735013	10000.0	18	30000.0	1.0058	4.4232	0.3333	5.7623
1741360	12000.0	18	30000.0	1.2058	5.7623	0.4	7.3681
1717822	11000.0	18	30000.0	1.1058	7.3681	0.3667	8.8406
1741191	6000.0	18	30000.0	0.6058	8.8406	0.2	9.6464
1842941	9000.0	18	30000.0	0.9058	9.6464	0.3	10.8522
1794185	8000.0	18	30000.0	0.8058	10.8522	0.2667	11.9247
1787263	9000.0	18	30000.0	0.9058	11.9247	0.3	13.1305
1686491	10000.0	18	30000.0	1.0058	13.1305	0.3333	14.4696
1648140	9000.0	18	30000.0	0.9058	14.4696	0.3	15.6754
1812897	8000.0	18	30000.0	0.8058	15.6754	0.2667	16.7479
1700496	8000.0	18	30000.0	0.8058	16.7479	0.2667	17.820400000000003
1820232	11000.0	18	30000.0	1.1058	17.8204	0.3667	19.2929
1697450	6000.0	18	30000.0	0.6058	19.2929	0.2	20.098699999999997
1733401	6000.0	18	30000.0	0.6058	20.0987	0.2	20.9045
1756869	8000.0	18	30000.0	0.8058	20.9045	0.2667	21.977
1758148	13000.0	18	30000.0	1.3058	21.977	0.4333	23.7161
1652296	7000.0	18	30000.0	0.7058	23.7161	0.2333	24.6552
1708585	9000.0	18	30000.0	0.9058	24.6552	0.3	25.861
1787046	8000.0	18	30000.0	0.8058	25.861	0.2667	26.933500000000002
1722970	9000.0	18	30000.0	0.9058	26.9335	0.3	28.1393
1784366	7000.0	18	30000.0	0.7058	28.1393	0.2333	29.0784
1745459	10000.0	18	30000.0	1.0058	29.0784	0.3333	30.4175
1651139	11000.0	18	30000.0	1.1058	30.4175	0.3667	31.89
1761554	8000.0	18	30000.0	0.8058	31.89	0.2667	32.9625
1655656	8000.0	18	30000.0	0.8058	32.9625	0.2667	34.035
1827478	9000.0	18	30000.0	0.9058	34.035	0.3	35.24079999999999
1760255	8000.0	18	30000.0	0.8058	35.2408	0.2667	36.3133
1827522	13000.0	18	30000.0	1.3058	36.3133	0.4333	38.0524
1650713	6000.0	18	30000.0	0.6058	38.0524	0.2	38.858200000000004
1704635	5000.0	18	30000.0	0.5058	38.8582	0.1667	39.530699999999996
1685575	7000.0	18	30000.0	0.7058	39.5307	0.2333	40.469800000000006
1754086	9000.0	18	30000.0	0.9058	40.4698	0.3	41.675599999999996
1841505	6000.0	18	30000.0	0.6058	41.6756	0.2	42.48140000000001
1824572	6000.0	18	30000.0	0.6058	42.4814	0.2	43.287200000000006
1791746	7000.0	18	30000.0	0.7058	43.2872	0.2333	44.226299999999995
1688025	8000.0	18	30000.0	0.8058	44.2263	0.2667	45.2988
1745119	6000.0	18	30000.0	0.6058	45.2988	0.2	46.104600000000005
1668298	7000.0	18	30000.0	0.7058	46.1046	0.2333	47.0437
1713538	6000.0	18	30000.0	0.6058	47.0437	0.2	47.849500000000006
1830787	9000.0	18	30000.0	0.9058	47.8495	0.3	49.055299999999995
1801469	5000.0	18	30000.0	0.5058	49.0553	0.1667	49.7278
1679156	12000.0	18	30000.0	1.2058	49.7278	0.4	51.3336
1637526	7000.0	18	30000.0	0.7058	51.3336	0.2333	52.2727
1710998	8000.0	18	30000.0	0.8058	52.2727	0.2667	53.3452
1744936	6000.0	18	30000.0	0.6058	53.3452	0.2	54.151
1716321	9000.0	18	30000.0	0.9058	54.151	0.3	55.3568
1784114	8000.0	18	30000.0	0.8058	55.3568	0.2667	56.4293
1674684	7000.0	18	30000.0	0.7058	56.4293	0.2333	57.368399999999994
1778464	9000.0	18	30000.0	0.9058	57.3684	0.3	58.5742
1692400	8000.0	18	30000.0	0.8058	58.5742	0.2667	59.646699999999996
1750089	13000.0	18	30000.0	1.3058	59.6467	0.4333	61.3858
1685999	6000.0	18	30000.0	0.6058	61.3858	0.2	62.19160000000001
1797948	8000.0	19	30000.0	0.8058	0	0.2667	1.0725
1816322	11000.0	19	30000.0	1.1058	1.0725	0.3667	2.545
1825203	9000.0	19	30000.0	0.9058	2.545	0.3	3.7508
1654135	9000.0	19	30000.0	0.9058	3.7508	0.3	4.9566
1644596	10000.0	19	30000.0	1.0058	4.9566	0.3333	6.2957
1696840	8000.0	19	30000.0	0.8058	6.2957	0.2667	7.3682
1640576	6000.0	19	30000.0	0.6058	7.3682	0.2	8.174
1654201	7000.0	19	30000.0	0.7058	8.174	0.2333	9.1131
1806650	8000.0	19	30000.0	0.8058	9.1131	0.2667	10.185599999999999
1666169	9000.0	19	30000.0	0.9058	10.1856	0.3	11.3914
1773664	11000.0	19	30000.0	1.1058	11.3914	0.3667	12.863900000000001
1689576	9000.0	19	30000.0	0.9058	12.8639	0.3	14.0697
1703429	9000.0	19	30000.0	0.9058	14.0697	0.3	15.2755
1747674	10000.0	19	30000.0	1.0058	15.2755	0.3333	16.6146
1747252	5000.0	19	30000.0	0.5058	16.6146	0.1667	17.2871
1810223	11000.0	19	30000.0	1.1058	17.2871	0.3667	18.7596
1690210	7000.0	19	30000.0	0.7058	18.7596	0.2333	19.6987
1708620	9000.0	19	30000.0	0.9058	19.6987	0.3	20.9045
1644556	9000.0	19	30000.0	0.9058	20.9045	0.3	22.1103
1689197	10000.0	19	30000.0	1.0058	22.1103	0.3333	23.4494
1844987	6000.0	19	30000.0	0.6058	23.4494	0.2	24.2552
1740902	9000.0	19	30000.0	0.9058	24.2552	0.3	25.461
1791587	9000.0	19	30000.0	0.9058	25.461	0.3	26.6668
1675698	8000.0	19	30000.0	0.8058	26.6668	0.2667	27.7393
1742751	11000.0	19	30000.0	1.1058	27.7393	0.3667	29.2118
1657281	9000.0	19	30000.0	0.9058	29.2118	0.3	30.4176
1664069	6000.0	19	30000.0	0.6058	30.4176	0.2	31.223399999999998
1637336	10000.0	19	30000.0	1.0058	31.2234	0.3333	32.5625
1657339	8000.0	19	30000.0	0.8058	32.5625	0.2667	33.635
1649183	7000.0	19	30000.0	0.7058	33.635	0.2333	34.5741
1651339	7000.0	19	30000.0	0.7058	34.5741	0.2333	35.5132
1829424	6000.0	19	30000.0	0.6058	35.5132	0.2	36.319
1838345	11000.0	19	30000.0	1.1058	36.319	0.3667	37.791500000000006
1710491	10000.0	19	30000.0	1.0058	37.7915	0.3333	39.1306
1688300	7000.0	19	30000.0	0.7058	39.1306	0.2333	40.0697
1775614	8000.0	19	30000.0	0.8058	40.0697	0.2667	41.142199999999995
1685641	7000.0	19	30000.0	0.7058	41.1422	0.2333	42.0813
1754003	11000.0	19	30000.0	1.1058	42.0813	0.3667	43.5538
1823769	8000.0	19	30000.0	0.8058	43.5538	0.2667	44.6263
1759132	6000.0	19	30000.0	0.6058	44.6263	0.2	45.432100000000005
1639858	9000.0	19	30000.0	0.9058	45.4321	0.3	46.637899999999995
1717284	10000.0	19	30000.0	1.0058	46.6379	0.3333	47.977000000000004
1736659	7000.0	19	30000.0	0.7058	47.977	0.2333	48.9161
1681197	10000.0	19	30000.0	1.0058	48.9161	0.3333	50.2552
1769007	7000.0	19	30000.0	0.7058	50.2552	0.2333	51.1943
1635989	10000.0	19	30000.0	1.0058	51.1943	0.3333	52.5334
1800853	11000.0	19	30000.0	1.1058	52.5334	0.3667	54.005900000000004
1652649	9000.0	19	30000.0	0.9058	54.0059	0.3	55.21169999999999
1645504	6000.0	19	30000.0	0.6058	55.2117	0.2	56.017500000000005
