725004.0314999999	0.44	0.6	1
725007.5116	0.43	0.7	1
725013.1316999999	0.35	0.8	1
725020.8917999999	0.41	0.8	1
725030.5252999999	0.36	0.7	1
725042.2987999999	0.35	0.8	1
725055.6789999999	0.42	0.6	1
725071.1991999999	0.39	0.8	1
725088.8594	0.34	0.8	1
725108.6596	0.41	0.8	1
725130.5998	0.4	0.8	1
725154.1466999999	0.36	0.6	1
725179.5669999999	0.45	0.7	1
725207.1272999999	0.41	0.8	1
725236.8276	0.38	0.8	1
725268.6679	0.36	0.8	1
725302.6482	0.4	0.8	1
725339.0352	0.33	0.9	1
725377.2956000001	0.45	0.7	1
725417.4294	0.41	0.7	1
725459.1699	0.44	0.6	1
725502.2504	0.47	0.5	1
725547.7376	0.34	0.9	1
725595.6315	0.33	0.9	1
725645.6654	0.41	0.8	1
725697.5727	0.37	0.7	1
725751.3534	0.4	0.7	1
725807.5408000001	0.36	0.9	1
725865.8682	0.34	0.8	1
725926.069	0.37	0.7	1
725988.4098	0.4	0.8	1
726052.8906	0.38	0.8	1
726119.2448	0.43	0.7	1
726187.4724	0.41	0.7	1
726257.3067	0.46	0.6	1
726329.5477	0.36	0.9	1
726404.1954	0.4	0.9	1
726480.7165	0.35	0.7	1
726559.3776	0.35	0.8	1
726639.9121	0.4	0.7	1
726722.32	0.41	0.7	1
726806.8679	0.38	0.8	1
726893.2892	0.42	0.7	1
726981.5839	0.4	0.7	1
727071.4853	0.46	0.6	1
727162.9933999999	0.47	0.6	1
727256.1081999999	0.45	0.6	1
727351.0963999999	0.38	0.7	1
727448.2246	0.32	0.8	1
727547.7594999999	0.35	0.9	1
727649.1677999999	0.41	0.7	1
727752.1828	0.48	0.6	1
727857.0712	0.4	0.7	1
727963.5663	0.43	0.6	1
728072.4680999999	0.42	0.9	1
728182.9765999999	0.46	0.6	1
728296.1584999999	0.35	1.0	1
728411.4803999999	0.35	0.8	1
728528.6756999999	0.43	0.7	1
728648.0109999999	0.36	0.8	1
728769.2196999999	0.43	0.7	1
728892.5683999999	0.39	0.8	1
729017.7904999999	0.43	0.7	1
729145.4192999998	0.38	0.9	1
729275.4547999998	0.35	0.9	1
729407.3636999999	0.45	0.7	1
729541.4125999999	0.41	0.8	1
729677.6014999999	0.39	0.8	1
729815.3970999998	0.41	0.6	1
729955.3326999998	0.41	0.8	1
730097.4082999998	0.39	0.8	1
730242.1572999997	0.34	1.0	1
730388.5129999997	0.47	0.6	1
730537.0086999997	0.39	0.8	1
730687.1110999996	0.45	0.6	1
730839.3534999996	0.39	0.8	1
730993.4692999996	0.42	0.7	1
731150.5250999996	0.33	1.1	1
731309.7208999996	0.35	0.8	1
731471.0566999996	0.37	0.8	1
731635.5991999996	0.32	1.2	1
731802.0150999996	0.43	0.7	1
731970.3043999996	0.39	0.7	1
732141.2670999996	0.31	1.0	1
732313.8364999996	0.44	0.6	1
732488.5458999997	0.38	0.8	1
732665.6619999997	0.34	0.9	1
732844.6514999997	0.42	0.7	1
733025.5143999996	0.42	0.7	1
733208.7839999996	0.34	0.9	1
733393.3935999996	0.52	0.5	1
733579.8765999996	0.38	0.7	1
733768.2329999997	0.43	0.7	1
733958.4627999996	0.39	0.7	1
734150.5659999996	0.38	0.7	1
734344.5425999997	0.41	0.7	1
734541.4591999997	0.33	1.1	1
734739.9824999997	0.43	0.6	1
734940.3791999997	0.38	0.7	1
735143.1825999997	0.34	0.9	1
735347.8593999997	0.42	0.7	1
735554.6761999998	0.34	0.8	1
735763.0996999998	0.44	0.6	1
735973.3965999997	0.4	0.7	1
736186.1001999998	0.33	0.9	1
736400.6771999998	0.45	0.7	1
736616.8608999999	0.43	0.6	1
736835.1845999998	0.4	0.8	1
737055.3816999998	0.39	0.7	1
737277.4521999998	0.47	0.7	1
737501.6626999999	0.39	0.8	1
737727.7465999998	0.41	0.7	1
737955.9704999998	0.38	0.8	1
738186.0677999998	0.37	0.7	1
738418.5717999998	0.37	0.9	1
738653.4824999998	0.4	0.9	1
738890.5331999998	0.41	0.8	1
739129.7238999999	0.36	0.8	1
739370.7879999998	0.42	0.7	1
739614.2587999998	0.37	0.9	1
739860.1362999998	0.36	0.9	1
740108.4204999998	0.35	0.9	1
740358.5780999998	0.42	0.7	1
740611.4090999998	0.33	1.0	1
740865.8467999998	0.46	0.6	1
741122.4244999998	0.39	0.8	1
741381.6755999998	0.31	1.0	1
741642.8000999999	0.39	0.7	1
741905.7979999998	0.41	0.7	1
742170.4025999998	0.45	0.6	1
742436.8805999998	0.37	0.7	1
742704.9652999998	0.43	0.6	1
742975.4566999999	0.35	0.9	1
743247.8214999998	0.43	0.7	1
743521.7929999998	0.42	0.6	1
743798.1711999999	0.41	0.9	1
744076.6893999999	0.41	0.8	1
744357.0809999999	0.45	0.7	1
744639.6125999999	0.36	0.8	1
744924.0175999999	0.39	0.7	1
745210.5626	0.39	0.8	1
745499.2476	0.41	0.8	1
745790.0726	0.41	0.8	1
746083.3043	0.38	0.9	1
746378.9427	0.34	0.9	1
746676.1878	0.48	0.6	1
746975.0395999999	0.43	0.6	1
747276.2980999999	0.35	0.9	1
747579.6965999999	0.39	0.8	1
747884.9685	0.42	0.7	1
748192.3803999999	0.38	0.8	1
748501.6656999999	0.39	0.7	1
748812.8243999999	0.41	0.7	1
749126.6564999999	0.33	1.0	1
749442.362	0.4	0.7	1
749760.4741999999	0.34	0.9	1
750080.7263999999	0.37	0.8	1
750402.852	0.38	0.7	1
750727.1176	0.42	0.8	1
751053.2566	0.41	0.7	1
751381.269	0.42	0.7	1
751711.1548	0.4	0.7	1
752043.1806	0.36	0.8	1
752377.3463999999	0.37	0.8	1
752713.3855999999	0.38	0.7	1
753051.2982	0.42	0.7	1
753391.3508	0.37	0.8	1
753733.2768	0.37	0.7	1
754077.3428	0.38	0.8	1
754423.5488	0.38	0.8	1
754771.8948	0.38	0.8	1
755122.6475	0.37	0.9	1
755475.8069	0.36	0.9	1
755830.8397	0.41	0.7	1
756188.2792	0.38	0.9	1
756547.8587	0.39	0.8	1
756909.3116	0.33	0.7	1
757272.9045000001	0.4	0.8	1
757638.6374	0.34	0.8	1
758005.977	0.37	0.6	1
758374.9232999999	0.5	0.6	1
758745.7429999999	0.42	0.7	1
759118.9694	0.38	0.9	1
759494.0691999999	0.45	0.7	1
759871.0423999999	0.39	0.7	1
760249.3555999999	0.49	0.5	1
760629.5421999999	0.43	0.7	1
761011.8687999999	0.39	0.8	1
761396.0687999999	0.43	0.7	1
761782.1421999999	0.38	0.7	1
762170.0889999999	0.41	0.7	1
762559.6425	0.45	0.6	1
762951.0693999999	0.38	0.7	1
763344.6362999999	0.38	0.8	1
763739.8098999999	0.4	0.6	1
764137.1234999999	0.41	0.8	1
764536.5770999999	0.37	0.8	1
764937.6373999999	0.39	0.6	1
765340.5711	0.5	0.7	1
765744.8448	0.46	0.5	1
766151.2585	0.4	0.8	1
766559.2789	0.46	0.6	1
766968.9060000001	0.4	0.6	1
767380.6731000001	0.39	0.8	1
767794.3136000001	0.4	0.7	1
768210.3608000001	0.31	0.9	1
768628.2814000001	0.42	0.7	1
769048.0754000001	0.4	0.7	1
769469.4761000001	0.44	0.6	1
769893.2835000001	0.36	0.9	1
770318.9643000001	0.45	0.7	1
770746.5185000001	0.43	0.7	1
771176.2127000001	0.4	0.8	1
771608.0469000002	0.36	0.8	1
772042.2878000002	0.4	0.9	1
772478.4021000002	0.42	0.7	1
772916.6564000002	0.41	0.8	1
773356.7841000002	0.44	0.7	1
773798.7852000002	0.36	0.7	1
774242.9263000002	0.42	0.8	1
774689.2074000002	0.4	0.8	1
775137.0952000002	0.45	0.6	1
775586.8564000002	0.44	0.7	1
776038.4910000002	0.39	0.7	1
776492.5323000002	0.35	0.9	1
776948.7136000003	0.44	0.8	1
777406.7683000002	0.4	0.7	1
777866.1630000002	0.47	0.5	1
778327.4311000002	0.4	0.7	1
778790.0392000001	0.49	0.5	1
779254.5207000001	0.39	0.7	1
779721.1422000001	0.42	0.8	1
780189.9037000001	0.4	0.8	1
780660.8052000002	0.38	0.8	1
781133.5801000001	0.38	0.7	1
781608.7617000001	0.34	0.9	1
782085.5500000002	0.45	0.6	1
782564.4783000002	0.34	0.8	1
783045.2800000001	0.39	0.7	1
783527.9551000001	0.38	0.7	1
784012.5036000002	0.44	0.7	1
784498.9255000001	0.39	0.7	1
784987.4874000001	0.37	0.8	1
785477.1227000001	0.47	0.4	1
785968.898	0.32	0.8	1
786462.28	0.46	0.6	1
786957.5354	0.39	0.7	1
787455.4642	0.31	1.0	1
787955.533	0.39	0.8	1
788457.4752000001	0.4	0.7	1
788961.5574	0.43	0.8	1
789467.7796	0.43	0.8	1
789975.6085	0.43	0.6	1
790485.8441	0.39	0.9	1
790998.4863999999	0.38	0.9	1
791513.2686999999	0.39	0.8	1
792030.1909999999	0.41	0.8	1
792548.7199999999	0.51	0.6	1
793068.8556999998	0.45	0.6	1
793591.3980999999	0.31	0.9	1
794115.8138999998	0.4	0.7	1
794642.1030999998	0.38	0.7	1
795170.7989999999	0.31	0.9	1
795701.6348999998	0.44	0.8	1
796234.0774999998	0.47	0.6	1
796768.6600999997	0.36	0.8	1
797305.1160999998	0.39	0.7	1
797843.4454999998	0.41	0.7	1
798383.9148999997	0.39	0.8	1
798926.7909999997	0.37	0.9	1
799471.8070999997	0.34	0.8	1
800018.9631999998	0.36	0.8	1
800568.2592999998	0.43	0.8	1
801119.4287999998	0.36	0.7	1
801672.2049999997	0.49	0.6	1
802226.8545999997	0.45	0.7	1
802783.3775999998	0.4	0.7	1
803341.7739999997	0.38	0.7	1
803902.3103999997	0.42	0.8	1
804464.4534999997	0.42	0.6	1
805028.4699999997	0.33	0.7	1
805594.6264999998	0.39	0.8	1
806162.3896999998	0.42	0.6	1
806732.2928999998	0.35	0.8	1
807304.6027999998	0.35	0.9	1
807878.7860999998	0.41	0.7	1
808455.6427999998	0.32	1.0	1
809034.9061999999	0.36	0.9	1
809616.3095999998	0.37	0.8	1
810199.5863999998	0.43	0.7	1
810784.7365999998	0.4	0.7	1
811371.7601999998	0.36	0.7	1
811960.3904999997	0.45	0.6	1
812551.1607999997	0.38	0.8	1
813143.5377999997	0.52	0.6	1
813737.5214999997	0.42	0.6	1
814333.6451999997	0.39	0.8	1
814931.6422999997	0.4	0.7	1
815531.2460999998	0.42	0.6	1
816133.2565999997	0.35	0.9	1
816736.8737999997	0.42	0.6	1
817341.8309999997	0.5	0.5	1
817948.6615999996	0.41	0.7	1
818557.3655999997	0.4	0.7	1
819168.7429999997	0.35	1.0	1
819781.4603999996	0.47	0.5	1
820395.7844999996	0.43	0.6	1
821012.2485999996	0.4	0.8	1
821630.5860999996	0.39	0.7	1
822250.7969999996	0.42	0.7	1
822873.6812999996	0.36	1.0	1
823498.4389999995	0.42	0.7	1
824125.3366999995	0.41	0.8	1
824754.3743999995	0.36	0.8	1
825386.0854999995	0.33	1.0	1
826019.6699999995	0.35	0.7	1
826655.6611999995	0.35	0.9	1
827294.0590999995	0.37	0.9	1
827934.8636999995	0.36	0.9	1
828577.5416999995	0.42	0.7	1
829222.0930999995	0.39	0.7	1
829868.7844999995	0.39	0.8	1
830517.3492999995	0.42	0.7	1
831169.1207999996	0.31	1.2	1
831823.0322999996	0.37	0.8	1
832478.5504999997	0.45	0.6	1
833136.2086999996	0.33	0.8	1
833795.7402999996	0.41	0.7	1
834457.6785999996	0.34	0.9	1
835121.4902999996	0.39	0.7	1
835787.4419999996	0.38	0.8	1
836455.8003999996	0.3	0.9	1
837126.8321999996	0.34	1.0	1
837800.0039999996	0.37	0.8	1
838475.5824999996	0.34	0.9	1
839153.3009999995	0.35	0.8	1
839832.8928999995	0.44	0.7	1
840514.6247999995	0.37	0.8	1
841197.6966999995	0.49	0.5	1
841882.6419999995	0.44	0.7	1
842569.7272999996	0.33	0.8	1
843258.1525999996	0.4	0.5	1
843948.4512999996	0.44	0.7	1
844640.3566999997	0.42	0.6	1
845334.1354999996	0.43	0.7	1
846030.0542999996	0.43	0.8	1
846727.8464999996	0.42	0.7	1
847427.7786999997	0.36	0.8	1
848129.8508999997	0.39	0.8	1
848833.7964999997	0.43	0.7	1
849540.1487999997	0.33	0.9	1
850248.3744999997	0.43	0.7	1
850958.7401999997	0.38	0.8	1
851670.9792999997	0.42	0.7	1
852385.6250999997	0.35	0.9	1
853102.6775999997	0.39	0.9	1
853821.6034999997	0.37	0.7	1
854542.1360999998	0.46	0.6	1
855264.5420999997	0.41	0.7	1
855988.8214999997	0.43	0.7	1
856714.9742999998	0.43	0.7	1
857443.2670999998	0.41	0.8	1
858173.6998999998	0.35	0.8	1
858906.8060999998	0.4	1.0	1
859642.3189999998	0.37	0.9	1
860379.7052999998	0.43	0.7	1
861118.9649999999	0.38	0.7	1
861860.0980999998	0.53	0.7	1
862603.3711999998	0.39	0.8	1
863348.5176999999	0.41	0.7	1
864096.0708999998	0.39	0.9	1
864845.7640999998	0.38	0.8	1
865597.3306999998	0.42	0.7	1
866351.3039999998	0.41	0.9	1
867107.1506999998	0.38	0.7	1
867865.4040999998	0.38	0.9	1
868625.7974999998	0.37	0.8	1
869388.8642999998	0.33	1.0	1
870153.8044999997	0.42	0.7	1
870920.8846999997	0.38	0.8	1
871690.3715999997	0.33	0.9	1
872461.9984999998	0.32	0.8	1
873235.4987999997	0.32	0.7	1
874011.1390999997	0.4	0.8	1
874788.6527999997	0.4	0.7	1
875568.0398999997	0.39	0.7	1
876349.8336999997	0.29	0.9	1
877134.0341999998	0.36	0.9	1
877920.6413999997	0.35	0.9	1
878708.5885999998	0.53	0.5	1
879498.6757999997	0.39	0.8	1
880290.9029999997	0.43	0.8	1
881084.4701999997	0.46	0.5	1
881879.9107999997	0.4	0.7	1
882678.0247999997	0.34	1.0	1
883478.2787999996	0.36	0.8	1
884281.2061999997	0.33	1.0	1
885086.0069999996	0.38	0.7	1
885892.6811999996	0.39	0.7	1
886701.4953999997	0.41	0.8	1
887512.1829999996	0.43	0.7	1
888325.0105999996	0.36	0.8	1
889139.7115999996	0.44	0.7	1
889956.0192999996	0.5	0.6	1
890774.4669999996	0.41	0.8	1
891594.5213999996	0.47	0.6	1
892416.4491999996	0.36	0.7	1
893240.7836999996	0.32	0.9	1
894066.9915999996	0.41	0.7	1
894895.3394999997	0.48	0.8	1
895725.8273999996	0.39	0.8	1
896558.1886999996	0.44	0.7	1
897392.6899999996	0.38	0.8	1
898229.0646999996	0.42	0.7	1
899067.3127999996	0.44	0.7	1
899907.4342999996	0.42	0.7	1
900749.6957999996	0.42	0.8	1
901594.0972999997	0.4	0.8	1
902441.1721999997	0.35	1.0	1
903289.8537999997	0.41	0.6	1
904140.4087999997	0.4	0.7	1
904992.5704999998	0.42	0.6	1
905846.3388999997	0.66	0.6	1
906702.5139999997	0.33	0.9	1
907560.8290999997	0.36	0.8	1
908421.5508999998	0.31	0.9	1
909284.4126999998	0.37	0.8	1
910149.1478999997	0.42	0.7	1
911015.7564999998	0.46	0.7	1
911884.7717999998	0.33	0.9	1
912755.6604999998	0.45	0.7	1
913628.1558999998	0.45	0.6	1
914502.5246999998	0.39	0.7	1
915378.5001999998	0.39	0.6	1
916256.8823999998	0.32	0.9	1
917137.1379999998	0.41	0.7	1
918019.5335999998	0.38	0.8	1
918904.0691999998	0.37	0.8	1
919790.7447999998	0.43	0.8	1
920679.0270999997	0.47	0.6	1
921569.4493999997	0.4	0.8	1
922461.4783999997	0.39	0.6	1
923355.6473999997	0.43	0.8	1
924252.4897999996	0.33	1.0	1
925151.7388999996	0.37	0.9	1
926053.1279999997	0.38	0.8	1
926956.3904999996	0.44	0.7	1
927861.7929999996	0.41	0.8	1
928770.4021999995	0.31	1.2	1
929680.8847999995	0.41	0.7	1
930593.7740999996	0.34	0.9	1
931509.0700999995	0.36	0.9	1
932425.9727999995	0.45	0.6	1
933344.7488999995	0.42	0.7	1
934265.6649999996	0.41	0.8	1
935188.4544999995	0.42	0.7	1
936113.1173999995	0.41	0.7	1
937040.1869999996	0.38	0.9	1
937969.1299999995	0.4	0.7	1
938900.2129999995	0.37	0.8	1
939833.4359999995	0.35	0.8	1
940768.7989999995	0.39	0.8	1
941706.0353999996	0.44	0.7	1
942645.4117999995	0.37	0.8	1
943586.9281999995	0.35	0.8	1
944530.0512999995	0.43	0.6	1
945474.7810999994	0.41	0.6	1
946421.1175999994	0.44	0.6	1
947369.5940999994	0.36	0.8	1
948319.9439999994	0.36	0.7	1
949272.4338999995	0.36	0.8	1
950226.2637999995	0.47	0.5	1
951181.7003999995	0.46	0.6	1
952139.2769999995	0.41	0.8	1
953098.4602999996	0.47	0.6	1
954059.7835999996	0.41	0.8	1
955022.9802999996	0.35	0.7	1
955988.0503999996	0.4	0.7	1
956955.7938999996	0.33	1.0	1
957925.4107999996	0.39	0.7	1
958897.1676999996	0.34	0.8	1
959870.7979999996	0.41	0.7	1
960846.0349999996	0.41	0.6	1
961823.4119999995	0.39	0.8	1
962802.9289999995	0.35	0.8	1
963784.5859999995	0.37	0.8	1
964768.1163999996	0.41	0.7	1
965753.5201999996	0.43	0.7	1
966740.7973999996	0.35	0.7	1
967730.4812999995	0.32	0.9	1
968722.0385999995	0.46	0.7	1
969715.4692999995	0.39	0.7	1
970710.7733999995	0.4	0.7	1
971708.2174999994	0.35	0.8	1
972707.5349999995	0.38	0.7	1
973708.7258999995	0.42	0.7	1
974712.3234999995	0.38	0.9	1
975718.0610999995	0.38	0.8	1
976726.2053999995	0.34	0.9	1
977735.9563999996	0.45	0.6	1
978747.5807999995	0.43	0.7	1
979761.3451999995	0.42	0.8	1
980776.9829999995	0.41	0.7	1
981795.2941999995	0.31	1.0	1
982815.4787999996	0.44	0.7	1
983837.5367999995	0.42	0.7	1
984861.4681999995	0.38	0.7	1
985887.5395999996	0.38	0.8	1
986916.0176999995	0.34	0.9	1
987946.6357999995	0.36	0.8	1
988979.3938999994	0.44	0.8	1
990014.0253999995	0.39	0.7	1
991051.0635999994	0.39	0.9	1
992090.2417999994	0.37	0.8	1
993131.8266999994	0.36	0.9	1
994175.0182999994	0.44	0.6	1
995220.0832999994	0.35	0.7	1
996267.5549999994	0.32	0.9	1
997317.4333999994	0.37	0.9	1
998369.7184999994	0.35	0.9	1
999423.8769999994	0.45	0.7	1
1000479.6421999994	0.44	0.6	1
1001537.0140999994	0.39	0.6	1
1002595.9926999995	0.46	0.6	1
1003656.5779999995	0.37	0.6	1
1004719.3032999996	0.4	0.8	1
1005783.3685999996	0.46	0.5	1
1006849.5738999996	0.38	0.8	1
1007918.1858999996	0.34	0.9	1
1008988.6712999996	0.42	0.7	1
1010061.5633999996	0.36	0.9	1
1011136.3288999996	0.42	0.7	1
1012212.9677999996	0.41	0.7	1
1013292.0133999996	0.35	0.9	1
1014373.1989999996	0.41	0.8	1
1015456.2579999996	0.44	0.7	1
1016541.9903999995	0.35	1.0	1
1017629.5961999996	0.46	0.7	1
1018719.6086999995	0.37	0.9	1
1019811.4945999995	0.4	0.7	1
1020905.5204999995	0.34	0.8	1
1022001.9530999996	0.34	0.9	1
1023100.7923999996	0.33	0.9	1
1024201.2383999996	0.44	0.6	1
1025303.2910999996	0.45	0.6	1
1026407.2171999996	0.4	0.7	1
1027513.2832999997	0.41	0.8	1
1028622.0227999997	0.33	1.0	1
1029732.6356999996	0.5	0.7	1
1030845.9219999997	0.34	1.0	1
1031961.3482999997	0.37	0.8	1
1033078.9145999997	0.42	0.8	1
1034198.6208999996	0.42	0.8	1
1035320.2005999996	0.36	0.7	1
1036443.3869999996	0.43	0.6	1
1037568.9800999997	0.37	0.9	1
1038696.9798999997	0.37	0.9	1
1039827.1196999997	0.35	0.8	1
1040958.8661999997	0.43	0.6	1
1042092.4860999997	0.45	0.7	1
1043227.7126999998	0.41	0.6	1
1044364.8126999998	0.44	0.7	1
1045503.2526999997	0.41	0.5	1
1046643.8326999997	0.33	0.8	1
1047786.8193999997	0.37	0.9	1
1048931.4127999996	0.38	0.6	1
1050078.4128999996	0.38	0.9	1
1051227.5529999996	0.4	0.8	1
1052378.5664999995	0.39	0.7	1
1053531.9866999995	0.36	0.9	1
1054687.2802999995	0.4	0.7	1
1055844.4472999994	0.43	0.7	1
1057003.2209999994	0.46	0.6	1
1058164.4013999994	0.34	0.9	1
1059327.4551999995	0.42	0.7	1
1060492.6489999995	0.37	0.8	1
1061659.9827999994	0.39	0.8	1
1062828.9232999994	0.48	0.6	1
1064000.5371999994	0.36	1.0	1
1065174.2910999993	0.35	0.8	1
1066350.7183999994	0.31	1.0	1
1067529.5523999995	0.35	0.9	1
1068711.0597999995	0.37	1.0	1
1069894.9738999994	0.3	0.9	1
1071081.0279999995	0.43	0.8	1
1072268.4220999994	0.44	0.5	1
1073457.4228999994	0.44	0.6	1
1074648.2970999994	0.41	0.7	1
1075841.8446999993	0.3	1.0	1
1077037.5322999994	0.32	0.8	1
1078234.5598999993	0.52	0.5	1
1079432.9274999993	0.47	0.5	1
1080633.4350999992	0.36	0.8	1
1081835.8160999992	0.4	0.7	1
1083040.6037999992	0.34	0.9	1
1084246.9981999993	0.43	0.6	1
1085456.0659999994	0.34	1.0	1
1086667.2737999994	0.36	0.8	1
1087880.8882999993	0.32	0.9	1
1089096.3761999994	0.44	0.7	1
1090314.5374999994	0.34	1.0	1
1091534.5721999994	0.47	0.7	1
1092756.7468999994	0.36	0.8	1
1093980.7949999995	0.39	0.7	1
1095206.7164999994	0.4	0.7	1
1096434.7779999995	0.39	0.8	1
1097664.4461999994	0.47	0.6	1
1098896.2543999995	0.37	0.8	1
1100129.9359999995	0.4	0.7	1
1101365.2242999994	0.46	0.6	1
1102602.6525999994	0.36	0.8	1
1103842.2208999994	0.35	0.8	1
1105083.3958999994	0.44	0.6	1
1106326.9775999994	0.4	0.9	1
1107572.4326999993	0.36	0.7	1
1108820.0277999993	0.41	0.8	1
1110069.2295999993	0.42	0.6	1
1111320.3047999993	0.38	0.7	1
1112573.5199999993	0.4	0.8	1
1113828.6085999992	0.45	0.7	1
1115085.3038999992	0.41	0.6	1
1116343.8725999992	0.41	0.7	1
1117604.5812999993	0.42	0.8	1
1118867.1633999993	0.4	0.7	1
1120132.1521999992	0.39	0.9	1
1121400.0809999993	0.33	1.1	1
1122669.6164999993	0.42	0.6	1
1123940.7586999992	0.45	0.6	1
1125213.7742999992	0.4	0.7	1
1126488.6632999992	0.41	0.7	1
1127765.425699999	0.42	0.7	1
1129044.328099999	0.34	0.8	1
1130324.837199999	0.44	0.6	1
1131607.752999999	0.36	0.9	1
1132893.075499999	0.36	0.9	1
1134180.271399999	0.38	0.7	1
1135469.073999999	0.41	0.6	1
1136760.283299999	0.39	0.9	1
1138053.632599999	0.41	0.8	1
1139348.855299999	0.37	0.7	1
1140646.484699999	0.38	0.9	1
1141946.787499999	0.34	1.0	1
1143248.963699999	0.45	0.7	1
1144553.546599999	0.34	0.9	1
1145860.002899999	0.43	0.7	1
1147168.065899999	0.46	0.6	1
1148478.268899999	0.42	0.8	1
1149790.345299999	0.37	0.7	1
1151104.828399999	0.3	0.9	1
1152420.918199999	0.44	0.6	1
1153739.147999999	0.4	0.8	1
1155059.2511999991	0.41	0.7	1
1156380.961099999	0.48	0.6	1
1157704.810999999	0.39	0.8	1
1159030.800899999	0.37	0.8	1
1160358.930799999	0.36	0.8	1
1161689.200699999	0.37	0.8	1
1163021.877299999	0.29	0.9	1
1164356.693899999	0.39	0.8	1
1165693.6504999988	0.41	0.8	1
1167032.480499999	0.41	0.7	1
1168372.9171999989	0.46	0.6	1
1169715.7605999988	0.34	0.9	1
1171060.7439999988	0.42	0.8	1
1172407.8673999987	0.38	0.8	1
1173757.1307999988	0.4	0.8	1
1175108.5341999987	0.34	0.8	1
1176461.5442999988	0.44	0.6	1
1177816.4277999988	0.41	0.7	1
1179172.9179999987	0.41	0.6	1
1180531.2815999987	0.48	0.7	1
1181892.0518999987	0.36	0.9	1
1183255.4955999986	0.34	1.0	1
1184620.8126999987	0.4	0.7	1
1185988.0031999988	0.39	0.7	1
1187357.3336999987	0.38	0.8	1
1188728.5375999988	0.36	0.7	1
1190101.6148999988	0.39	0.7	1
1191476.2988999987	0.46	0.6	1
1192852.8562999987	0.42	0.7	1
1194231.0203999986	0.44	0.6	1
1195610.7911999987	0.4	0.6	1
1196992.4353999987	0.39	0.7	1
1198376.2195999988	0.38	0.8	1
1199761.6104999988	0.41	0.6	1
1201148.6080999987	0.42	0.6	1
1202538.0123999987	0.39	0.9	1
1203929.5566999987	0.42	0.8	1
1205323.2409999988	0.38	0.8	1
1206718.7986999988	0.4	0.7	1
1208116.4963999987	0.39	0.8	1
1209516.6007999987	0.35	0.9	1
1210919.3785999988	0.33	1.0	1
1212324.0297999987	0.44	0.7	1
1213730.8209999988	0.37	0.8	1
1215139.4855999989	0.41	0.7	1
1216549.7568999988	0.46	0.6	1
1217961.6348999988	0.39	0.6	1
1219375.6528999987	0.37	0.8	1
1220791.8108999988	0.38	0.8	1
1222209.5755999987	0.41	0.6	1
1223628.4136999988	0.44	0.4	1
1225049.9251999988	0.34	1.0	1
1226473.3100999987	0.43	0.7	1
1227898.5683999988	0.45	0.7	1
1229326.2333999989	0.33	0.9	1
1230756.3050999988	0.35	0.9	1
1232188.516799999	0.39	0.8	1
1233622.335199999	0.41	0.6	1
1235059.0935999989	0.34	1.1	1
1236497.725399999	0.39	0.7	1
1237938.763899999	0.32	0.9	1
1239381.942399999	0.34	0.8	1
1240827.260899999	0.34	0.8	1
1242274.452799999	0.44	0.7	1
1243723.784699999	0.34	0.8	1
1245175.256599999	0.4	0.8	1
1246628.601899999	0.38	0.7	1
1248083.820599999	0.44	0.7	1
1249541.179299999	0.37	0.8	1
1251000.1446999991	0.43	0.6	1
1252461.2500999991	0.34	0.8	1
1253924.495499999	0.41	0.8	1
1255390.147599999	0.37	0.9	1
1256857.406399999	0.49	0.6	1
1258326.2718999991	0.47	0.6	1
1259797.8107999992	0.34	1.0	1
1261270.956399999	0.42	0.6	1
1262745.9753999992	0.43	0.7	1
1264222.8677999992	0.38	0.7	1
1265701.366899999	0.44	0.6	1
1267182.2726999992	0.34	0.9	1
1268665.0518999991	0.37	0.7	1
1270150.771099999	0.26	1.1	1
1271638.0969999991	0.45	0.6	1
1273127.8295999991	0.36	0.9	1
1274619.702199999	0.37	0.8	1
1276113.714799999	0.38	0.8	1
1277610.134099999	0.39	0.9	1
1279108.426799999	0.48	0.7	1
1280608.592899999	0.42	0.7	1
1282111.165699999	0.39	0.9	1
1283615.3451999992	0.44	0.6	1
1285121.3980999992	0.43	0.7	1
1286629.324399999	0.45	0.7	1
1288138.8573999992	0.45	0.6	1
1289650.2637999991	0.43	0.7	1
1291163.8101999993	0.4	0.8	1
1292679.2299999993	0.37	0.7	1
1294196.5231999992	0.39	0.7	1
1295715.6897999994	0.42	0.7	1
1297237.2630999994	0.35	0.9	1
1298760.7097999994	0.43	0.7	1
1300286.0298999993	0.39	0.7	1
1301813.2233999993	0.4	0.7	1
1303342.5568999993	0.4	0.8	1
1304874.0303999993	0.42	0.8	1
1306407.6438999993	0.36	0.8	1
1307943.3973999994	0.36	0.8	1
1309480.7575999994	0.41	0.6	1
1311020.2577999993	0.36	0.8	1
1312562.1646999994	0.31	0.9	1
1314105.6782999993	0.42	0.6	1
1315651.0652999994	0.42	0.7	1
1317198.5922999994	0.42	0.8	1
1318748.2592999993	0.37	0.8	1
1320300.3329999994	0.37	0.9	1
1321854.5466999994	0.36	0.8	1
1323410.3670999995	0.39	0.6	1
1324968.3274999994	0.36	0.8	1
1326528.1612999993	0.45	0.7	1
1328089.6017999994	0.45	0.6	1
1329652.9156999993	0.44	0.7	1
1331218.3695999994	0.39	0.8	1
1332785.9634999994	0.35	0.8	1
1334355.4307999993	0.38	0.7	1
1335927.0380999993	0.42	0.8	1
1337501.0520999993	0.34	0.9	1
1339077.2060999994	0.39	0.8	1
1340654.9667999994	0.4	0.6	1
1342235.1341999993	0.32	0.9	1
1343816.6415999993	0.47	0.5	1
1345399.4889999994	0.5	0.5	1
1346984.2097999994	0.4	0.7	1
1348570.8039999993	0.4	0.7	1
1350159.5381999994	0.38	0.8	1
1351750.6790999994	0.36	0.9	1
1353343.9599999993	0.4	0.8	1
1354939.3808999993	0.38	0.8	1
