1721424	2000.0	0	500.0	0.2	0	4.0	4.2
1839557	3000.0	0	500.0	0.3	4.2	6.0	10.5
1783486	4000.0	0	500.0	0.4	10.5	8.0	18.9
1838060	3000.0	0	500.0	0.3	18.9	6.0	25.2
1823727	3000.0	0	500.0	0.3	25.2	6.0	31.5
1696530	2000.0	0	500.0	0.2	31.5	4.0	35.7
1712344	7000.0	0	500.0	0.7	35.7	14.0	50.400000000000006
1847096	8000.0	0	500.0	0.8	50.4	16.0	67.19999999999999
1850192	12000.0	0	500.0	1.2	67.2	24.0	92.4
1656865	3000.0	0	500.0	0.3	92.4	6.0	98.7
1703426	8000.0	0	500.0	0.8	98.7	16.0	115.5
1842355	4000.0	0	500.0	0.4	115.5	8.0	123.9
1677029	9000.0	0	500.0	0.9	123.9	18.0	142.8
1776198	8000.0	0	500.0	0.8	142.8	16.0	159.60000000000002
1696675	3000.0	0	500.0	0.3	159.6	6.0	165.9
1676337	1000.0	0	500.0	0.1	165.9	2.0	168.0
1678242	5000.0	0	500.0	0.5	168.0	10.0	178.5
1676173	6000.0	0	500.0	0.6	178.5	12.0	191.1
1742046	3000.0	0	500.0	0.3	191.1	6.0	197.4
1831248	6000.0	0	500.0	0.6	197.4	12.0	210.0
1678140	12000.0	0	500.0	1.2	210.0	24.0	235.2
1776981	4000.0	0	500.0	0.4	235.2	8.0	243.6
1679292	6000.0	0	500.0	0.6	243.6	12.0	256.2
1703620	10000.0	0	500.0	1.0	256.2	20.0	277.2
1678891	9000.0	0	500.0	0.9	277.2	18.0	296.09999999999997
1801640	6000.0	0	500.0	0.6	296.1	12.0	308.70000000000005
1695218	9000.0	0	500.0	0.9	308.7	18.0	327.59999999999997
1827140	7000.0	0	500.0	0.7	327.6	14.0	342.3
1781931	11000.0	0	500.0	1.1	342.3	22.0	365.40000000000003
1716444	4000.0	0	500.0	0.4	365.4	8.0	373.79999999999995
1814563	5000.0	0	500.0	0.5	373.8	10.0	384.3
1793921	7000.0	0	500.0	0.7	384.3	14.0	399.0
1798639	3000.0	0	500.0	0.3	399.0	6.0	405.3
1672868	7000.0	0	500.0	0.7	405.3	14.0	420.0
1754466	3000.0	0	500.0	0.3	420.0	6.0	426.3
1754460	9000.0	0	500.0	0.9	426.3	18.0	445.2
1719326	8000.0	0	500.0	0.8	445.2	16.0	462.0
1817504	8000.0	0	500.0	0.8	462.0	16.0	478.8
1671534	10000.0	0	500.0	1.0	478.8	20.0	499.8
1718810	4000.0	0	500.0	0.4	499.8	8.0	508.2
1662430	2000.0	0	500.0	0.2	508.2	4.0	512.4
1851633	10000.0	0	500.0	1.0	512.4	20.0	533.4
1739560	10000.0	0	500.0	1.0	533.4	20.0	554.4
1849909	1000.0	0	500.0	0.1	554.4	2.0	556.5
1750242	3000.0	0	500.0	0.3	556.5	6.0	562.8
1713453	8000.0	0	500.0	0.8	562.8	16.0	579.5999999999999
1686388	8000.0	0	500.0	0.8	579.6	16.0	596.4
1830609	3000.0	0	500.0	0.3	596.4	6.0	602.6999999999999
1724979	9000.0	0	500.0	0.9	602.7	18.0	621.6
1798964	7000.0	0	500.0	0.7	621.6	14.0	636.3000000000001
1792001	4000.0	0	500.0	0.4	636.3	8.0	644.6999999999999
1746295	4000.0	0	500.0	0.4	644.7	8.0	653.1
1841533	7000.0	0	500.0	0.7	653.1	14.0	667.8000000000001
1636732	5000.0	1	500.0	0.5	0	10.0	10.5
1801131	8000.0	1	500.0	0.8	10.5	16.0	27.3
1779000	8000.0	1	500.0	0.8	27.3	16.0	44.1
1658036	2000.0	1	500.0	0.2	44.1	4.0	48.300000000000004
1711958	3000.0	1	500.0	0.3	48.3	6.0	54.599999999999994
1776316	9000.0	1	500.0	0.9	54.6	18.0	73.5
1820671	5000.0	1	500.0	0.5	73.5	10.0	84.0
1822720	8000.0	1	500.0	0.8	84.0	16.0	100.8
1745612	3000.0	1	500.0	0.3	100.8	6.0	107.1
1638427	6000.0	1	500.0	0.6	107.1	12.0	119.69999999999999
1804886	1000.0	1	500.0	0.1	119.7	2.0	121.8
1677889	7000.0	1	500.0	0.7	121.8	14.0	136.5
1821332	10000.0	1	500.0	1.0	136.5	20.0	157.5
1657248	11000.0	1	500.0	1.1	157.5	22.0	180.6
1807547	3000.0	1	500.0	0.3	180.6	6.0	186.9
1635872	9000.0	1	500.0	0.9	186.9	18.0	205.8
1810456	2000.0	1	500.0	0.2	205.8	4.0	210.0
1648837	8000.0	1	500.0	0.8	210.0	16.0	226.8
1715463	4000.0	1	500.0	0.4	226.8	8.0	235.20000000000002
1689365	2000.0	1	500.0	0.2	235.2	4.0	239.39999999999998
1641126	9000.0	1	500.0	0.9	239.4	18.0	258.3
1773361	4000.0	1	500.0	0.4	258.3	8.0	266.7
1851778	4000.0	1	500.0	0.4	266.7	8.0	275.09999999999997
1813188	7000.0	1	500.0	0.7	275.1	14.0	289.8
1681386	5000.0	1	500.0	0.5	289.8	10.0	300.3
1798746	10000.0	1	500.0	1.0	300.3	20.0	321.3
1650670	8000.0	1	500.0	0.8	321.3	16.0	338.1
1692369	4000.0	1	500.0	0.4	338.1	8.0	346.5
1756419	8000.0	1	500.0	0.8	346.5	16.0	363.3
1817506	7000.0	1	500.0	0.7	363.3	14.0	378.0
1691134	4000.0	1	500.0	0.4	378.0	8.0	386.4
1682768	5000.0	1	500.0	0.5	386.4	10.0	396.9
1823203	6000.0	1	500.0	0.6	396.9	12.0	409.5
1817958	4000.0	1	500.0	0.4	409.5	8.0	417.9
1753054	7000.0	1	500.0	0.7	417.9	14.0	432.59999999999997
1734253	11000.0	1	500.0	1.1	432.6	22.0	455.70000000000005
1684317	3000.0	1	500.0	0.3	455.7	6.0	462.0
1795341	3000.0	1	500.0	0.3	462.0	6.0	468.3
1752554	6000.0	1	500.0	0.6	468.3	12.0	480.90000000000003
1746950	10000.0	1	500.0	1.0	480.9	20.0	501.9
1834238	3000.0	1	500.0	0.3	501.9	6.0	508.2
1785124	3000.0	1	500.0	0.3	508.2	6.0	514.5
1765124	3000.0	1	500.0	0.3	514.5	6.0	520.8
1791505	3000.0	1	500.0	0.3	520.8	6.0	527.0999999999999
1686591	3000.0	1	500.0	0.3	527.1	6.0	533.4
1716848	10000.0	1	500.0	1.0	533.4	20.0	554.4
1651641	8000.0	1	500.0	0.8	554.4	16.0	571.1999999999999
1719786	9000.0	1	500.0	0.9	571.2	18.0	590.1
1688525	10000.0	1	500.0	1.0	590.1	20.0	611.1
1688554	3000.0	1	500.0	0.3	611.1	6.0	617.4
1659731	2000.0	1	500.0	0.2	617.4	4.0	621.6
1816193	5000.0	1	500.0	0.5	621.6	10.0	632.1
1841351	3000.0	1	500.0	0.3	632.1	6.0	638.4
1639465	6000.0	1	500.0	0.6	638.4	12.0	651.0
1643569	2000.0	1	500.0	0.2	651.0	4.0	655.2
1746409	6000.0	1	500.0	0.6	655.2	12.0	667.8000000000001
1785709	3000.0	1	500.0	0.3	667.8	6.0	674.0999999999999
1745850	4000.0	2	1000.0	0.4	0	4.0	4.4
1771379	11000.0	2	1000.0	1.1	4.4	11.0	16.5
1679912	5000.0	2	1000.0	0.5	16.5	5.0	22.0
1667981	3000.0	2	1000.0	0.3	22.0	3.0	25.3
1665989	6000.0	2	1000.0	0.6	25.3	6.0	31.900000000000002
1819353	9000.0	2	1000.0	0.9	31.9	9.0	41.8
1776473	7000.0	2	1000.0	0.7	41.8	7.0	49.5
1669710	8000.0	2	1000.0	0.8	49.5	8.0	58.3
1699211	2000.0	2	1000.0	0.2	58.3	2.0	60.5
1667336	12000.0	2	1000.0	1.2	60.5	12.0	73.7
1821143	4000.0	2	1000.0	0.4	73.7	4.0	78.10000000000001
1697313	14000.0	2	1000.0	1.4	78.1	14.0	93.5
1638700	4000.0	2	1000.0	0.4	93.5	4.0	97.9
1781073	3000.0	2	1000.0	0.3	97.9	3.0	101.2
1741781	3000.0	2	1000.0	0.3	101.2	3.0	104.5
1762722	4000.0	2	1000.0	0.4	104.5	4.0	108.9
1824165	3000.0	2	1000.0	0.3	108.9	3.0	112.2
1665599	10000.0	2	1000.0	1.0	112.2	10.0	123.2
1649994	3000.0	2	1000.0	0.3	123.2	3.0	126.5
1805076	3000.0	2	1000.0	0.3	126.5	3.0	129.8
1806653	3000.0	2	1000.0	0.3	129.8	3.0	133.10000000000002
1654566	3000.0	2	1000.0	0.3	133.1	3.0	136.4
1647372	9000.0	2	1000.0	0.9	136.4	9.0	146.3
1779619	7000.0	2	1000.0	0.7	146.3	7.0	154.0
1657397	11000.0	2	1000.0	1.1	154.0	11.0	166.1
1848541	8000.0	2	1000.0	0.8	166.1	8.0	174.9
1670984	4000.0	2	1000.0	0.4	174.9	4.0	179.3
1699853	8000.0	2	1000.0	0.8	179.3	8.0	188.10000000000002
1643146	4000.0	2	1000.0	0.4	188.1	4.0	192.5
1847010	8000.0	2	1000.0	0.8	192.5	8.0	201.3
1804681	2000.0	2	1000.0	0.2	201.3	2.0	203.5
1763129	4000.0	2	1000.0	0.4	203.5	4.0	207.9
1636038	5000.0	2	1000.0	0.5	207.9	5.0	213.4
1824239	21000.0	2	1000.0	2.1	213.4	21.0	236.5
1818177	4000.0	2	1000.0	0.4	236.5	4.0	240.9
1847681	1000.0	2	1000.0	0.1	240.9	1.0	242.0
1845939	3000.0	2	1000.0	0.3	242.0	3.0	245.3
1641006	4000.0	2	1000.0	0.4	245.3	4.0	249.70000000000002
1823642	4000.0	2	1000.0	0.4	249.7	4.0	254.1
1795723	16000.0	2	1000.0	1.6	254.1	16.0	271.7
1710637	9000.0	2	1000.0	0.9	271.7	9.0	281.59999999999997
1816871	3000.0	2	1000.0	0.3	281.6	3.0	284.90000000000003
1755669	8000.0	2	1000.0	0.8	284.9	8.0	293.7
1684533	8000.0	2	1000.0	0.8	293.7	8.0	302.5
1828243	2000.0	2	1000.0	0.2	302.5	2.0	304.7
1684152	3000.0	2	1000.0	0.3	304.7	3.0	308.0
1823067	1000.0	2	1000.0	0.1	308.0	1.0	309.1
1758343	6000.0	2	1000.0	0.6	309.1	6.0	315.70000000000005
1800382	8000.0	2	1000.0	0.8	315.7	8.0	324.5
1785502	10000.0	2	1000.0	1.0	324.5	10.0	335.5
1669472	4000.0	2	1000.0	0.4	335.5	4.0	339.9
1727008	4000.0	2	1000.0	0.4	339.9	4.0	344.29999999999995
1649433	4000.0	2	1000.0	0.4	344.3	4.0	348.7
1845889	7000.0	2	1000.0	0.7	348.7	7.0	356.4
1686571	5000.0	2	1000.0	0.5	356.4	5.0	361.9
1718071	5000.0	2	1000.0	0.5	361.9	5.0	367.4
1763885	2000.0	2	1000.0	0.2	367.4	2.0	369.59999999999997
1812489	10000.0	2	1000.0	1.0	369.6	10.0	380.6
1725674	8000.0	2	1000.0	0.8	380.6	8.0	389.40000000000003
1637035	5000.0	3	1000.0	0.5	0	5.0	5.5
1728578	7000.0	3	1000.0	0.7	5.5	7.0	13.2
1636996	7000.0	3	1000.0	0.7	13.2	7.0	20.9
1806769	7000.0	3	1000.0	0.7	20.9	7.0	28.599999999999998
1655086	3000.0	3	1000.0	0.3	28.6	3.0	31.900000000000002
1822304	3000.0	3	1000.0	0.3	31.9	3.0	35.199999999999996
1761954	5000.0	3	1000.0	0.5	35.2	5.0	40.7
1724073	8000.0	3	1000.0	0.8	40.7	8.0	49.5
1762913	7000.0	3	1000.0	0.7	49.5	7.0	57.2
1708549	3000.0	3	1000.0	0.3	57.2	3.0	60.5
1838912	3000.0	3	1000.0	0.3	60.5	3.0	63.8
1715058	4000.0	3	1000.0	0.4	63.8	4.0	68.2
1768533	3000.0	3	1000.0	0.3	68.2	3.0	71.5
1694430	3000.0	3	1000.0	0.3	71.5	3.0	74.8
1820014	13000.0	3	1000.0	1.3	74.8	13.0	89.1
1716233	5000.0	3	1000.0	0.5	89.1	5.0	94.6
1751268	5000.0	3	1000.0	0.5	94.6	5.0	100.1
1745283	4000.0	3	1000.0	0.4	100.1	4.0	104.5
1639755	8000.0	3	1000.0	0.8	104.5	8.0	113.3
1806247	5000.0	3	1000.0	0.5	113.3	5.0	118.8
1668707	9000.0	3	1000.0	0.9	118.8	9.0	128.7
1777973	3000.0	3	1000.0	0.3	128.7	3.0	132.0
1804600	8000.0	3	1000.0	0.8	132.0	8.0	140.8
1737740	9000.0	3	1000.0	0.9	140.8	9.0	150.70000000000002
1841905	9000.0	3	1000.0	0.9	150.7	9.0	160.6
1700987	5000.0	3	1000.0	0.5	160.6	5.0	166.1
1688682	4000.0	3	1000.0	0.4	166.1	4.0	170.5
1786094	5000.0	3	1000.0	0.5	170.5	5.0	176.0
1725623	3000.0	3	1000.0	0.3	176.0	3.0	179.3
1767249	4000.0	3	1000.0	0.4	179.3	4.0	183.70000000000002
1797002	3000.0	3	1000.0	0.3	183.7	3.0	187.0
1672575	3000.0	3	1000.0	0.3	187.0	3.0	190.3
1739227	14000.0	3	1000.0	1.4	190.3	14.0	205.70000000000002
1645417	4000.0	3	1000.0	0.4	205.7	4.0	210.1
1753679	8000.0	3	1000.0	0.8	210.1	8.0	218.9
1814331	9000.0	3	1000.0	0.9	218.9	9.0	228.8
1650777	4000.0	3	1000.0	0.4	228.8	4.0	233.20000000000002
1758416	10000.0	3	1000.0	1.0	233.2	10.0	244.2
1645197	4000.0	3	1000.0	0.4	244.2	4.0	248.6
1799274	3000.0	3	1000.0	0.3	248.6	3.0	251.9
1651562	5000.0	3	1000.0	0.5	251.9	5.0	257.4
1815618	3000.0	3	1000.0	0.3	257.4	3.0	260.7
1842497	3000.0	3	1000.0	0.3	260.7	3.0	264.0
1687933	3000.0	3	1000.0	0.3	264.0	3.0	267.3
1680718	4000.0	3	1000.0	0.4	267.3	4.0	271.7
1790867	9000.0	3	1000.0	0.9	271.7	9.0	281.59999999999997
1756763	5000.0	3	1000.0	0.5	281.6	5.0	287.1
1748114	3000.0	3	1000.0	0.3	287.1	3.0	290.40000000000003
1759212	4000.0	3	1000.0	0.4	290.4	4.0	294.79999999999995
1812235	9000.0	3	1000.0	0.9	294.8	9.0	304.7
1767621	4000.0	3	1000.0	0.4	304.7	4.0	309.09999999999997
1736149	3000.0	3	1000.0	0.3	309.1	3.0	312.40000000000003
1806764	8000.0	4	4000.0	0.8038	0	2.0	2.8038
1679475	14000.0	4	4000.0	1.4038	2.8038	3.5	7.707599999999999
1708251	3000.0	4	4000.0	0.3038	7.7076	0.75	8.7614
1731630	4000.0	4	4000.0	0.4038	8.7614	1.0	10.1652
1776285	3000.0	4	4000.0	0.3038	10.1652	0.75	11.219000000000001
1759392	10000.0	4	4000.0	1.0038	11.219	2.5	14.7228
1759889	8000.0	4	4000.0	0.8038	14.7228	2.0	17.526600000000002
1821409	4000.0	4	4000.0	0.4038	17.5266	1.0	18.9304
1771672	9000.0	4	4000.0	0.9038	18.9304	2.25	22.0842
1658430	3000.0	4	4000.0	0.3038	22.0842	0.75	23.137999999999998
1647078	5000.0	4	4000.0	0.5038	23.138	1.25	24.891800000000003
1726819	3000.0	4	4000.0	0.3038	24.8918	0.75	25.9456
1769287	3000.0	4	4000.0	0.3038	25.9456	0.75	26.999399999999998
1665525	5000.0	4	4000.0	0.5038	26.9994	1.25	28.7532
1802247	8000.0	4	4000.0	0.8038	28.7532	2.0	31.557
1637427	11000.0	4	4000.0	1.1038	31.557	2.75	35.4108
1829861	7000.0	4	4000.0	0.7038	35.4108	1.75	37.8646
1777624	3000.0	4	4000.0	0.3038	37.8646	0.75	38.918400000000005
1675007	11000.0	4	4000.0	1.1038	38.9184	2.75	42.7722
1636034	6000.0	4	4000.0	0.6038	42.7722	1.5	44.876
1845117	23000.0	4	4000.0	2.3038	44.876	5.75	52.9298
1809740	4000.0	4	4000.0	0.4038	52.9298	1.0	54.3336
1814557	9000.0	4	4000.0	0.9038	54.3336	2.25	57.487399999999994
1808970	8000.0	4	4000.0	0.8038	57.4874	2.0	60.2912
1755538	4000.0	4	4000.0	0.4038	60.2912	1.0	61.695
1843559	3000.0	4	4000.0	0.3038	61.695	0.75	62.7488
1845956	6000.0	4	4000.0	0.6038	62.7488	1.5	64.8526
1712852	3000.0	4	4000.0	0.3038	64.8526	0.75	65.90639999999999
1659937	9000.0	4	4000.0	0.9038	65.9064	2.25	69.06020000000001
1642030	7000.0	4	4000.0	0.7038	69.0602	1.75	71.514
1661868	4000.0	4	4000.0	0.4038	71.514	1.0	72.9178
1845973	5000.0	4	4000.0	0.5038	72.9178	1.25	74.6716
1719032	7000.0	4	4000.0	0.7038	74.6716	1.75	77.1254
1817112	10000.0	4	4000.0	1.0038	77.1254	2.5	80.6292
1690734	5000.0	4	4000.0	0.5038	80.6292	1.25	82.383
1788741	8000.0	4	4000.0	0.8038	82.383	2.0	85.18679999999999
1747113	2000.0	4	4000.0	0.2038	85.1868	0.5	85.8906
1684353	7000.0	4	4000.0	0.7038	85.8906	1.75	88.34440000000001
1705495	14000.0	4	4000.0	1.4038	88.3444	3.5	93.2482
1714610	6000.0	4	4000.0	0.6038	93.2482	1.5	95.352
1717940	4000.0	4	4000.0	0.4038	95.352	1.0	96.75580000000001
1714437	6000.0	4	4000.0	0.6038	96.7558	1.5	98.8596
1774757	4000.0	4	4000.0	0.4038	98.8596	1.0	100.2634
1815743	10000.0	4	4000.0	1.0038	100.2634	2.5	103.7672
1789766	2000.0	4	4000.0	0.2038	103.7672	0.5	104.471
1641843	3000.0	4	4000.0	0.3038	104.471	0.75	105.5248
1671980	3000.0	4	4000.0	0.3038	105.5248	0.75	106.5786
1833026	4000.0	5	4000.0	0.4038	0	1.0	1.4038
1696421	10000.0	5	4000.0	1.0038	1.4038	2.5	4.9076
1646871	6000.0	5	4000.0	0.6038	4.9076	1.5	7.0114
1783226	7000.0	5	4000.0	0.7038	7.0114	1.75	9.4652
1800943	12000.0	5	4000.0	1.2038	9.4652	3.0	13.668999999999999
1771858	3000.0	5	4000.0	0.3038	13.669	0.75	14.722800000000001
1722902	3000.0	5	4000.0	0.3038	14.7228	0.75	15.7766
1771685	4000.0	5	4000.0	0.4038	15.7766	1.0	17.1804
1850025	4000.0	5	4000.0	0.4038	17.1804	1.0	18.5842
1657104	3000.0	5	4000.0	0.3038	18.5842	0.75	19.637999999999998
1670911	9000.0	5	4000.0	0.9038	19.638	2.25	22.791800000000002
1781250	4000.0	5	4000.0	0.4038	22.7918	1.0	24.1956
1716328	9000.0	5	4000.0	0.9038	24.1956	2.25	27.3494
1780305	3000.0	5	4000.0	0.3038	27.3494	0.75	28.4032
1669148	4000.0	5	4000.0	0.4038	28.4032	1.0	29.807
1721053	5000.0	5	4000.0	0.5038	29.807	1.25	31.5608
1637888	4000.0	5	4000.0	0.4038	31.5608	1.0	32.964600000000004
1694809	9000.0	5	4000.0	0.9038	32.9646	2.25	36.118399999999994
1713958	3000.0	5	4000.0	0.3038	36.1184	0.75	37.172200000000004
1779793	1000.0	5	4000.0	0.1038	37.1722	0.25	37.525999999999996
1801326	5000.0	5	4000.0	0.5038	37.526	1.25	39.2798
1726877	6000.0	5	4000.0	0.6038	39.2798	1.5	41.3836
1689356	4000.0	5	4000.0	0.4038	41.3836	1.0	42.7874
1682057	9000.0	5	4000.0	0.9038	42.7874	2.25	45.941199999999995
1723374	9000.0	5	4000.0	0.9038	45.9412	2.25	49.095
1748607	7000.0	5	4000.0	0.7038	49.095	1.75	51.5488
1752343	12000.0	5	4000.0	1.2038	51.5488	3.0	55.7526
1842491	5000.0	5	4000.0	0.5038	55.7526	1.25	57.5064
1786462	10000.0	5	4000.0	1.0038	57.5064	2.5	61.0102
1754866	9000.0	5	4000.0	0.9038	61.0102	2.25	64.16399999999999
1656472	4000.0	5	4000.0	0.4038	64.164	1.0	65.5678
1828930	9000.0	5	4000.0	0.9038	65.5678	2.25	68.72160000000001
1682110	9000.0	5	4000.0	0.9038	68.7216	2.25	71.8754
1727573	4000.0	5	4000.0	0.4038	71.8754	1.0	73.2792
1828019	11000.0	5	4000.0	1.1038	73.2792	2.75	77.13300000000001
1788308	9000.0	5	4000.0	0.9038	77.133	2.25	80.2868
1772160	8000.0	5	4000.0	0.8038	80.2868	2.0	83.0906
1828080	8000.0	5	4000.0	0.8038	83.0906	2.0	85.89439999999999
1797677	8000.0	5	4000.0	0.8038	85.8944	2.0	88.6982
1662849	7000.0	5	4000.0	0.7038	88.6982	1.75	91.152
1799120	3000.0	5	4000.0	0.3038	91.152	0.75	92.2058
1785333	11000.0	5	4000.0	1.1038	92.2058	2.75	96.0596
1851950	2000.0	5	4000.0	0.2038	96.0596	0.5	96.7634
1719686	2000.0	5	4000.0	0.2038	96.7634	0.5	97.4672
1660598	9000.0	5	4000.0	0.9038	97.4672	2.25	100.62100000000001
1740276	12000.0	5	4000.0	1.2038	100.621	3.0	104.8248
1792007	9000.0	5	4000.0	0.9038	104.8248	2.25	107.9786
1723728	10000.0	5	4000.0	1.0038	107.9786	2.5	111.4824
1767788	2000.0	5	4000.0	0.2038	111.4824	0.5	112.1862
1693778	4000.0	5	4000.0	0.4038	112.1862	1.0	113.59
1711920	6000.0	5	4000.0	0.6038	113.59	1.5	115.69380000000001
1790666	3000.0	5	4000.0	0.3038	115.6938	0.75	116.74759999999999
1849033	4000.0	5	4000.0	0.4038	116.7476	1.0	118.15140000000001
1669641	12000.0	5	4000.0	1.2038	118.1514	3.0	122.3552
1792880	10000.0	5	4000.0	1.0038	122.3552	2.5	125.859
1849385	7000.0	6	5000.0	0.7038	0	1.4	2.1037999999999997
1806913	4000.0	6	5000.0	0.4038	2.1038	0.8	3.3076
1696444	8000.0	6	5000.0	0.8038	3.3076	1.6	5.711399999999999
1724503	2000.0	6	5000.0	0.2038	5.7114	0.4	6.315200000000001
1829281	5000.0	6	5000.0	0.5038	6.3152	1.0	7.819
1664500	8000.0	6	5000.0	0.8038	7.819	1.6	10.2228
1741096	6000.0	6	5000.0	0.6038	10.2228	1.2	12.026599999999998
1728891	7000.0	6	5000.0	0.7038	12.0266	1.4	14.1304
1638491	3000.0	6	5000.0	0.3038	14.1304	0.6	15.0342
1804920	8000.0	6	5000.0	0.8038	15.0342	1.6	17.438000000000002
1657133	3000.0	6	5000.0	0.3038	17.438	0.6	18.3418
1677721	8000.0	6	5000.0	0.8038	18.3418	1.6	20.7456
1839860	4000.0	6	5000.0	0.4038	20.7456	0.8	21.9494
1779579	6000.0	6	5000.0	0.6038	21.9494	1.2	23.7532
1803469	3000.0	6	5000.0	0.3038	23.7532	0.6	24.657
1665093	3000.0	6	5000.0	0.3038	24.657	0.6	25.5608
1666696	10000.0	6	5000.0	1.0038	25.5608	2.0	28.5646
1713666	3000.0	6	5000.0	0.3038	28.5646	0.6	29.4684
1834127	4000.0	6	5000.0	0.4038	29.4684	0.8	30.6722
1834826	5000.0	6	5000.0	0.5038	30.6722	1.0	32.176
1786887	6000.0	6	5000.0	0.6038	32.176	1.2	33.979800000000004
1653753	2000.0	6	5000.0	0.2038	33.9798	0.4	34.5836
1738135	5000.0	6	5000.0	0.5038	34.5836	1.0	36.087399999999995
1727488	10000.0	6	5000.0	1.0038	36.0874	2.0	39.0912
1794350	3000.0	6	5000.0	0.3038	39.0912	0.6	39.995000000000005
1793413	10000.0	6	5000.0	1.0038	39.995	2.0	42.998799999999996
1661185	4000.0	6	5000.0	0.4038	42.9988	0.8	44.2026
1735810	3000.0	6	5000.0	0.3038	44.2026	0.6	45.1064
1735815	6000.0	6	5000.0	0.6038	45.1064	1.2	46.9102
1719307	2000.0	6	5000.0	0.2038	46.9102	0.4	47.514
1682908	8000.0	6	5000.0	0.8038	47.514	1.6	49.91780000000001
1683897	7000.0	6	5000.0	0.7038	49.9178	1.4	52.0216
1788747	10000.0	6	5000.0	1.0038	52.0216	2.0	55.0254
1758405	4000.0	6	5000.0	0.4038	55.0254	0.8	56.22919999999999
1645076	12000.0	6	5000.0	1.2038	56.2292	2.4	59.833
1754151	3000.0	6	5000.0	0.3038	59.833	0.6	60.7368
1662792	7000.0	6	5000.0	0.7038	60.7368	1.4	62.8406
1656154	5000.0	6	5000.0	0.5038	62.8406	1.0	64.34440000000001
1740865	9000.0	6	5000.0	0.9038	64.3444	1.8	67.0482
1791504	3000.0	6	5000.0	0.3038	67.0482	0.6	67.95199999999998
1717768	7000.0	6	5000.0	0.7038	67.952	1.4	70.0558
1700801	21000.0	6	5000.0	2.1038	70.0558	4.2	76.35960000000001
1644485	8000.0	6	5000.0	0.8038	76.3596	1.6	78.76339999999999
1651174	10000.0	6	5000.0	1.0038	78.7634	2.0	81.7672
1740196	11000.0	6	5000.0	1.1038	81.7672	2.2	85.07100000000001
1719493	6000.0	6	5000.0	0.6038	85.071	1.2	86.87480000000001
1800773	8000.0	6	5000.0	0.8038	86.8748	1.6	89.27859999999998
1812804	2000.0	6	5000.0	0.2038	89.2786	0.4	89.8824
1791038	3000.0	6	5000.0	0.3038	89.8824	0.6	90.7862
1819187	4000.0	6	5000.0	0.4038	90.7862	0.8	91.99
1709992	3000.0	6	5000.0	0.3038	91.99	0.6	92.89379999999998
1655948	2000.0	6	5000.0	0.2038	92.8938	0.4	93.4976
1643571	8000.0	6	5000.0	0.8038	93.4976	1.6	95.9014
1700905	4000.0	6	5000.0	0.4038	95.9014	0.8	97.1052
1821912	3000.0	7	5000.0	0.3038	0	0.6	0.9037999999999999
1713918	11000.0	7	5000.0	1.1038	0.9038	2.2	4.2076
1749022	3000.0	7	5000.0	0.3038	4.2076	0.6	5.1114
1724239	8000.0	7	5000.0	0.8038	5.1114	1.6	7.5152
1721833	3000.0	7	5000.0	0.3038	7.5152	0.6	8.419
1829534	8000.0	7	5000.0	0.8038	8.419	1.6	10.8228
1674591	4000.0	7	5000.0	0.4038	10.8228	0.8	12.026600000000002
1826903	3000.0	7	5000.0	0.3038	12.0266	0.6	12.9304
1670824	3000.0	7	5000.0	0.3038	12.9304	0.6	13.834200000000001
1778589	5000.0	7	5000.0	0.5038	13.8342	1.0	15.338
1840029	4000.0	7	5000.0	0.4038	15.338	0.8	16.5418
1802421	6000.0	7	5000.0	0.6038	16.5418	1.2	18.345599999999997
1724353	7000.0	7	5000.0	0.7038	18.3456	1.4	20.4494
1698566	5000.0	7	5000.0	0.5038	20.4494	1.0	21.953200000000002
1696347	2000.0	7	5000.0	0.2038	21.9532	0.4	22.557
1770726	7000.0	7	5000.0	0.7038	22.557	1.4	24.6608
1675596	8000.0	7	5000.0	0.8038	24.6608	1.6	27.0646
1843707	5000.0	7	5000.0	0.5038	27.0646	1.0	28.568399999999997
1746060	4000.0	7	5000.0	0.4038	28.5684	0.8	29.7722
1827273	23000.0	7	5000.0	2.3038	29.7722	4.6	36.676
1705308	5000.0	7	5000.0	0.5038	36.676	1.0	38.1798
1684711	3000.0	7	5000.0	0.3038	38.1798	0.6	39.083600000000004
1712466	6000.0	7	5000.0	0.6038	39.0836	1.2	40.8874
1649302	11000.0	7	5000.0	1.1038	40.8874	2.2	44.1912
1643628	4000.0	7	5000.0	0.4038	44.1912	0.8	45.394999999999996
1739899	5000.0	7	5000.0	0.5038	45.395	1.0	46.8988
1830227	4000.0	7	5000.0	0.4038	46.8988	0.8	48.102599999999995
1738184	3000.0	7	5000.0	0.3038	48.1026	0.6	49.006400000000006
1718658	3000.0	7	5000.0	0.3038	49.0064	0.6	49.9102
1755936	8000.0	7	5000.0	0.8038	49.9102	1.6	52.31400000000001
1652789	5000.0	7	5000.0	0.5038	52.314	1.0	53.8178
1817724	6000.0	7	5000.0	0.6038	53.8178	1.2	55.6216
1825534	9000.0	7	5000.0	0.9038	55.6216	1.8	58.325399999999995
1650904	4000.0	7	5000.0	0.4038	58.3254	0.8	59.529199999999996
1825489	3000.0	7	5000.0	0.3038	59.5292	0.6	60.43300000000001
1826800	7000.0	7	5000.0	0.7038	60.433	1.4	62.5368
1757897	11000.0	7	5000.0	1.1038	62.5368	2.2	65.8406
1794982	10000.0	7	5000.0	1.0038	65.8406	2.0	68.8444
1729749	9000.0	7	5000.0	0.9038	68.8444	1.8	71.5482
1762200	3000.0	7	5000.0	0.3038	71.5482	0.6	72.45199999999998
1733946	3000.0	7	5000.0	0.3038	72.452	0.6	73.35579999999999
1717109	2000.0	7	5000.0	0.2038	73.3558	0.4	73.95960000000001
1736514	11000.0	7	5000.0	1.1038	73.9596	2.2	77.2634
1701809	6000.0	7	5000.0	0.6038	77.2634	1.2	79.06720000000001
1729405	5000.0	7	5000.0	0.5038	79.0672	1.0	80.571
1792265	9000.0	7	5000.0	0.9038	80.571	1.8	83.2748
1693075	3000.0	7	5000.0	0.3038	83.2748	0.6	84.17859999999999
1762603	5000.0	7	5000.0	0.5038	84.1786	1.0	85.6824
1791599	8000.0	7	5000.0	0.8038	85.6824	1.6	88.08619999999999
1740218	8000.0	7	5000.0	0.8038	88.0862	1.6	90.49
1659682	9000.0	7	5000.0	0.9038	90.49	1.8	93.1938
1838208	7000.0	8	5000.0	0.7067	0	1.4	2.1067
1820942	8000.0	8	5000.0	0.8067	2.1067	1.6	4.513400000000001
1670499	6000.0	8	5000.0	0.6067	4.5134	1.2	6.3201
1657971	5000.0	8	5000.0	0.5067	6.3201	1.0	7.8268
1724244	10000.0	8	5000.0	1.0067	7.8268	2.0	10.8335
1722857	3000.0	8	5000.0	0.3067	10.8335	0.6	11.7402
1801152	4000.0	8	5000.0	0.4067	11.7402	0.8	12.946900000000001
1669871	2000.0	8	5000.0	0.2067	12.9469	0.4	13.5536
1674187	2000.0	8	5000.0	0.2067	13.5536	0.4	14.1603
1833154	6000.0	8	5000.0	0.6067	14.1603	1.2	15.966999999999999
1716613	7000.0	8	5000.0	0.7067	15.967	1.4	18.0737
1654051	6000.0	8	5000.0	0.6067	18.0737	1.2	19.880399999999998
1703723	7000.0	8	5000.0	0.7067	19.8804	1.4	21.9871
1637563	3000.0	8	5000.0	0.3067	21.9871	0.6	22.893800000000002
1819958	9000.0	8	5000.0	0.9067	22.8938	1.8	25.6005
1779854	3000.0	8	5000.0	0.3067	25.6005	0.6	26.5072
1769185	8000.0	8	5000.0	0.8067	26.5072	1.6	28.9139
1730342	11000.0	8	5000.0	1.1067	28.9139	2.2	32.220600000000005
1697732	4000.0	8	5000.0	0.4067	32.2206	0.8	33.427299999999995
1636348	4000.0	8	5000.0	0.4067	33.4273	0.8	34.634
1720558	4000.0	8	5000.0	0.4067	34.634	0.8	35.8407
1802634	3000.0	8	5000.0	0.3067	35.8407	0.6	36.7474
1658389	7000.0	8	5000.0	0.7067	36.7474	1.4	38.854099999999995
1673519	9000.0	8	5000.0	0.9067	38.8541	1.8	41.5608
1721047	3000.0	8	5000.0	0.3067	41.5608	0.6	42.4675
1656950	7000.0	8	5000.0	0.7067	42.4675	1.4	44.5742
1677344	7000.0	8	5000.0	0.7067	44.5742	1.4	46.680899999999994
1807316	5000.0	8	5000.0	0.5067	46.6809	1.0	48.1876
1676503	8000.0	8	5000.0	0.8067	48.1876	1.6	50.594300000000004
1819786	8000.0	8	5000.0	0.8067	50.5943	1.6	53.001
1640016	11000.0	8	5000.0	1.1067	53.001	2.2	56.3077
1739791	2000.0	8	5000.0	0.2067	56.3077	0.4	56.91439999999999
1710250	2000.0	8	5000.0	0.2067	56.9144	0.4	57.5211
1711541	4000.0	8	5000.0	0.4067	57.5211	0.8	58.727799999999995
1773317	10000.0	8	5000.0	1.0067	58.7278	2.0	61.734500000000004
1660122	10000.0	8	5000.0	1.0067	61.7345	2.0	64.74119999999999
1729562	3000.0	8	5000.0	0.3067	64.7412	0.6	65.6479
1727365	5000.0	8	5000.0	0.5067	65.6479	1.0	67.1546
1645923	2000.0	8	5000.0	0.2067	67.1546	0.4	67.7613
1663749	3000.0	8	5000.0	0.3067	67.7613	0.6	68.668
1795834	3000.0	8	5000.0	0.3067	68.668	0.6	69.5747
1729845	8000.0	8	5000.0	0.8067	69.5747	1.6	71.98140000000001
1682790	9000.0	8	5000.0	0.9067	71.9814	1.8	74.68809999999999
1663528	3000.0	8	5000.0	0.3067	74.6881	0.6	75.5948
1830426	5000.0	8	5000.0	0.5067	75.5948	1.0	77.1015
1682952	3000.0	8	5000.0	0.3067	77.1015	0.6	78.0082
1723467	12000.0	8	5000.0	1.2067	78.0082	2.4	81.6149
1663336	11000.0	8	5000.0	1.1067	81.6149	2.2	84.92160000000001
1684543	3000.0	8	5000.0	0.3067	84.9216	0.6	85.8283
1746946	3000.0	8	5000.0	0.3067	85.8283	0.6	86.735
1771928	13000.0	8	5000.0	1.3067	86.735	2.6	90.6417
1640752	3000.0	8	5000.0	0.3067	90.6417	0.6	91.5484
1736421	19000.0	8	5000.0	1.9067	91.5484	3.8	97.2551
1714729	10000.0	8	5000.0	1.0067	97.2551	2.0	100.2618
1686026	5000.0	8	5000.0	0.5067	100.2618	1.0	101.76849999999999
1791785	9000.0	8	5000.0	0.9067	101.7685	1.8	104.4752
1680163	3000.0	8	5000.0	0.3067	104.4752	0.6	105.3819
1791367	3000.0	8	5000.0	0.3067	105.3819	0.6	106.2886
1704065	3000.0	9	6000.0	0.3067	0	0.5	0.8067
1809146	7000.0	9	6000.0	0.7067	0.8067	1.1667	2.6801
1664413	7000.0	9	6000.0	0.7067	2.6801	1.1667	4.5535
1647510	3000.0	9	6000.0	0.3067	4.5535	0.5	5.3602
1646761	4000.0	9	6000.0	0.4067	5.3602	0.6667	6.433599999999999
1850057	3000.0	9	6000.0	0.3067	6.4336	0.5	7.2403
1742166	4000.0	9	6000.0	0.4067	7.2403	0.6667	8.3137
1730387	10000.0	9	6000.0	1.0067	8.3137	1.6667	10.987100000000002
1749297	7000.0	9	6000.0	0.7067	10.9871	1.1667	12.8605
1805682	7000.0	9	6000.0	0.7067	12.8605	1.1667	14.7339
1637741	5000.0	9	6000.0	0.5067	14.7339	0.8333	16.073900000000002
1732748	3000.0	9	6000.0	0.3067	16.0739	0.5	16.880599999999998
1648850	6000.0	9	6000.0	0.6067	16.8806	1.0	18.4873
1746118	9000.0	9	6000.0	0.9067	18.4873	1.5	20.894000000000002
1700032	8000.0	9	6000.0	0.8067	20.894	1.3333	23.034
1745505	3000.0	9	6000.0	0.3067	23.034	0.5	23.8407
1640544	8000.0	9	6000.0	0.8067	23.8407	1.3333	25.9807
1709591	22000.0	9	6000.0	2.2067	25.9807	3.6667	31.8541
1801323	3000.0	9	6000.0	0.3067	31.8541	0.5	32.6608
1709093	9000.0	9	6000.0	0.9067	32.6608	1.5	35.0675
1685120	10000.0	9	6000.0	1.0067	35.0675	1.6667	37.7409
1794552	6000.0	9	6000.0	0.6067	37.7409	1.0	39.3476
1748524	8000.0	9	6000.0	0.8067	39.3476	1.3333	41.4876
1718330	8000.0	9	6000.0	0.8067	41.4876	1.3333	43.6276
1813046	21000.0	9	6000.0	2.1067	43.6276	3.5	49.234300000000005
1754405	10000.0	9	6000.0	1.0067	49.2343	1.6667	51.9077
1786305	5000.0	9	6000.0	0.5067	51.9077	0.8333	53.2477
1793840	6000.0	9	6000.0	0.6067	53.2477	1.0	54.8544
1786526	3000.0	9	6000.0	0.3067	54.8544	0.5	55.6611
1682794	3000.0	9	6000.0	0.3067	55.6611	0.5	56.4678
1653177	7000.0	9	6000.0	0.7067	56.4678	1.1667	58.34119999999999
1808766	6000.0	9	6000.0	0.6067	58.3412	1.0	59.947900000000004
1682134	7000.0	9	6000.0	0.7067	59.9479	1.1667	61.821299999999994
1787551	9000.0	9	6000.0	0.9067	61.8213	1.5	64.22800000000001
1747978	4000.0	9	6000.0	0.4067	64.228	0.6667	65.3014
1682549	11000.0	9	6000.0	1.1067	65.3014	1.8333	68.2414
1705555	9000.0	9	6000.0	0.9067	68.2414	1.5	70.6481
1851137	3000.0	9	6000.0	0.3067	70.6481	0.5	71.4548
1818671	11000.0	9	6000.0	1.1067	71.4548	1.8333	74.3948
1713386	4000.0	9	6000.0	0.4067	74.3948	0.6667	75.46820000000001
1671780	3000.0	9	6000.0	0.3067	75.4682	0.5	76.2749
1688299	4000.0	9	6000.0	0.4067	76.2749	0.6667	77.34830000000001
1700869	8000.0	9	6000.0	0.8067	77.3483	1.3333	79.4883
1651326	5000.0	9	6000.0	0.5067	79.4883	0.8333	80.82829999999998
1702406	15000.0	10	6000.0	1.5067	0	2.5	4.0067
1648713	6000.0	10	6000.0	0.6067	4.0067	1.0	5.6134
1826926	12000.0	10	6000.0	1.2067	5.6134	2.0	8.8201
1776015	8000.0	10	6000.0	0.8067	8.8201	1.3333	10.960099999999999
1669705	14000.0	10	6000.0	1.4067	10.9601	2.3333	14.7001
1833136	3000.0	10	6000.0	0.3067	14.7001	0.5	15.5068
1744206	6000.0	10	6000.0	0.6067	15.5068	1.0	17.113500000000002
1725739	13000.0	10	6000.0	1.3067	17.1135	2.1667	20.586899999999996
1699485	3000.0	10	6000.0	0.3067	20.5869	0.5	21.3936
1749390	6000.0	10	6000.0	0.6067	21.3936	1.0	23.0003
1657677	9000.0	10	6000.0	0.9067	23.0003	1.5	25.407
1824786	4000.0	10	6000.0	0.4067	25.407	0.6667	26.4804
1806923	11000.0	10	6000.0	1.1067	26.4804	1.8333	29.4204
1725846	5000.0	10	6000.0	0.5067	29.4204	0.8333	30.7604
1699263	4000.0	10	6000.0	0.4067	30.7604	0.6667	31.8338
1745571	6000.0	10	6000.0	0.6067	31.8338	1.0	33.4405
1763506	3000.0	10	6000.0	0.3067	33.4405	0.5	34.2472
1676302	5000.0	10	6000.0	0.5067	34.2472	0.8333	35.5872
1775267	8000.0	10	6000.0	0.8067	35.5872	1.3333	37.7272
1670225	2000.0	10	6000.0	0.2067	37.7272	0.3333	38.2672
1832800	9000.0	10	6000.0	0.9067	38.2672	1.5	40.6739
1724236	5000.0	10	6000.0	0.5067	40.6739	0.8333	42.01390000000001
1819679	2000.0	10	6000.0	0.2067	42.0139	0.3333	42.5539
1658761	9000.0	10	6000.0	0.9067	42.5539	1.5	44.9606
1643317	4000.0	10	6000.0	0.4067	44.9606	0.6667	46.034
1810458	4000.0	10	6000.0	0.4067	46.034	0.6667	47.1074
1669200	7000.0	10	6000.0	0.7067	47.1074	1.1667	48.980799999999995
1741658	5000.0	10	6000.0	0.5067	48.9808	0.8333	50.320800000000006
1759657	3000.0	10	6000.0	0.3067	50.3208	0.5	51.1275
1743577	4000.0	10	6000.0	0.4067	51.1275	0.6667	52.2009
1725318	3000.0	10	6000.0	0.3067	52.2009	0.5	53.0076
1789515	5000.0	10	6000.0	0.5067	53.0076	0.8333	54.3476
1786896	8000.0	10	6000.0	0.8067	54.3476	1.3333	56.4876
1798530	8000.0	10	6000.0	0.8067	56.4876	1.3333	58.6276
1765670	7000.0	10	6000.0	0.7067	58.6276	1.1667	60.501
1692120	3000.0	10	6000.0	0.3067	60.501	0.5	61.3077
1656431	3000.0	10	6000.0	0.3067	61.3077	0.5	62.114399999999996
1794386	4000.0	10	6000.0	0.4067	62.1144	0.6667	63.1878
1786411	8000.0	10	6000.0	0.8067	63.1878	1.3333	65.3278
1786628	11000.0	10	6000.0	1.1067	65.3278	1.8333	68.2678
1796676	7000.0	10	6000.0	0.7067	68.2678	1.1667	70.1412
1840271	9000.0	10	6000.0	0.9067	70.1412	1.5	72.5479
1766112	9000.0	10	6000.0	0.9067	72.5479	1.5	74.9546
1690887	7000.0	10	6000.0	0.7067	74.9546	1.1667	76.828
1844026	9000.0	10	6000.0	0.9067	76.828	1.5	79.2347
1664262	2000.0	10	6000.0	0.2067	79.2347	0.3333	79.7747
1813256	9000.0	10	6000.0	0.9067	79.7747	1.5	82.1814
1738514	4000.0	10	6000.0	0.4067	82.1814	0.6667	83.2548
1845737	3000.0	10	6000.0	0.3067	83.2548	0.5	84.06150000000001
1792671	5000.0	10	6000.0	0.5067	84.0615	0.8333	85.40149999999998
1736530	3000.0	10	6000.0	0.3067	85.4015	0.5	86.2082
1790694	4000.0	10	6000.0	0.4067	86.2082	0.6667	87.28160000000001
1733878	5000.0	10	6000.0	0.5067	87.2816	0.8333	88.62159999999999
1740160	8000.0	10	6000.0	0.8067	88.6216	1.3333	90.7616
1849955	2000.0	10	6000.0	0.2067	90.7616	0.3333	91.3016
1651792	7000.0	10	6000.0	0.7067	91.3016	1.1667	93.175
1800235	12000.0	10	6000.0	1.2067	93.175	2.0	96.3817
1717655	4000.0	10	6000.0	0.4067	96.3817	0.6667	97.4551
1771052	8000.0	11	6000.0	0.8067	0	1.3333	2.1399999999999997
1845007	2000.0	11	6000.0	0.2067	2.14	0.3333	2.68
1820615	6000.0	11	6000.0	0.6067	2.68	1.0	4.2867
1702235	9000.0	11	6000.0	0.9067	4.2867	1.5	6.6934
1838201	4000.0	11	6000.0	0.4067	6.6934	0.6667	7.766799999999999
1782524	8000.0	11	6000.0	0.8067	7.7668	1.3333	9.906799999999999
1823787	6000.0	11	6000.0	0.6067	9.9068	1.0	11.5135
1761958	3000.0	11	6000.0	0.3067	11.5135	0.5	12.3202
1664508	10000.0	11	6000.0	1.0067	12.3202	1.6667	14.9936
1779245	9000.0	11	6000.0	0.9067	14.9936	1.5	17.4003
1668158	9000.0	11	6000.0	0.9067	17.4003	1.5	19.807000000000002
1638070	8000.0	11	6000.0	0.8067	19.807	1.3333	21.947
1827337	4000.0	11	6000.0	0.4067	21.947	0.6667	23.0204
1636809	6000.0	11	6000.0	0.6067	23.0204	1.0	24.6271
1760434	10000.0	11	6000.0	1.0067	24.6271	1.6667	27.300499999999996
1801190	11000.0	11	6000.0	1.1067	27.3005	1.8333	30.2405
1636926	4000.0	11	6000.0	0.4067	30.2405	0.6667	31.3139
1642714	4000.0	11	6000.0	0.4067	31.3139	0.6667	32.3873
1678397	4000.0	11	6000.0	0.4067	32.3873	0.6667	33.4607
1763533	4000.0	11	6000.0	0.4067	33.4607	0.6667	34.5341
1830840	1000.0	11	6000.0	0.1067	34.5341	0.1667	34.8075
1824129	9000.0	11	6000.0	0.9067	34.8075	1.5	37.2142
1670890	8000.0	11	6000.0	0.8067	37.2142	1.3333	39.3542
1716207	8000.0	11	6000.0	0.8067	39.3542	1.3333	41.4942
1850063	9000.0	11	6000.0	0.9067	41.4942	1.5	43.9009
1667663	11000.0	11	6000.0	1.1067	43.9009	1.8333	46.8409
1782123	5000.0	11	6000.0	0.5067	46.8409	0.8333	48.1809
1656947	5000.0	11	6000.0	0.5067	48.1809	0.8333	49.520900000000005
1829162	3000.0	11	6000.0	0.3067	49.5209	0.5	50.3276
1745924	1000.0	11	6000.0	0.1067	50.3276	0.1667	50.60099999999999
1702463	5000.0	11	6000.0	0.5067	50.601	0.8333	51.941
1827261	4000.0	11	6000.0	0.4067	51.941	0.6667	53.0144
1707850	1000.0	11	6000.0	0.1067	53.0144	0.1667	53.2878
1761033	3000.0	11	6000.0	0.3067	53.2878	0.5	54.0945
1822571	3000.0	11	6000.0	0.3067	54.0945	0.5	54.901199999999996
1681811	8000.0	11	6000.0	0.8067	54.9012	1.3333	57.0412
1840187	8000.0	11	6000.0	0.8067	57.0412	1.3333	59.181200000000004
1727931	2000.0	11	6000.0	0.2067	59.1812	0.3333	59.721199999999996
1669237	7000.0	11	6000.0	0.7067	59.7212	1.1667	61.5946
1718220	10000.0	11	6000.0	1.0067	61.5946	1.6667	64.268
1794076	2000.0	11	6000.0	0.2067	64.268	0.3333	64.80799999999999
1723546	3000.0	11	6000.0	0.3067	64.808	0.5	65.61470000000001
1774112	4000.0	11	6000.0	0.4067	65.6147	0.6667	66.6881
1798261	8000.0	11	6000.0	0.8067	66.6881	1.3333	68.8281
1638966	2000.0	11	6000.0	0.2067	68.8281	0.3333	69.3681
1644066	10000.0	11	6000.0	1.0067	69.3681	1.6667	72.0415
1840183	3000.0	11	6000.0	0.3067	72.0415	0.5	72.8482
1773844	4000.0	11	6000.0	0.4067	72.8482	0.6667	73.92160000000001
1797067	5000.0	11	6000.0	0.5067	73.9216	0.8333	75.26159999999999
1663654	3000.0	11	6000.0	0.3067	75.2616	0.5	76.06830000000001
1735494	7000.0	11	6000.0	0.7067	76.0683	1.1667	77.9417
1837315	10000.0	11	6000.0	1.0067	77.9417	1.6667	80.6151
1672649	11000.0	11	6000.0	1.1067	80.6151	1.8333	83.5551
1671513	6000.0	11	6000.0	0.6067	83.5551	1.0	85.1618
1671487	10000.0	11	6000.0	1.0067	85.1618	1.6667	87.8352
1687559	6000.0	11	6000.0	0.6067	87.8352	1.0	89.4419
1704881	8000.0	11	6000.0	0.8067	89.4419	1.3333	91.5819
1730064	9000.0	11	6000.0	0.9067	91.5819	1.5	93.9886
1635741	10000.0	11	6000.0	1.0067	93.9886	1.6667	96.662
1825920	8000.0	11	6000.0	0.8067	96.662	1.3333	98.802
1687784	8000.0	11	6000.0	0.8067	98.802	1.3333	100.94200000000001
1669482	6000.0	11	6000.0	0.6067	100.942	1.0	102.5487
1686914	2000.0	11	6000.0	0.2067	102.5487	0.3333	103.08869999999999
1701911	4000.0	11	6000.0	0.4067	103.0887	0.6667	104.16210000000001
1730143	10000.0	11	6000.0	1.0067	104.1621	1.6667	106.8355
1767607	7000.0	11	6000.0	0.7067	106.8355	1.1667	108.7089
1824289	6000.0	12	6000.0	0.6	0	1.0	1.6
1664687	6000.0	12	6000.0	0.6	1.6	1.0	3.2
1844946	8000.0	12	6000.0	0.8	3.2	1.3333	5.3332999999999995
1782779	6000.0	12	6000.0	0.6	5.3333	1.0	6.9333
1674326	3000.0	12	6000.0	0.3	6.9333	0.5	7.7333
1833134	3000.0	12	6000.0	0.3	7.7333	0.5	8.5333
1667140	3000.0	12	6000.0	0.3	8.5333	0.5	9.333300000000001
1847131	8000.0	12	6000.0	0.8	9.3333	1.3333	11.4666
1676713	9000.0	12	6000.0	0.9	11.4666	1.5	13.8666
1801222	8000.0	12	6000.0	0.8	13.8666	1.3333	15.9999
1731136	3000.0	12	6000.0	0.3	15.9999	0.5	16.7999
1751061	10000.0	12	6000.0	1.0	16.7999	1.6667	19.4666
1677743	2000.0	12	6000.0	0.2	19.4666	0.3333	19.9999
1666886	2000.0	12	6000.0	0.2	19.9999	0.3333	20.5332
1824158	8000.0	12	6000.0	0.8	20.5332	1.3333	22.666500000000003
1700218	14000.0	12	6000.0	1.4	22.6665	2.3333	26.3998
1760049	10000.0	12	6000.0	1.0	26.3998	1.6667	29.066499999999998
1741990	5000.0	12	6000.0	0.5	29.0665	0.8333	30.399800000000003
1665370	6000.0	12	6000.0	0.6	30.3998	1.0	31.9998
1664974	3000.0	12	6000.0	0.3	31.9998	0.5	32.7998
1806280	4000.0	12	6000.0	0.4	32.7998	0.6667	33.866499999999995
1827264	3000.0	12	6000.0	0.3	33.8665	0.5	34.6665
1779673	3000.0	12	6000.0	0.3	34.6665	0.5	35.466499999999996
1657334	11000.0	12	6000.0	1.1	35.4665	1.8333	38.399800000000006
1808944	9000.0	12	6000.0	0.9	38.3998	1.5	40.7998
1682088	9000.0	12	6000.0	0.9	40.7998	1.5	43.199799999999996
1684605	10000.0	12	6000.0	1.0	43.1998	1.6667	45.8665
1650729	5000.0	12	6000.0	0.5	45.8665	0.8333	47.1998
1754303	3000.0	12	6000.0	0.3	47.1998	0.5	47.9998
1747912	27000.0	12	6000.0	2.7	47.9998	4.5	55.1998
1750648	9000.0	12	6000.0	0.9	55.1998	1.5	57.5998
1811656	8000.0	12	6000.0	0.8	57.5998	1.3333	59.7331
1818330	10000.0	12	6000.0	1.0	59.7331	1.6667	62.3998
1661097	4000.0	12	6000.0	0.4	62.3998	0.6667	63.466499999999996
1753997	3000.0	12	6000.0	0.3	63.4665	0.5	64.26650000000001
1711673	9000.0	12	6000.0	0.9	64.2665	1.5	66.6665
1757852	3000.0	12	6000.0	0.3	66.6665	0.5	67.4665
1765855	2000.0	12	6000.0	0.2	67.4665	0.3333	67.9998
1642483	4000.0	12	6000.0	0.4	67.9998	0.6667	69.0665
1817999	6000.0	12	6000.0	0.6	69.0665	1.0	70.6665
1808807	5000.0	12	6000.0	0.5	70.6665	0.8333	71.9998
1757945	5000.0	12	6000.0	0.5	71.9998	0.8333	73.33309999999999
1757954	9000.0	12	6000.0	0.9	73.3331	1.5	75.73310000000001
1690376	2000.0	12	6000.0	0.2	75.7331	0.3333	76.26639999999999
1712794	4000.0	12	6000.0	0.4	76.2664	0.6667	77.33310000000002
1680183	4000.0	12	6000.0	0.4	77.3331	0.6667	78.39980000000001
1687935	9000.0	12	6000.0	0.9	78.3998	1.5	80.7998
1812592	2000.0	12	6000.0	0.2	80.7998	0.3333	81.3331
1792469	1000.0	12	6000.0	0.1	81.3331	0.1667	81.5998
1747688	7000.0	12	6000.0	0.7	81.5998	1.1667	83.46650000000001
1746433	2000.0	12	6000.0	0.2	83.4665	0.3333	83.9998
1685922	4000.0	12	6000.0	0.4	83.9998	0.6667	85.0665
1791799	7000.0	12	6000.0	0.7	85.0665	1.1667	86.93320000000001
1733496	3000.0	12	6000.0	0.3	86.9332	0.5	87.7332
1824934	3000.0	12	6000.0	0.3	87.7332	0.5	88.5332
1830098	9000.0	12	6000.0	0.9	88.5332	1.5	90.9332
1701759	8000.0	12	6000.0	0.8	90.9332	1.3333	93.06649999999999
1819530	7000.0	13	8000.0	0.7	0	0.875	1.575
1669704	3000.0	13	8000.0	0.3	1.575	0.375	2.25
1761754	4000.0	13	8000.0	0.4	2.25	0.5	3.15
1694335	4000.0	13	8000.0	0.4	3.15	0.5	4.05
1838861	8000.0	13	8000.0	0.8	4.05	1.0	5.85
1807000	7000.0	13	8000.0	0.7	5.85	0.875	7.425
1743358	4000.0	13	8000.0	0.4	7.425	0.5	8.325
1702882	3000.0	13	8000.0	0.3	8.325	0.375	9.0
1807634	5000.0	13	8000.0	0.5	9.0	0.625	10.125
1778398	4000.0	13	8000.0	0.4	10.125	0.5	11.025
1697279	9000.0	13	8000.0	0.9	11.025	1.125	13.05
1778166	12000.0	13	8000.0	1.2	13.05	1.5	15.75
1833480	9000.0	13	8000.0	0.9	15.75	1.125	17.775
1678028	2000.0	13	8000.0	0.2	17.775	0.25	18.224999999999998
1670865	5000.0	13	8000.0	0.5	18.225	0.625	19.35
1802591	4000.0	13	8000.0	0.4	19.35	0.5	20.25
1845073	3000.0	13	8000.0	0.3	20.25	0.375	20.925
1709521	3000.0	13	8000.0	0.3	20.925	0.375	21.6
1833531	12000.0	13	8000.0	1.2	21.6	1.5	24.3
1806312	8000.0	13	8000.0	0.8	24.3	1.0	26.1
1694871	10000.0	13	8000.0	1.0	26.1	1.25	28.35
1699869	6000.0	13	8000.0	0.6	28.35	0.75	29.700000000000003
1696323	9000.0	13	8000.0	0.9	29.7	1.125	31.724999999999998
1721248	6000.0	13	8000.0	0.6	31.725	0.75	33.075
1761028	3000.0	13	8000.0	0.3	33.075	0.375	33.75
1777893	3000.0	13	8000.0	0.3	33.75	0.375	34.425
1821588	11000.0	13	8000.0	1.1	34.425	1.375	36.9
1697118	9000.0	13	8000.0	0.9	36.9	1.125	38.925
1656987	2000.0	13	8000.0	0.2	38.925	0.25	39.375
1801394	6000.0	13	8000.0	0.6	39.375	0.75	40.725
1764506	2000.0	13	8000.0	0.2	40.725	0.25	41.175000000000004
1707879	15000.0	13	8000.0	1.5	41.175	1.875	44.55
1789416	6000.0	13	8000.0	0.6	44.55	0.75	45.9
1851769	2000.0	13	8000.0	0.2	45.9	0.25	46.35
1831838	7000.0	13	8000.0	0.7	46.35	0.875	47.925000000000004
1813000	14000.0	13	8000.0	1.4	47.925	1.75	51.074999999999996
1786555	6000.0	13	8000.0	0.6	51.075	0.75	52.425000000000004
1685426	4000.0	13	8000.0	0.4	52.425	0.5	53.324999999999996
1692357	8000.0	13	8000.0	0.8	53.325	1.0	55.125
1688991	1000.0	13	8000.0	0.1	55.125	0.125	55.35
1826140	5000.0	13	8000.0	0.5	55.35	0.625	56.475
1744634	3000.0	13	8000.0	0.3	56.475	0.375	57.15
1663535	5000.0	13	8000.0	0.5	57.15	0.625	58.275
1739157	10000.0	13	8000.0	1.0	58.275	1.25	60.525
1787768	4000.0	13	8000.0	0.4	60.525	0.5	61.425
1797761	6000.0	13	8000.0	0.6	61.425	0.75	62.775
1837028	5000.0	13	8000.0	0.5	62.775	0.625	63.9
1716784	8000.0	13	8000.0	0.8	63.9	1.0	65.7
1686874	10000.0	13	8000.0	1.0	65.7	1.25	67.95
1709985	8000.0	13	8000.0	0.8	67.95	1.0	69.75
1713447	11000.0	13	8000.0	1.1	69.75	1.375	72.225
1843515	13000.0	13	8000.0	1.3	72.225	1.625	75.14999999999999
1784258	6000.0	13	8000.0	0.6	75.15	0.75	76.5
1717141	9000.0	13	8000.0	0.9	76.5	1.125	78.525
1704678	2000.0	13	8000.0	0.2	78.525	0.25	78.97500000000001
1851928	2000.0	13	8000.0	0.2	78.975	0.25	79.425
1704060	26000.0	14	12000.0	2.6	0	2.1667	4.7667
1745429	9000.0	14	12000.0	0.9	4.7667	0.75	6.4167000000000005
1838835	4000.0	14	12000.0	0.4	6.4167	0.3333	7.15
1743876	3000.0	14	12000.0	0.3	7.15	0.25	7.7
1726165	6000.0	14	12000.0	0.6	7.7	0.5	8.8
1810812	8000.0	14	12000.0	0.8	8.8	0.6667	10.266700000000002
1753434	10000.0	14	12000.0	1.0	10.2667	0.8333	12.1
1671117	7000.0	14	12000.0	0.7	12.1	0.5833	13.383299999999998
1769775	12000.0	14	12000.0	1.2	13.3833	1.0	15.5833
1829484	3000.0	14	12000.0	0.3	15.5833	0.25	16.1333
1802993	4000.0	14	12000.0	0.4	16.1333	0.3333	16.8666
1647104	10000.0	14	12000.0	1.0	16.8666	0.8333	18.6999
1678148	8000.0	14	12000.0	0.8	18.6999	0.6667	20.1666
1676415	3000.0	14	12000.0	0.3	20.1666	0.25	20.7166
1771847	6000.0	14	12000.0	0.6	20.7166	0.5	21.8166
1732762	9000.0	14	12000.0	0.9	21.8166	0.75	23.4666
1678804	3000.0	14	12000.0	0.3	23.4666	0.25	24.0166
1826524	2000.0	14	12000.0	0.2	24.0166	0.1667	24.3833
1801458	3000.0	14	12000.0	0.3	24.3833	0.25	24.9333
1784530	4000.0	14	12000.0	0.4	24.9333	0.3333	25.6666
1786810	1000.0	14	12000.0	0.1	25.6666	0.0833	25.8499
1826803	3000.0	14	12000.0	0.3	25.8499	0.25	26.399900000000002
1707351	11000.0	14	12000.0	1.1	26.3999	0.9167	28.4166
1758651	6000.0	14	12000.0	0.6	28.4166	0.5	29.5166
1793871	8000.0	14	12000.0	0.8	29.5166	0.6667	30.9833
1646066	3000.0	14	12000.0	0.3	30.9833	0.25	31.5333
1641936	4000.0	14	12000.0	0.4	31.5333	0.3333	32.2666
1641293	9000.0	14	12000.0	0.9	32.2666	0.75	33.916599999999995
1645554	8000.0	14	12000.0	0.8	33.9166	0.6667	35.3833
1753851	6000.0	14	12000.0	0.6	35.3833	0.5	36.4833
1797825	7000.0	14	12000.0	0.7	36.4833	0.5833	37.766600000000004
1815043	3000.0	14	12000.0	0.3	37.7666	0.25	38.316599999999994
1825884	5000.0	14	12000.0	0.5	38.3166	0.4167	39.2333
1671456	3000.0	14	12000.0	0.3	39.2333	0.25	39.7833
1713416	5000.0	14	12000.0	0.5	39.7833	0.4167	40.699999999999996
1688031	6000.0	14	12000.0	0.6	40.7	0.5	41.800000000000004
1746594	4000.0	14	12000.0	0.4	41.8	0.3333	42.5333
1651876	3000.0	14	12000.0	0.3	42.5333	0.25	43.083299999999994
1651860	8000.0	14	12000.0	0.8	43.0833	0.6667	44.55
1784330	12000.0	14	12000.0	1.2	44.55	1.0	46.75
1722454	3000.0	14	12000.0	0.3	46.75	0.25	47.3
1686050	21000.0	14	12000.0	2.1	47.3	1.75	51.15
1814948	10000.0	14	12000.0	1.0	51.15	0.8333	52.9833
1742330	8000.0	15	16000.0	0.8	0	0.5	1.3
1674795	6000.0	15	16000.0	0.6	1.3	0.375	2.275
1664797	7000.0	15	16000.0	0.7	2.275	0.4375	3.4124999999999996
1730706	3000.0	15	16000.0	0.3	3.4125	0.1875	3.9
1771062	9000.0	15	16000.0	0.9	3.9	0.5625	5.3625
1671078	9000.0	15	16000.0	0.9	5.3625	0.5625	6.825
1743872	12000.0	15	16000.0	1.2	6.825	0.75	8.775
1838051	11000.0	15	16000.0	1.1	8.775	0.6875	10.5625
1703394	4000.0	15	16000.0	0.4	10.5625	0.25	11.2125
1700119	11000.0	15	16000.0	1.1	11.2125	0.6875	13.0
1833613	3000.0	15	16000.0	0.3	13.0	0.1875	13.4875
1677561	8000.0	15	16000.0	0.8	13.4875	0.5	14.787500000000001
1781183	11000.0	15	16000.0	1.1	14.7875	0.6875	16.575
1780190	10000.0	15	16000.0	1.0	16.575	0.625	18.2
1802656	15000.0	15	16000.0	1.5	18.2	0.9375	20.6375
1840023	3000.0	15	16000.0	0.3	20.6375	0.1875	21.125
1827221	7000.0	15	16000.0	0.7	21.125	0.4375	22.2625
1820229	3000.0	15	16000.0	0.3	22.2625	0.1875	22.75
1720396	5000.0	15	16000.0	0.5	22.75	0.3125	23.5625
1698441	5000.0	15	16000.0	0.5	23.5625	0.3125	24.375
1782384	2000.0	15	16000.0	0.2	24.375	0.125	24.7
1637833	7000.0	15	16000.0	0.7	24.7	0.4375	25.8375
1821576	4000.0	15	16000.0	0.4	25.8375	0.25	26.487499999999997
1665127	1000.0	15	16000.0	0.1	26.4875	0.0625	26.650000000000002
1670088	5000.0	15	16000.0	0.5	26.65	0.3125	27.4625
1675520	3000.0	15	16000.0	0.3	27.4625	0.1875	27.95
1643022	5000.0	15	16000.0	0.5	27.95	0.3125	28.7625
1773219	6000.0	15	16000.0	0.6	28.7625	0.375	29.7375
1748549	4000.0	15	16000.0	0.4	29.7375	0.25	30.3875
1798204	6000.0	15	16000.0	0.6	30.3875	0.375	31.3625
1834881	2000.0	15	16000.0	0.2	31.3625	0.125	31.6875
1689745	4000.0	15	16000.0	0.4	31.6875	0.25	32.3375
1737975	4000.0	15	16000.0	0.4	32.3375	0.25	32.9875
1754399	8000.0	15	16000.0	0.8	32.9875	0.5	34.287499999999994
1793435	4000.0	15	16000.0	0.4	34.2875	0.25	34.9375
1747507	8000.0	15	16000.0	0.8	34.9375	0.5	36.2375
1656473	8000.0	15	16000.0	0.8	36.2375	0.5	37.537499999999994
1797126	4000.0	15	16000.0	0.4	37.5375	0.25	38.1875
1796756	8000.0	15	16000.0	0.8	38.1875	0.5	39.4875
1683119	3000.0	15	16000.0	0.3	39.4875	0.1875	39.974999999999994
1727760	3000.0	15	16000.0	0.3	39.975	0.1875	40.4625
1835358	10000.0	15	16000.0	1.0	40.4625	0.625	42.0875
1814307	9000.0	15	16000.0	0.9	42.0875	0.5625	43.55
1825606	4000.0	15	16000.0	0.4	43.55	0.25	44.199999999999996
1735224	10000.0	15	16000.0	1.0	44.2	0.625	45.825
1817734	7000.0	15	16000.0	0.7	45.825	0.4375	46.962500000000006
1766694	5000.0	15	16000.0	0.5	46.9625	0.3125	47.775
1826094	2000.0	15	16000.0	0.2	47.775	0.125	48.1
1643945	8000.0	15	16000.0	0.8	48.1	0.5	49.4
1825006	5000.0	15	16000.0	0.5	49.4	0.3125	50.2125
1758964	9000.0	15	16000.0	0.9	50.2125	0.5625	51.675
1693443	4000.0	15	16000.0	0.4	51.675	0.25	52.324999999999996
1641686	3000.0	15	16000.0	0.3	52.325	0.1875	52.8125
1717616	3000.0	15	16000.0	0.3	52.8125	0.1875	53.3
1825033	3000.0	15	16000.0	0.3	53.3	0.1875	53.787499999999994
1792221	9000.0	15	16000.0	0.9	53.7875	0.5625	55.25
1656667	5000.0	15	16000.0	0.5	55.25	0.3125	56.0625
1815144	4000.0	15	16000.0	0.4	56.0625	0.25	56.7125
1707378	3000.0	15	16000.0	0.3	56.7125	0.1875	57.199999999999996
1827716	10000.0	15	16000.0	1.0	57.2	0.625	58.825
1671784	5000.0	15	16000.0	0.5	58.825	0.3125	59.6375
1841970	8000.0	15	16000.0	0.8	59.6375	0.5	60.9375
1745693	10000.0	16	18000.0	1.0058	0	0.5556	1.5614
1819373	4000.0	16	18000.0	0.4058	1.5614	0.2222	2.1894
1639658	5000.0	16	18000.0	0.5058	2.1894	0.2778	2.973
1700588	7000.0	16	18000.0	0.7058	2.973	0.3889	4.0677
1741063	4000.0	16	18000.0	0.4058	4.0677	0.2222	4.6957
1657755	3000.0	16	18000.0	0.3058	4.6957	0.1667	5.1682
1729174	9000.0	16	18000.0	0.9058	5.1682	0.5	6.574
1708604	10000.0	16	18000.0	1.0058	6.574	0.5556	8.135399999999999
1822017	4000.0	16	18000.0	0.4058	8.1354	0.2222	8.7634
1708571	2000.0	16	18000.0	0.2058	8.7634	0.1111	9.080300000000001
1643375	3000.0	16	18000.0	0.3058	9.0803	0.1667	9.5528
1841180	10000.0	16	18000.0	1.0058	9.5528	0.5556	11.1142
1831252	4000.0	16	18000.0	0.4058	11.1142	0.2222	11.7422
1708768	6000.0	16	18000.0	0.6058	11.7422	0.3333	12.6813
1741823	6000.0	16	18000.0	0.6058	12.6813	0.3333	13.6204
1770456	8000.0	16	18000.0	0.8058	13.6204	0.4444	14.8706
1820360	10000.0	16	18000.0	1.0058	14.8706	0.5556	16.432
1698691	8000.0	16	18000.0	0.8058	16.432	0.4444	17.6822
1770937	11000.0	16	18000.0	1.1058	17.6822	0.6111	19.3991
1824253	3000.0	16	18000.0	0.3058	19.3991	0.1667	19.8716
1829216	3000.0	16	18000.0	0.3058	19.8716	0.1667	20.3441
1732703	5000.0	16	18000.0	0.5058	20.3441	0.2778	21.1277
1655869	3000.0	16	18000.0	0.3058	21.1277	0.1667	21.6002
1755073	3000.0	16	18000.0	0.3058	21.6002	0.1667	22.0727
1735732	5000.0	16	18000.0	0.5058	22.0727	0.2778	22.8563
1762109	12000.0	16	18000.0	1.2058	22.8563	0.6667	24.7288
1789611	8000.0	16	18000.0	0.8058	24.7288	0.4444	25.979000000000003
1735700	3000.0	16	18000.0	0.3058	25.979	0.1667	26.4515
1735631	3000.0	16	18000.0	0.3058	26.4515	0.1667	26.924
1787353	3000.0	16	18000.0	0.3058	26.924	0.1667	27.3965
1849825	3000.0	16	18000.0	0.3058	27.3965	0.1667	27.869
1681559	8000.0	16	18000.0	0.8058	27.869	0.4444	29.119200000000003
1660203	4000.0	16	18000.0	0.4058	29.1192	0.2222	29.7472
1758659	2000.0	16	18000.0	0.2058	29.7472	0.1111	30.0641
1685795	4000.0	16	18000.0	0.4058	30.0641	0.2222	30.6921
1786563	9000.0	16	18000.0	0.9058	30.6921	0.5	32.097899999999996
1767314	12000.0	16	18000.0	1.2058	32.0979	0.6667	33.970400000000005
1727421	3000.0	16	18000.0	0.3058	33.9704	0.1667	34.442899999999995
1671550	10000.0	16	18000.0	1.0058	34.4429	0.5556	36.0043
1765990	10000.0	16	18000.0	1.0058	36.0043	0.5556	37.5657
1773749	3000.0	16	18000.0	0.3058	37.5657	0.1667	38.038199999999996
1788750	2000.0	16	18000.0	0.2058	38.0382	0.1111	38.35510000000001
1690948	4000.0	16	18000.0	0.4058	38.3551	0.2222	38.9831
1825280	9000.0	16	18000.0	0.9058	38.9831	0.5	40.3889
1774005	2000.0	16	18000.0	0.2058	40.3889	0.1111	40.7058
1714509	9000.0	16	18000.0	0.9058	40.7058	0.5	42.1116
1773424	9000.0	16	18000.0	0.9058	42.1116	0.5	43.5174
1784594	2000.0	16	18000.0	0.2058	43.5174	0.1111	43.834300000000006
1785210	4000.0	16	18000.0	0.4058	43.8343	0.2222	44.4623
1651748	4000.0	16	18000.0	0.4058	44.4623	0.2222	45.0903
1815623	4000.0	16	18000.0	0.4058	45.0903	0.2222	45.7183
1790809	8000.0	16	18000.0	0.8058	45.7183	0.4444	46.9685
1668279	10000.0	16	18000.0	1.0058	46.9685	0.5556	48.5299
1834267	4000.0	16	18000.0	0.4058	48.5299	0.2222	49.1579
1660548	8000.0	16	18000.0	0.8058	49.1579	0.4444	50.4081
1704816	2000.0	16	18000.0	0.2058	50.4081	0.1111	50.725
1765210	5000.0	16	18000.0	0.5058	50.725	0.2778	51.5086
1767950	3000.0	16	18000.0	0.3058	51.5086	0.1667	51.9811
1790094	11000.0	16	18000.0	1.1058	51.9811	0.6111	53.698
1686616	3000.0	16	18000.0	0.3058	53.698	0.1667	54.1705
1714189	5000.0	17	24000.0	0.5058	0	0.2083	0.7141000000000001
1731604	3000.0	17	24000.0	0.3058	0.7141	0.125	1.1449
1775132	13000.0	17	24000.0	1.3058	1.1449	0.5417	2.9924000000000004
1821991	4000.0	17	24000.0	0.4058	2.9924	0.1667	3.5649
1725870	5000.0	17	24000.0	0.5058	3.5649	0.2083	4.279000000000001
1803964	9000.0	17	24000.0	0.9058	4.279	0.375	5.5598
1730426	6000.0	17	24000.0	0.6058	5.5598	0.25	6.4156
1674700	6000.0	17	24000.0	0.6058	6.4156	0.25	7.271400000000001
1704232	2000.0	17	24000.0	0.2058	7.2714	0.0833	7.5605
1675823	3000.0	17	24000.0	0.3058	7.5605	0.125	7.9913
1833593	7000.0	17	24000.0	0.7058	7.9913	0.2917	8.9888
1751108	8000.0	17	24000.0	0.8058	8.9888	0.3333	10.127899999999999
1637547	4000.0	17	24000.0	0.4058	10.1279	0.1667	10.7004
1708788	6000.0	17	24000.0	0.6058	10.7004	0.25	11.5562
1650196	5000.0	17	24000.0	0.5058	11.5562	0.2083	12.2703
1642920	8000.0	17	24000.0	0.8058	12.2703	0.3333	13.4094
1667422	4000.0	17	24000.0	0.4058	13.4094	0.1667	13.9819
1731273	4000.0	17	24000.0	0.4058	13.9819	0.1667	14.5544
1703217	6000.0	17	24000.0	0.6058	14.5544	0.25	15.4102
1726037	6000.0	17	24000.0	0.6058	15.4102	0.25	16.266
1779980	3000.0	17	24000.0	0.3058	16.266	0.125	16.6968
1840662	4000.0	17	24000.0	0.4058	16.6968	0.1667	17.269299999999998
1659031	3000.0	17	24000.0	0.3058	17.2693	0.125	17.700100000000003
1838355	3000.0	17	24000.0	0.3058	17.7001	0.125	18.1309
1769050	3000.0	17	24000.0	0.3058	18.1309	0.125	18.561700000000002
1819865	3000.0	17	24000.0	0.3058	18.5617	0.125	18.9925
1728787	4000.0	17	24000.0	0.4058	18.9925	0.1667	19.564999999999998
1706408	3000.0	17	24000.0	0.3058	19.565	0.125	19.995800000000003
1767117	6000.0	17	24000.0	0.6058	19.9958	0.25	20.851599999999998
1689270	3000.0	17	24000.0	0.3058	20.8516	0.125	21.282400000000003
1812848	4000.0	17	24000.0	0.4058	21.2824	0.1667	21.854899999999997
1846366	4000.0	17	24000.0	0.4058	21.8549	0.1667	22.4274
1808508	3000.0	17	24000.0	0.3058	22.4274	0.125	22.8582
1682911	3000.0	17	24000.0	0.3058	22.8582	0.125	23.289
1756109	7000.0	17	24000.0	0.7058	23.289	0.2917	24.2865
1837048	5000.0	17	24000.0	0.5058	24.2865	0.2083	25.000600000000002
1653071	3000.0	17	24000.0	0.3058	25.0006	0.125	25.4314
1826164	5000.0	17	24000.0	0.5058	25.4314	0.2083	26.145500000000002
1724799	4000.0	17	24000.0	0.4058	26.1455	0.1667	26.717999999999996
1837727	3000.0	17	24000.0	0.3058	26.718	0.125	27.1488
1783954	6000.0	17	24000.0	0.6058	27.1488	0.25	28.0046
1687413	3000.0	17	24000.0	0.3058	28.0046	0.125	28.4354
1784744	7000.0	17	24000.0	0.7058	28.4354	0.2917	29.4329
1727018	4000.0	17	24000.0	0.4058	29.4329	0.1667	30.005399999999998
1772833	5000.0	17	24000.0	0.5058	30.0054	0.2083	30.719500000000004
1830167	11000.0	17	24000.0	1.1058	30.7195	0.4583	32.2836
1791899	5000.0	17	24000.0	0.5058	32.2836	0.2083	32.9977
1659755	5000.0	17	24000.0	0.5058	32.9977	0.2083	33.711800000000004
1713483	8000.0	17	24000.0	0.8058	33.7118	0.3333	34.850899999999996
1753207	12000.0	17	24000.0	1.2058	34.8509	0.5	36.556700000000006
1703391	4000.0	18	30000.0	0.4058	0	0.1333	0.5391
1721471	5000.0	18	30000.0	0.5058	0.5391	0.1667	1.2116000000000002
1775732	5000.0	18	30000.0	0.5058	1.2116	0.1667	1.8841
1833128	6000.0	18	30000.0	0.6058	1.8841	0.2	2.6899
1664362	8000.0	18	30000.0	0.8058	2.6899	0.2667	3.7624000000000004
1707832	3000.0	18	30000.0	0.3058	3.7624	0.1	4.1682
1804303	9000.0	18	30000.0	0.9058	4.1682	0.3	5.374
1846861	2000.0	18	30000.0	0.2058	5.374	0.0667	5.6465
1676333	3000.0	18	30000.0	0.3058	5.6465	0.1	6.052299999999999
1700088	4000.0	18	30000.0	0.4058	6.0523	0.1333	6.5914
1708785	6000.0	18	30000.0	0.6058	6.5914	0.2	7.397200000000001
1778195	6000.0	18	30000.0	0.6058	7.3972	0.2	8.203
1673788	4000.0	18	30000.0	0.4058	8.203	0.1333	8.742099999999999
1780224	8000.0	18	30000.0	0.8058	8.7421	0.2667	9.8146
1732246	1000.0	18	30000.0	0.1058	9.8146	0.0333	9.953700000000001
1709666	9000.0	18	30000.0	0.9058	9.9537	0.3	11.1595
1658627	9000.0	18	30000.0	0.9058	11.1595	0.3	12.3653
1637051	4000.0	18	30000.0	0.4058	12.3653	0.1333	12.904399999999999
1820564	10000.0	18	30000.0	1.0058	12.9044	0.3333	14.243500000000001
1809663	10000.0	18	30000.0	1.0058	14.2435	0.3333	15.5826
1768850	22000.0	18	30000.0	2.2058	15.5826	0.7333	18.5217
1728784	4000.0	18	30000.0	0.4058	18.5217	0.1333	19.060799999999997
1730951	3000.0	18	30000.0	0.3058	19.0608	0.1	19.466600000000003
1769034	4000.0	18	30000.0	0.4058	19.4666	0.1333	20.005699999999997
1801425	8000.0	18	30000.0	0.8058	20.0057	0.2667	21.078200000000002
1706412	3000.0	18	30000.0	0.3058	21.0782	0.1	21.484
1712899	3000.0	18	30000.0	0.3058	21.484	0.1	21.889800000000005
1711005	4000.0	18	30000.0	0.4058	21.8898	0.1333	22.4289
1685337	9000.0	18	30000.0	0.9058	22.4289	0.3	23.6347
1793184	5000.0	18	30000.0	0.5058	23.6347	0.1667	24.307199999999998
1719434	4000.0	18	30000.0	0.4058	24.3072	0.1333	24.8463
1739973	3000.0	18	30000.0	0.3058	24.8463	0.1	25.252100000000002
1845963	7000.0	18	30000.0	0.7058	25.2521	0.2333	26.1912
1757498	5000.0	18	30000.0	0.5058	26.1912	0.1667	26.863699999999998
1797009	13000.0	18	30000.0	1.3058	26.8637	0.4333	28.602800000000002
1641391	11000.0	18	30000.0	1.1058	28.6028	0.3667	30.0753
1758054	3000.0	18	30000.0	0.3058	30.0753	0.1	30.4811
1682973	3000.0	18	30000.0	0.3058	30.4811	0.1	30.886900000000004
1765915	4000.0	18	30000.0	0.4058	30.8869	0.1333	31.426
1643906	4000.0	18	30000.0	0.4058	31.426	0.1333	31.965099999999996
1684260	4000.0	18	30000.0	0.4058	31.9651	0.1333	32.5042
1810904	3000.0	18	30000.0	0.3058	32.5042	0.1	32.91
1644593	5000.0	18	30000.0	0.5058	32.91	0.1667	33.582499999999996
1818941	5000.0	18	30000.0	0.5058	33.5825	0.1667	34.255
1716803	2000.0	18	30000.0	0.2058	34.255	0.0667	34.5275
1651367	4000.0	18	30000.0	0.4058	34.5275	0.1333	35.0666
1707408	6000.0	18	30000.0	0.6058	35.0666	0.2	35.872400000000006
1687390	7000.0	18	30000.0	0.7058	35.8724	0.2333	36.811499999999995
1815678	8000.0	18	30000.0	0.8058	36.8115	0.2667	37.884
1851967	3000.0	18	30000.0	0.3058	37.884	0.1	38.2898
1757213	3000.0	18	30000.0	0.3058	38.2898	0.1	38.6956
1800306	5000.0	18	30000.0	0.5058	38.6956	0.1667	39.3681
1706981	5000.0	18	30000.0	0.5058	39.3681	0.1667	40.0406
1768329	6000.0	18	30000.0	0.6058	40.0406	0.2	40.8464
1666091	7000.0	18	30000.0	0.7058	40.8464	0.2333	41.7855
1679978	5000.0	18	30000.0	0.5058	41.7855	0.1667	42.458
1849293	8000.0	18	30000.0	0.8058	42.458	0.2667	43.530499999999996
1692761	3000.0	18	30000.0	0.3058	43.5305	0.1	43.9363
1824927	12000.0	18	30000.0	1.2058	43.9363	0.4	45.5421
1688295	10000.0	18	30000.0	1.0058	45.5421	0.3333	46.8812
1839114	6000.0	19	30000.0	0.6058	0	0.2	0.8058000000000001
1676868	8000.0	19	30000.0	0.8058	0.8058	0.2667	1.8782999999999999
1642723	5000.0	19	30000.0	0.5058	1.8783	0.1667	2.5508
1694167	4000.0	19	30000.0	0.4058	2.5508	0.1333	3.0899000000000005
1636788	11000.0	19	30000.0	1.1058	3.0899	0.3667	4.5624
1826546	4000.0	19	30000.0	0.4058	4.5624	0.1333	5.101500000000001
1751041	3000.0	19	30000.0	0.3058	5.1015	0.1	5.507299999999999
1732455	1000.0	19	30000.0	0.1058	5.5073	0.0333	5.6464
1850467	9000.0	19	30000.0	0.9058	5.6464	0.3	6.8522
1703739	4000.0	19	30000.0	0.4058	6.8522	0.1333	7.3913
1695518	8000.0	19	30000.0	0.8058	7.3913	0.2667	8.4638
1677324	4000.0	19	30000.0	0.4058	8.4638	0.1333	9.0029
1721928	3000.0	19	30000.0	0.3058	9.0029	0.1	9.4087
1811845	5000.0	19	30000.0	0.5058	9.4087	0.1667	10.0812
1666619	9000.0	19	30000.0	0.9058	10.0812	0.3	11.287
1658721	6000.0	19	30000.0	0.6058	11.287	0.2	12.0928
1806369	2000.0	19	30000.0	0.2058	12.0928	0.0667	12.365300000000001
1804508	8000.0	19	30000.0	0.8058	12.3653	0.2667	13.4378
1695175	3000.0	19	30000.0	0.3058	13.4378	0.1	13.843599999999999
1647017	11000.0	19	30000.0	1.1058	13.8436	0.3667	15.3161
1786737	12000.0	19	30000.0	1.2058	15.3161	0.4	16.9219
1828673	18000.0	19	30000.0	1.8058	16.9219	0.6	19.327700000000004
1788997	5000.0	19	30000.0	0.5058	19.3277	0.1667	20.0002
1752155	3000.0	19	30000.0	0.3058	20.0002	0.1	20.406000000000002
1797094	7000.0	19	30000.0	0.7058	20.406	0.2333	21.3451
1752938	9000.0	19	30000.0	0.9058	21.3451	0.3	22.5509
1789172	4000.0	19	30000.0	0.4058	22.5509	0.1333	23.089999999999996
1750405	6000.0	19	30000.0	0.6058	23.09	0.2	23.895799999999998
1762386	7000.0	19	30000.0	0.7058	23.8958	0.2333	24.8349
1691220	10000.0	19	30000.0	1.0058	24.8349	0.3333	26.174000000000003
1753938	8000.0	19	30000.0	0.8058	26.174	0.2667	27.2465
1639247	4000.0	19	30000.0	0.4058	27.2465	0.1333	27.7856
1738434	4000.0	19	30000.0	0.4058	27.7856	0.1333	28.324699999999996
1846303	7000.0	19	30000.0	0.7058	28.3247	0.2333	29.2638
1787362	3000.0	19	30000.0	0.3058	29.2638	0.1	29.669600000000003
1753277	4000.0	19	30000.0	0.4058	29.6696	0.1333	30.208699999999997
1754660	3000.0	19	30000.0	0.3058	30.2087	0.1	30.614500000000003
1736894	11000.0	19	30000.0	1.1058	30.6145	0.3667	32.086999999999996
1792523	11000.0	19	30000.0	1.1058	32.087	0.3667	33.55950000000001
1772872	4000.0	19	30000.0	0.4058	33.5595	0.1333	34.0986
1692888	8000.0	19	30000.0	0.8058	34.0986	0.2667	35.171099999999996
1656070	5000.0	19	30000.0	0.5058	35.1711	0.1667	35.8436
1826651	2000.0	19	30000.0	0.2058	35.8436	0.0667	36.1161
1849951	6000.0	19	30000.0	0.6058	36.1161	0.2	36.92190000000001
1680019	6000.0	19	30000.0	0.6058	36.9219	0.2	37.727700000000006
1651347	2000.0	19	30000.0	0.2058	37.7277	0.0667	38.0002
1709913	7000.0	19	30000.0	0.7058	38.0002	0.2333	38.9393
