7964669	180000.0	0	500.0	18.0	0	360.0	378.0
7964208	167000.0	0	500.0	16.7	378.0	334.0	728.7
7961411	180000.0	0	500.0	18.0	728.7	360.0	1106.7
7962862	150000.0	0	500.0	15.0	1106.7	300.0	1421.7
7962822	177000.0	0	500.0	17.7	1421.7	354.0	1793.4
7966881	159000.0	0	500.0	15.9	1793.4	318.0	2127.3
7969987	176000.0	1	500.0	17.6	0	352.0	369.6
7964719	176000.0	1	500.0	17.6	369.6	352.0	739.2
7968800	180000.0	1	500.0	18.0	739.2	360.0	1117.2
7963936	171000.0	1	500.0	17.1	1117.2	342.0	1476.3
7966442	185000.0	1	500.0	18.5	1476.3	370.0	1864.8
7964925	176000.0	1	500.0	17.6	1864.8	352.0	2234.3999999999996
7965920	177000.0	2	1000.0	17.7	0	177.0	194.7
7962073	175000.0	2	1000.0	17.5	194.7	175.0	387.2
7968276	181000.0	2	1000.0	18.1	387.2	181.0	586.3
7964943	149000.0	2	1000.0	14.9	586.3	149.0	750.1999999999999
7969235	184000.0	2	1000.0	18.4	750.2	184.0	952.6
7969281	152000.0	3	1000.0	15.2	0	152.0	167.2
7963372	168000.0	3	1000.0	16.8	167.2	168.0	352.0
7967074	184000.0	3	1000.0	18.4	352.0	184.0	554.4
7961940	183000.0	3	1000.0	18.3	554.4	183.0	755.6999999999999
7967695	196000.0	3	1000.0	19.6	755.7	196.0	971.3000000000001
7965092	147000.0	3	1000.0	14.7	971.3	147.0	1133.0
7962776	177000.0	3	1000.0	17.7	1133.0	177.0	1327.7
7963015	146000.0	3	1000.0	14.6	1327.7	146.0	1488.3
7967673	148000.0	3	1000.0	14.8	1488.3	148.0	1651.1
7963514	185000.0	3	1000.0	18.5	1651.1	185.0	1854.6
7966398	181000.0	3	1000.0	18.1	1854.6	181.0	2053.7
7965571	191000.0	3	1000.0	19.1	2053.7	191.0	2263.7999999999997
7964018	146000.0	4	4000.0	14.6038	0	36.5	51.1038
7962075	157000.0	4	4000.0	15.7038	51.1038	39.25	106.0576
7969892	159000.0	4	4000.0	15.9038	106.0576	39.75	161.7114
7967025	181000.0	4	4000.0	18.1038	161.7114	45.25	225.0652
7966537	145000.0	4	4000.0	14.5038	225.0652	36.25	275.819
7968790	170000.0	4	4000.0	17.0038	275.819	42.5	335.32280000000003
7969537	176000.0	4	4000.0	17.6038	335.3228	44.0	396.92659999999995
7961029	184000.0	5	4000.0	18.4038	0	46.0	64.4038
7967101	186000.0	5	4000.0	18.6038	64.4038	46.5	129.5076
7961017	154000.0	5	4000.0	15.4038	129.5076	38.5	183.4114
7967634	147000.0	5	4000.0	14.7038	183.4114	36.75	234.8652
7968891	171000.0	6	5000.0	17.1038	0	34.2	51.3038
7962672	205000.0	6	5000.0	20.5038	51.3038	41.0	112.80760000000001
7967539	157000.0	7	5000.0	15.7038	0	31.4	47.1038
7961000	152000.0	7	5000.0	15.2038	47.1038	30.4	92.7076
7961524	171000.0	7	5000.0	17.1038	92.7076	34.2	144.01139999999998
7961289	154000.0	7	5000.0	15.4038	144.0114	30.8	190.2152
7962011	179000.0	7	5000.0	17.9038	190.2152	35.8	243.91899999999998
7968308	178000.0	7	5000.0	17.8038	243.919	35.6	297.32280000000003
7967968	151000.0	7	5000.0	15.1038	297.3228	30.2	342.62659999999994
7967138	152000.0	8	5000.0	15.2067	0	30.4	45.6067
7966316	171000.0	8	5000.0	17.1067	45.6067	34.2	96.9134
7964347	168000.0	8	5000.0	16.8067	96.9134	33.6	147.3201
7966716	179000.0	8	5000.0	17.9067	147.3201	35.8	201.02679999999998
7964191	179000.0	8	5000.0	17.9067	201.0268	35.8	254.7335
7961367	194000.0	8	5000.0	19.4067	254.7335	38.8	312.9402
7968915	189000.0	8	5000.0	18.9067	312.9402	37.8	369.6469
7963888	167000.0	8	5000.0	16.7067	369.6469	33.4	419.7536
7968925	183000.0	8	5000.0	18.3067	419.7536	36.6	474.6603
7963941	146000.0	8	5000.0	14.6067	474.6603	29.2	518.467
7966638	168000.0	8	5000.0	16.8067	518.467	33.6	568.8737
7962434	181000.0	8	5000.0	18.1067	568.8737	36.2	623.1804000000001
7968034	166000.0	9	6000.0	16.6067	0	27.6667	44.273399999999995
7968275	162000.0	9	6000.0	16.2067	44.2734	27.0	87.48010000000001
7966405	179000.0	9	6000.0	17.9067	87.4801	29.8333	135.2201
7969977	176000.0	10	6000.0	17.6067	0	29.3333	46.94
7965198	162000.0	10	6000.0	16.2067	46.94	27.0	90.1467
7969742	171000.0	10	6000.0	17.1067	90.1467	28.5	135.7534
7962995	159000.0	10	6000.0	15.9067	135.7534	26.5	178.1601
7966591	159000.0	10	6000.0	15.9067	178.1601	26.5	220.5668
7964649	151000.0	11	6000.0	15.1067	0	25.1667	40.273399999999995
7964453	161000.0	11	6000.0	16.1067	40.2734	26.8333	83.21340000000001
7964552	153000.0	11	6000.0	15.3067	83.2134	25.5	124.02009999999999
7963004	155000.0	11	6000.0	15.5067	124.0201	25.8333	165.36010000000002
7965150	185000.0	11	6000.0	18.5067	165.3601	30.8333	214.7001
7966504	181000.0	11	6000.0	18.1067	214.7001	30.1667	262.9735
7965657	150000.0	11	6000.0	15.0067	262.9735	25.0	302.9802
7960926	166000.0	12	6000.0	16.6	0	27.6667	44.2667
7964218	176000.0	12	6000.0	17.6	44.2667	29.3333	91.2
7964091	178000.0	12	6000.0	17.8	91.2	29.6667	138.6667
7965271	148000.0	12	6000.0	14.8	138.6667	24.6667	178.1334
7968296	181000.0	12	6000.0	18.1	178.1334	30.1667	226.40009999999998
7967821	154000.0	12	6000.0	15.4	226.4001	25.6667	267.46680000000003
7969535	171000.0	12	6000.0	17.1	267.4668	28.5	313.0668
7967301	174000.0	12	6000.0	17.4	313.0668	29.0	359.4668
7960921	148000.0	13	8000.0	14.8	0	18.5	33.3
7966134	183000.0	13	8000.0	18.3	33.3	22.875	74.475
7964681	170000.0	13	8000.0	17.0	74.475	21.25	112.725
7961136	172000.0	13	8000.0	17.2	112.725	21.5	151.42499999999998
7964690	181000.0	13	8000.0	18.1	151.425	22.625	192.15
7968645	191000.0	13	8000.0	19.1	192.15	23.875	235.125
7962744	192000.0	13	8000.0	19.2	235.125	24.0	278.325
7960736	153000.0	13	8000.0	15.3	278.325	19.125	312.75
7967876	192000.0	13	8000.0	19.2	312.75	24.0	355.95
7965733	170000.0	13	8000.0	17.0	355.95	21.25	394.2
7961899	170000.0	14	12000.0	17.0	0	14.1667	31.1667
7962083	181000.0	14	12000.0	18.1	31.1667	15.0833	64.35
7961126	187000.0	14	12000.0	18.7	64.35	15.5833	98.63329999999999
7964996	149000.0	14	12000.0	14.9	98.6333	12.4167	125.95000000000002
7968166	150000.0	14	12000.0	15.0	125.95	12.5	153.45
7967653	154000.0	14	12000.0	15.4	153.45	12.8333	181.6833
7962271	175000.0	14	12000.0	17.5	181.6833	14.5833	213.7666
7961858	170000.0	15	16000.0	17.0	0	10.625	27.625
7961214	185000.0	15	16000.0	18.5	27.625	11.5625	57.6875
7960771	181000.0	15	16000.0	18.1	57.6875	11.3125	87.1
7965226	176000.0	15	16000.0	17.6	87.1	11.0	115.69999999999999
7962962	191000.0	15	16000.0	19.1	115.7	11.9375	146.7375
7966204	189000.0	16	18000.0	18.9058	0	10.5	29.4058
7967333	148000.0	16	18000.0	14.8058	29.4058	8.2222	52.4338
7961739	169000.0	16	18000.0	16.9058	52.4338	9.3889	78.7285
7962625	154000.0	16	18000.0	15.4058	78.7285	8.5556	102.6899
7962619	194000.0	16	18000.0	19.4058	102.6899	10.7778	132.87349999999998
7968064	149000.0	16	18000.0	14.9058	132.8735	8.2778	156.0571
7962263	169000.0	16	18000.0	16.9058	156.0571	9.3889	182.3518
7969994	194000.0	17	24000.0	19.4058	0	8.0833	27.4891
7966570	156000.0	17	24000.0	15.6058	27.4891	6.5	49.5949
7962671	176000.0	17	24000.0	17.6058	49.5949	7.3333	74.53399999999999
7962577	177000.0	17	24000.0	17.7058	74.534	7.375	99.6148
7963529	210000.0	17	24000.0	21.0058	99.6148	8.75	129.3706
7966099	172000.0	17	24000.0	17.2058	129.3706	7.1667	153.7431
7961672	170000.0	18	30000.0	17.0058	0	5.6667	22.6725
7961138	148000.0	18	30000.0	14.8058	22.6725	4.9333	42.4116
7968603	153000.0	18	30000.0	15.3058	42.4116	5.1	62.8174
7962708	147000.0	18	30000.0	14.7058	62.8174	4.9	82.42320000000001
7962305	155000.0	18	30000.0	15.5058	82.4232	5.1667	103.09570000000001
7961809	180000.0	19	30000.0	18.0058	0	6.0	24.0058
7961409	176000.0	19	30000.0	17.6058	24.0058	5.8667	47.4783
7969733	153000.0	19	30000.0	15.3058	47.4783	5.1	67.88409999999999
7969861	150000.0	19	30000.0	15.0058	67.8841	5.0	87.88990000000001
7968065	173000.0	19	30000.0	17.3058	87.8899	5.7667	110.9624
7962430	175000.0	19	30000.0	17.5058	110.9624	5.8333	134.3015
