1773479	8000.0	0	500.0	0.8	0	16.0	16.8
1728840	6000.0	0	500.0	0.6	16.8	12.0	29.400000000000002
1769352	8000.0	0	500.0	0.8	29.4	16.0	46.2
1644073	6000.0	0	500.0	0.6	46.2	12.0	58.800000000000004
1684430	8000.0	0	500.0	0.8	58.8	16.0	75.6
1797424	8000.0	0	500.0	0.8	75.6	16.0	92.39999999999999
1657497	8000.0	0	500.0	0.8	92.4	16.0	109.2
1722989	9000.0	0	500.0	0.9	109.2	18.0	128.10000000000002
1768864	7000.0	0	500.0	0.7	128.1	14.0	142.79999999999998
1655813	7000.0	0	500.0	0.7	142.8	14.0	157.5
1697913	7000.0	0	500.0	0.7	157.5	14.0	172.2
1704194	6000.0	0	500.0	0.6	172.2	12.0	184.79999999999998
1688340	13000.0	0	500.0	1.3	184.8	26.0	212.10000000000002
1828579	7000.0	0	500.0	0.7	212.1	14.0	226.79999999999998
1676516	8000.0	0	500.0	0.8	226.8	16.0	243.60000000000002
1829661	6000.0	0	500.0	0.6	243.6	12.0	256.2
1814746	6000.0	0	500.0	0.6	256.2	12.0	268.8
1687152	8000.0	0	500.0	0.8	268.8	16.0	285.6
1687259	6000.0	0	500.0	0.6	285.6	12.0	298.20000000000005
1832495	8000.0	0	500.0	0.8	298.2	16.0	315.0
1785773	11000.0	0	500.0	1.1	315.0	22.0	338.1
1734806	8000.0	0	500.0	0.8	338.1	16.0	354.90000000000003
1821236	8000.0	0	500.0	0.8	354.9	16.0	371.7
1820020	7000.0	0	500.0	0.7	371.7	14.0	386.4
1766246	6000.0	0	500.0	0.6	386.4	12.0	399.0
1665839	6000.0	0	500.0	0.6	399.0	12.0	411.6
1762573	7000.0	0	500.0	0.7	411.6	14.0	426.3
1737074	10000.0	0	500.0	1.0	426.3	20.0	447.3
1662602	14000.0	0	500.0	1.4	447.3	28.0	476.7
1823671	12000.0	0	500.0	1.2	476.7	24.0	501.9
1818433	7000.0	0	500.0	0.7	501.9	14.0	516.5999999999999
1709276	12000.0	0	500.0	1.2	516.6	24.0	541.8000000000001
1809737	8000.0	0	500.0	0.8	541.8	16.0	558.5999999999999
1794769	8000.0	0	500.0	0.8	558.6	16.0	575.4
1664447	11000.0	0	500.0	1.1	575.4	22.0	598.5
1825605	8000.0	0	500.0	0.8	598.5	16.0	615.3
1846437	9000.0	0	500.0	0.9	615.3	18.0	634.1999999999999
1676272	10000.0	0	500.0	1.0	634.2	20.0	655.2
1710931	12000.0	0	500.0	1.2	655.2	24.0	680.4000000000001
1759479	12000.0	0	500.0	1.2	680.4	24.0	705.6
1844587	11000.0	0	500.0	1.1	705.6	22.0	728.7
1685417	10000.0	1	500.0	1.0	0	20.0	21.0
1833028	11000.0	1	500.0	1.1	21.0	22.0	44.1
1654683	13000.0	1	500.0	1.3	44.1	26.0	71.4
1768389	10000.0	1	500.0	1.0	71.4	20.0	92.4
1816992	11000.0	1	500.0	1.1	92.4	22.0	115.5
1842030	8000.0	1	500.0	0.8	115.5	16.0	132.3
1640523	6000.0	1	500.0	0.6	132.3	12.0	144.9
1808740	9000.0	1	500.0	0.9	144.9	18.0	163.8
1772060	9000.0	1	500.0	0.9	163.8	18.0	182.70000000000002
1777162	10000.0	1	500.0	1.0	182.7	20.0	203.7
1706577	10000.0	1	500.0	1.0	203.7	20.0	224.7
1707992	7000.0	1	500.0	0.7	224.7	14.0	239.39999999999998
1771588	13000.0	1	500.0	1.3	239.4	26.0	266.70000000000005
1784204	10000.0	1	500.0	1.0	266.7	20.0	287.7
1714595	11000.0	1	500.0	1.1	287.7	22.0	310.8
1714869	9000.0	1	500.0	0.9	310.8	18.0	329.7
1760692	10000.0	1	500.0	1.0	329.7	20.0	350.7
1754703	7000.0	1	500.0	0.7	350.7	14.0	365.4
1762041	9000.0	1	500.0	0.9	365.4	18.0	384.29999999999995
1710065	8000.0	1	500.0	0.8	384.3	16.0	401.1
1695205	13000.0	1	500.0	1.3	401.1	26.0	428.40000000000003
1650201	8000.0	1	500.0	0.8	428.4	16.0	445.2
1677935	8000.0	1	500.0	0.8	445.2	16.0	462.0
1662908	6000.0	1	500.0	0.6	462.0	12.0	474.6
1755035	6000.0	1	500.0	0.6	474.6	12.0	487.20000000000005
1741869	9000.0	1	500.0	0.9	487.2	18.0	506.09999999999997
1694397	9000.0	1	500.0	0.9	506.1	18.0	525.0
1653143	7000.0	1	500.0	0.7	525.0	14.0	539.7
1721130	10000.0	1	500.0	1.0	539.7	20.0	560.7
1807714	7000.0	1	500.0	0.7	560.7	14.0	575.4000000000001
1684371	8000.0	1	500.0	0.8	575.4	16.0	592.1999999999999
1701623	10000.0	1	500.0	1.0	592.2	20.0	613.2
1671325	7000.0	1	500.0	0.7	613.2	14.0	627.9000000000001
1835593	7000.0	1	500.0	0.7	627.9	14.0	642.6
1811430	8000.0	1	500.0	0.8	642.6	16.0	659.4
1778054	10000.0	2	1000.0	1.0	0	10.0	11.0
1773795	7000.0	2	1000.0	0.7	11.0	7.0	18.7
1847014	12000.0	2	1000.0	1.2	18.7	12.0	31.9
1708360	10000.0	2	1000.0	1.0	31.9	10.0	42.9
1786406	8000.0	2	1000.0	0.8	42.9	8.0	51.699999999999996
1834661	9000.0	2	1000.0	0.9	51.7	9.0	61.6
1776780	10000.0	2	1000.0	1.0	61.6	10.0	72.6
1716069	7000.0	2	1000.0	0.7	72.6	7.0	80.3
1705731	11000.0	2	1000.0	1.1	80.3	11.0	92.39999999999999
1727941	14000.0	2	1000.0	1.4	92.4	14.0	107.80000000000001
1844461	9000.0	2	1000.0	0.9	107.8	9.0	117.7
1834385	7000.0	2	1000.0	0.7	117.7	7.0	125.4
1843208	7000.0	2	1000.0	0.7	125.4	7.0	133.10000000000002
1820374	11000.0	2	1000.0	1.1	133.1	11.0	145.2
1754346	9000.0	2	1000.0	0.9	145.2	9.0	155.1
1697553	16000.0	2	1000.0	1.6	155.1	16.0	172.7
1685946	8000.0	2	1000.0	0.8	172.7	8.0	181.5
1704188	7000.0	2	1000.0	0.7	181.5	7.0	189.2
1769883	9000.0	2	1000.0	0.9	189.2	9.0	199.1
1693308	12000.0	2	1000.0	1.2	199.1	12.0	212.29999999999998
1738441	8000.0	2	1000.0	0.8	212.3	8.0	221.10000000000002
1749788	7000.0	2	1000.0	0.7	221.1	7.0	228.79999999999998
1810640	9000.0	2	1000.0	0.9	228.8	9.0	238.70000000000002
1759126	9000.0	2	1000.0	0.9	238.7	9.0	248.6
1764933	8000.0	2	1000.0	0.8	248.6	8.0	257.4
1752379	8000.0	2	1000.0	0.8	257.4	8.0	266.2
1837075	8000.0	2	1000.0	0.8	266.2	8.0	275.0
1764783	8000.0	2	1000.0	0.8	275.0	8.0	283.8
1737099	10000.0	2	1000.0	1.0	283.8	10.0	294.8
1653290	9000.0	2	1000.0	0.9	294.8	9.0	304.7
1660268	11000.0	2	1000.0	1.1	304.7	11.0	316.8
1839193	8000.0	2	1000.0	0.8	316.8	8.0	325.6
1790098	8000.0	2	1000.0	0.8	325.6	8.0	334.40000000000003
1741999	7000.0	2	1000.0	0.7	334.4	7.0	342.09999999999997
1754636	11000.0	2	1000.0	1.1	342.1	11.0	354.20000000000005
1658659	12000.0	2	1000.0	1.2	354.2	12.0	367.4
1650738	7000.0	2	1000.0	0.7	367.4	7.0	375.09999999999997
1758520	8000.0	2	1000.0	0.8	375.1	8.0	383.90000000000003
1659727	7000.0	2	1000.0	0.7	383.9	7.0	391.59999999999997
1693515	18000.0	3	1000.0	1.8	0	18.0	19.8
1844327	8000.0	3	1000.0	0.8	19.8	8.0	28.6
1715488	10000.0	3	1000.0	1.0	28.6	10.0	39.6
1740139	8000.0	3	1000.0	0.8	39.6	8.0	48.4
1850638	6000.0	3	1000.0	0.6	48.4	6.0	55.0
1640422	8000.0	3	1000.0	0.8	55.0	8.0	63.8
1661771	11000.0	3	1000.0	1.1	63.8	11.0	75.89999999999999
1665449	6000.0	3	1000.0	0.6	75.9	6.0	82.5
1726667	6000.0	3	1000.0	0.6	82.5	6.0	89.1
1739286	8000.0	3	1000.0	0.8	89.1	8.0	97.89999999999999
1814239	9000.0	3	1000.0	0.9	97.9	9.0	107.80000000000001
1801986	10000.0	3	1000.0	1.0	107.8	10.0	118.8
1770491	10000.0	3	1000.0	1.0	118.8	10.0	129.8
1848270	8000.0	3	1000.0	0.8	129.8	8.0	138.60000000000002
1763072	10000.0	3	1000.0	1.0	138.6	10.0	149.6
1687226	9000.0	3	1000.0	0.9	149.6	9.0	159.5
1783828	7000.0	3	1000.0	0.7	159.5	7.0	167.2
1797586	8000.0	3	1000.0	0.8	167.2	8.0	176.0
1843779	9000.0	3	1000.0	0.9	176.0	9.0	185.9
1651960	7000.0	3	1000.0	0.7	185.9	7.0	193.6
1832900	5000.0	3	1000.0	0.5	193.6	5.0	199.1
1785338	10000.0	3	1000.0	1.0	199.1	10.0	210.1
1746766	7000.0	3	1000.0	0.7	210.1	7.0	217.79999999999998
1772666	9000.0	3	1000.0	0.9	217.8	9.0	227.70000000000002
1640001	7000.0	3	1000.0	0.7	227.7	7.0	235.39999999999998
1728917	11000.0	3	1000.0	1.1	235.4	11.0	247.5
1851044	7000.0	3	1000.0	0.7	247.5	7.0	255.2
1780641	7000.0	3	1000.0	0.7	255.2	7.0	262.9
1660946	10000.0	3	1000.0	1.0	262.9	10.0	273.9
1823776	10000.0	3	1000.0	1.0	273.9	10.0	284.9
1718099	9000.0	3	1000.0	0.9	284.9	9.0	294.79999999999995
1709606	7000.0	3	1000.0	0.7	294.8	7.0	302.5
1838452	12000.0	3	1000.0	1.2	302.5	12.0	315.7
1799766	11000.0	3	1000.0	1.1	315.7	11.0	327.8
1757068	5000.0	3	1000.0	0.5	327.8	5.0	333.3
1750284	12000.0	3	1000.0	1.2	333.3	12.0	346.5
1740994	8000.0	3	1000.0	0.8	346.5	8.0	355.3
1699999	14000.0	3	1000.0	1.4	355.3	14.0	370.7
1653744	10000.0	3	1000.0	1.0	370.7	10.0	381.7
1767114	9000.0	3	1000.0	0.9	381.7	9.0	391.59999999999997
1648997	8000.0	3	1000.0	0.8	391.6	8.0	400.40000000000003
1782054	9000.0	4	4000.0	0.9038	0	2.25	3.1538
1754480	6000.0	4	4000.0	0.6038	3.1538	1.5	5.2576
1693584	9000.0	4	4000.0	0.9038	5.2576	2.25	8.4114
1764287	6000.0	4	4000.0	0.6038	8.4114	1.5	10.5152
1769100	8000.0	4	4000.0	0.8038	10.5152	2.0	13.319
1773275	7000.0	4	4000.0	0.7038	13.319	1.75	15.7728
1724178	12000.0	4	4000.0	1.2038	15.7728	3.0	19.9766
1726632	7000.0	4	4000.0	0.7038	19.9766	1.75	22.430400000000002
1653862	7000.0	4	4000.0	0.7038	22.4304	1.75	24.8842
1832650	10000.0	4	4000.0	1.0038	24.8842	2.5	28.387999999999998
1692353	9000.0	4	4000.0	0.9038	28.388	2.25	31.541800000000002
1843565	6000.0	4	4000.0	0.6038	31.5418	1.5	33.6456
1696965	7000.0	4	4000.0	0.7038	33.6456	1.75	36.0994
1760223	11000.0	4	4000.0	1.1038	36.0994	2.75	39.9532
1821186	8000.0	4	4000.0	0.8038	39.9532	2.0	42.757000000000005
1680782	12000.0	4	4000.0	1.2038	42.757	3.0	46.9608
1697515	5000.0	4	4000.0	0.5038	46.9608	1.25	48.7146
1782928	8000.0	4	4000.0	0.8038	48.7146	2.0	51.5184
1685948	8000.0	4	4000.0	0.8038	51.5184	2.0	54.3222
1813410	8000.0	4	4000.0	0.8038	54.3222	2.0	57.126000000000005
1685486	11000.0	4	4000.0	1.1038	57.126	2.75	60.9798
1813465	6000.0	4	4000.0	0.6038	60.9798	1.5	63.0836
1688866	7000.0	4	4000.0	0.7038	63.0836	1.75	65.53739999999999
1748533	8000.0	4	4000.0	0.8038	65.5374	2.0	68.3412
1701212	8000.0	4	4000.0	0.8038	68.3412	2.0	71.145
1772467	9000.0	4	4000.0	0.9038	71.145	2.25	74.2988
1827921	9000.0	4	4000.0	0.9038	74.2988	2.25	77.4526
1653021	8000.0	4	4000.0	0.8038	77.4526	2.0	80.2564
1701752	7000.0	4	4000.0	0.7038	80.2564	1.75	82.7102
1807240	10000.0	4	4000.0	1.0038	82.7102	2.5	86.214
1638188	9000.0	4	4000.0	0.9038	86.214	2.25	89.3678
1641608	4000.0	4	4000.0	0.4038	89.3678	1.0	90.7716
1750624	5000.0	4	4000.0	0.5038	90.7716	1.25	92.5254
1650469	8000.0	4	4000.0	0.8038	92.5254	2.0	95.3292
1649209	13000.0	4	4000.0	1.3038	95.3292	3.25	99.883
1744991	6000.0	4	4000.0	0.6038	99.883	1.5	101.9868
1807203	7000.0	4	4000.0	0.7038	101.9868	1.75	104.4406
1653240	9000.0	4	4000.0	0.9038	104.4406	2.25	107.59440000000001
1751133	8000.0	4	4000.0	0.8038	107.5944	2.0	110.39819999999999
1818662	7000.0	4	4000.0	0.7038	110.3982	1.75	112.852
1665785	8000.0	4	4000.0	0.8038	112.852	2.0	115.6558
1682189	7000.0	4	4000.0	0.7038	115.6558	1.75	118.1096
1683945	11000.0	4	4000.0	1.1038	118.1096	2.75	121.96340000000001
1809216	11000.0	4	4000.0	1.1038	121.9634	2.75	125.8172
1718587	9000.0	4	4000.0	0.9038	125.8172	2.25	128.971
1641253	5000.0	4	4000.0	0.5038	128.971	1.25	130.72480000000002
1729467	11000.0	5	4000.0	1.1038	0	2.75	3.8537999999999997
1794205	12000.0	5	4000.0	1.2038	3.8538	3.0	8.0576
1720243	9000.0	5	4000.0	0.9038	8.0576	2.25	11.211400000000001
1644796	10000.0	5	4000.0	1.0038	11.2114	2.5	14.7152
1746124	10000.0	5	4000.0	1.0038	14.7152	2.5	18.219
1715964	8000.0	5	4000.0	0.8038	18.219	2.0	21.0228
1727907	9000.0	5	4000.0	0.9038	21.0228	2.25	24.1766
1802227	7000.0	5	4000.0	0.7038	24.1766	1.75	26.6304
1706516	8000.0	5	4000.0	0.8038	26.6304	2.0	29.4342
1732719	6000.0	5	4000.0	0.6038	29.4342	1.5	31.538
1758002	11000.0	5	4000.0	1.1038	31.538	2.75	35.3918
1772102	5000.0	5	4000.0	0.5038	35.3918	1.25	37.1456
1687679	13000.0	5	4000.0	1.3038	37.1456	3.25	41.699400000000004
1645850	9000.0	5	4000.0	0.9038	41.6994	2.25	44.853199999999994
1731392	10000.0	5	4000.0	1.0038	44.8532	2.5	48.357
1708147	9000.0	5	4000.0	0.9038	48.357	2.25	51.510799999999996
1697481	9000.0	5	4000.0	0.9038	51.5108	2.25	54.6646
1805780	8000.0	5	4000.0	0.8038	54.6646	2.0	57.4684
1832042	10000.0	5	4000.0	1.0038	57.4684	2.5	60.9722
1661000	8000.0	5	4000.0	0.8038	60.9722	2.0	63.776
1763769	7000.0	5	4000.0	0.7038	63.776	1.75	66.2298
1714793	6000.0	5	4000.0	0.6038	66.2298	1.5	68.3336
1672162	4000.0	5	4000.0	0.4038	68.3336	1.0	69.73740000000001
1789190	8000.0	5	4000.0	0.8038	69.7374	2.0	72.54119999999999
1721334	7000.0	5	4000.0	0.7038	72.5412	1.75	74.995
1690896	13000.0	5	4000.0	1.3038	74.995	3.25	79.5488
1780203	10000.0	5	4000.0	1.0038	79.5488	2.5	83.0526
1824873	7000.0	5	4000.0	0.7038	83.0526	1.75	85.5064
1809412	7000.0	5	4000.0	0.7038	85.5064	1.75	87.9602
1638447	9000.0	5	4000.0	0.9038	87.9602	2.25	91.114
1725139	7000.0	5	4000.0	0.7038	91.114	1.75	93.5678
1733177	8000.0	5	4000.0	0.8038	93.5678	2.0	96.3716
1811512	9000.0	5	4000.0	0.9038	96.3716	2.25	99.5254
1788421	7000.0	5	4000.0	0.7038	99.5254	1.75	101.9792
1704435	9000.0	5	4000.0	0.9038	101.9792	2.25	105.13300000000001
1695437	8000.0	5	4000.0	0.8038	105.133	2.0	107.93679999999999
1766956	8000.0	5	4000.0	0.8038	107.9368	2.0	110.7406
1752446	13000.0	5	4000.0	1.3038	110.7406	3.25	115.2944
1652894	7000.0	5	4000.0	0.7038	115.2944	1.75	117.7482
1826589	8000.0	6	5000.0	0.8038	0	1.6	2.4038
1847015	10000.0	6	5000.0	1.0038	2.4038	2.0	5.4076
1696117	8000.0	6	5000.0	0.8038	5.4076	1.6	7.811400000000001
1726095	9000.0	6	5000.0	0.9038	7.8114	1.8	10.5152
1700738	6000.0	6	5000.0	0.6038	10.5152	1.2	12.318999999999999
1652750	13000.0	6	5000.0	1.3038	12.319	2.6	16.222800000000003
1648295	9000.0	6	5000.0	0.9038	16.2228	1.8	18.9266
1773975	11000.0	6	5000.0	1.1038	18.9266	2.2	22.2304
1736327	8000.0	6	5000.0	0.8038	22.2304	1.6	24.6342
1666134	11000.0	6	5000.0	1.1038	24.6342	2.2	27.938
1828806	10000.0	6	5000.0	1.0038	27.938	2.0	30.9418
1679044	7000.0	6	5000.0	0.7038	30.9418	1.4	33.0456
1847765	9000.0	6	5000.0	0.9038	33.0456	1.8	35.749399999999994
1713708	8000.0	6	5000.0	0.8038	35.7494	1.6	38.153200000000005
1771364	12000.0	6	5000.0	1.2038	38.1532	2.4	41.757
1795416	11000.0	6	5000.0	1.1038	41.757	2.2	45.0608
1843759	8000.0	6	5000.0	0.8038	45.0608	1.6	47.464600000000004
1799430	8000.0	6	5000.0	0.8038	47.4646	1.6	49.8684
1777023	13000.0	6	5000.0	1.3038	49.8684	2.6	53.772200000000005
1707460	5000.0	6	5000.0	0.5038	53.7722	1.0	55.275999999999996
1760102	7000.0	6	5000.0	0.7038	55.276	1.4	57.3798
1753623	8000.0	6	5000.0	0.8038	57.3798	1.6	59.78360000000001
1712876	7000.0	6	5000.0	0.7038	59.7836	1.4	61.8874
1758729	7000.0	6	5000.0	0.7038	61.8874	1.4	63.9912
1817812	7000.0	6	5000.0	0.7038	63.9912	1.4	66.095
1691565	8000.0	6	5000.0	0.8038	66.095	1.6	68.49879999999999
1649969	8000.0	6	5000.0	0.8038	68.4988	1.6	70.90259999999999
1709427	13000.0	6	5000.0	1.3038	70.9026	2.6	74.8064
1671819	9000.0	6	5000.0	0.9038	74.8064	1.8	77.5102
1818639	9000.0	6	5000.0	0.9038	77.5102	1.8	80.214
1750309	8000.0	6	5000.0	0.8038	80.214	1.6	82.61779999999999
1811488	14000.0	6	5000.0	1.4038	82.6178	2.8	86.8216
1670788	7000.0	6	5000.0	0.7038	86.8216	1.4	88.92540000000001
1655723	8000.0	6	5000.0	0.8038	88.9254	1.6	91.32919999999999
1755416	8000.0	6	5000.0	0.8038	91.3292	1.6	93.73299999999999
1710788	6000.0	6	5000.0	0.6038	93.733	1.2	95.53680000000001
1666494	7000.0	6	5000.0	0.7038	95.5368	1.4	97.6406
1666807	8000.0	6	5000.0	0.8038	97.6406	1.6	100.0444
1710541	8000.0	6	5000.0	0.8038	100.0444	1.6	102.44819999999999
1753062	8000.0	7	5000.0	0.8038	0	1.6	2.4038
1689114	11000.0	7	5000.0	1.1038	2.4038	2.2	5.7076
1728607	6000.0	7	5000.0	0.6038	5.7076	1.2	7.5114
1781396	9000.0	7	5000.0	0.9038	7.5114	1.8	10.215200000000001
1816943	6000.0	7	5000.0	0.6038	10.2152	1.2	12.018999999999998
1647829	8000.0	7	5000.0	0.8038	12.019	1.6	14.4228
1727826	7000.0	7	5000.0	0.7038	14.4228	1.4	16.5266
1796568	10000.0	7	5000.0	1.0038	16.5266	2.0	19.5304
1831115	8000.0	7	5000.0	0.8038	19.5304	1.6	21.9342
1843386	9000.0	7	5000.0	0.9038	21.9342	1.8	24.638
1646375	7000.0	7	5000.0	0.7038	24.638	1.4	26.7418
1739011	11000.0	7	5000.0	1.1038	26.7418	2.2	30.0456
1848066	9000.0	7	5000.0	0.9038	30.0456	1.8	32.7494
1784430	8000.0	7	5000.0	0.8038	32.7494	1.6	35.153200000000005
1692504	7000.0	7	5000.0	0.7038	35.1532	1.4	37.257
1654593	8000.0	7	5000.0	0.8038	37.257	1.6	39.6608
1728252	9000.0	7	5000.0	0.9038	39.6608	1.8	42.364599999999996
1832352	7000.0	7	5000.0	0.7038	42.3646	1.4	44.4684
1719962	14000.0	7	5000.0	1.4038	44.4684	2.8	48.6722
1848542	8000.0	7	5000.0	0.8038	48.6722	1.6	51.076
1688594	11000.0	7	5000.0	1.1038	51.076	2.2	54.3798
1772345	5000.0	7	5000.0	0.5038	54.3798	1.0	55.8836
1777791	10000.0	7	5000.0	1.0038	55.8836	2.0	58.8874
1780424	10000.0	7	5000.0	1.0038	58.8874	2.0	61.8912
1837551	7000.0	7	5000.0	0.7038	61.8912	1.4	63.995
1823095	8000.0	7	5000.0	0.8038	63.995	1.6	66.3988
1794951	8000.0	7	5000.0	0.8038	66.3988	1.6	68.80259999999998
1796145	9000.0	7	5000.0	0.9038	68.8026	1.8	71.5064
1671864	7000.0	7	5000.0	0.7038	71.5064	1.4	73.6102
1775621	8000.0	7	5000.0	0.8038	73.6102	1.6	76.014
1779554	11000.0	7	5000.0	1.1038	76.014	2.2	79.3178
1766857	10000.0	7	5000.0	1.0038	79.3178	2.0	82.3216
1849453	8000.0	7	5000.0	0.8038	82.3216	1.6	84.7254
1641124	8000.0	7	5000.0	0.8038	84.7254	1.6	87.12919999999998
1788207	10000.0	7	5000.0	1.0038	87.1292	2.0	90.133
1710845	6000.0	7	5000.0	0.6038	90.133	1.2	91.9368
1663788	8000.0	7	5000.0	0.8038	91.9368	1.6	94.3406
1846489	13000.0	7	5000.0	1.3038	94.3406	2.6	98.24439999999998
1749010	9000.0	8	5000.0	0.9067	0	1.8	2.7067
1731973	11000.0	8	5000.0	1.1067	2.7067	2.2	6.013400000000001
1712235	8000.0	8	5000.0	0.8067	6.0134	1.6	8.4201
1847008	3000.0	8	5000.0	0.3067	8.4201	0.6	9.326799999999999
1728575	9000.0	8	5000.0	0.9067	9.3268	1.8	12.033500000000002
1675422	13000.0	8	5000.0	1.3067	12.0335	2.6	15.940199999999999
1657596	6000.0	8	5000.0	0.6067	15.9402	1.2	17.7469
1678833	8000.0	8	5000.0	0.8067	17.7469	1.6	20.1536
1816523	7000.0	8	5000.0	0.7067	20.1536	1.4	22.2603
1693726	10000.0	8	5000.0	1.0067	22.2603	2.0	25.267
1755986	9000.0	8	5000.0	0.9067	25.267	1.8	27.9737
1770629	9000.0	8	5000.0	0.9067	27.9737	1.8	30.680400000000002
1760503	10000.0	8	5000.0	1.0067	30.6804	2.0	33.6871
1800123	7000.0	8	5000.0	0.7067	33.6871	1.4	35.7938
1791772	8000.0	8	5000.0	0.8067	35.7938	1.6	38.2005
1808022	13000.0	8	5000.0	1.3067	38.2005	2.6	42.1072
1829851	9000.0	8	5000.0	0.9067	42.1072	1.8	44.8139
1738941	13000.0	8	5000.0	1.3067	44.8139	2.6	48.7206
1801679	4000.0	8	5000.0	0.4067	48.7206	0.8	49.927299999999995
1770178	8000.0	8	5000.0	0.8067	49.9273	1.6	52.334
1847631	10000.0	8	5000.0	1.0067	52.334	2.0	55.340700000000005
1760733	11000.0	8	5000.0	1.1067	55.3407	2.2	58.647400000000005
1697404	7000.0	8	5000.0	0.7067	58.6474	1.4	60.754099999999994
1736903	8000.0	8	5000.0	0.8067	60.7541	1.6	63.1608
1818767	7000.0	8	5000.0	0.7067	63.1608	1.4	65.2675
1683273	6000.0	8	5000.0	0.6067	65.2675	1.2	67.0742
1658863	8000.0	8	5000.0	0.8067	67.0742	1.6	69.4809
1657784	9000.0	8	5000.0	0.9067	69.4809	1.8	72.1876
1705055	18000.0	8	5000.0	1.8067	72.1876	3.6	77.5943
1851143	8000.0	8	5000.0	0.8067	77.5943	1.6	80.001
1721882	8000.0	8	5000.0	0.8067	80.001	1.6	82.4077
1682246	11000.0	8	5000.0	1.1067	82.4077	2.2	85.71440000000001
1682403	11000.0	8	5000.0	1.1067	85.7144	2.2	89.0211
1655546	14000.0	8	5000.0	1.4067	89.0211	2.8	93.2278
1751688	8000.0	8	5000.0	0.8067	93.2278	1.6	95.6345
1653415	8000.0	8	5000.0	0.8067	95.6345	1.6	98.0412
1790148	12000.0	8	5000.0	1.2067	98.0412	2.4	101.6479
1780002	8000.0	8	5000.0	0.8067	101.6479	1.6	104.05460000000001
1741145	7000.0	8	5000.0	0.7067	104.0546	1.4	106.1613
1710691	8000.0	8	5000.0	0.8067	106.1613	1.6	108.568
1767407	10000.0	8	5000.0	1.0067	108.568	2.0	111.57469999999999
1752557	9000.0	8	5000.0	0.9067	111.5747	1.8	114.2814
1836718	7000.0	8	5000.0	0.7067	114.2814	1.4	116.38810000000001
1672251	8000.0	8	5000.0	0.8067	116.3881	1.6	118.7948
1731191	8000.0	8	5000.0	0.8067	118.7948	1.6	121.2015
1766943	11000.0	8	5000.0	1.1067	121.2015	2.2	124.5082
1833237	12000.0	9	6000.0	1.2067	0	2.0	3.2067
1806362	9000.0	9	6000.0	0.9067	3.2067	1.5	5.6134
1736157	12000.0	9	6000.0	1.2067	5.6134	2.0	8.8201
1737957	9000.0	9	6000.0	0.9067	8.8201	1.5	11.2268
1644057	9000.0	9	6000.0	0.9067	11.2268	1.5	13.633500000000002
1674462	9000.0	9	6000.0	0.9067	13.6335	1.5	16.0402
1807797	8000.0	9	6000.0	0.8067	16.0402	1.3333	18.1802
1725761	7000.0	9	6000.0	0.7067	18.1802	1.1667	20.0536
1754530	9000.0	9	6000.0	0.9067	20.0536	1.5	22.4603
1647905	8000.0	9	6000.0	0.8067	22.4603	1.3333	24.6003
1830738	8000.0	9	6000.0	0.8067	24.6003	1.3333	26.7403
1730138	7000.0	9	6000.0	0.7067	26.7403	1.1667	28.6137
1807999	8000.0	9	6000.0	0.8067	28.6137	1.3333	30.753700000000002
1715210	5000.0	9	6000.0	0.5067	30.7537	0.8333	32.0937
1769551	9000.0	9	6000.0	0.9067	32.0937	1.5	34.5004
1821702	6000.0	9	6000.0	0.6067	34.5004	1.0	36.1071
1732479	7000.0	9	6000.0	0.7067	36.1071	1.1667	37.9805
1680638	7000.0	9	6000.0	0.7067	37.9805	1.1667	39.853899999999996
1848418	8000.0	9	6000.0	0.8067	39.8539	1.3333	41.993900000000004
1649508	9000.0	9	6000.0	0.9067	41.9939	1.5	44.4006
1788919	11000.0	9	6000.0	1.1067	44.4006	1.8333	47.3406
1653661	14000.0	9	6000.0	1.4067	47.3406	2.3333	51.080600000000004
1766807	8000.0	9	6000.0	0.8067	51.0806	1.3333	53.2206
1802590	7000.0	9	6000.0	0.7067	53.2206	1.1667	55.093999999999994
1717804	8000.0	9	6000.0	0.8067	55.094	1.3333	57.234
1642234	15000.0	9	6000.0	1.5067	57.234	2.5	61.240700000000004
1800505	5000.0	9	6000.0	0.5067	61.2407	0.8333	62.5807
1637696	8000.0	9	6000.0	0.8067	62.5807	1.3333	64.7207
1794798	10000.0	9	6000.0	1.0067	64.7207	1.6667	67.3941
1803246	6000.0	9	6000.0	0.6067	67.3941	1.0	69.0008
1682901	8000.0	9	6000.0	0.8067	69.0008	1.3333	71.1408
1799313	8000.0	9	6000.0	0.8067	71.1408	1.3333	73.2808
1664472	12000.0	9	6000.0	1.2067	73.2808	2.0	76.4875
1742022	11000.0	9	6000.0	1.1067	76.4875	1.8333	79.4275
1659142	13000.0	9	6000.0	1.3067	79.4275	2.1667	82.90090000000001
1792568	13000.0	9	6000.0	1.3067	82.9009	2.1667	86.3743
1787889	11000.0	9	6000.0	1.1067	86.3743	1.8333	89.3143
1677419	6000.0	9	6000.0	0.6067	89.3143	1.0	90.921
1664056	8000.0	9	6000.0	0.8067	90.921	1.3333	93.061
1663670	10000.0	9	6000.0	1.0067	93.061	1.6667	95.73440000000001
1817594	5000.0	9	6000.0	0.5067	95.7344	0.8333	97.07439999999998
1638512	10000.0	9	6000.0	1.0067	97.0744	1.6667	99.7478
1812270	8000.0	9	6000.0	0.8067	99.7478	1.3333	101.8878
1715241	11000.0	10	6000.0	1.1067	0	1.8333	2.94
1798976	12000.0	10	6000.0	1.2067	2.94	2.0	6.1467
1812542	8000.0	10	6000.0	0.8067	6.1467	1.3333	8.2867
1655774	9000.0	10	6000.0	0.9067	8.2867	1.5	10.6934
1787174	9000.0	10	6000.0	0.9067	10.6934	1.5	13.100100000000001
1672456	7000.0	10	6000.0	0.7067	13.1001	1.1667	14.9735
1722700	8000.0	10	6000.0	0.8067	14.9735	1.3333	17.1135
1726704	9000.0	10	6000.0	0.9067	17.1135	1.5	19.5202
1754494	7000.0	10	6000.0	0.7067	19.5202	1.1667	21.3936
1834482	10000.0	10	6000.0	1.0067	21.3936	1.6667	24.066999999999997
1727814	7000.0	10	6000.0	0.7067	24.067	1.1667	25.9404
1655782	8000.0	10	6000.0	0.8067	25.9404	1.3333	28.0804
1834296	8000.0	10	6000.0	0.8067	28.0804	1.3333	30.2204
1822050	9000.0	10	6000.0	0.9067	30.2204	1.5	32.6271
1719551	5000.0	10	6000.0	0.5067	32.6271	0.8333	33.9671
1645745	9000.0	10	6000.0	0.9067	33.9671	1.5	36.3738
1757697	12000.0	10	6000.0	1.2067	36.3738	2.0	39.5805
1784932	9000.0	10	6000.0	0.9067	39.5805	1.5	41.9872
1697072	8000.0	10	6000.0	0.8067	41.9872	1.3333	44.1272
1656995	10000.0	10	6000.0	1.0067	44.1272	1.6667	46.8006
1829512	8000.0	10	6000.0	0.8067	46.8006	1.3333	48.9406
1814492	7000.0	10	6000.0	0.7067	48.9406	1.1667	50.814
1757917	8000.0	10	6000.0	0.8067	50.814	1.3333	52.954
1815984	6000.0	10	6000.0	0.6067	52.954	1.0	54.5607
1793337	11000.0	10	6000.0	1.1067	54.5607	1.8333	57.5007
1686188	13000.0	10	6000.0	1.3067	57.5007	2.1667	60.9741
1708065	6000.0	10	6000.0	0.6067	60.9741	1.0	62.580799999999996
1698197	9000.0	10	6000.0	0.9067	62.5808	1.5	64.98750000000001
1755123	14000.0	10	6000.0	1.4067	64.9875	2.3333	68.72749999999999
1678295	10000.0	10	6000.0	1.0067	68.7275	1.6667	71.40090000000001
1751678	7000.0	10	6000.0	0.7067	71.4009	1.1667	73.2743
1667296	7000.0	10	6000.0	0.7067	73.2743	1.1667	75.1477
1702184	7000.0	10	6000.0	0.7067	75.1477	1.1667	77.0211
1667830	9000.0	10	6000.0	0.9067	77.0211	1.5	79.4278
1823793	11000.0	10	6000.0	1.1067	79.4278	1.8333	82.3678
1775604	7000.0	10	6000.0	0.7067	82.3678	1.1667	84.2412
1818123	8000.0	10	6000.0	0.8067	84.2412	1.3333	86.3812
1658683	8000.0	10	6000.0	0.8067	86.3812	1.3333	88.52120000000001
1844664	12000.0	10	6000.0	1.2067	88.5212	2.0	91.72789999999999
1741075	8000.0	10	6000.0	0.8067	91.7279	1.3333	93.8679
1703405	14000.0	10	6000.0	1.4067	93.8679	2.3333	97.6079
1761671	9000.0	10	6000.0	0.9067	97.6079	1.5	100.0146
1752500	14000.0	10	6000.0	1.4067	100.0146	2.3333	103.7546
1743087	13000.0	10	6000.0	1.3067	103.7546	2.1667	107.22800000000001
1727500	8000.0	10	6000.0	0.8067	107.228	1.3333	109.368
1761758	11000.0	10	6000.0	1.1067	109.368	1.8333	112.30799999999999
1674315	8000.0	10	6000.0	0.8067	112.308	1.3333	114.44800000000001
1729941	6000.0	11	6000.0	0.6067	0	1.0	1.6067
1821927	8000.0	11	6000.0	0.8067	1.6067	1.3333	3.7467
1670222	8000.0	11	6000.0	0.8067	3.7467	1.3333	5.886699999999999
1644995	12000.0	11	6000.0	1.2067	5.8867	2.0	9.0934
1782193	7000.0	11	6000.0	0.7067	9.0934	1.1667	10.966800000000001
1647303	8000.0	11	6000.0	0.8067	10.9668	1.3333	13.106799999999998
1695916	8000.0	11	6000.0	0.8067	13.1068	1.3333	15.246799999999999
1745570	7000.0	11	6000.0	0.7067	15.2468	1.1667	17.1202
1684737	8000.0	11	6000.0	0.8067	17.1202	1.3333	19.2602
1669394	8000.0	11	6000.0	0.8067	19.2602	1.3333	21.4002
1635890	8000.0	11	6000.0	0.8067	21.4002	1.3333	23.540200000000002
1812328	10000.0	11	6000.0	1.0067	23.5402	1.6667	26.213599999999996
1786788	12000.0	11	6000.0	1.2067	26.2136	2.0	29.4203
1812678	7000.0	11	6000.0	0.7067	29.4203	1.1667	31.2937
1711812	10000.0	11	6000.0	1.0067	31.2937	1.6667	33.9671
1697920	9000.0	11	6000.0	0.9067	33.9671	1.5	36.3738
1800768	10000.0	11	6000.0	1.0067	36.3738	1.6667	39.047200000000004
1797595	6000.0	11	6000.0	0.6067	39.0472	1.0	40.65389999999999
1675663	9000.0	11	6000.0	0.9067	40.6539	1.5	43.0606
1771436	9000.0	11	6000.0	0.9067	43.0606	1.5	45.4673
1675751	8000.0	11	6000.0	0.8067	45.4673	1.3333	47.6073
1819881	7000.0	11	6000.0	0.7067	47.6073	1.1667	49.4807
1715194	8000.0	11	6000.0	0.8067	49.4807	1.3333	51.6207
1827439	9000.0	11	6000.0	0.9067	51.6207	1.5	54.0274
1793614	8000.0	11	6000.0	0.8067	54.0274	1.3333	56.1674
1772358	4000.0	11	6000.0	0.4067	56.1674	0.6667	57.2408
1645552	8000.0	11	6000.0	0.8067	57.2408	1.3333	59.3808
1769897	10000.0	11	6000.0	1.0067	59.3808	1.6667	62.0542
1848424	7000.0	11	6000.0	0.7067	62.0542	1.1667	63.9276
1652001	6000.0	11	6000.0	0.6067	63.9276	1.0	65.5343
1746626	8000.0	11	6000.0	0.8067	65.5343	1.3333	67.6743
1841554	7000.0	11	6000.0	0.7067	67.6743	1.1667	69.5477
1840360	10000.0	11	6000.0	1.0067	69.5477	1.6667	72.2211
1837346	8000.0	11	6000.0	0.8067	72.2211	1.3333	74.36110000000001
1760397	12000.0	11	6000.0	1.2067	74.3611	2.0	77.56779999999999
1849945	9000.0	11	6000.0	0.9067	77.5678	1.5	79.9745
1788903	10000.0	11	6000.0	1.0067	79.9745	1.6667	82.6479
1641320	9000.0	11	6000.0	0.9067	82.6479	1.5	85.05460000000001
1716962	8000.0	11	6000.0	0.8067	85.0546	1.3333	87.1946
1837098	8000.0	11	6000.0	0.8067	87.1946	1.3333	89.3346
1750613	12000.0	11	6000.0	1.2067	89.3346	2.0	92.54129999999999
1779718	7000.0	11	6000.0	0.7067	92.5413	1.1667	94.41470000000001
1702052	7000.0	11	6000.0	0.7067	94.4147	1.1667	96.2881
1657835	8000.0	11	6000.0	0.8067	96.2881	1.3333	98.4281
1664580	7000.0	11	6000.0	0.7067	98.4281	1.1667	100.3015
1662636	13000.0	11	6000.0	1.3067	100.3015	2.1667	103.77490000000002
1664566	8000.0	11	6000.0	0.8067	103.7749	1.3333	105.9149
1823779	6000.0	11	6000.0	0.6067	105.9149	1.0	107.5216
1736982	12000.0	11	6000.0	1.2067	107.5216	2.0	110.7283
1823158	7000.0	11	6000.0	0.7067	110.7283	1.1667	112.60170000000001
1800088	10000.0	11	6000.0	1.0067	112.6017	1.6667	115.2751
1849734	11000.0	11	6000.0	1.1067	115.2751	1.8333	118.21509999999999
1671174	9000.0	11	6000.0	0.9067	118.2151	1.5	120.62180000000001
1681740	15000.0	11	6000.0	1.5067	120.6218	2.5	124.62849999999999
1700167	9000.0	11	6000.0	0.9067	124.6285	1.5	127.0352
1659832	6000.0	11	6000.0	0.6067	127.0352	1.0	128.64190000000002
1715273	7000.0	12	6000.0	0.7	0	1.1667	1.8667
1661529	10000.0	12	6000.0	1.0	1.8667	1.6667	4.5334
1645063	7000.0	12	6000.0	0.7	4.5334	1.1667	6.4001
1672585	9000.0	12	6000.0	0.9	6.4001	1.5	8.8001
1769131	9000.0	12	6000.0	0.9	8.8001	1.5	11.2001
1651752	8000.0	12	6000.0	0.8	11.2001	1.3333	13.333400000000001
1670159	8000.0	12	6000.0	0.8	13.3334	1.3333	15.4667
1679485	7000.0	12	6000.0	0.7	15.4667	1.1667	17.333399999999997
1749377	7000.0	12	6000.0	0.7	17.3334	1.1667	19.2001
1834591	12000.0	12	6000.0	1.2	19.2001	2.0	22.4001
1635873	9000.0	12	6000.0	0.9	22.4001	1.5	24.800099999999997
1636077	6000.0	12	6000.0	0.6	24.8001	1.0	26.400100000000002
1655799	5000.0	12	6000.0	0.5	26.4001	0.8333	27.7334
1740438	14000.0	12	6000.0	1.4	27.7334	2.3333	31.4667
1792086	8000.0	12	6000.0	0.8	31.4667	1.3333	33.6
1688432	10000.0	12	6000.0	1.0	33.6	1.6667	36.2667
1798437	8000.0	12	6000.0	0.8	36.2667	1.3333	38.4
1771028	7000.0	12	6000.0	0.7	38.4	1.1667	40.2667
1661171	8000.0	12	6000.0	0.8	40.2667	1.3333	42.4
1820662	6000.0	12	6000.0	0.6	42.4	1.0	44.0
1726363	4000.0	12	6000.0	0.4	44.0	0.6667	45.0667
1653997	8000.0	12	6000.0	0.8	45.0667	1.3333	47.199999999999996
1821525	8000.0	12	6000.0	0.8	47.2	1.3333	49.3333
1670076	6000.0	12	6000.0	0.6	49.3333	1.0	50.9333
1746517	9000.0	12	6000.0	0.9	50.9333	1.5	53.3333
1803830	8000.0	12	6000.0	0.8	53.3333	1.3333	55.4666
1680547	8000.0	12	6000.0	0.8	55.4666	1.3333	57.5999
1772318	9000.0	12	6000.0	0.9	57.5999	1.5	59.9999
1793549	10000.0	12	6000.0	1.0	59.9999	1.6667	62.666599999999995
1727285	7000.0	12	6000.0	0.7	62.6666	1.1667	64.53330000000001
1758643	9000.0	12	6000.0	0.9	64.5333	1.5	66.9333
1649342	6000.0	12	6000.0	0.6	66.9333	1.0	68.5333
1736887	7000.0	12	6000.0	0.7	68.5333	1.1667	70.4
1676808	7000.0	12	6000.0	0.7	70.4	1.1667	72.26670000000001
1741397	8000.0	12	6000.0	0.8	72.2667	1.3333	74.39999999999999
1749787	8000.0	12	6000.0	0.8	74.4	1.3333	76.5333
1671662	9000.0	12	6000.0	0.9	76.5333	1.5	78.9333
1752315	5000.0	12	6000.0	0.5	78.9333	0.8333	80.2666
1837978	6000.0	12	6000.0	0.6	80.2666	1.0	81.86659999999999
1717771	10000.0	12	6000.0	1.0	81.8666	1.6667	84.53330000000001
1818609	10000.0	12	6000.0	1.0	84.5333	1.6667	87.2
1838303	8000.0	12	6000.0	0.8	87.2	1.3333	89.3333
1823976	8000.0	12	6000.0	0.8	89.3333	1.3333	91.46659999999999
1765066	10000.0	12	6000.0	1.0	91.4666	1.6667	94.1333
1659139	5000.0	12	6000.0	0.5	94.1333	0.8333	95.4666
1751360	8000.0	12	6000.0	0.8	95.4666	1.3333	97.59989999999999
1725416	10000.0	12	6000.0	1.0	97.5999	1.6667	100.26660000000001
1766868	8000.0	12	6000.0	0.8	100.2666	1.3333	102.39989999999999
1641122	7000.0	12	6000.0	0.7	102.3999	1.1667	104.26660000000001
1759423	12000.0	12	6000.0	1.2	104.2666	2.0	107.4666
1664988	8000.0	12	6000.0	0.8	107.4666	1.3333	109.59989999999999
1841079	10000.0	12	6000.0	1.0	109.5999	1.6667	112.26660000000001
1666554	9000.0	12	6000.0	0.9	112.2666	1.5	114.6666
1840980	10000.0	12	6000.0	1.0	114.6666	1.6667	117.33330000000001
1792385	9000.0	12	6000.0	0.9	117.3333	1.5	119.7333
1754678	7000.0	12	6000.0	0.7	119.7333	1.1667	121.60000000000001
1665560	7000.0	13	8000.0	0.7	0	0.875	1.575
1652675	7000.0	13	8000.0	0.7	1.575	0.875	3.15
1746166	5000.0	13	8000.0	0.5	3.15	0.625	4.275
1842523	11000.0	13	8000.0	1.1	4.275	1.375	6.75
1725882	10000.0	13	8000.0	1.0	6.75	1.25	9.0
1651308	9000.0	13	8000.0	0.9	9.0	1.125	11.025
1651122	14000.0	13	8000.0	1.4	11.025	1.75	14.175
1799796	11000.0	13	8000.0	1.1	14.175	1.375	16.65
1757551	9000.0	13	8000.0	0.9	16.65	1.125	18.674999999999997
1758212	12000.0	13	8000.0	1.2	18.675	1.5	21.375
1770644	7000.0	13	8000.0	0.7	21.375	0.875	22.95
1706552	8000.0	13	8000.0	0.8	22.95	1.0	24.75
1757815	13000.0	13	8000.0	1.3	24.75	1.625	27.675
1830193	7000.0	13	8000.0	0.7	27.675	0.875	29.25
1771091	8000.0	13	8000.0	0.8	29.25	1.0	31.05
1713611	12000.0	13	8000.0	1.2	31.05	1.5	33.75
1843674	10000.0	13	8000.0	1.0	33.75	1.25	36.0
1815114	8000.0	13	8000.0	0.8	36.0	1.0	37.8
1654383	7000.0	13	8000.0	0.7	37.8	0.875	39.375
1843841	9000.0	13	8000.0	0.9	39.375	1.125	41.4
1777063	9000.0	13	8000.0	0.9	41.4	1.125	43.425
1701487	7000.0	13	8000.0	0.7	43.425	0.875	45.0
1764116	8000.0	13	8000.0	0.8	45.0	1.0	46.8
1769849	8000.0	13	8000.0	0.8	46.8	1.0	48.599999999999994
1685583	8000.0	13	8000.0	0.8	48.6	1.0	50.4
1799873	12000.0	13	8000.0	1.2	50.4	1.5	53.1
1701205	10000.0	13	8000.0	1.0	53.1	1.25	55.35
1851070	9000.0	13	8000.0	0.9	55.35	1.125	57.375
1741535	11000.0	13	8000.0	1.1	57.375	1.375	59.85
1641478	10000.0	13	8000.0	1.0	59.85	1.25	62.1
1725371	9000.0	13	8000.0	0.9	62.1	1.125	64.125
1824788	11000.0	13	8000.0	1.1	64.125	1.375	66.6
1824651	9000.0	13	8000.0	0.9	66.6	1.125	68.625
1775617	7000.0	13	8000.0	0.7	68.625	0.875	70.2
1789470	9000.0	13	8000.0	0.9	70.2	1.125	72.22500000000001
1683064	9000.0	13	8000.0	0.9	72.225	1.125	74.25
1809954	8000.0	13	8000.0	0.8	74.25	1.0	76.05
1721000	5000.0	13	8000.0	0.5	76.05	0.625	77.175
1788471	8000.0	13	8000.0	0.8	77.175	1.0	78.975
1700213	8000.0	13	8000.0	0.8	78.975	1.0	80.77499999999999
1702605	6000.0	13	8000.0	0.6	80.775	0.75	82.125
1790471	11000.0	13	8000.0	1.1	82.125	1.375	84.6
1666775	9000.0	13	8000.0	0.9	84.6	1.125	86.625
1664940	7000.0	13	8000.0	0.7	86.625	0.875	88.2
1690363	10000.0	13	8000.0	1.0	88.2	1.25	90.45
1773178	7000.0	14	12000.0	0.7	0	0.5833	1.2833
1753261	8000.0	14	12000.0	0.8	1.2833	0.6667	2.7500000000000004
1848791	9000.0	14	12000.0	0.9	2.75	0.75	4.4
1696144	7000.0	14	12000.0	0.7	4.4	0.5833	5.683300000000001
1651287	7000.0	14	12000.0	0.7	5.6833	0.5833	6.966600000000001
1764454	7000.0	14	12000.0	0.7	6.9666	0.5833	8.2499
1720639	10000.0	14	12000.0	1.0	8.2499	0.8333	10.0832
1803000	7000.0	14	12000.0	0.7	10.0832	0.5833	11.366499999999998
1697836	10000.0	14	12000.0	1.0	11.3665	0.8333	13.1998
1693701	10000.0	14	12000.0	1.0	13.1998	0.8333	15.0331
1763485	6000.0	14	12000.0	0.6	15.0331	0.5	16.1331
1703307	9000.0	14	12000.0	0.9	16.1331	0.75	17.783099999999997
1763748	13000.0	14	12000.0	1.3	17.7831	1.0833	20.166400000000003
1701388	8000.0	14	12000.0	0.8	20.1664	0.6667	21.6331
1661115	9000.0	14	12000.0	0.9	21.6331	0.75	23.283099999999997
1670117	7000.0	14	12000.0	0.7	23.2831	0.5833	24.5664
1762940	8000.0	14	12000.0	0.8	24.5664	0.6667	26.0331
1831847	7000.0	14	12000.0	0.7	26.0331	0.5833	27.3164
1729083	10000.0	14	12000.0	1.0	27.3164	0.8333	29.149700000000003
1813798	8000.0	14	12000.0	0.8	29.1497	0.6667	30.6164
1742727	9000.0	14	12000.0	0.9	30.6164	0.75	32.2664
1660818	10000.0	14	12000.0	1.0	32.2664	0.8333	34.0997
1737390	12000.0	14	12000.0	1.2	34.0997	1.0	36.2997
1797361	8000.0	14	12000.0	0.8	36.2997	0.6667	37.7664
1650487	6000.0	14	12000.0	0.6	37.7664	0.5	38.8664
1660962	10000.0	14	12000.0	1.0	38.8664	0.8333	40.6997
1840401	8000.0	14	12000.0	0.8	40.6997	0.6667	42.166399999999996
1809901	7000.0	14	12000.0	0.7	42.1664	0.5833	43.44970000000001
1717963	8000.0	14	12000.0	0.8	43.4497	0.6667	44.916399999999996
1717549	8000.0	14	12000.0	0.8	44.9164	0.6667	46.3831
1839887	7000.0	14	12000.0	0.7	46.3831	0.5833	47.6664
1657379	12000.0	14	12000.0	1.2	47.6664	1.0	49.866400000000006
1729840	7000.0	14	12000.0	0.7	49.8664	0.5833	51.1497
1817383	10000.0	14	12000.0	1.0	51.1497	0.8333	52.983000000000004
1658468	9000.0	14	12000.0	0.9	52.983	0.75	54.632999999999996
1725598	9000.0	14	12000.0	0.9	54.633	0.75	56.283
1704431	16000.0	14	12000.0	1.6	56.283	1.3333	59.216300000000004
1666440	14000.0	14	12000.0	1.4	59.2163	1.1667	61.782999999999994
1724471	5000.0	14	12000.0	0.5	61.783	0.4167	62.6997
1722465	9000.0	14	12000.0	0.9	62.6997	0.75	64.3497
1652857	8000.0	14	12000.0	0.8	64.3497	0.6667	65.8164
1732348	7000.0	14	12000.0	0.7	65.8164	0.5833	67.0997
1703459	4000.0	14	12000.0	0.4	67.0997	0.3333	67.833
1720891	7000.0	14	12000.0	0.7	67.833	0.5833	69.1163
1704494	9000.0	14	12000.0	0.9	69.1163	0.75	70.7663
1638575	7000.0	14	12000.0	0.7	70.7663	0.5833	72.0496
1842391	11000.0	15	16000.0	1.1	0	0.6875	1.7875
1654755	6000.0	15	16000.0	0.6	1.7875	0.375	2.7625
1797179	7000.0	15	16000.0	0.7	2.7625	0.4375	3.9000000000000004
1728845	9000.0	15	16000.0	0.9	3.9	0.5625	5.3625
1720015	7000.0	15	16000.0	0.7	5.3625	0.4375	6.5
1787211	8000.0	15	16000.0	0.8	6.5	0.5	7.8
1705526	9000.0	15	16000.0	0.9	7.8	0.5625	9.2625
1825817	9000.0	15	16000.0	0.9	9.2625	0.5625	10.725
1841392	6000.0	15	16000.0	0.6	10.725	0.375	11.7
1833943	7000.0	15	16000.0	0.7	11.7	0.4375	12.837499999999999
1689412	7000.0	15	16000.0	0.7	12.8375	0.4375	13.975
1689336	7000.0	15	16000.0	0.7	13.975	0.4375	15.112499999999999
1749316	8000.0	15	16000.0	0.8	15.1125	0.5	16.4125
1644361	6000.0	15	16000.0	0.6	16.4125	0.375	17.387500000000003
1686860	11000.0	15	16000.0	1.1	17.3875	0.6875	19.175
1726159	7000.0	15	16000.0	0.7	19.175	0.4375	20.3125
1735830	10000.0	15	16000.0	1.0	20.3125	0.625	21.9375
1713126	7000.0	15	16000.0	0.7	21.9375	0.4375	23.075
1687904	10000.0	15	16000.0	1.0	23.075	0.625	24.7
1783189	8000.0	15	16000.0	0.8	24.7	0.5	26.0
1817865	10000.0	15	16000.0	1.0	26.0	0.625	27.625
1641671	9000.0	15	16000.0	0.9	27.625	0.5625	29.0875
1807239	11000.0	15	16000.0	1.1	29.0875	0.6875	30.875
1836857	7000.0	15	16000.0	0.7	30.875	0.4375	32.0125
1805124	8000.0	15	16000.0	0.8	32.0125	0.5	33.3125
1690607	14000.0	15	16000.0	1.4	33.3125	0.875	35.5875
1762343	12000.0	15	16000.0	1.2	35.5875	0.75	37.5375
1754964	8000.0	15	16000.0	0.8	37.5375	0.5	38.8375
1735424	11000.0	15	16000.0	1.1	38.8375	0.6875	40.625
1795549	10000.0	15	16000.0	1.0	40.625	0.625	42.25
1730452	11000.0	15	16000.0	1.1	42.25	0.6875	44.0375
1823909	11000.0	15	16000.0	1.1	44.0375	0.6875	45.825
1655081	12000.0	15	16000.0	1.2	45.825	0.75	47.775000000000006
1836298	9000.0	15	16000.0	0.9	47.775	0.5625	49.2375
1733899	8000.0	15	16000.0	0.8	49.2375	0.5	50.537499999999994
1767667	11000.0	15	16000.0	1.1	50.5375	0.6875	52.325
1776579	10000.0	15	16000.0	1.0	52.325	0.625	53.95
1698303	6000.0	15	16000.0	0.6	53.95	0.375	54.925000000000004
1648769	8000.0	15	16000.0	0.8	54.925	0.5	56.224999999999994
1851275	8000.0	15	16000.0	0.8	56.225	0.5	57.525
1835952	14000.0	15	16000.0	1.4	57.525	0.875	59.8
1664070	6000.0	15	16000.0	0.6	59.8	0.375	60.775
1757409	9000.0	15	16000.0	0.9	60.775	0.5625	62.2375
1822586	8000.0	15	16000.0	0.8	62.2375	0.5	63.537499999999994
1812227	8000.0	15	16000.0	0.8	63.5375	0.5	64.8375
1699839	8000.0	15	16000.0	0.8	64.8375	0.5	66.1375
1773449	8000.0	16	18000.0	0.8058	0	0.4444	1.2502
1744354	8000.0	16	18000.0	0.8058	1.2502	0.4444	2.5004
1734576	6000.0	16	18000.0	0.6058	2.5004	0.3333	3.4395
1842325	12000.0	16	18000.0	1.2058	3.4395	0.6667	5.311999999999999
1764402	6000.0	16	18000.0	0.6058	5.312	0.3333	6.251100000000001
1781630	9000.0	16	18000.0	0.9058	6.2511	0.5	7.6569
1667542	10000.0	16	18000.0	1.0058	7.6569	0.5556	9.218300000000001
1808984	8000.0	16	18000.0	0.8058	9.2183	0.4444	10.468499999999999
1711434	12000.0	16	18000.0	1.2058	10.4685	0.6667	12.341000000000001
1799528	9000.0	16	18000.0	0.9058	12.341	0.5	13.746799999999999
1652695	8000.0	16	18000.0	0.8058	13.7468	0.4444	14.997
1673157	3000.0	16	18000.0	0.3058	14.997	0.1667	15.4695
1831151	13000.0	16	18000.0	1.3058	15.4695	0.7222	17.497500000000002
1796791	9000.0	16	18000.0	0.9058	17.4975	0.5	18.903299999999998
1753966	7000.0	16	18000.0	0.7058	18.9033	0.3889	19.998
1760204	6000.0	16	18000.0	0.6058	19.998	0.3333	20.9371
1843883	5000.0	16	18000.0	0.5058	20.9371	0.2778	21.7207
1687200	7000.0	16	18000.0	0.7058	21.7207	0.3889	22.8154
1760476	6000.0	16	18000.0	0.6058	22.8154	0.3333	23.7545
1815078	7000.0	16	18000.0	0.7058	23.7545	0.3889	24.8492
1813670	9000.0	16	18000.0	0.9058	24.8492	0.5	26.255
1678945	6000.0	16	18000.0	0.6058	26.255	0.3333	27.1941
1645114	10000.0	16	18000.0	1.0058	27.1941	0.5556	28.755499999999998
1640076	7000.0	16	18000.0	0.7058	28.7555	0.3889	29.8502
1656281	18000.0	16	18000.0	1.8058	29.8502	1.0	32.656000000000006
1772684	8000.0	16	18000.0	0.8058	32.656	0.4444	33.9062
1741528	11000.0	16	18000.0	1.1058	33.9062	0.6111	35.6231
1724906	8000.0	16	18000.0	0.8058	35.6231	0.4444	36.8733
1650221	9000.0	16	18000.0	0.9058	36.8733	0.5	38.2791
1659072	7000.0	16	18000.0	0.7058	38.2791	0.3889	39.373799999999996
1699781	7000.0	16	18000.0	0.7058	39.3738	0.3889	40.4685
1649149	8000.0	16	18000.0	0.8058	40.4685	0.4444	41.7187
1731335	13000.0	16	18000.0	1.3058	41.7187	0.7222	43.7467
1641411	9000.0	16	18000.0	0.9058	43.7467	0.5	45.152499999999996
1840443	8000.0	16	18000.0	0.8058	45.1525	0.4444	46.4027
1699325	6000.0	16	18000.0	0.6058	46.4027	0.3333	47.341800000000006
1682758	8000.0	16	18000.0	0.8058	47.3418	0.4444	48.592
1664702	7000.0	16	18000.0	0.7058	48.592	0.3889	49.686699999999995
1700210	11000.0	16	18000.0	1.1058	49.6867	0.6111	51.403600000000004
1671334	6000.0	16	18000.0	0.6058	51.4036	0.3333	52.3427
1781313	8000.0	16	18000.0	0.8058	52.3427	0.4444	53.5929
1819265	8000.0	16	18000.0	0.8058	53.5929	0.4444	54.8431
1650626	9000.0	16	18000.0	0.9058	54.8431	0.5	56.2489
1773755	7000.0	17	24000.0	0.7058	0	0.2917	0.9975
1712340	9000.0	17	24000.0	0.9058	0.9975	0.375	2.2783
1851461	4000.0	17	24000.0	0.4058	2.2783	0.1667	2.8508000000000004
1676297	7000.0	17	24000.0	0.7058	2.8508	0.2917	3.8483
1808888	8000.0	17	24000.0	0.8058	3.8483	0.3333	4.9874
1842128	8000.0	17	24000.0	0.8058	4.9874	0.3333	6.1265
1768615	11000.0	17	24000.0	1.1058	6.1265	0.4583	7.690600000000001
1719386	12000.0	17	24000.0	1.2058	7.6906	0.5	9.3964
1697296	11000.0	17	24000.0	1.1058	9.3964	0.4583	10.9605
1843836	9000.0	17	24000.0	0.9058	10.9605	0.375	12.241299999999999
1639828	10000.0	17	24000.0	1.0058	12.2413	0.4167	13.663800000000002
1680293	9000.0	17	24000.0	0.9058	13.6638	0.375	14.9446
1723426	11000.0	17	24000.0	1.1058	14.9446	0.4583	16.5087
1827873	9000.0	17	24000.0	0.9058	16.5087	0.375	17.7895
1808353	7000.0	17	24000.0	0.7058	17.7895	0.2917	18.787
1777013	6000.0	17	24000.0	0.6058	18.787	0.25	19.642799999999998
1651893	8000.0	17	24000.0	0.8058	19.6428	0.3333	20.781900000000004
1801692	7000.0	17	24000.0	0.7058	20.7819	0.2917	21.7794
1810573	4000.0	17	24000.0	0.4058	21.7794	0.1667	22.351899999999997
1817820	9000.0	17	24000.0	0.9058	22.3519	0.375	23.6327
1736924	10000.0	17	24000.0	1.0058	23.6327	0.4167	25.0552
1741695	8000.0	17	24000.0	0.8058	25.0552	0.3333	26.194300000000002
1766350	10000.0	17	24000.0	1.0058	26.1943	0.4167	27.616799999999998
1727430	5000.0	17	24000.0	0.5058	27.6168	0.2083	28.330900000000003
1742876	9000.0	17	24000.0	0.9058	28.3309	0.375	29.6117
1837052	8000.0	17	24000.0	0.8058	29.6117	0.3333	30.7508
1660796	6000.0	17	24000.0	0.6058	30.7508	0.25	31.6066
1765218	10000.0	17	24000.0	1.0058	31.6066	0.4167	33.0291
1694753	7000.0	17	24000.0	0.7058	33.0291	0.2917	34.026599999999995
1765319	6000.0	17	24000.0	0.6058	34.0266	0.25	34.882400000000004
1637698	10000.0	17	24000.0	1.0058	34.8824	0.4167	36.304899999999996
1742370	9000.0	17	24000.0	0.9058	36.3049	0.375	37.5857
1667041	8000.0	17	24000.0	0.8058	37.5857	0.3333	38.7248
1766119	5000.0	17	24000.0	0.5058	38.7248	0.2083	39.438900000000004
1662961	11000.0	17	24000.0	1.1058	39.4389	0.4583	41.003
1716536	10000.0	17	24000.0	1.0058	41.003	0.4167	42.4255
1745194	7000.0	17	24000.0	0.7058	42.4255	0.2917	43.422999999999995
1725564	8000.0	17	24000.0	0.8058	43.423	0.3333	44.5621
1846439	7000.0	17	24000.0	0.7058	44.5621	0.2917	45.559599999999996
1745127	10000.0	17	24000.0	1.0058	45.5596	0.4167	46.9821
1805412	8000.0	17	24000.0	0.8058	46.9821	0.3333	48.1212
1825080	8000.0	17	24000.0	0.8058	48.1212	0.3333	49.2603
1644901	9000.0	18	30000.0	0.9058	0	0.3	1.2058
1733305	4000.0	18	30000.0	0.4058	1.2058	0.1333	1.7449
1748901	8000.0	18	30000.0	0.8058	1.7449	0.2667	2.8174
1705950	8000.0	18	30000.0	0.8058	2.8174	0.2667	3.8899000000000004
1813062	6000.0	18	30000.0	0.6058	3.8899	0.2	4.6957
1753006	6000.0	18	30000.0	0.6058	4.6957	0.2	5.501500000000001
1704367	10000.0	18	30000.0	1.0058	5.5015	0.3333	6.8406
1736351	8000.0	18	30000.0	0.8058	6.8406	0.2667	7.9131
1774268	15000.0	18	30000.0	1.5058	7.9131	0.5	9.9189
1658208	9000.0	18	30000.0	0.9058	9.9189	0.3	11.1247
1820918	8000.0	18	30000.0	0.8058	11.1247	0.2667	12.1972
1821159	6000.0	18	30000.0	0.6058	12.1972	0.2	13.003
1732880	11000.0	18	30000.0	1.1058	13.003	0.3667	14.4755
1831227	8000.0	18	30000.0	0.8058	14.4755	0.2667	15.548
1692640	6000.0	18	30000.0	0.6058	15.548	0.2	16.3538
1793832	7000.0	18	30000.0	0.7058	16.3538	0.2333	17.2929
1645355	9000.0	18	30000.0	0.9058	17.2929	0.3	18.4987
1781346	14000.0	18	30000.0	1.4058	18.4987	0.4667	20.371199999999998
1848573	6000.0	18	30000.0	0.6058	20.3712	0.2	21.177
1782544	9000.0	18	30000.0	0.9058	21.177	0.3	22.3828
1693464	11000.0	18	30000.0	1.1058	22.3828	0.3667	23.8553
1686191	7000.0	18	30000.0	0.7058	23.8553	0.2333	24.7944
1712980	7000.0	18	30000.0	0.7058	24.7944	0.2333	25.7335
1783262	6000.0	18	30000.0	0.6058	25.7335	0.2	26.539299999999997
1719826	4000.0	18	30000.0	0.4058	26.5393	0.1333	27.0784
1697388	13000.0	18	30000.0	1.3058	27.0784	0.4333	28.8175
1676209	7000.0	18	30000.0	0.7058	28.8175	0.2333	29.7566
1672863	11000.0	18	30000.0	1.1058	29.7566	0.3667	31.2291
1836889	6000.0	18	30000.0	0.6058	31.2291	0.2	32.0349
1776231	5000.0	18	30000.0	0.5058	32.0349	0.1667	32.7074
1724881	7000.0	18	30000.0	0.7058	32.7074	0.2333	33.6465
1780579	7000.0	18	30000.0	0.7058	33.6465	0.2333	34.5856
1790330	5000.0	18	30000.0	0.5058	34.5856	0.1667	35.2581
1802823	8000.0	18	30000.0	0.8058	35.2581	0.2667	36.3306
1742064	9000.0	18	30000.0	0.9058	36.3306	0.3	37.53639999999999
1809883	8000.0	18	30000.0	0.8058	37.5364	0.2667	38.6089
1789872	7000.0	18	30000.0	0.7058	38.6089	0.2333	39.548
1717525	8000.0	18	30000.0	0.8058	39.548	0.2667	40.6205
1702185	8000.0	18	30000.0	0.8058	40.6205	0.2667	41.693
1733960	9000.0	18	30000.0	0.9058	41.693	0.3	42.898799999999994
1796039	7000.0	18	30000.0	0.7058	42.8988	0.2333	43.837900000000005
1790008	12000.0	18	30000.0	1.2058	43.8379	0.4	45.4437
1742498	5000.0	18	30000.0	0.5058	45.4437	0.1667	46.1162
1724611	9000.0	18	30000.0	0.9058	46.1162	0.3	47.321999999999996
1776375	10000.0	18	30000.0	1.0058	47.322	0.3333	48.661100000000005
1638660	8000.0	18	30000.0	0.8058	48.6611	0.2667	49.733599999999996
1745342	11000.0	18	30000.0	1.1058	49.7336	0.3667	51.206100000000006
1835489	8000.0	18	30000.0	0.8058	51.2061	0.2667	52.2786
1728859	8000.0	19	30000.0	0.8058	0	0.2667	1.0725
1773662	7000.0	19	30000.0	0.7058	1.0725	0.2333	2.0116
1753203	10000.0	19	30000.0	1.0058	2.0116	0.3333	3.3507000000000002
1794064	10000.0	19	30000.0	1.0058	3.3507	0.3333	4.6898
1773370	11000.0	19	30000.0	1.1058	4.6898	0.3667	6.1623
1711543	4000.0	19	30000.0	0.4058	6.1623	0.1333	6.7014000000000005
1698164	9000.0	19	30000.0	0.9058	6.7014	0.3	7.9072
1808967	7000.0	19	30000.0	0.7058	7.9072	0.2333	8.8463
1851481	11000.0	19	30000.0	1.1058	8.8463	0.3667	10.3188
1786627	8000.0	19	30000.0	0.8058	10.3188	0.2667	11.3913
1657874	7000.0	19	30000.0	0.7058	11.3913	0.2333	12.3304
1724023	4000.0	19	30000.0	0.4058	12.3304	0.1333	12.869499999999999
1834367	10000.0	19	30000.0	1.0058	12.8695	0.3333	14.2086
1733579	8000.0	19	30000.0	0.8058	14.2086	0.2667	15.2811
1646361	10000.0	19	30000.0	1.0058	15.2811	0.3333	16.6202
1658752	7000.0	19	30000.0	0.7058	16.6202	0.2333	17.5593
1680278	6000.0	19	30000.0	0.6058	17.5593	0.2	18.365099999999998
1696893	8000.0	19	30000.0	0.8058	18.3651	0.2667	19.437600000000003
1706376	6000.0	19	30000.0	0.6058	19.4376	0.2	20.243399999999998
1791482	10000.0	19	30000.0	1.0058	20.2434	0.3333	21.582500000000003
1777848	10000.0	19	30000.0	1.0058	21.5825	0.3333	22.9216
1639239	5000.0	19	30000.0	0.5058	22.9216	0.1667	23.5941
1842759	7000.0	19	30000.0	0.7058	23.5941	0.2333	24.5332
1652594	7000.0	19	30000.0	0.7058	24.5332	0.2333	25.4723
1782994	9000.0	19	30000.0	0.9058	25.4723	0.3	26.6781
1676660	8000.0	19	30000.0	0.8058	26.6781	0.2667	27.750600000000002
1794006	7000.0	19	30000.0	0.7058	27.7506	0.2333	28.6897
1800533	9000.0	19	30000.0	0.9058	28.6897	0.3	29.8955
1721298	8000.0	19	30000.0	0.8058	29.8955	0.2667	30.968
1780142	8000.0	19	30000.0	0.8058	30.968	0.2667	32.0405
1709912	9000.0	19	30000.0	0.9058	32.0405	0.3	33.2463
1690902	7000.0	19	30000.0	0.7058	33.2463	0.2333	34.1854
1766349	12000.0	19	30000.0	1.2058	34.1854	0.4	35.791199999999996
1663254	9000.0	19	30000.0	0.9058	35.7912	0.3	36.997
1662088	9000.0	19	30000.0	0.9058	36.997	0.3	38.202799999999996
1799701	10000.0	19	30000.0	1.0058	38.2028	0.3333	39.541900000000005
1710249	7000.0	19	30000.0	0.7058	39.5419	0.2333	40.480999999999995
1801289	9000.0	19	30000.0	0.9058	40.481	0.3	41.6868
1653298	8000.0	19	30000.0	0.8058	41.6868	0.2667	42.759299999999996
1789917	7000.0	19	30000.0	0.7058	42.7593	0.2333	43.69840000000001
1682412	11000.0	19	30000.0	1.1058	43.6984	0.3667	45.1709
1754941	16000.0	19	30000.0	1.6058	45.1709	0.5333	47.31
1660262	7000.0	19	30000.0	0.7058	47.31	0.2333	48.2491
1709391	6000.0	19	30000.0	0.6058	48.2491	0.2	49.0549
1682172	4000.0	19	30000.0	0.4058	49.0549	0.1333	49.594
1775877	7000.0	19	30000.0	0.7058	49.594	0.2333	50.533100000000005
1804605	10000.0	19	30000.0	1.0058	50.5331	0.3333	51.8722
1804810	8000.0	19	30000.0	0.8058	51.8722	0.2667	52.9447
1825663	10000.0	19	30000.0	1.0058	52.9447	0.3333	54.2838
1690125	8000.0	19	30000.0	0.8058	54.2838	0.2667	55.3563
1700388	8000.0	19	30000.0	0.8058	55.3563	0.2667	56.428799999999995
1761713	9000.0	19	30000.0	0.9058	56.4288	0.3	57.6346
