1688958	11000.0	0	500.0	1.1	0	22.0	23.1
1707710	7000.0	0	500.0	0.7	23.1	14.0	37.8
1778420	7000.0	0	500.0	0.7	37.8	14.0	52.5
1680885	6000.0	0	500.0	0.6	52.5	12.0	65.1
1728215	5000.0	0	500.0	0.5	65.1	10.0	75.6
1745262	6000.0	0	500.0	0.6	75.6	12.0	88.19999999999999
1800310	11000.0	0	500.0	1.1	88.2	22.0	111.3
1739676	7000.0	0	500.0	0.7	111.3	14.0	126.0
1815455	6000.0	0	500.0	0.6	126.0	12.0	138.6
1787271	12000.0	0	500.0	1.2	138.6	24.0	163.79999999999998
1670487	9000.0	0	500.0	0.9	163.8	18.0	182.70000000000002
1650086	6000.0	0	500.0	0.6	182.7	12.0	195.29999999999998
1691782	7000.0	0	500.0	0.7	195.3	14.0	210.0
1672464	6000.0	0	500.0	0.6	210.0	12.0	222.6
1831939	15000.0	0	500.0	1.5	222.6	30.0	254.1
1663447	8000.0	0	500.0	0.8	254.1	16.0	270.9
1675513	5000.0	0	500.0	0.5	270.9	10.0	281.4
1704710	5000.0	0	500.0	0.5	281.4	10.0	291.9
1797221	5000.0	0	500.0	0.5	291.9	10.0	302.4
1648813	15000.0	0	500.0	1.5	302.4	30.0	333.9
1817003	11000.0	0	500.0	1.1	333.9	22.0	357.0
1776914	6000.0	0	500.0	0.6	357.0	12.0	369.6
1752059	11000.0	0	500.0	1.1	369.6	22.0	392.70000000000005
1796209	5000.0	0	500.0	0.5	392.7	10.0	403.2
1774904	16000.0	0	500.0	1.6	403.2	32.0	436.8
1826969	5000.0	0	500.0	0.5	436.8	10.0	447.3
1681590	6000.0	0	500.0	0.6	447.3	12.0	459.90000000000003
1661881	11000.0	0	500.0	1.1	459.9	22.0	483.0
1743993	15000.0	0	500.0	1.5	483.0	30.0	514.5
1722312	7000.0	0	500.0	0.7	514.5	14.0	529.2
1822360	5000.0	0	500.0	0.5	529.2	10.0	539.7
1675443	14000.0	0	500.0	1.4	539.7	28.0	569.1
1689812	5000.0	0	500.0	0.5	569.1	10.0	579.6
1725952	7000.0	0	500.0	0.7	579.6	14.0	594.3000000000001
1838209	8000.0	0	500.0	0.8	594.3	16.0	611.0999999999999
1779015	14000.0	0	500.0	1.4	611.1	28.0	640.5
1754056	7000.0	0	500.0	0.7	640.5	14.0	655.2
1818500	7000.0	0	500.0	0.7	655.2	14.0	669.9000000000001
1781990	13000.0	0	500.0	1.3	669.9	26.0	697.1999999999999
1655131	13000.0	0	500.0	1.3	697.2	26.0	724.5
1760597	8000.0	0	500.0	0.8	724.5	16.0	741.3
1678785	5000.0	0	500.0	0.5	741.3	10.0	751.8
1768261	6000.0	0	500.0	0.6	751.8	12.0	764.4
1658893	6000.0	0	500.0	0.6	764.4	12.0	777.0
1786014	6000.0	0	500.0	0.6	777.0	12.0	789.6
1781558	7000.0	0	500.0	0.7	789.6	14.0	804.3000000000001
1701005	11000.0	0	500.0	1.1	804.3	22.0	827.4
1771720	6000.0	0	500.0	0.6	827.4	12.0	840.0
1851230	13000.0	0	500.0	1.3	840.0	26.0	867.3
1693605	6000.0	0	500.0	0.6	867.3	12.0	879.9
1699111	8000.0	0	500.0	0.8	879.9	16.0	896.6999999999999
1669271	7000.0	0	500.0	0.7	896.7	14.0	911.4000000000001
1678134	30000.0	0	500.0	3.0	911.4	60.0	974.4
1829535	6000.0	0	500.0	0.6	974.4	12.0	987.0
1657304	19000.0	0	500.0	1.9	987.0	38.0	1026.9
1645033	16000.0	0	500.0	1.6	1026.9	32.0	1060.5
1817841	15000.0	1	500.0	1.5	0	30.0	31.5
1702989	7000.0	1	500.0	0.7	31.5	14.0	46.2
1767240	6000.0	1	500.0	0.6	46.2	12.0	58.800000000000004
1679547	6000.0	1	500.0	0.6	58.8	12.0	71.4
1826402	9000.0	1	500.0	0.9	71.4	18.0	90.30000000000001
1649498	6000.0	1	500.0	0.6	90.3	12.0	102.89999999999999
1664250	7000.0	1	500.0	0.7	102.9	14.0	117.60000000000001
1815679	6000.0	1	500.0	0.6	117.6	12.0	130.2
1752374	6000.0	1	500.0	0.6	130.2	12.0	142.79999999999998
1765756	14000.0	1	500.0	1.4	142.8	28.0	172.20000000000002
1694602	6000.0	1	500.0	0.6	172.2	12.0	184.79999999999998
1690256	11000.0	1	500.0	1.1	184.8	22.0	207.9
1847734	5000.0	1	500.0	0.5	207.9	10.0	218.4
1705331	5000.0	1	500.0	0.5	218.4	10.0	228.9
1776663	7000.0	1	500.0	0.7	228.9	14.0	243.6
1765050	10000.0	1	500.0	1.0	243.6	20.0	264.6
1795133	7000.0	1	500.0	0.7	264.6	14.0	279.3
1813896	5000.0	1	500.0	0.5	279.3	10.0	289.8
1751467	6000.0	1	500.0	0.6	289.8	12.0	302.40000000000003
1814256	6000.0	1	500.0	0.6	302.4	12.0	315.0
1748011	6000.0	1	500.0	0.6	315.0	12.0	327.6
1721736	14000.0	1	500.0	1.4	327.6	28.0	357.0
1722345	7000.0	1	500.0	0.7	357.0	14.0	371.7
1691562	16000.0	1	500.0	1.6	371.7	32.0	405.3
1671951	5000.0	1	500.0	0.5	405.3	10.0	415.8
1793878	14000.0	1	500.0	1.4	415.8	28.0	445.2
1747550	12000.0	1	500.0	1.2	445.2	24.0	470.4
1827658	8000.0	1	500.0	0.8	470.4	16.0	487.2
1730798	6000.0	1	500.0	0.6	487.2	12.0	499.8
1655198	6000.0	1	500.0	0.6	499.8	12.0	512.4000000000001
1702092	8000.0	1	500.0	0.8	512.4	16.0	529.1999999999999
1711307	6000.0	1	500.0	0.6	529.2	12.0	541.8000000000001
1769347	16000.0	1	500.0	1.6	541.8	32.0	575.4
1731351	6000.0	1	500.0	0.6	575.4	12.0	588.0
1676947	6000.0	1	500.0	0.6	588.0	12.0	600.6
1678105	14000.0	1	500.0	1.4	600.6	28.0	630.0
1737580	14000.0	1	500.0	1.4	630.0	28.0	659.4
1637376	4000.0	1	500.0	0.4	659.4	8.0	667.8
1684940	6000.0	1	500.0	0.6	667.8	12.0	680.4
1809519	6000.0	2	1000.0	0.6	0	6.0	6.6
1697813	6000.0	2	1000.0	0.6	6.6	6.0	13.2
1647226	13000.0	2	1000.0	1.3	13.2	13.0	27.5
1815138	8000.0	2	1000.0	0.8	27.5	8.0	36.3
1817907	6000.0	2	1000.0	0.6	36.3	6.0	42.9
1792025	15000.0	2	1000.0	1.5	42.9	15.0	59.4
1799683	6000.0	2	1000.0	0.6	59.4	6.0	66.0
1848974	6000.0	2	1000.0	0.6	66.0	6.0	72.6
1826992	14000.0	2	1000.0	1.4	72.6	14.0	88.0
1718052	16000.0	2	1000.0	1.6	88.0	16.0	105.6
1673368	5000.0	2	1000.0	0.5	105.6	5.0	111.1
1834150	7000.0	2	1000.0	0.7	111.1	7.0	118.8
1757253	13000.0	2	1000.0	1.3	118.8	13.0	133.1
1825902	7000.0	2	1000.0	0.7	133.1	7.0	140.79999999999998
1742921	6000.0	2	1000.0	0.6	140.8	6.0	147.4
1813874	10000.0	2	1000.0	1.0	147.4	10.0	158.4
1751348	5000.0	2	1000.0	0.5	158.4	5.0	163.9
1810292	13000.0	2	1000.0	1.3	163.9	13.0	178.20000000000002
1825413	7000.0	2	1000.0	0.7	178.2	7.0	185.89999999999998
1681387	7000.0	2	1000.0	0.7	185.9	7.0	193.6
1766693	6000.0	2	1000.0	0.6	193.6	6.0	200.2
1666443	6000.0	2	1000.0	0.6	200.2	6.0	206.79999999999998
1706201	5000.0	2	1000.0	0.5	206.8	5.0	212.3
1689834	16000.0	2	1000.0	1.6	212.3	16.0	229.9
1725679	19000.0	2	1000.0	1.9	229.9	19.0	250.8
1777663	15000.0	2	1000.0	1.5	250.8	15.0	267.3
1651968	6000.0	2	1000.0	0.6	267.3	6.0	273.90000000000003
1825470	17000.0	2	1000.0	1.7	273.9	17.0	292.59999999999997
1793506	9000.0	2	1000.0	0.9	292.6	9.0	302.5
1839083	7000.0	2	1000.0	0.7	302.5	7.0	310.2
1701038	5000.0	2	1000.0	0.5	310.2	5.0	315.7
1753796	6000.0	2	1000.0	0.6	315.7	6.0	322.3
1770308	5000.0	2	1000.0	0.5	322.3	5.0	327.8
1850234	6000.0	2	1000.0	0.6	327.8	6.0	334.40000000000003
1827295	7000.0	2	1000.0	0.7	334.4	7.0	342.09999999999997
1639779	7000.0	2	1000.0	0.7	342.1	7.0	349.8
1772547	13000.0	2	1000.0	1.3	349.8	13.0	364.1
1784721	5000.0	2	1000.0	0.5	364.1	5.0	369.6
1636504	6000.0	2	1000.0	0.6	369.6	6.0	376.20000000000005
1645520	6000.0	2	1000.0	0.6	376.2	6.0	382.8
1745477	6000.0	3	1000.0	0.6	0	6.0	6.6
1832980	4000.0	3	1000.0	0.4	6.6	4.0	11.0
1815753	6000.0	3	1000.0	0.6	11.0	6.0	17.6
1762628	6000.0	3	1000.0	0.6	17.6	6.0	24.200000000000003
1800966	5000.0	3	1000.0	0.5	24.2	5.0	29.7
1647198	4000.0	3	1000.0	0.4	29.7	4.0	34.099999999999994
1791704	6000.0	3	1000.0	0.6	34.1	6.0	40.7
1720397	6000.0	3	1000.0	0.6	40.7	6.0	47.300000000000004
1664524	5000.0	3	1000.0	0.5	47.3	5.0	52.8
1692312	10000.0	3	1000.0	1.0	52.8	10.0	63.8
1811651	5000.0	3	1000.0	0.5	63.8	5.0	69.3
1841539	7000.0	3	1000.0	0.7	69.3	7.0	77.0
1776190	10000.0	3	1000.0	1.0	77.0	10.0	88.0
1796575	6000.0	3	1000.0	0.6	88.0	6.0	94.6
1764420	20000.0	3	1000.0	2.0	94.6	20.0	116.6
1680387	7000.0	3	1000.0	0.7	116.6	7.0	124.3
1816742	5000.0	3	1000.0	0.5	124.3	5.0	129.8
1642895	7000.0	3	1000.0	0.7	129.8	7.0	137.5
1722836	6000.0	3	1000.0	0.6	137.5	6.0	144.1
1682194	7000.0	3	1000.0	0.7	144.1	7.0	151.79999999999998
1705699	15000.0	3	1000.0	1.5	151.8	15.0	168.3
1648724	6000.0	3	1000.0	0.6	168.3	6.0	174.9
1663183	12000.0	3	1000.0	1.2	174.9	12.0	188.1
1766523	14000.0	3	1000.0	1.4	188.1	14.0	203.5
1660342	18000.0	3	1000.0	1.8	203.5	18.0	223.3
1845385	6000.0	3	1000.0	0.6	223.3	6.0	229.9
1651532	7000.0	3	1000.0	0.7	229.9	7.0	237.6
1810017	6000.0	3	1000.0	0.6	237.6	6.0	244.2
1681440	15000.0	3	1000.0	1.5	244.2	15.0	260.7
1777753	7000.0	3	1000.0	0.7	260.7	7.0	268.4
1841341	5000.0	3	1000.0	0.5	268.4	5.0	273.9
1839000	14000.0	3	1000.0	1.4	273.9	14.0	289.29999999999995
1741534	6000.0	3	1000.0	0.6	289.3	6.0	295.90000000000003
1647715	7000.0	3	1000.0	0.7	295.9	7.0	303.59999999999997
1710345	6000.0	3	1000.0	0.6	303.6	6.0	310.20000000000005
1729010	7000.0	3	1000.0	0.7	310.2	7.0	317.9
1749724	11000.0	3	1000.0	1.1	317.9	11.0	330.0
1749705	13000.0	3	1000.0	1.3	330.0	13.0	344.3
1687809	6000.0	3	1000.0	0.6	344.3	6.0	350.90000000000003
1768270	5000.0	3	1000.0	0.5	350.9	5.0	356.4
1737995	7000.0	3	1000.0	0.7	356.4	7.0	364.09999999999997
1656788	5000.0	3	1000.0	0.5	364.1	5.0	369.6
1693092	14000.0	3	1000.0	1.4	369.6	14.0	385.0
1811887	9000.0	3	1000.0	0.9	385.0	9.0	394.9
1684414	14000.0	3	1000.0	1.4	394.9	14.0	410.29999999999995
1823960	7000.0	3	1000.0	0.7	410.3	7.0	418.0
1801894	14000.0	3	1000.0	1.4	418.0	14.0	433.4
1730647	3000.0	3	1000.0	0.3	433.4	3.0	436.7
1667866	6000.0	3	1000.0	0.6	436.7	6.0	443.3
1644049	7000.0	3	1000.0	0.7	443.3	7.0	451.0
1692712	7000.0	3	1000.0	0.7	451.0	7.0	458.7
1657279	6000.0	3	1000.0	0.6	458.7	6.0	465.3
1836037	16000.0	3	1000.0	1.6	465.3	16.0	482.90000000000003
1755190	7000.0	3	1000.0	0.7	482.9	7.0	490.59999999999997
1773163	17000.0	3	1000.0	1.7	490.6	17.0	509.3
1830587	7000.0	3	1000.0	0.7	509.3	7.0	517.0
1748631	5000.0	4	4000.0	0.5038	0	1.25	1.7538
1836180	5000.0	4	4000.0	0.5038	1.7538	1.25	3.5076
1849491	14000.0	4	4000.0	1.4038	3.5076	3.5	8.4114
1719896	6000.0	4	4000.0	0.6038	8.4114	1.5	10.5152
1688391	7000.0	4	4000.0	0.7038	10.5152	1.75	12.969
1688646	6000.0	4	4000.0	0.6038	12.969	1.5	15.072799999999999
1791272	4000.0	4	4000.0	0.4038	15.0728	1.0	16.4766
1665483	7000.0	4	4000.0	0.7038	16.4766	1.75	18.930400000000002
1790774	8000.0	4	4000.0	0.8038	18.9304	2.0	21.734199999999998
1670948	17000.0	4	4000.0	1.7038	21.7342	4.25	27.688000000000002
1790226	7000.0	4	4000.0	0.7038	27.688	1.75	30.1418
1822107	6000.0	4	4000.0	0.6038	30.1418	1.5	32.245599999999996
1779647	8000.0	4	4000.0	0.8038	32.2456	2.0	35.049400000000006
1741935	5000.0	4	4000.0	0.5038	35.0494	1.25	36.8032
1722608	5000.0	4	4000.0	0.5038	36.8032	1.25	38.556999999999995
1696547	6000.0	4	4000.0	0.6038	38.557	1.5	40.6608
1673058	6000.0	4	4000.0	0.6038	40.6608	1.5	42.7646
1648487	6000.0	4	4000.0	0.6038	42.7646	1.5	44.8684
1705566	6000.0	4	4000.0	0.6038	44.8684	1.5	46.9722
1794922	7000.0	4	4000.0	0.7038	46.9722	1.75	49.426
1643076	7000.0	4	4000.0	0.7038	49.426	1.75	51.8798
1697533	7000.0	4	4000.0	0.7038	51.8798	1.75	54.333600000000004
1798660	4000.0	4	4000.0	0.4038	54.3336	1.0	55.737399999999994
1680508	16000.0	4	4000.0	1.6038	55.7374	4.0	61.3412
1743961	12000.0	4	4000.0	1.2038	61.3412	3.0	65.545
1793028	13000.0	4	4000.0	1.3038	65.545	3.25	70.0988
1706618	6000.0	4	4000.0	0.6038	70.0988	1.5	72.2026
1841238	5000.0	4	4000.0	0.5038	72.2026	1.25	73.9564
1780092	6000.0	4	4000.0	0.6038	73.9564	1.5	76.06020000000001
1846063	17000.0	4	4000.0	1.7038	76.0602	4.25	82.014
1673767	14000.0	4	4000.0	1.4038	82.014	3.5	86.9178
1843104	5000.0	4	4000.0	0.5038	86.9178	1.25	88.6716
1643922	6000.0	4	4000.0	0.6038	88.6716	1.5	90.7754
1677105	7000.0	4	4000.0	0.7038	90.7754	1.75	93.2292
1686037	6000.0	4	4000.0	0.6038	93.2292	1.5	95.33300000000001
1783398	8000.0	4	4000.0	0.8038	95.333	2.0	98.1368
1701597	6000.0	4	4000.0	0.6038	98.1368	1.5	100.2406
1827537	6000.0	4	4000.0	0.6038	100.2406	1.5	102.34440000000001
1731288	6000.0	4	4000.0	0.6038	102.3444	1.5	104.4482
1760274	7000.0	4	4000.0	0.7038	104.4482	1.75	106.902
1636052	7000.0	4	4000.0	0.7038	106.902	1.75	109.3558
1851216	6000.0	4	4000.0	0.6038	109.3558	1.5	111.45960000000001
1644210	6000.0	4	4000.0	0.6038	111.4596	1.5	113.5634
1833488	7000.0	4	4000.0	0.7038	113.5634	1.75	116.0172
1677833	7000.0	4	4000.0	0.7038	116.0172	1.75	118.471
1753519	6000.0	4	4000.0	0.6038	118.471	1.5	120.57480000000001
1729795	6000.0	4	4000.0	0.6038	120.5748	1.5	122.6786
1735542	6000.0	4	4000.0	0.6038	122.6786	1.5	124.78240000000001
1839920	5000.0	4	4000.0	0.5038	124.7824	1.25	126.5362
1846580	8000.0	5	4000.0	0.8038	0	2.0	2.8038
1740219	7000.0	5	4000.0	0.7038	2.8038	1.75	5.2576
1792516	6000.0	5	4000.0	0.6038	5.2576	1.5	7.3614
1798977	14000.0	5	4000.0	1.4038	7.3614	3.5	12.2652
1800520	13000.0	5	4000.0	1.3038	12.2652	3.25	16.819000000000003
1774398	5000.0	5	4000.0	0.5038	16.819	1.25	18.5728
1684062	15000.0	5	4000.0	1.5038	18.5728	3.75	23.8266
1695163	7000.0	5	4000.0	0.7038	23.8266	1.75	26.2804
1842877	6000.0	5	4000.0	0.6038	26.2804	1.5	28.3842
1763044	5000.0	5	4000.0	0.5038	28.3842	1.25	30.137999999999998
1849050	6000.0	5	4000.0	0.6038	30.138	1.5	32.2418
1799722	6000.0	5	4000.0	0.6038	32.2418	1.5	34.3456
1703572	15000.0	5	4000.0	1.5038	34.3456	3.75	39.599399999999996
1813675	7000.0	5	4000.0	0.7038	39.5994	1.75	42.053200000000004
1682934	7000.0	5	4000.0	0.7038	42.0532	1.75	44.507
1797351	5000.0	5	4000.0	0.5038	44.507	1.25	46.260799999999996
1682378	5000.0	5	4000.0	0.5038	46.2608	1.25	48.0146
1757291	18000.0	5	4000.0	1.8038	48.0146	4.5	54.318400000000004
1717685	7000.0	5	4000.0	0.7038	54.3184	1.75	56.7722
1662918	13000.0	5	4000.0	1.3038	56.7722	3.25	61.326
1690511	16000.0	5	4000.0	1.6038	61.326	4.0	66.9298
1775724	5000.0	5	4000.0	0.5038	66.9298	1.25	68.6836
1744130	6000.0	5	4000.0	0.6038	68.6836	1.5	70.7874
1689544	6000.0	5	4000.0	0.6038	70.7874	1.5	72.89120000000001
1706587	7000.0	5	4000.0	0.7038	72.8912	1.75	75.345
1834782	6000.0	5	4000.0	0.6038	75.345	1.5	77.4488
1694691	16000.0	5	4000.0	1.6038	77.4488	4.0	83.05260000000001
1838196	5000.0	5	4000.0	0.5038	83.0526	1.25	84.8064
1771876	6000.0	5	4000.0	0.6038	84.8064	1.5	86.9102
1669028	8000.0	5	4000.0	0.8038	86.9102	2.0	89.714
1808458	7000.0	5	4000.0	0.7038	89.714	1.75	92.1678
1657878	13000.0	5	4000.0	1.3038	92.1678	3.25	96.7216
1636676	6000.0	5	4000.0	0.6038	96.7216	1.5	98.8254
1803503	16000.0	5	4000.0	1.6038	98.8254	4.0	104.42920000000001
1771286	6000.0	5	4000.0	0.6038	104.4292	1.5	106.533
1700452	7000.0	5	4000.0	0.7038	106.533	1.75	108.9868
1701842	6000.0	5	4000.0	0.6038	108.9868	1.5	111.09060000000001
1804923	6000.0	5	4000.0	0.6038	111.0906	1.5	113.1944
1684866	16000.0	5	4000.0	1.6038	113.1944	4.0	118.79820000000001
1805227	6000.0	5	4000.0	0.6038	118.7982	1.5	120.902
1781269	16000.0	5	4000.0	1.6038	120.902	4.0	126.50580000000001
1711633	15000.0	5	4000.0	1.5038	126.5058	3.75	131.7596
1804672	5000.0	5	4000.0	0.5038	131.7596	1.25	133.51340000000002
1768010	9000.0	5	4000.0	0.9038	133.5134	2.25	136.66719999999998
1655010	20000.0	5	4000.0	2.0038	136.6672	5.0	143.67100000000002
1786786	7000.0	6	5000.0	0.7038	0	1.4	2.1037999999999997
1787781	14000.0	6	5000.0	1.4038	2.1038	2.8	6.3076
1842299	7000.0	6	5000.0	0.7038	6.3076	1.4	8.4114
1688144	7000.0	6	5000.0	0.7038	8.4114	1.4	10.5152
1702952	5000.0	6	5000.0	0.5038	10.5152	1.0	12.019
1739063	14000.0	6	5000.0	1.4038	12.019	2.8	16.2228
1841145	7000.0	6	5000.0	0.7038	16.2228	1.4	18.3266
1727556	7000.0	6	5000.0	0.7038	18.3266	1.4	20.4304
1787444	4000.0	6	5000.0	0.4038	20.4304	0.8	21.6342
1654109	7000.0	6	5000.0	0.7038	21.6342	1.4	23.738
1667239	6000.0	6	5000.0	0.6038	23.738	1.2	25.5418
1675032	6000.0	6	5000.0	0.6038	25.5418	1.2	27.345599999999997
1707437	13000.0	6	5000.0	1.3038	27.3456	2.6	31.2494
1662203	21000.0	6	5000.0	2.1038	31.2494	4.2	37.553200000000004
1828571	6000.0	6	5000.0	0.6038	37.5532	1.2	39.357
1834824	6000.0	6	5000.0	0.6038	39.357	1.2	41.1608
1794431	5000.0	6	5000.0	0.5038	41.1608	1.0	42.6646
1761818	6000.0	6	5000.0	0.6038	42.6646	1.2	44.4684
1795941	15000.0	6	5000.0	1.5038	44.4684	3.0	48.9722
1834958	14000.0	6	5000.0	1.4038	48.9722	2.8	53.175999999999995
1777108	18000.0	6	5000.0	1.8038	53.176	3.6	58.579800000000006
1798828	5000.0	6	5000.0	0.5038	58.5798	1.0	60.0836
1766504	7000.0	6	5000.0	0.7038	60.0836	1.4	62.1874
1717025	6000.0	6	5000.0	0.6038	62.1874	1.2	63.9912
1717003	8000.0	6	5000.0	0.8038	63.9912	1.6	66.395
1744024	7000.0	6	5000.0	0.7038	66.395	1.4	68.4988
1810475	15000.0	6	5000.0	1.5038	68.4988	3.0	73.0026
1834726	7000.0	6	5000.0	0.7038	73.0026	1.4	75.10640000000001
1717203	6000.0	6	5000.0	0.6038	75.1064	1.2	76.9102
1746554	9000.0	6	5000.0	0.9038	76.9102	1.8	79.614
1741412	13000.0	6	5000.0	1.3038	79.614	2.6	83.5178
1683139	19000.0	6	5000.0	1.9038	83.5178	3.8	89.2216
1746514	7000.0	6	5000.0	0.7038	89.2216	1.4	91.3254
1731502	28000.0	6	5000.0	2.8038	91.3254	5.6	99.72919999999999
1733077	8000.0	6	5000.0	0.8038	99.7292	1.6	102.133
1734940	13000.0	6	5000.0	1.3038	102.133	2.6	106.03679999999999
1833922	7000.0	6	5000.0	0.7038	106.0368	1.4	108.1406
1643497	6000.0	6	5000.0	0.6038	108.1406	1.2	109.94440000000002
1699047	7000.0	6	5000.0	0.7038	109.9444	1.4	112.04820000000001
1768525	7000.0	6	5000.0	0.7038	112.0482	1.4	114.152
1761123	5000.0	6	5000.0	0.5038	114.152	1.0	115.6558
1782030	6000.0	6	5000.0	0.6038	115.6558	1.2	117.45960000000001
1658256	9000.0	6	5000.0	0.9038	117.4596	1.8	120.1634
1692614	5000.0	6	5000.0	0.5038	120.1634	1.0	121.6672
1733886	7000.0	6	5000.0	0.7038	121.6672	1.4	123.771
1771377	7000.0	6	5000.0	0.7038	123.771	1.4	125.87480000000001
1654626	8000.0	7	5000.0	0.8038	0	1.6	2.4038
1647135	6000.0	7	5000.0	0.6038	2.4038	1.2	4.2076
1675271	5000.0	7	5000.0	0.5038	4.2076	1.0	5.7114
1846218	5000.0	7	5000.0	0.5038	5.7114	1.0	7.2152
1654667	6000.0	7	5000.0	0.6038	7.2152	1.2	9.019
1842256	4000.0	7	5000.0	0.4038	9.019	0.8	10.222800000000001
1719219	16000.0	7	5000.0	1.6038	10.2228	3.2	15.026599999999998
1698237	6000.0	7	5000.0	0.6038	15.0266	1.2	16.8304
1720579	6000.0	7	5000.0	0.6038	16.8304	1.2	18.6342
1817795	7000.0	7	5000.0	0.7038	18.6342	1.4	20.738
1745976	8000.0	7	5000.0	0.8038	20.738	1.6	23.1418
1759152	9000.0	7	5000.0	0.9038	23.1418	1.8	25.8456
1744689	5000.0	7	5000.0	0.5038	25.8456	1.0	27.349400000000003
1846417	7000.0	7	5000.0	0.7038	27.3494	1.4	29.4532
1683867	6000.0	7	5000.0	0.6038	29.4532	1.2	31.256999999999998
1817185	15000.0	7	5000.0	1.5038	31.257	3.0	35.7608
1708757	7000.0	7	5000.0	0.7038	35.7608	1.4	37.8646
1832651	14000.0	7	5000.0	1.4038	37.8646	2.8	42.0684
1758081	9000.0	7	5000.0	0.9038	42.0684	1.8	44.77219999999999
1725120	6000.0	7	5000.0	0.6038	44.7722	1.2	46.576
1794312	4000.0	7	5000.0	0.4038	46.576	0.8	47.779799999999994
1675545	6000.0	7	5000.0	0.6038	47.7798	1.2	49.583600000000004
1847873	7000.0	7	5000.0	0.7038	49.5836	1.4	51.6874
1652938	6000.0	7	5000.0	0.6038	51.6874	1.2	53.4912
1692012	8000.0	7	5000.0	0.8038	53.4912	1.6	55.895
1691704	6000.0	7	5000.0	0.6038	55.895	1.2	57.698800000000006
1676185	6000.0	7	5000.0	0.6038	57.6988	1.2	59.5026
1743476	11000.0	7	5000.0	1.1038	59.5026	2.2	62.806400000000004
1642942	6000.0	7	5000.0	0.6038	62.8064	1.2	64.61019999999999
1837811	6000.0	7	5000.0	0.6038	64.6102	1.2	66.41400000000002
1837755	8000.0	7	5000.0	0.8038	66.414	1.6	68.81779999999999
1678311	17000.0	7	5000.0	1.7038	68.8178	3.4	73.92160000000001
1769490	6000.0	7	5000.0	0.6038	73.9216	1.2	75.72540000000001
1803665	16000.0	7	5000.0	1.6038	75.7254	3.2	80.5292
1732896	6000.0	7	5000.0	0.6038	80.5292	1.2	82.33300000000001
1734460	6000.0	7	5000.0	0.6038	82.333	1.2	84.13680000000001
1730905	6000.0	7	5000.0	0.6038	84.1368	1.2	85.9406
1655894	6000.0	7	5000.0	0.6038	85.9406	1.2	87.74440000000001
1699476	6000.0	7	5000.0	0.6038	87.7444	1.2	89.54820000000001
1734051	16000.0	7	5000.0	1.6038	89.5482	3.2	94.352
1702291	13000.0	7	5000.0	1.3038	94.352	2.6	98.2558
1700248	7000.0	7	5000.0	0.7038	98.2558	1.4	100.3596
1760990	13000.0	7	5000.0	1.3038	100.3596	2.6	104.26339999999999
1804766	13000.0	7	5000.0	1.3038	104.2634	2.6	108.1672
1701187	15000.0	7	5000.0	1.5038	108.1672	3.0	112.67099999999999
1805218	8000.0	7	5000.0	0.8038	112.671	1.6	115.0748
1844031	6000.0	7	5000.0	0.6038	115.0748	1.2	116.8786
1639370	5000.0	7	5000.0	0.5038	116.8786	1.0	118.3824
1669708	6000.0	7	5000.0	0.6038	118.3824	1.2	120.18620000000001
1754485	7000.0	7	5000.0	0.7038	120.1862	1.4	122.29
1636562	7000.0	7	5000.0	0.7038	122.29	1.4	124.39380000000001
1684442	7000.0	7	5000.0	0.7038	124.3938	1.4	126.4976
1680609	7000.0	8	5000.0	0.7067	0	1.4	2.1067
1715626	28000.0	8	5000.0	2.8067	2.1067	5.6	10.5134
1650006	9000.0	8	5000.0	0.9067	10.5134	1.8	13.220100000000002
1849455	13000.0	8	5000.0	1.3067	13.2201	2.6	17.1268
1846690	5000.0	8	5000.0	0.5067	17.1268	1.0	18.633499999999998
1683975	12000.0	8	5000.0	1.2067	18.6335	2.4	22.2402
1697927	6000.0	8	5000.0	0.6067	22.2402	1.2	24.0469
1778767	7000.0	8	5000.0	0.7067	24.0469	1.4	26.1536
1639942	5000.0	8	5000.0	0.5067	26.1536	1.0	27.6603
1692335	16000.0	8	5000.0	1.6067	27.6603	3.2	32.467
1719156	5000.0	8	5000.0	0.5067	32.467	1.0	33.9737
1664586	5000.0	8	5000.0	0.5067	33.9737	1.0	35.4804
1695334	14000.0	8	5000.0	1.4067	35.4804	2.8	39.6871
1739372	7000.0	8	5000.0	0.7067	39.6871	1.4	41.7938
1822117	6000.0	8	5000.0	0.6067	41.7938	1.2	43.6005
1663722	6000.0	8	5000.0	0.6067	43.6005	1.2	45.4072
1752574	6000.0	8	5000.0	0.6067	45.4072	1.2	47.21390000000001
1756483	6000.0	8	5000.0	0.6067	47.2139	1.2	49.0206
1662308	6000.0	8	5000.0	0.6067	49.0206	1.2	50.82730000000001
1831862	6000.0	8	5000.0	0.6067	50.8273	1.2	52.634
1757542	5000.0	8	5000.0	0.5067	52.634	1.0	54.1407
1723252	17000.0	8	5000.0	1.7067	54.1407	3.4	59.2474
1794855	6000.0	8	5000.0	0.6067	59.2474	1.2	61.054100000000005
1825985	17000.0	8	5000.0	1.7067	61.0541	3.4	66.1608
1682446	6000.0	8	5000.0	0.6067	66.1608	1.2	67.9675
1640791	18000.0	8	5000.0	1.8067	67.9675	3.6	73.3742
1744118	6000.0	8	5000.0	0.6067	73.3742	1.2	75.18090000000001
1689353	18000.0	8	5000.0	1.8067	75.1809	3.6	80.5876
1683503	6000.0	8	5000.0	0.6067	80.5876	1.2	82.3943
1788278	14000.0	8	5000.0	1.4067	82.3943	2.8	86.601
1640423	6000.0	8	5000.0	0.6067	86.601	1.2	88.4077
1725655	5000.0	8	5000.0	0.5067	88.4077	1.0	89.9144
1765980	6000.0	8	5000.0	0.6067	89.9144	1.2	91.7211
1775527	7000.0	8	5000.0	0.7067	91.7211	1.4	93.82780000000001
1733079	12000.0	8	5000.0	1.2067	93.8278	2.4	97.4345
1668098	6000.0	8	5000.0	0.6067	97.4345	1.2	99.2412
1748822	6000.0	8	5000.0	0.6067	99.2412	1.2	101.04790000000001
1773308	6000.0	8	5000.0	0.6067	101.0479	1.2	102.8546
1658899	14000.0	8	5000.0	1.4067	102.8546	2.8	107.0613
1669890	7000.0	8	5000.0	0.7067	107.0613	1.4	109.168
1809048	7000.0	8	5000.0	0.7067	109.168	1.4	111.27470000000001
1714718	14000.0	8	5000.0	1.4067	111.2747	2.8	115.4814
1837929	6000.0	8	5000.0	0.6067	115.4814	1.2	117.2881
1850153	9000.0	8	5000.0	0.9067	117.2881	1.8	119.9948
1819976	18000.0	8	5000.0	1.8067	119.9948	3.6	125.4015
1850553	7000.0	8	5000.0	0.7067	125.4015	1.4	127.5082
1800988	5000.0	9	6000.0	0.5067	0	0.8333	1.34
1759032	8000.0	9	6000.0	0.8067	1.34	1.3333	3.48
1767318	16000.0	9	6000.0	1.6067	3.48	2.6667	7.753400000000001
1719379	6000.0	9	6000.0	0.6067	7.7534	1.0	9.3601
1707450	6000.0	9	6000.0	0.6067	9.3601	1.0	10.9668
1817912	10000.0	9	6000.0	1.0067	10.9668	1.6667	13.6402
1707278	12000.0	9	6000.0	1.2067	13.6402	2.0	16.846899999999998
1662176	6000.0	9	6000.0	0.6067	16.8469	1.0	18.4536
1762318	11000.0	9	6000.0	1.1067	18.4536	1.8333	21.393600000000003
1779605	14000.0	9	6000.0	1.4067	21.3936	2.3333	25.1336
1723202	6000.0	9	6000.0	0.6067	25.1336	1.0	26.7403
1663687	6000.0	9	6000.0	0.6067	26.7403	1.0	28.347
1690367	6000.0	9	6000.0	0.6067	28.347	1.0	29.9537
1817159	19000.0	9	6000.0	1.9067	29.9537	3.1667	35.027100000000004
1653665	7000.0	9	6000.0	0.7067	35.0271	1.1667	36.900499999999994
1708491	5000.0	9	6000.0	0.5067	36.9005	0.8333	38.240500000000004
1757133	7000.0	9	6000.0	0.7067	38.2405	1.1667	40.113899999999994
1708420	7000.0	9	6000.0	0.7067	40.1139	1.1667	41.9873
1682108	13000.0	9	6000.0	1.3067	41.9873	2.1667	45.460699999999996
1675736	6000.0	9	6000.0	0.6067	45.4607	1.0	47.067400000000006
1795081	11000.0	9	6000.0	1.1067	47.0674	1.8333	50.0074
1827911	6000.0	9	6000.0	0.6067	50.0074	1.0	51.61409999999999
1741095	11000.0	9	6000.0	1.1067	51.6141	1.8333	54.5541
1821530	6000.0	9	6000.0	0.6067	54.5541	1.0	56.160799999999995
1788635	20000.0	9	6000.0	2.0067	56.1608	3.3333	61.500800000000005
1708060	6000.0	9	6000.0	0.6067	61.5008	1.0	63.1075
1694799	14000.0	9	6000.0	1.4067	63.1075	2.3333	66.8475
1640420	6000.0	9	6000.0	0.6067	66.8475	1.0	68.4542
1778285	7000.0	9	6000.0	0.7067	68.4542	1.1667	70.3276
1835261	4000.0	9	6000.0	0.4067	70.3276	0.6667	71.40100000000001
1736256	6000.0	9	6000.0	0.6067	71.401	1.0	73.0077
1644551	6000.0	9	6000.0	0.6067	73.0077	1.0	74.6144
1770086	6000.0	9	6000.0	0.6067	74.6144	1.0	76.2211
1851439	6000.0	9	6000.0	0.6067	76.2211	1.0	77.82780000000001
1824779	8000.0	9	6000.0	0.8067	77.8278	1.3333	79.9678
1638771	5000.0	9	6000.0	0.5067	79.9678	0.8333	81.30779999999999
1850393	9000.0	9	6000.0	0.9067	81.3078	1.5	83.7145
1786543	6000.0	9	6000.0	0.6067	83.7145	1.0	85.3212
1678282	5000.0	9	6000.0	0.5067	85.3212	0.8333	86.6612
1735677	16000.0	9	6000.0	1.6067	86.6612	2.6667	90.9346
1804846	13000.0	9	6000.0	1.3067	90.9346	2.1667	94.40800000000002
1769996	7000.0	9	6000.0	0.7067	94.408	1.1667	96.2814
1654970	6000.0	9	6000.0	0.6067	96.2814	1.0	97.88810000000001
1767863	14000.0	9	6000.0	1.4067	97.8881	2.3333	101.62809999999999
1677468	6000.0	9	6000.0	0.6067	101.6281	1.0	103.2348
1730656	7000.0	9	6000.0	0.7067	103.2348	1.1667	105.10820000000001
1738865	7000.0	9	6000.0	0.7067	105.1082	1.1667	106.9816
1801970	6000.0	9	6000.0	0.6067	106.9816	1.0	108.5883
1829911	6000.0	9	6000.0	0.6067	108.5883	1.0	110.19500000000001
1728596	8000.0	10	6000.0	0.8067	0	1.3333	2.1399999999999997
1745130	9000.0	10	6000.0	0.9067	2.14	1.5	4.5466999999999995
1846974	7000.0	10	6000.0	0.7067	4.5467	1.1667	6.4201
1742467	5000.0	10	6000.0	0.5067	6.4201	0.8333	7.7601
1718079	5000.0	10	6000.0	0.5067	7.7601	0.8333	9.1001
1663563	7000.0	10	6000.0	0.7067	9.1001	1.1667	10.9735
1652458	11000.0	10	6000.0	1.1067	10.9735	1.8333	13.913499999999999
1663718	8000.0	10	6000.0	0.8067	13.9135	1.3333	16.0535
1814562	6000.0	10	6000.0	0.6067	16.0535	1.0	17.6602
1775799	6000.0	10	6000.0	0.6067	17.6602	1.0	19.2669
1672336	7000.0	10	6000.0	0.7067	19.2669	1.1667	21.1403
1779315	6000.0	10	6000.0	0.6067	21.1403	1.0	22.747
1680201	6000.0	10	6000.0	0.6067	22.747	1.0	24.3537
1751532	7000.0	10	6000.0	0.7067	24.3537	1.1667	26.2271
1814313	7000.0	10	6000.0	0.7067	26.2271	1.1667	28.1005
1696690	11000.0	10	6000.0	1.1067	28.1005	1.8333	31.0405
1778162	8000.0	10	6000.0	0.8067	31.0405	1.3333	33.1805
1651331	13000.0	10	6000.0	1.3067	33.1805	2.1667	36.6539
1740595	6000.0	10	6000.0	0.6067	36.6539	1.0	38.2606
1706131	6000.0	10	6000.0	0.6067	38.2606	1.0	39.8673
1709993	6000.0	10	6000.0	0.6067	39.8673	1.0	41.474000000000004
1850075	6000.0	10	6000.0	0.6067	41.474	1.0	43.08069999999999
1804276	7000.0	10	6000.0	0.7067	43.0807	1.1667	44.9541
1657182	6000.0	10	6000.0	0.6067	44.9541	1.0	46.5608
1733199	6000.0	10	6000.0	0.6067	46.5608	1.0	48.167500000000004
1830022	14000.0	10	6000.0	1.4067	48.1675	2.3333	51.9075
1844413	9000.0	10	6000.0	0.9067	51.9075	1.5	54.3142
1806988	7000.0	10	6000.0	0.7067	54.3142	1.1667	56.187599999999996
1729528	15000.0	10	6000.0	1.5067	56.1876	2.5	60.194300000000005
1738295	6000.0	10	6000.0	0.6067	60.1943	1.0	61.801
1685677	8000.0	10	6000.0	0.8067	61.801	1.3333	63.941
1769295	5000.0	10	6000.0	0.5067	63.941	0.8333	65.28099999999999
1714606	7000.0	10	6000.0	0.7067	65.281	1.1667	67.15440000000001
1715549	6000.0	10	6000.0	0.6067	67.1544	1.0	68.7611
1729330	7000.0	10	6000.0	0.7067	68.7611	1.1667	70.6345
1746207	5000.0	11	6000.0	0.5067	0	0.8333	1.34
1661092	5000.0	11	6000.0	0.5067	1.34	0.8333	2.68
1787939	9000.0	11	6000.0	0.9067	2.68	1.5	5.0867
1816225	6000.0	11	6000.0	0.6067	5.0867	1.0	6.6934000000000005
1791717	5000.0	11	6000.0	0.5067	6.6934	0.8333	8.0334
1665511	6000.0	11	6000.0	0.6067	8.0334	1.0	9.6401
1684066	20000.0	11	6000.0	2.0067	9.6401	3.3333	14.9801
1812388	15000.0	11	6000.0	1.5067	14.9801	2.5	18.9868
1780503	6000.0	11	6000.0	0.6067	18.9868	1.0	20.5935
1679601	5000.0	11	6000.0	0.5067	20.5935	0.8333	21.9335
1649821	5000.0	11	6000.0	0.5067	21.9335	0.8333	23.2735
1650233	15000.0	11	6000.0	1.5067	23.2735	2.5	27.280199999999997
1845057	7000.0	11	6000.0	0.7067	27.2802	1.1667	29.1536
1767150	6000.0	11	6000.0	0.6067	29.1536	1.0	30.7603
1756603	16000.0	11	6000.0	1.6067	30.7603	2.6667	35.0337
1718090	15000.0	11	6000.0	1.5067	35.0337	2.5	39.040400000000005
1813396	15000.0	11	6000.0	1.5067	39.0404	2.5	43.0471
1662094	7000.0	11	6000.0	0.7067	43.0471	1.1667	44.9205
1653175	6000.0	11	6000.0	0.6067	44.9205	1.0	46.52719999999999
1838782	7000.0	11	6000.0	0.7067	46.5272	1.1667	48.4006
1673020	12000.0	11	6000.0	1.2067	48.4006	2.0	51.607299999999995
1825932	7000.0	11	6000.0	0.7067	51.6073	1.1667	53.4807
1796295	6000.0	11	6000.0	0.6067	53.4807	1.0	55.0874
1723420	6000.0	11	6000.0	0.6067	55.0874	1.0	56.694100000000006
1676441	6000.0	11	6000.0	0.6067	56.6941	1.0	58.300799999999995
1697214	6000.0	11	6000.0	0.6067	58.3008	1.0	59.9075
1798197	8000.0	11	6000.0	0.8067	59.9075	1.3333	62.0475
1847398	8000.0	11	6000.0	0.8067	62.0475	1.3333	64.1875
1793806	6000.0	11	6000.0	0.6067	64.1875	1.0	65.7942
1722128	5000.0	11	6000.0	0.5067	65.7942	0.8333	67.13419999999999
1695745	4000.0	11	6000.0	0.4067	67.1342	0.6667	68.20760000000001
1776447	15000.0	11	6000.0	1.5067	68.2076	2.5	72.2143
1807185	6000.0	11	6000.0	0.6067	72.2143	1.0	73.821
1804601	15000.0	11	6000.0	1.5067	73.821	2.5	77.8277
1827222	14000.0	11	6000.0	1.4067	77.8277	2.3333	81.56769999999999
1700419	5000.0	11	6000.0	0.5067	81.5677	0.8333	82.90769999999999
1711282	18000.0	11	6000.0	1.8067	82.9077	3.0	87.71440000000001
1754653	7000.0	11	6000.0	0.7067	87.7144	1.1667	89.5878
1733346	5000.0	11	6000.0	0.5067	89.5878	0.8333	90.92779999999999
1772588	6000.0	11	6000.0	0.6067	90.9278	1.0	92.53450000000001
1782348	6000.0	11	6000.0	0.6067	92.5345	1.0	94.1412
1804105	6000.0	11	6000.0	0.6067	94.1412	1.0	95.7479
1735659	8000.0	11	6000.0	0.8067	95.7479	1.3333	97.8879
1701274	8000.0	11	6000.0	0.8067	97.8879	1.3333	100.0279
1805315	16000.0	11	6000.0	1.6067	100.0279	2.6667	104.30130000000001
1710733	15000.0	11	6000.0	1.5067	104.3013	2.5	108.30799999999999
1808050	6000.0	11	6000.0	0.6067	108.308	1.0	109.91470000000001
1805167	6000.0	11	6000.0	0.6067	109.9147	1.0	111.5214
1677810	8000.0	11	6000.0	0.8067	111.5214	1.3333	113.6614
1637102	7000.0	11	6000.0	0.7067	113.6614	1.1667	115.5348
1823558	10000.0	11	6000.0	1.0067	115.5348	1.6667	118.2082
1649422	11000.0	12	6000.0	1.1	0	1.8333	2.9333
1697855	7000.0	12	6000.0	0.7	2.9333	1.1667	4.800000000000001
1721288	18000.0	12	6000.0	1.8	4.8	3.0	9.6
1707663	7000.0	12	6000.0	0.7	9.6	1.1667	11.4667
1728702	5000.0	12	6000.0	0.5	11.4667	0.8333	12.799999999999999
1780418	6000.0	12	6000.0	0.6	12.8	1.0	14.4
1698078	7000.0	12	6000.0	0.7	14.4	1.1667	16.2667
1727148	18000.0	12	6000.0	1.8	16.2667	3.0	21.0667
1707888	8000.0	12	6000.0	0.8	21.0667	1.3333	23.200000000000003
1776112	14000.0	12	6000.0	1.4	23.2	2.3333	26.9333
1757893	6000.0	12	6000.0	0.6	26.9333	1.0	28.5333
1814329	7000.0	12	6000.0	0.7	28.5333	1.1667	30.4
1779210	6000.0	12	6000.0	0.6	30.4	1.0	32.0
1742009	6000.0	12	6000.0	0.6	32.0	1.0	33.6
1847486	16000.0	12	6000.0	1.6	33.6	2.6667	37.8667
1832771	7000.0	12	6000.0	0.7	37.8667	1.1667	39.7334
1723548	7000.0	12	6000.0	0.7	39.7334	1.1667	41.600100000000005
1690800	6000.0	12	6000.0	0.6	41.6001	1.0	43.2001
1696439	6000.0	12	6000.0	0.6	43.2001	1.0	44.8001
1795405	6000.0	12	6000.0	0.6	44.8001	1.0	46.4001
1663347	5000.0	12	6000.0	0.5	46.4001	0.8333	47.7334
1831927	8000.0	12	6000.0	0.8	47.7334	1.3333	49.8667
1705716	6000.0	12	6000.0	0.6	49.8667	1.0	51.4667
1672742	13000.0	12	6000.0	1.3	51.4667	2.1667	54.9334
1696608	8000.0	12	6000.0	0.8	54.9334	1.3333	57.0667
1743426	9000.0	12	6000.0	0.9	57.0667	1.5	59.466699999999996
1778906	7000.0	12	6000.0	0.7	59.4667	1.1667	61.333400000000005
1709154	7000.0	12	6000.0	0.7	61.3334	1.1667	63.2001
1706728	6000.0	12	6000.0	0.6	63.2001	1.0	64.8001
1778403	7000.0	12	6000.0	0.7	64.8001	1.1667	66.66680000000001
1661640	7000.0	12	6000.0	0.7	66.6668	1.1667	68.5335
1758625	5000.0	12	6000.0	0.5	68.5335	0.8333	69.8668
1836580	8000.0	12	6000.0	0.8	69.8668	1.3333	72.00009999999999
1691677	7000.0	12	6000.0	0.7	72.0001	1.1667	73.86680000000001
1780050	6000.0	12	6000.0	0.6	73.8668	1.0	75.46679999999999
1691638	7000.0	12	6000.0	0.7	75.4668	1.1667	77.33350000000002
1849996	5000.0	12	6000.0	0.5	77.3335	0.8333	78.6668
1636277	6000.0	12	6000.0	0.6	78.6668	1.0	80.26679999999999
1843219	6000.0	12	6000.0	0.6	80.2668	1.0	81.8668
1833108	12000.0	12	6000.0	1.2	81.8668	2.0	85.0668
1735804	5000.0	12	6000.0	0.5	85.0668	0.8333	86.4001
1803911	5000.0	12	6000.0	0.5	86.4001	0.8333	87.73339999999999
1843438	7000.0	12	6000.0	0.7	87.7334	1.1667	89.60010000000001
1636693	8000.0	12	6000.0	0.8	89.6001	1.3333	91.73339999999999
1702410	7000.0	12	6000.0	0.7	91.7334	1.1667	93.60010000000001
1645389	6000.0	12	6000.0	0.6	93.6001	1.0	95.20009999999999
1768552	9000.0	12	6000.0	0.9	95.2001	1.5	97.60010000000001
1843490	5000.0	12	6000.0	0.5	97.6001	0.8333	98.93339999999999
1679004	6000.0	12	6000.0	0.6	98.9334	1.0	100.5334
1669901	7000.0	12	6000.0	0.7	100.5334	1.1667	102.40010000000001
1732229	6000.0	12	6000.0	0.6	102.4001	1.0	104.00009999999999
1732441	16000.0	12	6000.0	1.6	104.0001	2.6667	108.2668
1773000	7000.0	12	6000.0	0.7	108.2668	1.1667	110.13350000000001
1750537	11000.0	12	6000.0	1.1	110.1335	1.8333	113.06679999999999
1839694	8000.0	12	6000.0	0.8	113.0668	1.3333	115.20009999999999
1826674	7000.0	13	8000.0	0.7	0	0.875	1.575
1660627	6000.0	13	8000.0	0.6	1.575	0.75	2.925
1674995	6000.0	13	8000.0	0.6	2.925	0.75	4.275
1635731	5000.0	13	8000.0	0.5	4.275	0.625	5.4
1660614	7000.0	13	8000.0	0.7	5.4	0.875	6.9750000000000005
1774355	15000.0	13	8000.0	1.5	6.975	1.875	10.35
1838400	8000.0	13	8000.0	0.8	10.35	1.0	12.15
1665526	17000.0	13	8000.0	1.7	12.15	2.125	15.975
1650484	6000.0	13	8000.0	0.6	15.975	0.75	17.325
1707360	7000.0	13	8000.0	0.7	17.325	0.875	18.9
1635834	6000.0	13	8000.0	0.6	18.9	0.75	20.25
1739373	11000.0	13	8000.0	1.1	20.25	1.375	22.725
1841472	6000.0	13	8000.0	0.6	22.725	0.75	24.075000000000003
1797645	15000.0	13	8000.0	1.5	24.075	1.875	27.45
1828642	5000.0	13	8000.0	0.5	27.45	0.625	28.575
1797247	7000.0	13	8000.0	0.7	28.575	0.875	30.15
1821735	5000.0	13	8000.0	0.5	30.15	0.625	31.275
1765001	6000.0	13	8000.0	0.6	31.275	0.75	32.625
1757136	8000.0	13	8000.0	0.8	32.625	1.0	34.425
1796324	5000.0	13	8000.0	0.5	34.425	0.625	35.55
1780247	6000.0	13	8000.0	0.6	35.55	0.75	36.9
1837279	5000.0	13	8000.0	0.5	36.9	0.625	38.025
1758707	13000.0	13	8000.0	1.3	38.025	1.625	40.949999999999996
1834666	7000.0	13	8000.0	0.7	40.95	0.875	42.525000000000006
1673699	6000.0	13	8000.0	0.6	42.525	0.75	43.875
1828096	7000.0	13	8000.0	0.7	43.875	0.875	45.45
1761778	8000.0	13	8000.0	0.8	45.45	1.0	47.25
1661952	7000.0	13	8000.0	0.7	47.25	0.875	48.825
1845417	5000.0	13	8000.0	0.5	48.825	0.625	49.95
1810564	24000.0	13	8000.0	2.4	49.95	3.0	55.35
1793357	10000.0	13	8000.0	1.0	55.35	1.25	57.6
1704478	6000.0	13	8000.0	0.6	57.6	0.75	58.95
1722212	7000.0	13	8000.0	0.7	58.95	0.875	60.525000000000006
1636918	6000.0	13	8000.0	0.6	60.525	0.75	61.875
1736979	6000.0	13	8000.0	0.6	61.875	0.75	63.225
1712363	6000.0	13	8000.0	0.6	63.225	0.75	64.575
1819322	8000.0	13	8000.0	0.8	64.575	1.0	66.375
1773463	12000.0	13	8000.0	1.2	66.375	1.5	69.075
1676958	7000.0	13	8000.0	0.7	69.075	0.875	70.65
1699409	6000.0	13	8000.0	0.6	70.65	0.75	72.0
1830764	7000.0	13	8000.0	0.7	72.0	0.875	73.575
1700528	16000.0	13	8000.0	1.6	73.575	2.0	77.175
1685589	8000.0	13	8000.0	0.8	77.175	1.0	78.975
1731221	12000.0	13	8000.0	1.2	78.975	1.5	81.675
1643874	6000.0	13	8000.0	0.6	81.675	0.75	83.02499999999999
1688074	6000.0	13	8000.0	0.6	83.025	0.75	84.375
1702715	6000.0	13	8000.0	0.6	84.375	0.75	85.725
1729991	14000.0	13	8000.0	1.4	85.725	1.75	88.875
1750683	7000.0	13	8000.0	0.7	88.875	0.875	90.45
1706903	5000.0	14	12000.0	0.5	0	0.4167	0.9167000000000001
1791848	20000.0	14	12000.0	2.0	0.9167	1.6667	4.5834
1791211	5000.0	14	12000.0	0.5	4.5834	0.4167	5.5001
1664668	13000.0	14	12000.0	1.3	5.5001	1.0833	7.8834
1665443	13000.0	14	12000.0	1.3	7.8834	1.0833	10.2667
1675212	6000.0	14	12000.0	0.6	10.2667	0.5	11.3667
1786826	9000.0	14	12000.0	0.9	11.3667	0.75	13.0167
1780545	18000.0	14	12000.0	1.8	13.0167	1.5	16.3167
1832458	6000.0	14	12000.0	0.6	16.3167	0.5	17.416700000000002
1642036	6000.0	14	12000.0	0.6	17.4167	0.5	18.5167
1739364	6000.0	14	12000.0	0.6	18.5167	0.5	19.6167
1758905	19000.0	14	12000.0	1.9	19.6167	1.5833	23.1
1704981	9000.0	14	12000.0	0.9	23.1	0.75	24.75
1724517	7000.0	14	12000.0	0.7	24.75	0.5833	26.0333
1663554	5000.0	14	12000.0	0.5	26.0333	0.4167	26.95
1811316	31000.0	14	12000.0	3.1	26.95	2.5833	32.6333
1723961	8000.0	14	12000.0	0.8	32.6333	0.6667	34.099999999999994
1717758	14000.0	14	12000.0	1.4	34.1	1.1667	36.6667
1834946	14000.0	14	12000.0	1.4	36.6667	1.1667	39.233399999999996
1708662	7000.0	14	12000.0	0.7	39.2334	0.5833	40.51670000000001
1662492	7000.0	14	12000.0	0.7	40.5167	0.5833	41.800000000000004
1763838	6000.0	14	12000.0	0.6	41.8	0.5	42.9
1755550	8000.0	14	12000.0	0.8	42.9	0.6667	44.366699999999994
1704268	8000.0	14	12000.0	0.8	44.3667	0.6667	45.8334
1839167	6000.0	14	12000.0	0.6	45.8334	0.5	46.9334
1788101	6000.0	14	12000.0	0.6	46.9334	0.5	48.0334
1665733	6000.0	14	12000.0	0.6	48.0334	0.5	49.1334
1827956	14000.0	14	12000.0	1.4	49.1334	1.1667	51.7001
1834116	13000.0	14	12000.0	1.3	51.7001	1.0833	54.0834
1689828	6000.0	14	12000.0	0.6	54.0834	0.5	55.1834
1689992	7000.0	14	12000.0	0.7	55.1834	0.5833	56.4667
1762451	5000.0	14	12000.0	0.5	56.4667	0.4167	57.3834
1780089	6000.0	14	12000.0	0.6	57.3834	0.5	58.4834
1755762	6000.0	14	12000.0	0.6	58.4834	0.5	59.583400000000005
1788887	19000.0	14	12000.0	1.9	59.5834	1.5833	63.0667
1798558	8000.0	14	12000.0	0.8	63.0667	0.6667	64.5334
1846068	12000.0	14	12000.0	1.2	64.5334	1.0	66.7334
1798284	8000.0	14	12000.0	0.8	66.7334	0.6667	68.2001
1798313	5000.0	14	12000.0	0.5	68.2001	0.4167	69.11680000000001
1770329	6000.0	14	12000.0	0.6	69.1168	0.5	70.21679999999999
1701450	7000.0	14	12000.0	0.7	70.2168	0.5833	71.5001
1819890	6000.0	14	12000.0	0.6	71.5001	0.5	72.6001
1802245	6000.0	14	12000.0	0.6	72.6001	0.5	73.70009999999999
1711461	6000.0	14	12000.0	0.6	73.7001	0.5	74.8001
1850363	6000.0	14	12000.0	0.6	74.8001	0.5	75.9001
1829679	14000.0	14	12000.0	1.4	75.9001	1.1667	78.4668
1639153	6000.0	14	12000.0	0.6	78.4668	0.5	79.5668
1750540	6000.0	14	12000.0	0.6	79.5668	0.5	80.6668
1785175	8000.0	14	12000.0	0.8	80.6668	0.6667	82.1335
1770536	16000.0	14	12000.0	1.6	82.1335	1.3333	85.06679999999999
1636576	7000.0	14	12000.0	0.7	85.0668	0.5833	86.3501
1749660	6000.0	14	12000.0	0.6	86.3501	0.5	87.45009999999999
1687513	7000.0	14	12000.0	0.7	87.4501	0.5833	88.7334
1686060	16000.0	14	12000.0	1.6	88.7334	1.3333	91.66669999999999
1806137	8000.0	14	12000.0	0.8	91.6667	0.6667	93.13340000000001
1687609	7000.0	14	12000.0	0.7	93.1334	0.5833	94.41669999999999
1675279	5000.0	15	16000.0	0.5	0	0.3125	0.8125
1787337	10000.0	15	16000.0	1.0	0.8125	0.625	2.4375
1703432	20000.0	15	16000.0	2.0	2.4375	1.25	5.6875
1774068	7000.0	15	16000.0	0.7	5.6875	0.4375	6.825
1670583	7000.0	15	16000.0	0.7	6.825	0.4375	7.9625
1739287	5000.0	15	16000.0	0.5	7.9625	0.3125	8.775
1846287	16000.0	15	16000.0	1.6	8.775	1.0	11.375
1672547	6000.0	15	16000.0	0.6	11.375	0.375	12.35
1691273	7000.0	15	16000.0	0.7	12.35	0.4375	13.487499999999999
1682052	14000.0	15	16000.0	1.4	13.4875	0.875	15.762500000000001
1777455	5000.0	15	16000.0	0.5	15.7625	0.3125	16.575
1794495	6000.0	15	16000.0	0.6	16.575	0.375	17.55
1722939	5000.0	15	16000.0	0.5	17.55	0.3125	18.3625
1696371	8000.0	15	16000.0	0.8	18.3625	0.5	19.6625
1766543	5000.0	15	16000.0	0.5	19.6625	0.3125	20.475
1673884	5000.0	15	16000.0	0.5	20.475	0.3125	21.2875
1841708	6000.0	15	16000.0	0.6	21.2875	0.375	22.262500000000003
1665851	7000.0	15	16000.0	0.7	22.2625	0.4375	23.4
1649257	6000.0	15	16000.0	0.6	23.4	0.375	24.375
1766070	5000.0	15	16000.0	0.5	24.375	0.3125	25.1875
1706179	15000.0	15	16000.0	1.5	25.1875	0.9375	27.625
1752951	6000.0	15	16000.0	0.6	27.625	0.375	28.6
1810796	12000.0	15	16000.0	1.2	28.6	0.75	30.55
1722150	6000.0	15	16000.0	0.6	30.55	0.375	31.525000000000002
1817485	14000.0	15	16000.0	1.4	31.525	0.875	33.8
1810687	13000.0	15	16000.0	1.3	33.8	0.8125	35.912499999999994
1769688	15000.0	15	16000.0	1.5	35.9125	0.9375	38.35
1735375	15000.0	15	16000.0	1.5	38.35	0.9375	40.7875
1678258	6000.0	15	16000.0	0.6	40.7875	0.375	41.7625
1730675	6000.0	15	16000.0	0.6	41.7625	0.375	42.737500000000004
1636799	6000.0	15	16000.0	0.6	42.7375	0.375	43.7125
1656783	5000.0	15	16000.0	0.5	43.7125	0.3125	44.525
1784696	7000.0	15	16000.0	0.7	44.525	0.4375	45.6625
1711764	18000.0	15	16000.0	1.8	45.6625	1.125	48.5875
1824768	12000.0	15	16000.0	1.2	48.5875	0.75	50.5375
1802392	6000.0	15	16000.0	0.6	50.5375	0.375	51.5125
1687007	7000.0	15	16000.0	0.7	51.5125	0.4375	52.650000000000006
1837898	5000.0	15	16000.0	0.5	52.65	0.3125	53.4625
1819734	6000.0	15	16000.0	0.6	53.4625	0.375	54.4375
1823320	8000.0	15	16000.0	0.8	54.4375	0.5	55.7375
1736429	6000.0	15	16000.0	0.6	55.7375	0.375	56.7125
1768001	6000.0	15	16000.0	0.6	56.7125	0.375	57.6875
1712557	31000.0	15	16000.0	3.1	57.6875	1.9375	62.725
1760936	13000.0	15	16000.0	1.3	62.725	0.8125	64.8375
1771572	7000.0	15	16000.0	0.7	64.8375	0.4375	65.97500000000001
1641915	7000.0	16	18000.0	0.7058	0	0.3889	1.0947
1660873	7000.0	16	18000.0	0.7058	1.0947	0.3889	2.1894
1660866	7000.0	16	18000.0	0.7058	2.1894	0.3889	3.2841
1726876	6000.0	16	18000.0	0.6058	3.2841	0.3333	4.2232
1778471	20000.0	16	18000.0	2.0058	4.2232	1.1111	7.3401
1800119	13000.0	16	18000.0	1.3058	7.3401	0.7222	9.368099999999998
1787401	6000.0	16	18000.0	0.6058	9.3681	0.3333	10.3072
1720488	5000.0	16	18000.0	0.5058	10.3072	0.2778	11.0908
1759272	6000.0	16	18000.0	0.6058	11.0908	0.3333	12.0299
1799549	6000.0	16	18000.0	0.6058	12.0299	0.3333	12.969
1642225	7000.0	16	18000.0	0.7058	12.969	0.3889	14.063699999999999
1721208	30000.0	16	18000.0	3.0058	14.0637	1.6667	18.7362
1780775	7000.0	16	18000.0	0.7058	18.7362	0.3889	19.8309
1776106	6000.0	16	18000.0	0.6058	19.8309	0.3333	20.77
1814369	5000.0	16	18000.0	0.5058	20.77	0.2778	21.5536
1816654	5000.0	16	18000.0	0.5058	21.5536	0.2778	22.3372
1722888	6000.0	16	18000.0	0.6058	22.3372	0.3333	23.2763
1690910	5000.0	16	18000.0	0.5058	23.2763	0.2778	24.0599
1662781	17000.0	16	18000.0	1.7058	24.0599	0.9444	26.7101
1838829	17000.0	16	18000.0	1.7058	26.7101	0.9444	29.360300000000002
1705680	5000.0	16	18000.0	0.5058	29.3603	0.2778	30.1439
1682580	6000.0	16	18000.0	0.6058	30.1439	0.3333	31.083
1742818	7000.0	16	18000.0	0.7058	31.083	0.3889	32.1777
1813009	5000.0	16	18000.0	0.5058	32.1777	0.2778	32.9613
1814857	8000.0	16	18000.0	0.8058	32.9613	0.4444	34.2115
1829055	7000.0	16	18000.0	0.7058	34.2115	0.3889	35.3062
1812856	6000.0	16	18000.0	0.6058	35.3062	0.3333	36.2453
1709283	6000.0	16	18000.0	0.6058	36.2453	0.3333	37.184400000000004
1647803	4000.0	16	18000.0	0.4058	37.1844	0.2222	37.8124
1789246	6000.0	16	18000.0	0.6058	37.8124	0.3333	38.7515
1834134	15000.0	16	18000.0	1.5058	38.7515	0.8333	41.0906
1685954	12000.0	16	18000.0	1.2058	41.0906	0.6667	42.963100000000004
1713283	14000.0	16	18000.0	1.4058	42.9631	0.7778	45.146699999999996
1771975	12000.0	16	18000.0	1.2058	45.1467	0.6667	47.019200000000005
1729517	7000.0	16	18000.0	0.7058	47.0192	0.3889	48.113899999999994
1840671	5000.0	16	18000.0	0.5058	48.1139	0.2778	48.8975
1808298	15000.0	16	18000.0	1.5058	48.8975	0.8333	51.2366
1759968	18000.0	16	18000.0	1.8058	51.2366	1.0	54.0424
1638799	6000.0	16	18000.0	0.6058	54.0424	0.3333	54.981500000000004
1759978	7000.0	16	18000.0	0.7058	54.9815	0.3889	56.07619999999999
1659468	15000.0	16	18000.0	1.5058	56.0762	0.8333	58.4153
1714716	7000.0	16	18000.0	0.7058	58.4153	0.3889	59.51
1754471	6000.0	16	18000.0	0.6058	59.51	0.3333	60.4491
1737343	6000.0	16	18000.0	0.6058	60.4491	0.3333	61.388200000000005
1712251	8000.0	16	18000.0	0.8058	61.3882	0.4444	62.6384
1733186	6000.0	16	18000.0	0.6058	62.6384	0.3333	63.5775
1637172	17000.0	16	18000.0	1.7058	63.5775	0.9444	66.2277
1829782	7000.0	16	18000.0	0.7058	66.2277	0.3889	67.3224
1786368	8000.0	16	18000.0	0.8058	67.3224	0.4444	68.57260000000001
1767748	8000.0	17	24000.0	0.8058	0	0.3333	1.1391
1800912	5000.0	17	24000.0	0.5058	1.1391	0.2083	1.8532
1665508	7000.0	17	24000.0	0.7058	1.8532	0.2917	2.8507000000000002
1654095	6000.0	17	24000.0	0.6058	2.8507	0.25	3.7064999999999997
1822966	16000.0	17	24000.0	1.6058	3.7065	0.6667	5.979
1816055	14000.0	17	24000.0	1.4058	5.979	0.5833	7.968100000000001
1787134	7000.0	17	24000.0	0.7058	7.9681	0.2917	8.9656
1815931	15000.0	17	24000.0	1.5058	8.9656	0.625	11.096400000000001
1778769	5000.0	17	24000.0	0.5058	11.0964	0.2083	11.8105
1848939	6000.0	17	24000.0	0.6058	11.8105	0.25	12.6663
1683809	30000.0	17	24000.0	3.0058	12.6663	1.25	16.9221
1812552	7000.0	17	24000.0	0.7058	16.9221	0.2917	17.9196
1828179	6000.0	17	24000.0	0.6058	17.9196	0.25	18.775399999999998
1675974	5000.0	17	24000.0	0.5058	18.7754	0.2083	19.489500000000003
1691020	13000.0	17	24000.0	1.3058	19.4895	0.5417	21.337
1653012	7000.0	17	24000.0	0.7058	21.337	0.2917	22.3345
1776679	7000.0	17	24000.0	0.7058	22.3345	0.2917	23.331999999999997
1752167	15000.0	17	24000.0	1.5058	23.332	0.625	25.4628
1837004	16000.0	17	24000.0	1.6058	25.4628	0.6667	27.7353
1778161	12000.0	17	24000.0	1.2058	27.7353	0.5	29.4411
1758483	9000.0	17	24000.0	0.9058	29.4411	0.375	30.721899999999998
1671286	6000.0	17	24000.0	0.6058	30.7219	0.25	31.5777
1798821	6000.0	17	24000.0	0.6058	31.5777	0.25	32.4335
1708086	7000.0	17	24000.0	0.7058	32.4335	0.2917	33.431000000000004
1679711	6000.0	17	24000.0	0.6058	33.431	0.25	34.2868
1817701	7000.0	17	24000.0	0.7058	34.2868	0.2917	35.284299999999995
1743608	5000.0	17	24000.0	0.5058	35.2843	0.2083	35.998400000000004
1691453	7000.0	17	24000.0	0.7058	35.9984	0.2917	36.9959
1680463	8000.0	17	24000.0	0.8058	36.9959	0.3333	38.135
1755183	7000.0	17	24000.0	0.7058	38.135	0.2917	39.1325
1753660	4000.0	17	24000.0	0.4058	39.1325	0.1667	39.705
1702376	6000.0	17	24000.0	0.6058	39.705	0.25	40.5608
1781200	6000.0	17	24000.0	0.6058	40.5608	0.25	41.4166
1655220	15000.0	17	24000.0	1.5058	41.4166	0.625	43.5474
1685091	6000.0	17	24000.0	0.6058	43.5474	0.25	44.403200000000005
1729449	6000.0	17	24000.0	0.6058	44.4032	0.25	45.259
1840650	7000.0	17	24000.0	0.7058	45.259	0.2917	46.256499999999996
1659084	16000.0	17	24000.0	1.6058	46.2565	0.6667	48.529
1729416	7000.0	17	24000.0	0.7058	48.529	0.2917	49.526500000000006
1839956	14000.0	17	24000.0	1.4058	49.5265	0.5833	51.5156
1736494	17000.0	17	24000.0	1.7058	51.5156	0.7083	53.929700000000004
1714008	15000.0	17	24000.0	1.5058	53.9297	0.625	56.0605
1809024	5000.0	17	24000.0	0.5058	56.0605	0.2083	56.7746
1712858	6000.0	17	24000.0	0.6058	56.7746	0.25	57.6304
1658162	15000.0	17	24000.0	1.5058	57.6304	0.625	59.7612
1771802	6000.0	17	24000.0	0.6058	59.7612	0.25	60.617000000000004
1821320	6000.0	18	30000.0	0.6058	0	0.2	0.8058000000000001
1719772	8000.0	18	30000.0	0.8058	0.8058	0.2667	1.8782999999999999
1688161	6000.0	18	30000.0	0.6058	1.8783	0.2	2.6841000000000004
1670364	6000.0	18	30000.0	0.6058	2.6841	0.2	3.4899
1790486	8000.0	18	30000.0	0.8058	3.4899	0.2667	4.5624
1790208	7000.0	18	30000.0	0.7058	4.5624	0.2333	5.5015
1646906	7000.0	18	30000.0	0.7058	5.5015	0.2333	6.4406
1822995	6000.0	18	30000.0	0.6058	6.4406	0.2	7.2464
1720983	15000.0	18	30000.0	1.5058	7.2464	0.5	9.2522
1650464	6000.0	18	30000.0	0.6058	9.2522	0.2	10.058
1664654	5000.0	18	30000.0	0.5058	10.058	0.1667	10.730500000000001
1715909	6000.0	18	30000.0	0.6058	10.7305	0.2	11.536299999999999
1720788	5000.0	18	30000.0	0.5058	11.5363	0.1667	12.208800000000002
1841099	7000.0	18	30000.0	0.7058	12.2088	0.2333	13.1479
1787692	6000.0	18	30000.0	0.6058	13.1479	0.2	13.9537
1815663	14000.0	18	30000.0	1.4058	13.9537	0.4667	15.826199999999998
1849349	6000.0	18	30000.0	0.6058	15.8262	0.2	16.631999999999998
1663079	5000.0	18	30000.0	0.5058	16.632	0.1667	17.3045
1662368	7000.0	18	30000.0	0.7058	17.3045	0.2333	18.2436
1845710	14000.0	18	30000.0	1.4058	18.2436	0.4667	20.1161
1757121	8000.0	18	30000.0	0.8058	20.1161	0.2667	21.1886
1752000	8000.0	18	30000.0	0.8058	21.1886	0.2667	22.261100000000003
1763855	6000.0	18	30000.0	0.6058	22.2611	0.2	23.066899999999997
1640571	5000.0	18	30000.0	0.5058	23.0669	0.1667	23.7394
1792738	6000.0	18	30000.0	0.6058	23.7394	0.2	24.545199999999998
1659754	5000.0	18	30000.0	0.5058	24.5452	0.1667	25.2177
1721617	5000.0	18	30000.0	0.5058	25.2177	0.1667	25.8902
1704506	7000.0	18	30000.0	0.7058	25.8902	0.2333	26.8293
1741725	5000.0	18	30000.0	0.5058	26.8293	0.1667	27.5018
1793572	6000.0	18	30000.0	0.6058	27.5018	0.2	28.307599999999997
1836533	7000.0	18	30000.0	0.7058	28.3076	0.2333	29.2467
1741378	6000.0	18	30000.0	0.6058	29.2467	0.2	30.0525
1793474	6000.0	18	30000.0	0.6058	30.0525	0.2	30.858299999999996
1823378	14000.0	18	30000.0	1.4058	30.8583	0.4667	32.7308
1702091	12000.0	18	30000.0	1.2058	32.7308	0.4	34.3366
1702066	14000.0	18	30000.0	1.4058	34.3366	0.4667	36.2091
1711778	7000.0	18	30000.0	0.7058	36.2091	0.2333	37.1482
1818610	7000.0	18	30000.0	0.7058	37.1482	0.2333	38.0873
1850052	6000.0	18	30000.0	0.6058	38.0873	0.2	38.893100000000004
1692650	7000.0	18	30000.0	0.7058	38.8931	0.2333	39.8322
1805994	6000.0	18	30000.0	0.6058	39.8322	0.2	40.638000000000005
1754090	7000.0	18	30000.0	0.7058	40.638	0.2333	41.5771
1686198	6000.0	18	30000.0	0.6058	41.5771	0.2	42.38290000000001
1699107	6000.0	18	30000.0	0.6058	42.3829	0.2	43.188700000000004
1750358	7000.0	18	30000.0	0.7058	43.1887	0.2333	44.12779999999999
1751714	8000.0	18	30000.0	0.8058	44.1278	0.2667	45.2003
1737530	5000.0	18	30000.0	0.5058	45.2003	0.1667	45.8728
1638983	5000.0	18	30000.0	0.5058	45.8728	0.1667	46.5453
1699196	6000.0	18	30000.0	0.6058	46.5453	0.2	47.3511
1786525	8000.0	18	30000.0	0.8058	47.3511	0.2667	48.4236
1654860	12000.0	18	30000.0	1.2058	48.4236	0.4	50.0294
1685659	6000.0	18	30000.0	0.6058	50.0294	0.2	50.83520000000001
1713209	8000.0	18	30000.0	0.8058	50.8352	0.2667	51.9077
1840645	6000.0	18	30000.0	0.6058	51.9077	0.2	52.7135
1754267	6000.0	18	30000.0	0.6058	52.7135	0.2	53.51930000000001
1712086	5000.0	18	30000.0	0.5058	53.5193	0.1667	54.1918
1754279	8000.0	18	30000.0	0.8058	54.1918	0.2667	55.2643
1820148	7000.0	19	30000.0	0.7058	0	0.2333	0.9391
1666012	8000.0	19	30000.0	0.8058	0.9391	0.2667	2.0116
1702941	7000.0	19	30000.0	0.7058	2.0116	0.2333	2.9507
1649934	5000.0	19	30000.0	0.5058	2.9507	0.1667	3.6232
1780854	17000.0	19	30000.0	1.7058	3.6232	0.5667	5.895700000000001
1786693	6000.0	19	30000.0	0.6058	5.8957	0.2	6.7015
1798936	8000.0	19	30000.0	0.8058	6.7015	0.2667	7.774
1746178	15000.0	19	30000.0	1.5058	7.774	0.5	9.7798
1720852	7000.0	19	30000.0	0.7058	9.7798	0.2333	10.7189
1791804	6000.0	19	30000.0	0.6058	10.7189	0.2	11.5247
1681073	17000.0	19	30000.0	1.7058	11.5247	0.5667	13.7972
1681060	6000.0	19	30000.0	0.6058	13.7972	0.2	14.603
1800437	6000.0	19	30000.0	0.6058	14.603	0.2	15.4088
1660995	6000.0	19	30000.0	0.6058	15.4088	0.2	16.214599999999997
1720149	6000.0	19	30000.0	0.6058	16.2146	0.2	17.0204
1720102	6000.0	19	30000.0	0.6058	17.0204	0.2	17.826199999999996
1790983	7000.0	19	30000.0	0.7058	17.8262	0.2333	18.7653
1777299	6000.0	19	30000.0	0.6058	18.7653	0.2	19.571099999999998
1672524	7000.0	19	30000.0	0.7058	19.5711	0.2333	20.5102
1723012	5000.0	19	30000.0	0.5058	20.5102	0.1667	21.1827
1652457	6000.0	19	30000.0	0.6058	21.1827	0.2	21.9885
1752825	6000.0	19	30000.0	0.6058	21.9885	0.2	22.794299999999996
1690188	16000.0	19	30000.0	1.6058	22.7943	0.5333	24.9334
1838899	6000.0	19	30000.0	0.6058	24.9334	0.2	25.739199999999997
1795569	8000.0	19	30000.0	0.8058	25.7392	0.2667	26.811700000000002
1652861	6000.0	19	30000.0	0.6058	26.8117	0.2	27.617499999999996
1764940	5000.0	19	30000.0	0.5058	27.6175	0.1667	28.29
1765320	16000.0	19	30000.0	1.6058	28.29	0.5333	30.4291
1751576	7000.0	19	30000.0	0.7058	30.4291	0.2333	31.368199999999998
1837035	6000.0	19	30000.0	0.6058	31.3682	0.2	32.174
1709214	5000.0	19	30000.0	0.5058	32.174	0.1667	32.8465
1651586	7000.0	19	30000.0	0.7058	32.8465	0.2333	33.7856
1689173	7000.0	19	30000.0	0.7058	33.7856	0.2333	34.7247
1665856	15000.0	19	30000.0	1.5058	34.7247	0.5	36.7305
1716729	6000.0	19	30000.0	0.6058	36.7305	0.2	37.536300000000004
1697733	8000.0	19	30000.0	0.8058	37.5363	0.2667	38.608799999999995
1822665	6000.0	19	30000.0	0.6058	38.6088	0.2	39.41460000000001
1659904	7000.0	19	30000.0	0.7058	39.4146	0.2333	40.3537
1666269	6000.0	19	30000.0	0.6058	40.3537	0.2	41.15950000000001
1817341	5000.0	19	30000.0	0.5058	41.1595	0.1667	41.832
1831562	18000.0	19	30000.0	1.8058	41.832	0.6	44.2378
1838552	6000.0	19	30000.0	0.6058	44.2378	0.2	45.043600000000005
1755713	7000.0	19	30000.0	0.7058	45.0436	0.2333	45.982699999999994
1709065	8000.0	19	30000.0	0.8058	45.9827	0.2667	47.0552
1741441	6000.0	19	30000.0	0.6058	47.0552	0.2	47.861000000000004
1676935	5000.0	19	30000.0	0.5058	47.861	0.1667	48.5335
1684795	5000.0	19	30000.0	0.5058	48.5335	0.1667	49.205999999999996
1643718	5000.0	19	30000.0	0.5058	49.206	0.1667	49.8785
1657889	7000.0	19	30000.0	0.7058	49.8785	0.2333	50.8176
1730696	5000.0	19	30000.0	0.5058	50.8176	0.1667	51.4901
1768325	6000.0	19	30000.0	0.6058	51.4901	0.2	52.2959
1819075	16000.0	19	30000.0	1.6058	52.2959	0.5333	54.435
1781615	7000.0	19	30000.0	0.7058	54.435	0.2333	55.3741
1749594	15000.0	19	30000.0	1.5058	55.3741	0.5	57.3799
1771202	5000.0	19	30000.0	0.5058	57.3799	0.1667	58.0524
1686501	7000.0	19	30000.0	0.7058	58.0524	0.2333	58.9915
1732049	5000.0	19	30000.0	0.5058	58.9915	0.1667	59.664
1656496	6000.0	19	30000.0	0.6058	59.664	0.2	60.469800000000006
1827424	7000.0	19	30000.0	0.7058	60.4698	0.2333	61.4089
1839596	11000.0	19	30000.0	1.1058	61.4089	0.3667	62.881400000000006
1638301	9000.0	19	30000.0	0.9058	62.8814	0.3	64.0872
1685664	7000.0	19	30000.0	0.7058	64.0872	0.2333	65.02629999999999
1638606	5000.0	19	30000.0	0.5058	65.0263	0.1667	65.6988
1771791	16000.0	19	30000.0	1.6058	65.6988	0.5333	67.8379
1801964	7000.0	19	30000.0	0.7058	67.8379	0.2333	68.777
