1820615	6000.0	0	500.0	0.6	0	12.0	12.6
1743876	3000.0	0	500.0	0.3	12.6	6.0	18.9
1783486	4000.0	0	500.0	0.4	18.9	8.0	27.299999999999997
1647510	3000.0	0	500.0	0.3	27.3	6.0	33.6
1708604	10000.0	0	500.0	1.0	33.6	20.0	54.6
1779245	9000.0	0	500.0	0.9	54.6	18.0	73.5
1677029	9000.0	0	500.0	0.9	73.5	18.0	92.4
1708571	2000.0	0	500.0	0.2	92.4	4.0	96.60000000000001
1741096	6000.0	0	500.0	0.6	96.6	12.0	109.19999999999999
1703723	7000.0	0	500.0	0.7	109.2	14.0	123.9
1745571	6000.0	0	500.0	0.6	123.9	12.0	136.5
1759889	8000.0	0	500.0	0.8	136.5	16.0	153.3
1696675	3000.0	0	500.0	0.3	153.3	6.0	159.60000000000002
1697732	4000.0	0	500.0	0.4	159.6	8.0	168.0
1731273	4000.0	0	500.0	0.4	168.0	8.0	176.4
1716207	8000.0	0	500.0	0.8	176.4	16.0	193.20000000000002
1677721	8000.0	0	500.0	0.8	193.2	16.0	210.0
1656950	7000.0	0	500.0	0.7	210.0	14.0	224.7
1732748	3000.0	0	500.0	0.3	224.7	6.0	231.0
1741658	5000.0	0	500.0	0.5	231.0	10.0	241.5
1689365	2000.0	0	500.0	0.2	241.5	4.0	245.7
1764506	2000.0	0	500.0	0.2	245.7	4.0	249.89999999999998
1710250	2000.0	0	500.0	0.2	249.9	4.0	254.1
1748607	7000.0	0	500.0	0.7	254.1	14.0	268.79999999999995
1747507	8000.0	0	500.0	0.8	268.8	16.0	285.6
1786094	5000.0	0	500.0	0.5	285.6	10.0	296.1
1788997	5000.0	0	500.0	0.5	296.1	10.0	306.6
1845963	7000.0	0	500.0	0.7	306.6	14.0	321.3
1682911	3000.0	0	500.0	0.3	321.3	6.0	327.6
1652789	5000.0	0	500.0	0.5	327.6	10.0	338.1
1797002	3000.0	0	500.0	0.3	338.1	6.0	344.40000000000003
1828019	11000.0	0	500.0	1.1	344.4	22.0	367.5
1727760	3000.0	0	500.0	0.3	367.5	6.0	373.8
1663336	11000.0	0	500.0	1.1	373.8	22.0	396.90000000000003
1816871	3000.0	0	500.0	0.3	396.9	6.0	403.2
1682134	7000.0	0	500.0	0.7	403.2	14.0	417.9
1684152	3000.0	0	500.0	0.3	417.9	6.0	424.2
1795341	3000.0	0	500.0	0.3	424.2	6.0	430.5
1758343	6000.0	0	500.0	0.6	430.5	12.0	443.1
1656154	5000.0	0	500.0	0.5	443.1	10.0	453.6
1792523	11000.0	0	500.0	1.1	453.6	22.0	476.70000000000005
1680183	4000.0	0	500.0	0.4	476.7	8.0	485.09999999999997
1716803	2000.0	0	500.0	0.2	485.1	4.0	489.3
1651367	4000.0	0	500.0	0.4	489.3	8.0	497.7
1748114	3000.0	0	500.0	0.3	497.7	6.0	504.0
1843515	13000.0	0	500.0	1.3	504.0	26.0	531.3
1767621	4000.0	0	500.0	0.4	531.3	8.0	539.6999999999999
1745850	4000.0	1	500.0	0.4	0	8.0	8.4
1771062	9000.0	1	500.0	0.9	8.4	18.0	27.3
1646871	6000.0	1	500.0	0.6	27.3	12.0	39.900000000000006
1700588	7000.0	1	500.0	0.7	39.9	14.0	54.6
1833136	3000.0	1	500.0	0.3	54.6	6.0	60.9
1771858	3000.0	1	500.0	0.3	60.9	6.0	67.19999999999999
1665989	6000.0	1	500.0	0.6	67.2	12.0	79.8
1801152	4000.0	1	500.0	0.4	79.8	8.0	88.2
1721833	3000.0	1	500.0	0.3	88.2	6.0	94.5
1668158	9000.0	1	500.0	0.9	94.5	18.0	113.4
1801222	8000.0	1	500.0	0.8	113.4	16.0	130.2
1830840	1000.0	1	500.0	0.1	130.2	2.0	132.29999999999998
1667336	12000.0	1	500.0	1.2	132.3	24.0	157.5
1642920	8000.0	1	500.0	0.8	157.5	16.0	174.3
1741781	3000.0	1	500.0	0.3	174.3	6.0	180.60000000000002
1802591	4000.0	1	500.0	0.4	180.6	8.0	189.0
1673519	9000.0	1	500.0	0.9	189.0	18.0	207.9
1820229	3000.0	1	500.0	0.3	207.9	6.0	214.20000000000002
1850063	9000.0	1	500.0	0.9	214.2	18.0	233.1
1819679	2000.0	1	500.0	0.2	233.1	4.0	237.29999999999998
1698691	8000.0	1	500.0	0.8	237.3	16.0	254.10000000000002
1820564	10000.0	1	500.0	1.0	254.1	20.0	275.1
1695175	3000.0	1	500.0	0.3	275.1	6.0	281.40000000000003
1829162	3000.0	1	500.0	0.3	281.4	6.0	287.7
1656987	2000.0	1	500.0	0.2	287.7	4.0	291.9
1822571	3000.0	1	500.0	0.3	291.9	6.0	298.2
1682057	9000.0	1	500.0	0.9	298.2	18.0	317.09999999999997
1712466	6000.0	1	500.0	0.6	317.1	12.0	329.70000000000005
1813188	7000.0	1	500.0	0.7	329.7	14.0	344.4
1842491	5000.0	1	500.0	0.5	344.4	10.0	354.9
1845939	3000.0	1	500.0	0.3	354.9	6.0	361.2
1656473	8000.0	1	500.0	0.8	361.2	16.0	378.0
1719032	7000.0	1	500.0	0.7	378.0	14.0	392.7
1727573	4000.0	1	500.0	0.4	392.7	8.0	401.09999999999997
1744634	3000.0	1	500.0	0.3	401.1	6.0	407.40000000000003
1796756	8000.0	1	500.0	0.8	407.4	16.0	424.2
1758405	4000.0	1	500.0	0.4	424.2	8.0	432.59999999999997
1662849	7000.0	1	500.0	0.7	432.6	14.0	447.3
1825006	5000.0	1	500.0	0.5	447.3	10.0	457.8
1851137	3000.0	1	500.0	0.3	457.8	6.0	464.1
1687413	3000.0	1	500.0	0.3	464.1	6.0	470.40000000000003
1729405	5000.0	1	500.0	0.5	470.4	10.0	480.9
1727008	4000.0	1	500.0	0.4	480.9	8.0	489.29999999999995
1815678	8000.0	1	500.0	0.8	489.3	16.0	506.1
1713453	8000.0	1	500.0	0.8	506.1	16.0	522.9000000000001
1830167	11000.0	1	500.0	1.1	522.9	22.0	546.0
1812804	2000.0	1	500.0	0.2	546.0	4.0	550.2
1659731	2000.0	1	500.0	0.2	550.2	4.0	554.4000000000001
1709992	3000.0	1	500.0	0.3	554.4	6.0	560.6999999999999
1724979	9000.0	1	500.0	0.9	560.7	18.0	579.6
1643569	2000.0	1	500.0	0.2	579.6	4.0	583.8000000000001
1838208	7000.0	2	1000.0	0.7	0	7.0	7.7
1721471	5000.0	2	1000.0	0.5	7.7	5.0	13.2
1782779	6000.0	2	1000.0	0.6	13.2	6.0	19.799999999999997
1819373	4000.0	2	1000.0	0.4	19.8	4.0	24.2
1822304	3000.0	2	1000.0	0.3	24.2	3.0	27.5
1801131	8000.0	2	1000.0	0.8	27.5	8.0	36.3
1722902	3000.0	2	1000.0	0.3	36.3	3.0	39.599999999999994
1725846	5000.0	2	1000.0	0.5	39.6	5.0	45.1
1801190	11000.0	2	1000.0	1.1	45.1	11.0	57.2
1768533	3000.0	2	1000.0	0.3	57.2	3.0	60.5
1694430	3000.0	2	1000.0	0.3	60.5	3.0	63.8
1657104	3000.0	2	1000.0	0.3	63.8	3.0	67.1
1833593	7000.0	2	1000.0	0.7	67.1	7.0	74.8
1676337	1000.0	2	1000.0	0.1	74.8	1.0	75.89999999999999
1657133	3000.0	2	1000.0	0.3	75.9	3.0	79.2
1806653	3000.0	2	1000.0	0.3	79.2	3.0	82.5
1676415	3000.0	2	1000.0	0.3	82.5	3.0	85.8
1803469	3000.0	2	1000.0	0.3	85.8	3.0	89.1
1637833	7000.0	2	1000.0	0.7	89.1	7.0	96.8
1745505	3000.0	2	1000.0	0.3	96.8	3.0	100.1
1821576	4000.0	2	1000.0	0.4	100.1	4.0	104.5
1769050	3000.0	2	1000.0	0.3	104.5	3.0	107.8
1801425	8000.0	2	1000.0	0.8	107.8	8.0	116.6
1681811	8000.0	2	1000.0	0.8	116.6	8.0	125.39999999999999
1789515	5000.0	2	1000.0	0.5	125.4	5.0	130.9
1798261	8000.0	2	1000.0	0.8	130.9	8.0	139.70000000000002
1681559	8000.0	2	1000.0	0.8	139.7	8.0	148.5
1845956	6000.0	2	1000.0	0.6	148.5	6.0	155.1
1786462	10000.0	2	1000.0	1.0	155.1	10.0	166.1
1786628	11000.0	2	1000.0	1.1	166.1	11.0	178.2
1663535	5000.0	2	1000.0	0.5	178.2	5.0	183.7
1690734	5000.0	2	1000.0	0.5	183.7	5.0	189.2
1710637	9000.0	2	1000.0	0.9	189.2	9.0	199.1
1684353	7000.0	2	1000.0	0.7	199.1	7.0	206.79999999999998
1734253	11000.0	2	1000.0	1.1	206.8	11.0	218.9
1765915	4000.0	2	1000.0	0.4	218.9	4.0	223.3
1797677	8000.0	2	1000.0	0.8	223.3	8.0	232.10000000000002
1753277	4000.0	2	1000.0	0.4	232.1	4.0	236.5
1736894	11000.0	2	1000.0	1.1	236.5	11.0	248.6
1712794	4000.0	2	1000.0	0.4	248.6	4.0	253.0
1669472	4000.0	2	1000.0	0.4	253.0	4.0	257.4
1723728	10000.0	2	1000.0	1.0	257.4	10.0	268.4
1818941	5000.0	2	1000.0	0.5	268.4	5.0	273.9
1716784	8000.0	2	1000.0	0.8	273.9	8.0	282.7
1767788	2000.0	2	1000.0	0.2	282.7	2.0	284.9
1693075	3000.0	2	1000.0	0.3	284.9	3.0	288.2
1827716	10000.0	2	1000.0	1.0	288.2	10.0	299.2
1841351	3000.0	2	1000.0	0.3	299.2	3.0	302.5
1688295	10000.0	2	1000.0	1.0	302.5	10.0	313.5
1767950	3000.0	2	1000.0	0.3	313.5	3.0	316.8
1792001	4000.0	2	1000.0	0.4	316.8	4.0	321.2
1791367	3000.0	2	1000.0	0.3	321.2	3.0	324.5
1636996	7000.0	3	1000.0	0.7	0	7.0	7.7
1674326	3000.0	3	1000.0	0.3	7.7	3.0	11.0
1724244	10000.0	3	1000.0	1.0	11.0	10.0	22.0
1749390	6000.0	3	1000.0	0.6	22.0	6.0	28.6
1822017	4000.0	3	1000.0	0.4	28.6	4.0	33.0
1731630	4000.0	3	1000.0	0.4	33.0	4.0	37.4
1829534	8000.0	3	1000.0	0.8	37.4	8.0	46.199999999999996
1642714	4000.0	3	1000.0	0.4	46.2	4.0	50.6
1826903	3000.0	3	1000.0	0.3	50.6	3.0	53.9
1647104	10000.0	3	1000.0	1.0	53.9	10.0	64.9
1650196	5000.0	3	1000.0	0.5	64.9	5.0	70.4
1730387	10000.0	3	1000.0	1.0	70.4	10.0	81.4
1781183	11000.0	3	1000.0	1.1	81.4	11.0	93.5
1762722	4000.0	3	1000.0	0.4	93.5	4.0	97.9
1804920	8000.0	3	1000.0	0.8	97.9	8.0	106.7
1637427	11000.0	3	1000.0	1.1	106.7	11.0	118.8
1726037	6000.0	3	1000.0	0.6	118.8	6.0	125.39999999999999
1824253	3000.0	3	1000.0	0.3	125.4	3.0	128.7
1761028	3000.0	3	1000.0	0.3	128.7	3.0	132.0
1675596	8000.0	3	1000.0	0.8	132.0	8.0	140.8
1695218	9000.0	3	1000.0	0.9	140.8	9.0	150.70000000000002
1707850	1000.0	3	1000.0	0.1	150.7	1.0	151.79999999999998
1804600	8000.0	3	1000.0	0.8	151.8	8.0	160.60000000000002
1829216	3000.0	3	1000.0	0.3	160.6	3.0	163.9
1732703	5000.0	3	1000.0	0.5	163.9	5.0	169.4
1786896	8000.0	3	1000.0	0.8	169.4	8.0	178.20000000000002
1834881	2000.0	3	1000.0	0.2	178.2	2.0	180.39999999999998
1773361	4000.0	3	1000.0	0.4	180.4	4.0	184.8
1794350	3000.0	3	1000.0	0.3	184.8	3.0	188.10000000000002
1718330	8000.0	3	1000.0	0.8	188.1	8.0	196.9
1681386	5000.0	3	1000.0	0.5	196.9	5.0	202.4
1685795	4000.0	3	1000.0	0.4	202.4	4.0	206.8
1642030	7000.0	3	1000.0	0.7	206.8	7.0	214.5
1786555	6000.0	3	1000.0	0.6	214.5	6.0	221.1
1846366	4000.0	3	1000.0	0.4	221.1	4.0	225.5
1643628	4000.0	3	1000.0	0.4	225.5	4.0	229.9
1727421	3000.0	3	1000.0	0.3	229.9	3.0	233.20000000000002
1828080	8000.0	3	1000.0	0.8	233.2	8.0	242.0
1653071	3000.0	3	1000.0	0.3	242.0	3.0	245.3
1753054	7000.0	3	1000.0	0.7	245.3	7.0	253.0
1639247	4000.0	3	1000.0	0.4	253.0	4.0	257.4
1828243	2000.0	3	1000.0	0.2	257.4	2.0	259.59999999999997
1825033	3000.0	3	1000.0	0.3	259.6	3.0	262.90000000000003
1644485	8000.0	3	1000.0	0.8	262.9	8.0	271.7
1762603	5000.0	3	1000.0	0.5	271.7	5.0	277.2
1656667	5000.0	3	1000.0	0.5	277.2	5.0	282.7
1693778	4000.0	3	1000.0	0.4	282.7	4.0	287.09999999999997
1671784	5000.0	3	1000.0	0.5	287.1	5.0	292.6
1717141	9000.0	3	1000.0	0.9	292.6	9.0	302.5
1730143	10000.0	3	1000.0	1.0	302.5	10.0	313.5
1767607	7000.0	3	1000.0	0.7	313.5	7.0	321.2
1742330	8000.0	4	4000.0	0.8038	0	2.0	2.8038
1648713	6000.0	4	4000.0	0.6038	2.8038	1.5	4.9076
1806764	8000.0	4	4000.0	0.8038	4.9076	2.0	7.7114
1703391	4000.0	4	4000.0	0.4038	7.7114	1.0	9.1152
1833128	6000.0	4	4000.0	0.6038	9.1152	1.5	11.219
1722857	3000.0	4	4000.0	0.3038	11.219	0.75	12.2728
1708549	3000.0	4	4000.0	0.3038	12.2728	0.75	13.326600000000001
1676713	9000.0	4	4000.0	0.9038	13.3266	2.25	16.4804
1806923	11000.0	4	4000.0	1.1038	16.4804	2.75	20.3342
1703394	4000.0	4	4000.0	0.4038	20.3342	1.0	21.738
1731136	3000.0	4	4000.0	0.3038	21.738	0.75	22.7918
1763506	3000.0	4	4000.0	0.3038	22.7918	0.75	23.845599999999997
1638700	4000.0	4	4000.0	0.4038	23.8456	1.0	25.2494
1673788	4000.0	4	4000.0	0.4038	25.2494	1.0	26.653200000000002
1678242	5000.0	4	4000.0	0.5038	26.6532	1.25	28.406999999999996
1721053	5000.0	4	4000.0	0.5038	28.407	1.25	30.160800000000002
1678148	8000.0	4	4000.0	0.8038	30.1608	2.0	32.9646
1695518	8000.0	4	4000.0	0.8038	32.9646	2.0	35.7684
1677324	4000.0	4	4000.0	0.4038	35.7684	1.0	37.1722
1840662	4000.0	4	4000.0	0.4038	37.1722	1.0	38.57599999999999
1677344	7000.0	4	4000.0	0.7038	38.576	1.75	41.0298
1745924	1000.0	4	4000.0	0.1038	41.0298	0.25	41.3836
1770726	7000.0	4	4000.0	0.7038	41.3836	1.75	43.8374
1827140	7000.0	4	4000.0	0.7038	43.8374	1.75	46.2912
1801326	5000.0	4	4000.0	0.5038	46.2912	1.25	48.045
1809740	4000.0	4	4000.0	0.4038	48.045	1.0	49.4488
1666696	10000.0	4	4000.0	1.0038	49.4488	2.5	52.9526
1727931	2000.0	4	4000.0	0.2038	52.9526	0.5	53.6564
1723546	3000.0	4	4000.0	0.3038	53.6564	0.75	54.7102
1711541	4000.0	4	4000.0	0.4038	54.7102	1.0	56.114
1747912	27000.0	4	4000.0	2.7038	56.114	6.75	65.5678
1786563	9000.0	4	4000.0	0.9038	65.5678	2.25	68.72160000000001
1646066	3000.0	4	4000.0	0.3038	68.7216	0.75	69.77539999999999
1682790	9000.0	4	4000.0	0.9038	69.7754	2.25	72.92920000000001
1682768	5000.0	4	4000.0	0.5038	72.9292	1.25	74.68299999999999
1825280	9000.0	4	4000.0	0.9038	74.683	2.25	77.83680000000001
1765855	2000.0	4	4000.0	0.2038	77.8368	0.5	78.5406
1787551	9000.0	4	4000.0	0.9038	78.5406	2.25	81.6944
1643906	4000.0	4	4000.0	0.4038	81.6944	1.0	83.0982
1705555	9000.0	4	4000.0	0.9038	83.0982	2.25	86.25200000000001
1797761	6000.0	4	4000.0	0.6038	86.252	1.5	88.3558
1851950	2000.0	4	4000.0	0.2038	88.3558	0.5	89.0596
1785210	4000.0	4	4000.0	0.4038	89.0596	1.0	90.46340000000001
1792007	9000.0	4	4000.0	0.9038	90.4634	2.25	93.6172
1707408	6000.0	4	4000.0	0.6038	93.6172	1.5	95.721
1640752	3000.0	4	4000.0	0.3038	95.721	0.75	96.7748
1636732	5000.0	5	4000.0	0.5038	0	1.25	1.7538
1724503	2000.0	5	4000.0	0.2038	1.7538	0.5	2.4576000000000002
1823787	6000.0	5	4000.0	0.6038	2.4576	1.5	4.5614
1762913	7000.0	5	4000.0	0.7038	4.5614	1.75	7.0152
1725739	13000.0	5	4000.0	1.3038	7.0152	3.25	11.569
1810812	8000.0	5	4000.0	0.8038	11.569	2.0	14.372800000000002
1729174	9000.0	5	4000.0	0.9038	14.3728	2.25	17.526600000000002
1760434	10000.0	5	4000.0	1.0038	17.5266	2.5	21.0304
1646761	4000.0	5	4000.0	0.4038	21.0304	1.0	22.4342
1702882	3000.0	5	4000.0	0.3038	22.4342	0.75	23.488
1807634	5000.0	5	4000.0	0.5038	23.488	1.25	25.241799999999998
1742166	4000.0	5	4000.0	0.4038	25.2418	1.0	26.6456
1741823	6000.0	5	4000.0	0.6038	26.6456	1.5	28.7494
1781073	3000.0	5	4000.0	0.3038	28.7494	0.75	29.8032
1677743	2000.0	5	4000.0	0.2038	29.8032	0.5	30.507
1832800	9000.0	5	4000.0	0.9038	30.507	2.25	33.6608
1658627	9000.0	5	4000.0	0.9038	33.6608	2.25	36.8146
1676503	8000.0	5	4000.0	0.8038	36.8146	2.0	39.6184
1703620	10000.0	5	4000.0	1.0038	39.6184	2.5	43.1222
1821588	11000.0	5	4000.0	1.1038	43.1222	2.75	46.976
1728787	4000.0	5	4000.0	0.4038	46.976	1.0	48.379799999999996
1761033	3000.0	5	4000.0	0.3038	48.3798	0.75	49.433600000000006
1728784	4000.0	5	4000.0	0.4038	49.4336	1.0	50.837399999999995
1784530	4000.0	5	4000.0	0.4038	50.8374	1.0	52.2412
1834127	4000.0	5	4000.0	0.4038	52.2412	1.0	53.644999999999996
1748549	4000.0	5	4000.0	0.4038	53.645	1.0	55.0488
1808970	8000.0	5	4000.0	0.8038	55.0488	2.0	57.8526
1735700	3000.0	5	4000.0	0.3038	57.8526	0.75	58.906400000000005
1851778	4000.0	5	4000.0	0.4038	58.9064	1.0	60.310199999999995
1826803	3000.0	5	4000.0	0.3038	60.3102	0.75	61.364000000000004
1685337	9000.0	5	4000.0	0.9038	61.364	2.25	64.5178
1754405	10000.0	5	4000.0	1.0038	64.5178	2.5	68.02159999999999
1754466	3000.0	5	4000.0	0.3038	68.0216	0.75	69.0754
1659937	9000.0	5	4000.0	0.9038	69.0754	2.25	72.2292
1739899	5000.0	5	4000.0	0.5038	72.2292	1.25	73.983
1797009	13000.0	5	4000.0	1.3038	73.983	3.25	78.5368
1641936	4000.0	5	4000.0	0.4038	78.5368	1.0	79.9406
1817724	6000.0	5	4000.0	0.6038	79.9406	1.5	82.04440000000001
1753851	6000.0	5	4000.0	0.6038	82.0444	1.5	84.1482
1650904	4000.0	5	4000.0	0.4038	84.1482	1.0	85.552
1739157	10000.0	5	4000.0	1.0038	85.552	2.5	89.0558
1814331	9000.0	5	4000.0	0.9038	89.0558	2.25	92.20960000000001
1808766	6000.0	5	4000.0	0.6038	92.2096	1.5	94.3134
1747978	4000.0	5	4000.0	0.4038	94.3134	1.0	95.7172
1643945	8000.0	5	4000.0	0.8038	95.7172	2.0	98.521
1684260	4000.0	5	4000.0	0.4038	98.521	1.0	99.9248
1799120	3000.0	5	4000.0	0.3038	99.9248	0.75	100.9786
1651748	4000.0	5	4000.0	0.4038	100.9786	1.0	102.3824
1799274	3000.0	5	4000.0	0.3038	102.3824	0.75	103.4362
1771928	13000.0	5	4000.0	1.3038	103.4362	3.25	107.99
1845737	3000.0	5	4000.0	0.3038	107.99	0.75	109.04379999999999
1651562	5000.0	5	4000.0	0.5038	109.0438	1.25	110.7976
1686591	3000.0	5	4000.0	0.3038	110.7976	0.75	111.8514
1651641	8000.0	5	4000.0	0.8038	111.8514	2.0	114.6552
1687935	9000.0	5	4000.0	0.9038	114.6552	2.25	117.809
1842497	3000.0	5	4000.0	0.3038	117.809	0.75	118.8628
1792469	1000.0	5	4000.0	0.1038	118.8628	0.25	119.2166
1692888	8000.0	5	4000.0	0.8038	119.2166	2.0	122.0204
1733878	5000.0	5	4000.0	0.5038	122.0204	1.25	123.7742
1671780	3000.0	5	4000.0	0.3038	123.7742	0.75	124.82799999999999
1680163	3000.0	5	4000.0	0.3038	124.828	0.75	125.8818
1841970	8000.0	5	4000.0	0.8038	125.8818	2.0	128.6856
1814948	10000.0	5	4000.0	1.0038	128.6856	2.5	132.1894
1809146	7000.0	6	5000.0	0.7038	0	1.4	2.1037999999999997
1664413	7000.0	6	5000.0	0.7038	2.1038	1.4	4.207599999999999
1803964	9000.0	6	5000.0	0.9038	4.2076	1.8	6.9114
1838861	8000.0	6	5000.0	0.8038	6.9114	1.6	9.3152
1694167	4000.0	6	5000.0	0.4038	9.3152	0.8	10.519000000000002
1744206	6000.0	6	5000.0	0.6038	10.519	1.2	12.322799999999999
1664362	8000.0	6	5000.0	0.8038	12.3228	1.6	14.726600000000001
1838060	3000.0	6	5000.0	0.3038	14.7266	0.6	15.6304
1771685	4000.0	6	5000.0	0.4038	15.6304	0.8	16.8342
1807000	7000.0	6	5000.0	0.7038	16.8342	1.4	18.938
1643375	3000.0	6	5000.0	0.3038	18.938	0.6	19.8418
1759392	10000.0	6	5000.0	1.0038	19.8418	2.0	22.845599999999997
1699211	2000.0	6	5000.0	0.2038	22.8456	0.4	23.4494
1822720	8000.0	6	5000.0	0.8038	23.4494	1.6	25.8532
1654051	6000.0	6	5000.0	0.6038	25.8532	1.2	27.657
1769185	8000.0	6	5000.0	0.8038	27.657	1.6	30.0608
1824158	8000.0	6	5000.0	0.8038	30.0608	1.6	32.4646
1742046	3000.0	6	5000.0	0.3038	32.4646	0.6	33.3684
1751268	5000.0	6	5000.0	0.5038	33.3684	1.0	34.8722
1658389	7000.0	6	5000.0	0.7038	34.8722	1.4	36.976
1760049	10000.0	6	5000.0	1.0038	36.976	2.0	39.9798
1806280	4000.0	6	5000.0	0.4038	39.9798	0.8	41.18359999999999
1647372	9000.0	6	5000.0	0.9038	41.1836	1.8	43.88739999999999
1779619	7000.0	6	5000.0	0.7038	43.8874	1.4	45.9912
1810458	4000.0	6	5000.0	0.4038	45.9912	0.8	47.19499999999999
1810456	2000.0	6	5000.0	0.2038	47.195	0.4	47.7988
1643146	4000.0	6	5000.0	0.4038	47.7988	0.8	49.002599999999994
1709591	22000.0	6	5000.0	2.2038	49.0026	4.4	55.6064
1716444	4000.0	6	5000.0	0.4038	55.6064	0.8	56.810199999999995
1713666	3000.0	6	5000.0	0.3038	56.8102	0.6	57.714000000000006
1725318	3000.0	6	5000.0	0.3038	57.714	0.6	58.6178
1840187	8000.0	6	5000.0	0.8038	58.6178	1.6	61.02160000000001
1706408	3000.0	6	5000.0	0.3038	61.0216	0.6	61.9254
1793921	7000.0	6	5000.0	0.7038	61.9254	1.4	64.0292
1641126	9000.0	6	5000.0	0.9038	64.0292	1.8	66.733
1787353	3000.0	6	5000.0	0.3038	66.733	0.6	67.6368
1711005	4000.0	6	5000.0	0.4038	67.6368	0.8	68.8406
1813046	21000.0	6	5000.0	2.1038	68.8406	4.2	75.1444
1700987	5000.0	6	5000.0	0.5038	75.1444	1.0	76.6482
1712852	3000.0	6	5000.0	0.3038	76.6482	0.6	77.55199999999999
1812848	4000.0	6	5000.0	0.4038	77.552	0.8	78.75580000000001
1719434	4000.0	6	5000.0	0.4038	78.7558	0.8	79.9596
1758651	6000.0	6	5000.0	0.6038	79.9596	1.2	81.7634
1817112	10000.0	6	5000.0	1.0038	81.7634	2.0	84.7672
1747113	2000.0	6	5000.0	0.2038	84.7672	0.4	85.37100000000001
1758416	10000.0	6	5000.0	1.0038	85.371	2.0	88.3748
1773424	9000.0	6	5000.0	0.9038	88.3748	1.8	91.0786
1757954	9000.0	6	5000.0	0.9038	91.0786	1.8	93.7824
1738514	4000.0	6	5000.0	0.4038	93.7824	0.8	94.9862
1758964	9000.0	6	5000.0	0.9038	94.9862	1.8	97.69
1815623	4000.0	6	5000.0	0.4038	97.69	0.8	98.8938
1791504	3000.0	6	5000.0	0.3038	98.8938	0.6	99.79759999999999
1714437	6000.0	6	5000.0	0.6038	99.7976	1.2	101.60140000000001
1845889	7000.0	6	5000.0	0.7038	101.6014	1.4	103.7052
1713416	5000.0	6	5000.0	0.5038	103.7052	1.0	105.209
1704816	2000.0	6	5000.0	0.2038	105.209	0.4	105.81280000000001
1746433	2000.0	6	5000.0	0.2038	105.8128	0.4	106.4166
1686914	2000.0	6	5000.0	0.2038	106.4166	0.4	107.02040000000001
1815144	4000.0	6	5000.0	0.4038	107.0204	0.8	108.2242
1756763	5000.0	6	5000.0	0.5038	108.2242	1.0	109.728
1656070	5000.0	6	5000.0	0.5038	109.728	1.0	111.23179999999999
1819187	4000.0	6	5000.0	0.4038	111.2318	0.8	112.43560000000001
1686050	21000.0	6	5000.0	2.1038	112.4356	4.2	118.7394
1701759	8000.0	6	5000.0	0.8038	118.7394	1.6	121.1432
1674795	6000.0	7	5000.0	0.6038	0	1.2	1.8037999999999998
1679475	14000.0	7	5000.0	1.4038	1.8038	2.8	6.0076
1731604	3000.0	7	5000.0	0.3038	6.0076	0.6	6.9113999999999995
1655086	3000.0	7	5000.0	0.3038	6.9114	0.6	7.8152
1699485	3000.0	7	5000.0	0.3038	7.8152	0.6	8.719
1847131	8000.0	7	5000.0	0.8038	8.719	1.6	11.1228
1823727	3000.0	7	5000.0	0.3038	11.1228	0.6	12.0266
1824786	4000.0	7	5000.0	0.4038	12.0266	0.8	13.230400000000001
1674187	2000.0	7	5000.0	0.2038	13.2304	0.4	13.8342
1769775	12000.0	7	5000.0	1.2038	13.8342	2.4	17.438
1674591	4000.0	7	5000.0	0.4038	17.438	0.8	18.6418
1751061	10000.0	7	5000.0	1.0038	18.6418	2.0	21.6456
1771672	9000.0	7	5000.0	0.9038	21.6456	1.8	24.349400000000003
1831252	4000.0	7	5000.0	0.4038	24.3494	0.8	25.5532
1677561	8000.0	7	5000.0	0.8038	25.5532	1.6	27.957
1804886	1000.0	7	5000.0	0.1038	27.957	0.2	28.2608
1677889	7000.0	7	5000.0	0.7038	28.2608	1.4	30.3646
1649994	3000.0	7	5000.0	0.3038	30.3646	0.6	31.2684
1709666	9000.0	7	5000.0	0.9038	31.2684	1.8	33.972199999999994
1635872	9000.0	7	5000.0	0.9038	33.9722	1.8	36.675999999999995
1637051	4000.0	7	5000.0	0.4038	36.676	0.8	37.879799999999996
1669200	7000.0	7	5000.0	0.7038	37.8798	1.4	39.9836
1699853	8000.0	7	5000.0	0.8038	39.9836	1.6	42.38740000000001
1838355	3000.0	7	5000.0	0.3038	42.3874	0.6	43.2912
1819865	3000.0	7	5000.0	0.3038	43.2912	0.6	44.19500000000001
1715463	4000.0	7	5000.0	0.4038	44.195	0.8	45.398799999999994
1743577	4000.0	7	5000.0	0.4038	45.3988	0.8	46.602599999999995
1818177	4000.0	7	5000.0	0.4038	46.6026	0.8	47.8064
1773219	6000.0	7	5000.0	0.6038	47.8064	1.2	49.6102
1660203	4000.0	7	5000.0	0.4038	49.6102	0.8	50.81399999999999
1661185	4000.0	7	5000.0	0.4038	50.814	0.8	52.017799999999994
1793840	6000.0	7	5000.0	0.6038	52.0178	1.2	53.821600000000004
1830227	4000.0	7	5000.0	0.4038	53.8216	0.8	55.02539999999999
1767249	4000.0	7	5000.0	0.4038	55.0254	0.8	56.22919999999999
1729845	8000.0	7	5000.0	0.8038	56.2292	1.6	58.633
1683897	7000.0	7	5000.0	0.7038	58.633	1.4	60.7368
1671534	10000.0	7	5000.0	1.0038	60.7368	2.0	63.7406
1645417	4000.0	7	5000.0	0.4038	63.7406	0.8	64.9444
1705495	14000.0	7	5000.0	1.4038	64.9444	2.8	69.1482
1826164	5000.0	7	5000.0	0.5038	69.1482	1.0	70.652
1754151	3000.0	7	5000.0	0.3038	70.652	0.6	71.55579999999999
1817734	7000.0	7	5000.0	0.7038	71.5558	1.4	73.65960000000001
1729749	9000.0	7	5000.0	0.9038	73.6596	1.8	76.3634
1792671	5000.0	7	5000.0	0.5038	76.3634	1.0	77.8672
1825920	8000.0	7	5000.0	0.8038	77.8672	1.6	80.27099999999999
1687933	3000.0	7	5000.0	0.3038	80.271	0.6	81.17479999999999
1687784	8000.0	7	5000.0	0.8038	81.1748	1.6	83.5786
1686388	8000.0	7	5000.0	0.8038	83.5786	1.6	85.98239999999998
1685922	4000.0	7	5000.0	0.4038	85.9824	0.8	87.1862
1790666	3000.0	7	5000.0	0.3038	87.1862	0.6	88.08999999999999
1849033	4000.0	7	5000.0	0.4038	88.09	0.8	89.2938
1666091	7000.0	7	5000.0	0.7038	89.2938	1.4	91.39760000000001
1759212	4000.0	7	5000.0	0.4038	91.3976	0.8	92.6014
1800773	8000.0	7	5000.0	0.8038	92.6014	1.6	95.00519999999999
1659755	5000.0	7	5000.0	0.5038	95.0052	1.0	96.509
1849955	2000.0	7	5000.0	0.2038	96.509	0.4	97.11280000000001
1792880	10000.0	7	5000.0	1.0038	97.1128	2.0	100.11659999999999
1651326	5000.0	7	5000.0	0.5038	100.1166	1.0	101.6204
1824289	6000.0	8	5000.0	0.6067	0	1.2	1.8067
1696444	8000.0	8	5000.0	0.8067	1.8067	1.6	4.2134
1657971	5000.0	8	5000.0	0.5067	4.2134	1.0	5.7201
1657677	9000.0	8	5000.0	0.9067	5.7201	1.8	8.4268
1658036	2000.0	8	5000.0	0.2067	8.4268	0.4	9.0335
1712344	7000.0	8	5000.0	0.7067	9.0335	1.4	11.1402
1636926	4000.0	8	5000.0	0.4067	11.1402	0.8	12.346900000000002
1820671	5000.0	8	5000.0	0.5067	12.3469	1.0	13.8536
1826546	4000.0	8	5000.0	0.4067	13.8536	0.8	15.060300000000002
1670911	9000.0	8	5000.0	0.9067	15.0603	1.8	17.767
1638427	6000.0	8	5000.0	0.6067	17.767	1.2	19.5737
1637563	3000.0	8	5000.0	0.3067	19.5737	0.6	20.4804
1780190	10000.0	8	5000.0	1.0067	20.4804	2.0	23.487099999999998
1720558	4000.0	8	5000.0	0.4067	23.4871	0.8	24.693800000000003
1845073	3000.0	8	5000.0	0.3067	24.6938	0.6	25.6005
1720396	5000.0	8	5000.0	0.5067	25.6005	1.0	27.1072
1807316	5000.0	8	5000.0	0.5067	27.1072	1.0	28.613899999999997
1698566	5000.0	8	5000.0	0.5067	28.6139	1.0	30.1206
1668707	9000.0	8	5000.0	0.9067	30.1206	1.8	32.8273
1827261	4000.0	8	5000.0	0.4067	32.8273	0.8	34.034
1640016	11000.0	8	5000.0	1.1067	34.034	2.2	37.3407
1786810	1000.0	8	5000.0	0.1067	37.3407	0.2	37.6474
1794552	6000.0	8	5000.0	0.6067	37.6474	1.2	39.4541
1752343	12000.0	8	5000.0	1.2067	39.4541	2.4	43.06079999999999
1649302	11000.0	8	5000.0	1.1067	43.0608	2.2	46.36750000000001
1786305	5000.0	8	5000.0	0.5067	46.3675	1.0	47.8742
1735810	3000.0	8	5000.0	0.3067	47.8742	0.6	48.7809
1786526	3000.0	8	5000.0	0.3067	48.7809	0.6	49.6876
1650670	8000.0	8	5000.0	0.8067	49.6876	1.6	52.094300000000004
1682110	9000.0	8	5000.0	0.9067	52.0943	1.8	54.800999999999995
1645923	2000.0	8	5000.0	0.2067	54.801	0.4	55.4077
1663749	3000.0	8	5000.0	0.3067	55.4077	0.6	56.3144
1682908	8000.0	8	5000.0	0.8067	56.3144	1.6	58.7211
1797067	5000.0	8	5000.0	0.5067	58.7211	1.0	60.2278
1641391	11000.0	8	5000.0	1.1067	60.2278	2.2	63.53450000000001
1756109	7000.0	8	5000.0	0.7067	63.5345	1.4	65.64120000000001
1682973	3000.0	8	5000.0	0.3067	65.6412	0.6	66.5479
1753938	8000.0	8	5000.0	0.8067	66.5479	1.6	68.9546
1823203	6000.0	8	5000.0	0.6067	68.9546	1.2	70.7613
1787768	4000.0	8	5000.0	0.4067	70.7613	0.8	71.968
1755669	8000.0	8	5000.0	0.8067	71.968	1.6	74.3747
1808807	5000.0	8	5000.0	0.5067	74.3747	1.0	75.8814
1714610	6000.0	8	5000.0	0.6067	75.8814	1.2	77.6881
1704881	8000.0	8	5000.0	0.8067	77.6881	1.6	80.0948
1754660	3000.0	8	5000.0	0.3067	80.0948	0.6	81.00150000000001
1800382	8000.0	8	5000.0	0.8067	81.0015	1.6	83.4082
1717768	7000.0	8	5000.0	0.7067	83.4082	1.4	85.5149
1669482	6000.0	8	5000.0	0.6067	85.5149	1.2	87.3216
1768329	6000.0	8	5000.0	0.6067	87.3216	1.2	89.12830000000001
1651860	8000.0	8	5000.0	0.8067	89.1283	1.6	91.535
1849951	6000.0	8	5000.0	0.6067	91.535	1.2	93.3417
1791799	7000.0	8	5000.0	0.7067	93.3417	1.4	95.4484
1740160	8000.0	8	5000.0	0.8067	95.4484	1.6	97.85510000000001
1851928	2000.0	8	5000.0	0.2067	97.8551	0.4	98.4618
1639465	6000.0	8	5000.0	0.6067	98.4618	1.2	100.2685
1651347	2000.0	8	5000.0	0.2067	100.2685	0.4	100.8752
1800235	12000.0	8	5000.0	1.2067	100.8752	2.4	104.48190000000001
1745693	10000.0	9	6000.0	1.0067	0	1.6667	2.6734
1704065	3000.0	9	6000.0	0.3067	2.6734	0.5	3.4801
1839114	6000.0	9	6000.0	0.6067	3.4801	1.0	5.0868
1743872	12000.0	9	6000.0	1.2067	5.0868	2.0	8.2935
1761958	3000.0	9	6000.0	0.3067	8.2935	0.5	9.1002
1667140	3000.0	9	6000.0	0.3067	9.1002	0.5	9.906899999999998
1730426	6000.0	9	6000.0	0.6067	9.9069	1.0	11.5136
1696530	2000.0	9	6000.0	0.2067	11.5136	0.3333	12.0536
1829484	3000.0	9	6000.0	0.3067	12.0536	0.5	12.860299999999999
1716613	7000.0	9	6000.0	0.7067	12.8603	1.1667	14.7337
1676333	3000.0	9	6000.0	0.3067	14.7337	0.5	15.5404
1751108	8000.0	9	6000.0	0.8067	15.5404	1.3333	17.680400000000002
1732455	1000.0	9	6000.0	0.1067	17.6804	0.1667	17.953799999999998
1708785	6000.0	9	6000.0	0.6067	17.9538	1.0	19.5605
1703739	4000.0	9	6000.0	0.4067	19.5605	0.6667	20.6339
1780224	8000.0	9	6000.0	0.8067	20.6339	1.3333	22.7739
1665599	10000.0	9	6000.0	1.0067	22.7739	1.6667	25.4473
1802247	8000.0	9	6000.0	0.8067	25.4473	1.3333	27.5873
1639755	8000.0	9	6000.0	0.8067	27.5873	1.3333	29.7273
1667663	11000.0	9	6000.0	1.1067	29.7273	1.8333	32.6673
1721928	3000.0	9	6000.0	0.3067	32.6673	0.5	33.474
1771847	6000.0	9	6000.0	0.6067	33.474	1.0	35.08069999999999
1724353	7000.0	9	6000.0	0.7067	35.0807	1.1667	36.9541
1726877	6000.0	9	6000.0	0.6067	36.9541	1.0	38.5608
1746060	4000.0	9	6000.0	0.4067	38.5608	0.6667	39.6342
1801394	6000.0	9	6000.0	0.6067	39.6342	1.0	41.240899999999996
1739791	2000.0	9	6000.0	0.2067	41.2409	0.3333	41.7809
1685120	10000.0	9	6000.0	1.0067	41.7809	1.6667	44.4543
1798530	8000.0	9	6000.0	0.8067	44.4543	1.3333	46.594300000000004
1798204	6000.0	9	6000.0	0.6067	46.5943	1.0	48.20099999999999
1727488	10000.0	9	6000.0	1.0067	48.201	1.6667	50.8744
1707351	11000.0	9	6000.0	1.1067	50.8744	1.8333	53.8144
1644066	10000.0	9	6000.0	1.0067	53.8144	1.6667	56.4878
1688682	4000.0	9	6000.0	0.4067	56.4878	0.6667	57.5612
1719326	8000.0	9	6000.0	0.8067	57.5612	1.3333	59.7012
1688991	1000.0	9	6000.0	0.1067	59.7012	0.1667	59.974599999999995
1773844	4000.0	9	6000.0	0.4067	59.9746	0.6667	61.048
1765990	10000.0	9	6000.0	1.0067	61.048	1.6667	63.7214
1796676	7000.0	9	6000.0	0.7067	63.7214	1.1667	65.5948
1837048	5000.0	9	6000.0	0.5067	65.5948	0.8333	66.9348
1739227	14000.0	9	6000.0	1.4067	66.9348	2.3333	70.67479999999999
1814307	9000.0	9	6000.0	0.9067	70.6748	1.5	73.0815
1724799	4000.0	9	6000.0	0.4067	73.0815	0.6667	74.15490000000001
1846303	7000.0	9	6000.0	0.7067	74.1549	1.1667	76.0283
1649433	4000.0	9	6000.0	0.4067	76.0283	0.6667	77.10170000000001
1711920	6000.0	9	6000.0	0.6067	77.1017	1.0	78.7084
1740218	8000.0	9	6000.0	0.8067	78.7084	1.3333	80.8484
1830098	9000.0	9	6000.0	0.9067	80.8484	1.5	83.2551
1849385	7000.0	10	6000.0	0.7067	0	1.1667	1.8734000000000002
1728578	7000.0	10	6000.0	0.7067	1.8734	1.1667	3.7468
1833026	4000.0	10	6000.0	0.4067	3.7468	0.6667	4.8202
1664797	7000.0	10	6000.0	0.7067	4.8202	1.1667	6.6936
1819530	7000.0	10	6000.0	0.7067	6.6936	1.1667	8.567
1775732	5000.0	10	6000.0	0.5067	8.567	0.8333	9.907
1642723	5000.0	10	6000.0	0.5067	9.907	0.8333	11.247
1779000	8000.0	10	6000.0	0.8067	11.247	1.3333	13.386999999999999
1674700	6000.0	10	6000.0	0.6067	13.387	1.0	14.9937
1678397	4000.0	10	6000.0	0.4067	14.9937	0.6667	16.0671
1637547	4000.0	10	6000.0	0.4067	16.0671	0.6667	17.1405
1700088	4000.0	10	6000.0	0.4067	17.1405	0.6667	18.2139
1833531	12000.0	10	6000.0	1.2067	18.2139	2.0	21.4206
1698441	5000.0	10	6000.0	0.5067	21.4206	0.8333	22.7606
1779579	6000.0	10	6000.0	0.6067	22.7606	1.0	24.3673
1848541	8000.0	10	6000.0	0.8067	24.3673	1.3333	26.5073
1713958	3000.0	10	6000.0	0.3067	26.5073	0.5	27.314
1648837	8000.0	10	6000.0	0.8067	27.314	1.3333	29.454
1843707	5000.0	10	6000.0	0.5067	29.454	0.8333	30.794
1709093	9000.0	10	6000.0	0.9067	30.794	1.5	33.2007
1759657	3000.0	10	6000.0	0.3067	33.2007	0.5	34.0074
1801458	3000.0	10	6000.0	0.3067	34.0074	0.5	34.814099999999996
1845117	23000.0	10	6000.0	2.3067	34.8141	3.8333	40.954100000000004
1689356	4000.0	10	6000.0	0.4067	40.9541	0.6667	42.027499999999996
1689270	3000.0	10	6000.0	0.3067	42.0275	0.5	42.8342
1656431	3000.0	10	6000.0	0.3067	42.8342	0.5	43.6409
1793413	10000.0	10	6000.0	1.0067	43.6409	1.6667	46.3143
1786411	8000.0	10	6000.0	0.8067	46.3143	1.3333	48.4543
1767314	12000.0	10	6000.0	1.2067	48.4543	2.0	51.661
1808508	3000.0	10	6000.0	0.3067	51.661	0.5	52.4677
1755936	8000.0	10	6000.0	0.8067	52.4677	1.3333	54.6077
1711673	9000.0	10	6000.0	0.9067	54.6077	1.5	57.0144
1762386	7000.0	10	6000.0	0.7067	57.0144	1.1667	58.8878
1766112	9000.0	10	6000.0	0.9067	58.8878	1.5	61.2945
1835358	10000.0	10	6000.0	1.0067	61.2945	1.6667	63.9679
1837028	5000.0	10	6000.0	0.5067	63.9679	0.8333	65.30789999999999
1687559	6000.0	10	6000.0	0.6067	65.3079	1.0	66.91460000000001
1785333	11000.0	10	6000.0	1.1067	66.9146	1.8333	69.85459999999999
1783954	6000.0	10	6000.0	0.6067	69.8546	1.0	71.46130000000001
1717940	4000.0	10	6000.0	0.4067	71.4613	0.6667	72.5347
1815618	3000.0	10	6000.0	0.3067	72.5347	0.5	73.34140000000001
1740865	9000.0	10	6000.0	0.9067	73.3414	1.5	75.7481
1791505	3000.0	10	6000.0	0.3067	75.7481	0.5	76.5548
1736514	11000.0	10	6000.0	1.1067	76.5548	1.8333	79.4948
1736530	3000.0	10	6000.0	0.3067	79.4948	0.5	80.3015
1747688	7000.0	10	6000.0	0.7067	80.3015	1.1667	82.17490000000001
1763885	2000.0	10	6000.0	0.2067	82.1749	0.3333	82.71489999999999
1826651	2000.0	10	6000.0	0.2067	82.7149	0.3333	83.25489999999999
1784258	6000.0	10	6000.0	0.6067	83.2549	1.0	84.86160000000001
1722454	3000.0	10	6000.0	0.3067	84.8616	0.5	85.6683
1798964	7000.0	10	6000.0	0.7067	85.6683	1.1667	87.5417
1651792	7000.0	10	6000.0	0.7067	87.5417	1.1667	89.41510000000001
1721424	2000.0	11	6000.0	0.2067	0	0.3333	0.54
1637035	5000.0	11	6000.0	0.5067	0.54	0.8333	1.88
1839557	3000.0	11	6000.0	0.3067	1.88	0.5	2.6867
1671078	9000.0	11	6000.0	0.9067	2.6867	1.5	5.0934
1749022	3000.0	11	6000.0	0.3067	5.0934	0.5	5.9001
1771379	11000.0	11	6000.0	1.1067	5.9001	1.8333	8.8401
1741063	4000.0	11	6000.0	0.4067	8.8401	0.6667	9.9135
1819353	9000.0	11	6000.0	0.9067	9.9135	1.5	12.320200000000002
1711958	3000.0	11	6000.0	0.3067	12.3202	0.5	13.1269
1838912	3000.0	11	6000.0	0.3067	13.1269	0.5	13.933599999999998
1704232	2000.0	11	6000.0	0.2067	13.9336	0.3333	14.4736
1751041	3000.0	11	6000.0	0.3067	14.4736	0.5	15.280299999999999
1763533	4000.0	11	6000.0	0.4067	15.2803	0.6667	16.3537
1821143	4000.0	11	6000.0	0.4067	16.3537	0.6667	17.4271
1708788	6000.0	11	6000.0	0.6067	17.4271	1.0	19.0338
1778195	6000.0	11	6000.0	0.6067	19.0338	1.0	20.6405
1769287	3000.0	11	6000.0	0.3067	20.6405	0.5	21.4472
1670865	5000.0	11	6000.0	0.5067	21.4472	0.8333	22.7872
1670225	2000.0	11	6000.0	0.2067	22.7872	0.3333	23.3272
1678140	12000.0	11	6000.0	1.2067	23.3272	2.0	26.533900000000003
1664974	3000.0	11	6000.0	0.3067	26.5339	0.5	27.3406
1724236	5000.0	11	6000.0	0.5067	27.3406	0.8333	28.6806
1782123	5000.0	11	6000.0	0.5067	28.6806	0.8333	30.020599999999998
1694871	10000.0	11	6000.0	1.0067	30.0206	1.6667	32.694
1776981	4000.0	11	6000.0	0.4067	32.694	0.6667	33.7674
1809663	10000.0	11	6000.0	1.0067	33.7674	1.6667	36.4408
1694809	9000.0	11	6000.0	0.9067	36.4408	1.5	38.847500000000004
1679292	6000.0	11	6000.0	0.6067	38.8475	1.0	40.4542
1768850	22000.0	11	6000.0	2.2067	40.4542	3.6667	46.3276
1675007	11000.0	11	6000.0	1.1067	46.3276	1.8333	49.267599999999995
1777893	3000.0	11	6000.0	0.3067	49.2676	0.5	50.0743
1779793	1000.0	11	6000.0	0.1067	50.0743	0.1667	50.347699999999996
1665127	1000.0	11	6000.0	0.1067	50.3477	0.1667	50.6211
1779673	3000.0	11	6000.0	0.3067	50.6211	0.5	51.4278
1826524	2000.0	11	6000.0	0.2067	51.4278	0.3333	51.9678
1769034	4000.0	11	6000.0	0.4067	51.9678	0.6667	53.041199999999996
1786737	12000.0	11	6000.0	1.2067	53.0412	2.0	56.2479
1765670	7000.0	11	6000.0	0.7067	56.2479	1.1667	58.1213
1847681	1000.0	11	6000.0	0.1067	58.1213	0.1667	58.39469999999999
1723374	9000.0	11	6000.0	0.9067	58.3947	1.5	60.8014
1851769	2000.0	11	6000.0	0.2067	60.8014	0.3333	61.3414
1729562	3000.0	11	6000.0	0.3067	61.3414	0.5	62.1481
1755538	4000.0	11	6000.0	0.4067	62.1481	0.6667	63.2215
1672868	7000.0	11	6000.0	0.7067	63.2215	1.1667	65.0949
1725623	3000.0	11	6000.0	0.3067	65.0949	0.5	65.9016
1718658	3000.0	11	6000.0	0.3067	65.9016	0.5	66.70830000000001
1789172	4000.0	11	6000.0	0.4067	66.7083	0.6667	67.7817
1817506	7000.0	11	6000.0	0.7067	67.7817	1.1667	69.6551
1825489	3000.0	11	6000.0	0.3067	69.6551	0.5	70.46180000000001
1645076	12000.0	11	6000.0	1.2067	70.4618	2.0	73.6685
1837315	10000.0	11	6000.0	1.0067	73.6685	1.6667	76.3419
1826094	2000.0	11	6000.0	0.2067	76.3419	0.3333	76.88189999999999
1810904	3000.0	11	6000.0	0.3067	76.8819	0.5	77.68860000000001
1825884	5000.0	11	6000.0	0.5067	77.6886	0.8333	79.02859999999998
1693443	4000.0	11	6000.0	0.4067	79.0286	0.6667	80.102
1792221	9000.0	11	6000.0	0.9067	80.102	1.5	82.5087
1772833	5000.0	11	6000.0	0.5067	82.5087	0.8333	83.8487
1791599	8000.0	11	6000.0	0.8067	83.8487	1.3333	85.9887
1688031	6000.0	11	6000.0	0.6067	85.9887	1.0	87.5954
1686571	5000.0	11	6000.0	0.5067	87.5954	0.8333	88.93539999999999
1765210	5000.0	11	6000.0	0.5067	88.9354	0.8333	90.27539999999999
1688299	4000.0	11	6000.0	0.4067	90.2754	0.6667	91.34880000000001
1717655	4000.0	11	6000.0	0.4067	91.3488	0.6667	92.4222
1709913	7000.0	11	6000.0	0.7067	92.4222	1.1667	94.29560000000001
1713918	11000.0	12	6000.0	1.1	0	1.8333	2.9333
1806769	7000.0	12	6000.0	0.7	2.9333	1.1667	4.800000000000001
1745429	9000.0	12	6000.0	0.9	4.8	1.5	7.2
1844946	8000.0	12	6000.0	0.8	7.2	1.3333	9.3333
1676868	8000.0	12	6000.0	0.8	9.3333	1.3333	11.4666
1776473	7000.0	12	6000.0	0.7	11.4666	1.1667	13.3333
1833154	6000.0	12	6000.0	0.6	13.3333	1.0	14.9333
1745612	3000.0	12	6000.0	0.3	14.9333	0.5	15.7333
1850057	3000.0	12	6000.0	0.3	15.7333	0.5	16.5333
1841180	10000.0	12	6000.0	1.0	16.5333	1.6667	19.2
1833613	3000.0	12	6000.0	0.3	19.2	0.5	20.0
1716328	9000.0	12	6000.0	0.9	20.0	1.5	22.4
1820014	13000.0	12	6000.0	1.3	22.4	2.1667	25.866699999999998
1716233	5000.0	12	6000.0	0.5	25.8667	0.8333	27.200000000000003
1703217	6000.0	12	6000.0	0.6	27.2	1.0	28.8
1831248	6000.0	12	6000.0	0.6	28.8	1.0	30.400000000000002
1657248	11000.0	12	6000.0	1.1	30.4	1.8333	33.3333
1827221	7000.0	12	6000.0	0.7	33.3333	1.1667	35.2
1805076	3000.0	12	6000.0	0.3	35.2	0.5	36.0
1807547	3000.0	12	6000.0	0.3	36.0	0.5	36.8
1721047	3000.0	12	6000.0	0.3	36.8	0.5	37.599999999999994
1732762	9000.0	12	6000.0	0.9	37.6	1.5	40.0
1746118	9000.0	12	6000.0	0.9	40.0	1.5	42.4
1640544	8000.0	12	6000.0	0.8	42.4	1.3333	44.5333
1678804	3000.0	12	6000.0	0.3	44.5333	0.5	45.333299999999994
1730951	3000.0	12	6000.0	0.3	45.3333	0.5	46.1333
1643022	5000.0	12	6000.0	0.5	46.1333	0.8333	47.4666
1824239	21000.0	12	6000.0	2.1	47.4666	3.5	53.0666
1814557	9000.0	12	6000.0	0.9	53.0666	1.5	55.4666
1653753	2000.0	12	6000.0	0.2	55.4666	0.3333	55.999900000000004
1738135	5000.0	12	6000.0	0.5	55.9999	0.8333	57.3332
1650729	5000.0	12	6000.0	0.5	57.3332	0.8333	58.6665
1773317	10000.0	12	6000.0	1.0	58.6665	1.6667	61.3332
1754399	8000.0	12	6000.0	0.8	61.3332	1.3333	63.466499999999996
1843559	3000.0	12	6000.0	0.3	63.4665	0.5	64.26650000000001
1828673	18000.0	12	6000.0	1.8	64.2665	3.0	69.06649999999999
1798746	10000.0	12	6000.0	1.0	69.0665	1.6667	71.73320000000001
1753997	3000.0	12	6000.0	0.3	71.7332	0.5	72.5332
1682794	3000.0	12	6000.0	0.3	72.5332	0.5	73.33319999999999
1691220	10000.0	12	6000.0	1.0	73.3332	1.6667	75.99990000000001
1788747	10000.0	12	6000.0	1.0	75.9999	1.6667	78.6666
1774005	2000.0	12	6000.0	0.2	78.6666	0.3333	79.1999
1684543	3000.0	12	6000.0	0.3	79.1999	0.5	79.9999
1735494	7000.0	12	6000.0	0.7	79.9999	1.1667	81.8666
1817999	6000.0	12	6000.0	0.6	81.8666	1.0	83.4666
1738434	4000.0	12	6000.0	0.4	83.4666	0.6667	84.53330000000001
1671487	10000.0	12	6000.0	1.0	84.5333	1.6667	87.2
1641686	3000.0	12	6000.0	0.3	87.2	0.5	88.0
1790809	8000.0	12	6000.0	0.8	88.0	1.3333	90.13329999999999
1717616	3000.0	12	6000.0	0.3	90.1333	0.5	90.9333
1635741	10000.0	12	6000.0	1.0	90.9333	1.6667	93.60000000000001
1700801	21000.0	12	6000.0	2.1	93.6	3.5	99.19999999999999
1812592	2000.0	12	6000.0	0.2	99.2	0.3333	99.7333
1834267	4000.0	12	6000.0	0.4	99.7333	0.6667	100.80000000000001
1757213	3000.0	12	6000.0	0.3	100.8	0.5	101.6
1706981	5000.0	12	6000.0	0.5	101.6	0.8333	102.93329999999999
1740196	11000.0	12	6000.0	1.1	102.9333	1.8333	105.86659999999999
1651876	3000.0	12	6000.0	0.3	105.8666	0.5	106.6666
1812489	10000.0	12	6000.0	1.0	106.6666	1.6667	109.33330000000001
1816193	5000.0	12	6000.0	0.5	109.3333	0.8333	110.66659999999999
1671980	3000.0	12	6000.0	0.3	110.6666	0.5	111.4666
1643571	8000.0	12	6000.0	0.8	111.4666	1.3333	113.59989999999999
1702406	15000.0	13	8000.0	1.5	0	1.875	3.375
1771052	8000.0	13	8000.0	0.8	3.375	1.0	5.175
1696421	10000.0	13	8000.0	1.0	5.175	1.25	7.425
1702235	9000.0	13	8000.0	0.9	7.425	1.125	9.45
1820942	8000.0	13	8000.0	0.8	9.45	1.0	11.25
1669704	3000.0	13	8000.0	0.3	11.25	0.375	11.925
1639658	5000.0	13	8000.0	0.5	11.925	0.625	13.05
1761754	4000.0	13	8000.0	0.4	13.05	0.5	13.950000000000001
1761954	5000.0	13	8000.0	0.5	13.95	0.625	15.075
1753434	10000.0	13	8000.0	1.0	15.075	1.25	17.325
1847096	8000.0	13	8000.0	0.8	17.325	1.0	19.125
1715058	4000.0	13	8000.0	0.4	19.125	0.5	20.025
1664500	8000.0	13	8000.0	0.8	20.025	1.0	21.825
1804303	9000.0	13	8000.0	0.9	21.825	1.125	23.849999999999998
1699263	4000.0	13	8000.0	0.4	23.85	0.5	24.75
1850025	4000.0	13	8000.0	0.4	24.75	0.5	25.65
1678028	2000.0	13	8000.0	0.2	25.65	0.25	26.099999999999998
1666886	2000.0	13	8000.0	0.2	26.1	0.25	26.55
1829861	7000.0	13	8000.0	0.7	26.55	0.875	28.125
1732246	1000.0	13	8000.0	0.1	28.125	0.125	28.35
1654566	3000.0	13	8000.0	0.3	28.35	0.375	29.025000000000002
1696347	2000.0	13	8000.0	0.2	29.025	0.25	29.474999999999998
1763129	4000.0	13	8000.0	0.4	29.475	0.5	30.375
1827264	3000.0	13	8000.0	0.3	30.375	0.375	31.05
1801323	3000.0	13	8000.0	0.3	31.05	0.375	31.725
1675520	3000.0	13	8000.0	0.3	31.725	0.375	32.4
1767117	6000.0	13	8000.0	0.6	32.4	0.75	33.75
1762109	12000.0	13	8000.0	1.2	33.75	1.5	36.45
1718220	10000.0	13	8000.0	1.0	36.45	1.25	38.7
1794076	2000.0	13	8000.0	0.2	38.7	0.25	39.150000000000006
1808944	9000.0	13	8000.0	0.9	39.15	1.125	41.175
1735631	3000.0	13	8000.0	0.3	41.175	0.375	41.849999999999994
1684711	3000.0	13	8000.0	0.3	41.85	0.375	42.525
1737975	4000.0	13	8000.0	0.4	42.525	0.5	43.425
1793435	4000.0	13	8000.0	0.4	43.425	0.5	44.324999999999996
1758659	2000.0	13	8000.0	0.2	44.325	0.25	44.775000000000006
1831838	7000.0	13	8000.0	0.7	44.775	0.875	46.35
1739973	3000.0	13	8000.0	0.3	46.35	0.375	47.025
1735815	6000.0	13	8000.0	0.6	47.025	0.75	48.375
1692357	8000.0	13	8000.0	0.8	48.375	1.0	50.175
1826140	5000.0	13	8000.0	0.5	50.175	0.625	51.3
1758054	3000.0	13	8000.0	0.3	51.3	0.375	51.974999999999994
1772160	8000.0	13	8000.0	0.8	51.975	1.0	53.775
1788750	2000.0	13	8000.0	0.2	53.775	0.25	54.225
1684533	8000.0	13	8000.0	0.8	54.225	1.0	56.025
1645197	4000.0	13	8000.0	0.4	56.025	0.5	56.925
1823067	1000.0	13	8000.0	0.1	56.925	0.125	57.15
1757897	11000.0	13	8000.0	1.1	57.15	1.375	59.625
1762200	3000.0	13	8000.0	0.3	59.625	0.375	60.3
1837727	3000.0	13	8000.0	0.3	60.3	0.375	60.974999999999994
1668279	10000.0	13	8000.0	1.0	60.975	1.25	63.225
1686874	10000.0	13	8000.0	1.0	63.225	1.25	65.475
1680718	4000.0	13	8000.0	0.4	65.475	0.5	66.375
1792265	9000.0	13	8000.0	0.9	66.375	1.125	68.4
1774757	4000.0	13	8000.0	0.4	68.4	0.5	69.30000000000001
1772872	4000.0	13	8000.0	0.4	69.3	0.5	70.2
1704678	2000.0	13	8000.0	0.2	70.2	0.25	70.65
1669641	12000.0	13	8000.0	1.2	70.65	1.5	73.35000000000001
1746409	6000.0	13	8000.0	0.6	73.35	0.75	74.69999999999999
1753207	12000.0	13	8000.0	1.2	74.7	1.5	77.4
1704060	26000.0	14	12000.0	2.6	0	2.1667	4.7667
1782524	8000.0	14	12000.0	0.8	4.7667	0.6667	6.2334
1694335	4000.0	14	12000.0	0.4	6.2334	0.3333	6.9667
1667981	3000.0	14	12000.0	0.3	6.9667	0.25	7.5167
1671117	7000.0	14	12000.0	0.7	7.5167	0.5833	8.799999999999999
1669871	2000.0	14	12000.0	0.2	8.8	0.1667	9.1667
1638070	8000.0	14	12000.0	0.8	9.1667	0.6667	10.633400000000002
1656865	3000.0	14	12000.0	0.3	10.6334	0.25	11.1834
1802993	4000.0	14	12000.0	0.4	11.1834	0.3333	11.9167
1833480	9000.0	14	12000.0	0.9	11.9167	0.75	13.5667
1770456	8000.0	14	12000.0	0.8	13.5667	0.6667	15.033400000000002
1824165	3000.0	14	12000.0	0.3	15.0334	0.25	15.583400000000001
1665525	5000.0	14	12000.0	0.5	15.5834	0.4167	16.500099999999996
1802634	3000.0	14	12000.0	0.3	16.5001	0.25	17.0501
1779980	3000.0	14	12000.0	0.3	17.0501	0.25	17.6001
1805682	7000.0	14	12000.0	0.7	17.6001	0.5833	18.8834
1806247	5000.0	14	12000.0	0.5	18.8834	0.4167	19.8001
1666619	9000.0	14	12000.0	0.9	19.8001	0.75	21.4501
1658721	6000.0	14	12000.0	0.6	21.4501	0.5	22.5501
1782384	2000.0	14	12000.0	0.2	22.5501	0.1667	22.9168
1781931	11000.0	14	12000.0	1.1	22.9168	0.9167	24.9335
1819786	8000.0	14	12000.0	0.8	24.9335	0.6667	26.400199999999998
1705308	5000.0	14	12000.0	0.5	26.4002	0.4167	27.3169
1655869	3000.0	14	12000.0	0.3	27.3169	0.25	27.8669
1669237	7000.0	14	12000.0	0.7	27.8669	0.5833	29.1502
1849825	3000.0	14	12000.0	0.3	29.1502	0.25	29.700200000000002
1794386	4000.0	14	12000.0	0.4	29.7002	0.3333	30.4335
1774112	4000.0	14	12000.0	0.4	30.4335	0.3333	31.1668
1661868	4000.0	14	12000.0	0.4	31.1668	0.3333	31.9001
1641006	4000.0	14	12000.0	0.4	31.9001	0.3333	32.6334
1825534	9000.0	14	12000.0	0.9	32.6334	0.75	34.2834
1817958	4000.0	14	12000.0	0.4	34.2834	0.3333	35.0167
1826800	7000.0	14	12000.0	0.7	35.0167	0.5833	36.300000000000004
1813256	9000.0	14	12000.0	0.9	36.3	0.75	37.949999999999996
1684317	3000.0	14	12000.0	0.3	37.95	0.25	38.5
1849909	1000.0	14	12000.0	0.1	38.5	0.0833	38.6833
1746946	3000.0	14	12000.0	0.3	38.6833	0.25	39.2333
1785124	3000.0	14	12000.0	0.3	39.2333	0.25	39.7833
1784744	7000.0	14	12000.0	0.7	39.7833	0.5833	41.0666
1727018	4000.0	14	12000.0	0.4	41.0666	0.3333	41.7999
1719786	9000.0	14	12000.0	0.9	41.7999	0.75	43.4499
1686026	5000.0	14	12000.0	0.5	43.4499	0.4167	44.3666
1812235	9000.0	14	12000.0	0.9	44.3666	0.75	46.0166
1688554	3000.0	14	12000.0	0.3	46.0166	0.25	46.566599999999994
1641843	3000.0	14	12000.0	0.3	46.5666	0.25	47.1166
1791785	9000.0	14	12000.0	0.9	47.1166	0.75	48.7666
1746295	4000.0	14	12000.0	0.4	48.7666	0.3333	49.4999
1730706	3000.0	15	16000.0	0.3	0	0.1875	0.4875
1838051	11000.0	15	16000.0	1.1	0.4875	0.6875	2.2750000000000004
1707832	3000.0	15	16000.0	0.3	2.275	0.1875	2.7624999999999997
1850192	12000.0	15	16000.0	1.2	2.7625	0.75	4.7125
1703426	8000.0	15	16000.0	0.8	4.7125	0.5	6.0125
1675823	3000.0	15	16000.0	0.3	6.0125	0.1875	6.5
1708768	6000.0	15	16000.0	0.6	6.5	0.375	7.475
1726819	3000.0	15	16000.0	0.3	7.475	0.1875	7.9624999999999995
1779854	3000.0	15	16000.0	0.3	7.9625	0.1875	8.450000000000001
1802656	15000.0	15	16000.0	1.5	8.45	0.9375	10.8875
1670890	8000.0	15	16000.0	0.8	10.8875	0.5	12.1875
1637741	5000.0	15	16000.0	0.5	12.1875	0.3125	13.0
1657397	11000.0	15	16000.0	1.1	13.0	0.6875	14.7875
1637888	4000.0	15	16000.0	0.4	14.7875	0.25	15.4375
1700032	8000.0	15	16000.0	0.8	15.4375	0.5	16.7375
1804508	8000.0	15	16000.0	0.8	16.7375	0.5	18.0375
1702463	5000.0	15	16000.0	0.5	18.0375	0.3125	18.85
1636034	6000.0	15	16000.0	0.6	18.85	0.375	19.825000000000003
1697118	9000.0	15	16000.0	0.9	19.825	0.5625	21.287499999999998
1827273	23000.0	15	16000.0	2.3	21.2875	1.4375	25.025000000000002
1814563	5000.0	15	16000.0	0.5	25.025	0.3125	25.8375
1798639	3000.0	15	16000.0	0.3	25.8375	0.1875	26.325
1707879	15000.0	15	16000.0	1.5	26.325	0.9375	28.7625
1684605	10000.0	15	16000.0	1.0	28.7625	0.625	30.3875
1638966	2000.0	15	16000.0	0.2	30.3875	0.125	30.7125
1793871	8000.0	15	16000.0	0.8	30.7125	0.5	32.0125
1671550	10000.0	15	16000.0	1.0	32.0125	0.625	33.6375
1750405	6000.0	15	16000.0	0.6	33.6375	0.375	34.612500000000004
1691134	4000.0	15	16000.0	0.4	34.6125	0.25	35.262499999999996
1773749	3000.0	15	16000.0	0.3	35.2625	0.1875	35.75
1718810	4000.0	15	16000.0	0.4	35.75	0.25	36.4
1753679	8000.0	15	16000.0	0.8	36.4	0.5	37.699999999999996
1664262	2000.0	15	16000.0	0.2	37.7	0.125	38.025000000000006
1662430	2000.0	15	16000.0	0.2	38.025	0.125	38.35
1690376	2000.0	15	16000.0	0.2	38.35	0.125	38.675000000000004
1794982	10000.0	15	16000.0	1.0	38.675	0.625	40.3
1746950	10000.0	15	16000.0	1.0	40.3	0.625	41.925
1701809	6000.0	15	16000.0	0.6	41.925	0.375	42.9
1660548	8000.0	15	16000.0	0.8	42.9	0.5	44.199999999999996
1709985	8000.0	15	16000.0	0.8	44.2	0.5	45.5
1746594	4000.0	15	16000.0	0.4	45.5	0.25	46.15
1815743	10000.0	15	16000.0	1.0	46.15	0.625	47.775
1659682	9000.0	15	16000.0	0.9	47.775	0.5625	49.2375
1725674	8000.0	15	16000.0	0.8	49.2375	0.5	50.537499999999994
1736149	3000.0	15	16000.0	0.3	50.5375	0.1875	51.025
1714189	5000.0	16	18000.0	0.5058	0	0.2778	0.7836000000000001
1679912	5000.0	16	18000.0	0.5058	0.7836	0.2778	1.5672000000000001
1827337	4000.0	16	18000.0	0.4058	1.5672	0.2222	2.1952
1636788	11000.0	16	18000.0	1.1058	2.1952	0.6111	3.9120999999999997
1776198	8000.0	16	18000.0	0.8058	3.9121	0.4444	5.1623
1846861	2000.0	16	18000.0	0.2058	5.1623	0.1111	5.4792000000000005
1743358	4000.0	16	18000.0	0.4058	5.4792	0.2222	6.1072
1778398	4000.0	16	18000.0	0.4058	6.1072	0.2222	6.7352
1775267	8000.0	16	18000.0	0.8058	6.7352	0.4444	7.985399999999999
1647078	5000.0	16	18000.0	0.5058	7.9854	0.2778	8.769
1806312	8000.0	16	18000.0	0.8058	8.769	0.4444	10.0192
1811845	5000.0	16	18000.0	0.5058	10.0192	0.2778	10.8028
1656947	5000.0	16	18000.0	0.5058	10.8028	0.2778	11.5864
1696323	9000.0	16	18000.0	0.9058	11.5864	0.5	12.992199999999999
1777973	3000.0	16	18000.0	0.3058	12.9922	0.1667	13.4647
1665093	3000.0	16	18000.0	0.3058	13.4647	0.1667	13.9372
1657334	11000.0	16	18000.0	1.1058	13.9372	0.6111	15.654100000000001
1706412	3000.0	16	18000.0	0.3058	15.6541	0.1667	16.1266
1789611	8000.0	16	18000.0	0.8058	16.1266	0.4444	17.376800000000003
1682088	9000.0	16	18000.0	0.9058	17.3768	0.5	18.7826
1660122	10000.0	16	18000.0	1.0058	18.7826	0.5556	20.343999999999998
1727365	5000.0	16	18000.0	0.5058	20.344	0.2778	21.1276
1750648	9000.0	16	18000.0	0.9058	21.1276	0.5	22.5334
1793184	5000.0	16	18000.0	0.5058	22.5334	0.2778	23.317
1811656	8000.0	16	18000.0	0.8058	23.317	0.4444	24.567200000000003
1828930	9000.0	16	18000.0	0.9058	24.5672	0.5	25.973
1685426	4000.0	16	18000.0	0.4058	25.973	0.2222	26.601
1818330	10000.0	16	18000.0	1.0058	26.601	0.5556	28.162399999999998
1738184	3000.0	16	18000.0	0.3058	28.1624	0.1667	28.634900000000002
1795834	3000.0	16	18000.0	0.3058	28.6349	0.1667	29.1074
1795723	16000.0	16	18000.0	1.6058	29.1074	0.8889	31.602099999999997
1817504	8000.0	16	18000.0	0.8058	31.6021	0.4444	32.8523
1788741	8000.0	16	18000.0	0.8058	32.8523	0.4444	34.1025
1690948	4000.0	16	18000.0	0.4058	34.1025	0.2222	34.7305
1851633	10000.0	16	18000.0	1.0058	34.7305	0.5556	36.2919
1787362	3000.0	16	18000.0	0.3058	36.2919	0.1667	36.764399999999995
1784594	2000.0	16	18000.0	0.2058	36.7644	0.1111	37.081300000000006
1644593	5000.0	16	18000.0	0.5058	37.0813	0.2778	37.8649
1717109	2000.0	16	18000.0	0.2058	37.8649	0.1111	38.1818
1671456	3000.0	16	18000.0	0.3058	38.1818	0.1667	38.6543
1687390	7000.0	16	18000.0	0.7058	38.6543	0.3889	39.749
1851967	3000.0	16	18000.0	0.3058	39.749	0.1667	40.2215
1849293	8000.0	16	18000.0	0.8058	40.2215	0.4444	41.4717
1830609	3000.0	16	18000.0	0.3058	41.4717	0.1667	41.944199999999995
1733496	3000.0	16	18000.0	0.3058	41.9442	0.1667	42.4167
1785709	3000.0	16	18000.0	0.3058	42.4167	0.1667	42.889199999999995
1821991	4000.0	17	24000.0	0.4058	0	0.1667	0.5725
1664687	6000.0	17	24000.0	0.6058	0.5725	0.25	1.4283000000000001
1670499	6000.0	17	24000.0	0.6058	1.4283	0.25	2.2841
1708251	3000.0	17	24000.0	0.3058	2.2841	0.125	2.7149
1800943	12000.0	17	24000.0	1.2058	2.7149	0.5	4.4207
1842355	4000.0	17	24000.0	0.4058	4.4207	0.1667	4.9932
1776285	3000.0	17	24000.0	0.3058	4.9932	0.125	5.4239999999999995
1728891	7000.0	17	24000.0	0.7058	5.424	0.2917	6.4215
1821409	4000.0	17	24000.0	0.4058	6.4215	0.1667	6.994
1700119	11000.0	17	24000.0	1.1058	6.994	0.4583	8.5581
1781250	4000.0	17	24000.0	0.4058	8.5581	0.1667	9.1306
1850467	9000.0	17	24000.0	0.9058	9.1306	0.375	10.411399999999999
1638491	3000.0	17	24000.0	0.3058	10.4114	0.125	10.8422
1676173	6000.0	17	24000.0	0.6058	10.8422	0.25	11.698
1821332	10000.0	17	24000.0	1.0058	11.698	0.4167	13.120500000000002
1820360	10000.0	17	24000.0	1.0058	13.1205	0.4167	14.543000000000001
1700218	14000.0	17	24000.0	1.4058	14.543	0.5833	16.5321
1778589	5000.0	17	24000.0	0.5058	16.5321	0.2083	17.2462
1741990	5000.0	17	24000.0	0.5058	17.2462	0.2083	17.960300000000004
1840029	4000.0	17	24000.0	0.4058	17.9603	0.1667	18.532799999999998
1665370	6000.0	17	24000.0	0.6058	18.5328	0.25	19.3886
1749297	7000.0	17	24000.0	0.7058	19.3886	0.2917	20.3861
1777624	3000.0	17	24000.0	0.3058	20.3861	0.125	20.8169
1658761	9000.0	17	24000.0	0.9058	20.8169	0.375	22.0977
1670984	4000.0	17	24000.0	0.4058	22.0977	0.1667	22.670199999999998
1721248	6000.0	17	24000.0	0.6058	22.6702	0.25	23.526
1847010	8000.0	17	24000.0	0.8058	23.526	0.3333	24.665100000000002
1804681	2000.0	17	24000.0	0.2058	24.6651	0.0833	24.9542
1670088	5000.0	17	24000.0	0.5058	24.9542	0.2083	25.668300000000002
1647017	11000.0	17	24000.0	1.1058	25.6683	0.4583	27.2324
1834826	5000.0	17	24000.0	0.5058	27.2324	0.2083	27.9465
1786887	6000.0	17	24000.0	0.6058	27.9465	0.25	28.8023
1755073	3000.0	17	24000.0	0.3058	28.8023	0.125	29.2331
1737740	9000.0	17	24000.0	0.9058	29.2331	0.375	30.5139
1712899	3000.0	17	24000.0	0.3058	30.5139	0.125	30.9447
1689745	4000.0	17	24000.0	0.4058	30.9447	0.1667	31.5172
1754460	9000.0	17	24000.0	0.9058	31.5172	0.375	32.798
1754866	9000.0	17	24000.0	0.9058	32.798	0.375	34.0788
1757498	5000.0	17	24000.0	0.5058	34.0788	0.2083	34.7929
1756419	8000.0	17	24000.0	0.8058	34.7929	0.3333	35.932
1661097	4000.0	17	24000.0	0.4058	35.932	0.1667	36.5045
1797126	4000.0	17	24000.0	0.4058	36.5045	0.1667	37.077
1663528	3000.0	17	24000.0	0.3058	37.077	0.125	37.507799999999996
1653177	7000.0	17	24000.0	0.7058	37.5078	0.2917	38.5053
1682952	3000.0	17	24000.0	0.3058	38.5053	0.125	38.936099999999996
1672575	3000.0	17	24000.0	0.3058	38.9361	0.125	39.3669
1683119	3000.0	17	24000.0	0.3058	39.3669	0.125	39.7977
1690887	7000.0	17	24000.0	0.7058	39.7977	0.2917	40.7952
1844026	9000.0	17	24000.0	0.9058	40.7952	0.375	42.076
1642483	4000.0	17	24000.0	0.4058	42.076	0.1667	42.6485
1735224	10000.0	17	24000.0	1.0058	42.6485	0.4167	44.071
1682549	11000.0	17	24000.0	1.1058	44.071	0.4583	45.6351
1752554	6000.0	17	24000.0	0.6058	45.6351	0.25	46.4909
1662792	7000.0	17	24000.0	0.7058	46.4909	0.2917	47.488400000000006
1750242	3000.0	17	24000.0	0.3058	47.4884	0.125	47.9192
1730064	9000.0	17	24000.0	0.9058	47.9192	0.375	49.199999999999996
1719686	2000.0	17	24000.0	0.2058	49.2	0.0833	49.48910000000001
1660598	9000.0	17	24000.0	0.9058	49.4891	0.375	50.7699
1765124	3000.0	17	24000.0	0.3058	50.7699	0.125	51.2007
1785502	10000.0	17	24000.0	1.0058	51.2007	0.4167	52.6232
1736421	19000.0	17	24000.0	1.9058	52.6232	0.7917	55.320699999999995
1651174	10000.0	17	24000.0	1.0058	55.3207	0.4167	56.7432
1790694	4000.0	17	24000.0	0.4058	56.7432	0.1667	57.3157
1789766	2000.0	17	24000.0	0.2058	57.3157	0.0833	57.604800000000004
1824934	3000.0	17	24000.0	0.3058	57.6048	0.125	58.035599999999995
1701911	4000.0	17	24000.0	0.4058	58.0356	0.1667	58.6081
1680019	6000.0	17	24000.0	0.6058	58.6081	0.25	59.4639
1700869	8000.0	17	24000.0	0.8058	59.4639	0.3333	60.603
1806913	4000.0	18	30000.0	0.4058	0	0.1333	0.5391
1845007	2000.0	18	30000.0	0.2058	0.5391	0.0667	0.8116
1725870	5000.0	18	30000.0	0.5058	0.8116	0.1667	1.4841000000000002
1826926	12000.0	18	30000.0	1.2058	1.4841	0.4	3.0898999999999996
1833134	3000.0	18	30000.0	0.3058	3.0899	0.1	3.4957000000000003
1657755	3000.0	18	30000.0	0.3058	3.4957	0.1	3.9015
1724073	8000.0	18	30000.0	0.8058	3.9015	0.2667	4.974
1726165	6000.0	18	30000.0	0.6058	4.974	0.2	5.779800000000001
1664508	10000.0	18	30000.0	1.0058	5.7798	0.3333	7.1189
1669710	8000.0	18	30000.0	0.8058	7.1189	0.2667	8.1914
1676302	5000.0	18	30000.0	0.5058	8.1914	0.1667	8.863900000000001
1697313	14000.0	18	30000.0	1.4058	8.8639	0.4667	10.736399999999998
1819958	9000.0	18	30000.0	0.9058	10.7364	0.3	11.9422
1730342	11000.0	18	30000.0	1.1058	11.9422	0.3667	13.4147
1667422	4000.0	18	30000.0	0.4058	13.4147	0.1333	13.9538
1780305	3000.0	18	30000.0	0.3058	13.9538	0.1	14.359599999999999
1636348	4000.0	18	30000.0	0.4058	14.3596	0.1333	14.8987
1745283	4000.0	18	30000.0	0.4058	14.8987	0.1333	15.4378
1802421	6000.0	18	30000.0	0.6058	15.4378	0.2	16.243599999999997
1839860	4000.0	18	30000.0	0.4058	16.2436	0.1333	16.7827
1659031	3000.0	18	30000.0	0.3058	16.7827	0.1	17.1885
1648850	6000.0	18	30000.0	0.6058	17.1885	0.2	17.9943
1699869	6000.0	18	30000.0	0.6058	17.9943	0.2	18.800099999999997
1770937	11000.0	18	30000.0	1.1058	18.8001	0.3667	20.2726
1801640	6000.0	18	30000.0	0.6058	20.2726	0.2	21.0784
1636038	5000.0	18	30000.0	0.5058	21.0784	0.1667	21.750899999999998
1735732	5000.0	18	30000.0	0.5058	21.7509	0.1667	22.4234
1789416	6000.0	18	30000.0	0.6058	22.4234	0.2	23.2292
1754303	3000.0	18	30000.0	0.3058	23.2292	0.1	23.635
1841905	9000.0	18	30000.0	0.9058	23.635	0.3	24.8408
1845973	5000.0	18	30000.0	0.5058	24.8408	0.1667	25.5133
1692369	4000.0	18	30000.0	0.4058	25.5133	0.1333	26.0524
1719307	2000.0	18	30000.0	0.2058	26.0524	0.0667	26.3249
1663654	3000.0	18	30000.0	0.3058	26.3249	0.1	26.730700000000002
1830426	5000.0	18	30000.0	0.5058	26.7307	0.1667	27.4032
1752938	9000.0	18	30000.0	0.9058	27.4032	0.3	28.608999999999998
1723467	12000.0	18	30000.0	1.2058	28.609	0.4	30.2148
1641293	9000.0	18	30000.0	0.9058	30.2148	0.3	31.4206
1840271	9000.0	18	30000.0	0.9058	31.4206	0.3	32.6264
1650777	4000.0	18	30000.0	0.4058	32.6264	0.1333	33.165499999999994
1757852	3000.0	18	30000.0	0.3058	33.1655	0.1	33.5713
1797825	7000.0	18	30000.0	0.7058	33.5713	0.2333	34.510400000000004
1739560	10000.0	18	30000.0	1.0058	34.5104	0.3333	35.8495
1733946	3000.0	18	30000.0	0.3058	35.8495	0.1	36.2553
1815043	3000.0	18	30000.0	0.3058	36.2553	0.1	36.6611
1834238	3000.0	18	30000.0	0.3058	36.6611	0.1	37.0669
1740276	12000.0	18	30000.0	1.2058	37.0669	0.4	38.6727
1818671	11000.0	18	30000.0	1.1058	38.6727	0.3667	40.1452
1716848	10000.0	18	30000.0	1.0058	40.1452	0.3333	41.484300000000005
1790867	9000.0	18	30000.0	0.9058	41.4843	0.3	42.690099999999994
1713447	11000.0	18	30000.0	1.1058	42.6901	0.3667	44.162600000000005
1679978	5000.0	18	30000.0	0.5058	44.1626	0.1667	44.8351
1784330	12000.0	18	30000.0	1.2058	44.8351	0.4	46.44089999999999
1713483	8000.0	18	30000.0	0.8058	46.4409	0.2667	47.5134
1692761	3000.0	18	30000.0	0.3058	47.5134	0.1	47.9192
1824927	12000.0	18	30000.0	1.2058	47.9192	0.4	49.525
1791038	3000.0	18	30000.0	0.3058	49.525	0.1	49.9308
1790094	11000.0	18	30000.0	1.1058	49.9308	0.3667	51.4033
1821912	3000.0	19	30000.0	0.3058	0	0.1	0.40580000000000005
1775132	13000.0	19	30000.0	1.3058	0.4058	0.4333	2.1449
1838201	4000.0	19	30000.0	0.4058	2.1449	0.1333	2.684
1829281	5000.0	19	30000.0	0.5058	2.684	0.1667	3.3565
1783226	7000.0	19	30000.0	0.7058	3.3565	0.2333	4.2956
1776015	8000.0	19	30000.0	0.8058	4.2956	0.2667	5.3681
1838835	4000.0	19	30000.0	0.4058	5.3681	0.1333	5.9072000000000005
1669705	14000.0	19	30000.0	1.4058	5.9072	0.4667	7.7797
1724239	8000.0	19	30000.0	0.8058	7.7797	0.2667	8.8522
1776316	9000.0	19	30000.0	0.9058	8.8522	0.3	10.058
1636809	6000.0	19	30000.0	0.6058	10.058	0.2	10.8638
1658430	3000.0	19	30000.0	0.3058	10.8638	0.1	11.269599999999999
1824129	9000.0	19	30000.0	0.9058	11.2696	0.3	12.4754
1697279	9000.0	19	30000.0	0.9058	12.4754	0.3	13.6812
1778166	12000.0	19	30000.0	1.2058	13.6812	0.4	15.287
1669148	4000.0	19	30000.0	0.4058	15.287	0.1333	15.8261
1840023	3000.0	19	30000.0	0.3058	15.8261	0.1	16.231900000000003
1709521	3000.0	19	30000.0	0.3058	16.2319	0.1	16.637700000000002
1670824	3000.0	19	30000.0	0.3058	16.6377	0.1	17.0435
1643317	4000.0	19	30000.0	0.4058	17.0435	0.1333	17.5826
1806369	2000.0	19	30000.0	0.2058	17.5826	0.0667	17.8551
1678891	9000.0	19	30000.0	0.9058	17.8551	0.3	19.0609
1748524	8000.0	19	30000.0	0.8058	19.0609	0.2667	20.1334
1692120	3000.0	19	30000.0	0.3058	20.1334	0.1	20.539200000000005
1840183	3000.0	19	30000.0	0.3058	20.5392	0.1	20.945000000000004
1813000	14000.0	19	30000.0	1.4058	20.945	0.4667	22.8175
1656472	4000.0	19	30000.0	0.4058	22.8175	0.1333	23.356599999999997
1752155	3000.0	19	30000.0	0.3058	23.3566	0.1	23.762400000000003
1797094	7000.0	19	30000.0	0.7058	23.7624	0.2333	24.7015
1823642	4000.0	19	30000.0	0.4058	24.7015	0.1333	25.240599999999997
1788308	9000.0	19	30000.0	0.9058	25.2406	0.3	26.4464
1645554	8000.0	19	30000.0	0.8058	26.4464	0.2667	27.518900000000002
1825606	4000.0	19	30000.0	0.4058	27.5189	0.1333	28.057999999999996
1714509	9000.0	19	30000.0	0.9058	28.058	0.3	29.2638
1757945	5000.0	19	30000.0	0.5058	29.2638	0.1667	29.9363
1672649	11000.0	19	30000.0	1.1058	29.9363	0.3667	31.4088
1671513	6000.0	19	30000.0	0.6058	31.4088	0.2	32.214600000000004
1766694	5000.0	19	30000.0	0.5058	32.2146	0.1667	32.8871
1800306	5000.0	19	30000.0	0.5058	32.8871	0.1667	33.559599999999996
1714729	10000.0	19	30000.0	1.0058	33.5596	0.3333	34.898700000000005
1713386	4000.0	19	30000.0	0.4058	34.8987	0.1333	35.437799999999996
1718071	5000.0	19	30000.0	0.5058	35.4378	0.1667	36.1103
1688525	10000.0	19	30000.0	1.0058	36.1103	0.3333	37.449400000000004
1791899	5000.0	19	30000.0	0.5058	37.4494	0.1667	38.1219
1707378	3000.0	19	30000.0	0.3058	38.1219	0.1	38.527699999999996
1719493	6000.0	19	30000.0	0.6058	38.5277	0.2	39.33350000000001
1686616	3000.0	19	30000.0	0.3058	39.3335	0.1	39.7393
1841533	7000.0	19	30000.0	0.7058	39.7393	0.2333	40.678399999999996
1655948	2000.0	19	30000.0	0.2058	40.6784	0.0667	40.950900000000004
1700905	4000.0	19	30000.0	0.4058	40.9509	0.1333	41.489999999999995
