1695697	6000.0	10	6000.0	0.6067	0	1.0	1.6067
1705560	7000.0	10	6000.0	0.7067	1.6067	1.1667	3.4801
1679842	8000.0	10	6000.0	0.8067	3.4801	1.3333	5.620100000000001
1779773	8000.0	10	6000.0	0.8067	5.6201	1.3333	7.7600999999999996
1798698	7000.0	10	6000.0	0.7067	7.7601	1.1667	9.633500000000002
1715596	8000.0	10	6000.0	0.8067	9.6335	1.3333	11.773499999999999
1679822	6000.0	10	6000.0	0.6067	11.7735	1.0	13.3802
1758910	8000.0	10	6000.0	0.8067	13.3802	1.3333	15.520199999999999
1705076	8000.0	10	6000.0	0.8067	15.5202	1.3333	17.660200000000003
1763972	8000.0	10	6000.0	0.8067	17.6602	1.3333	19.8002
1649991	8000.0	10	6000.0	0.8067	19.8002	1.3333	21.9402
1812873	6000.0	10	6000.0	0.6067	21.9402	1.0	23.5469
1750289	7000.0	10	6000.0	0.7067	23.5469	1.1667	25.4203
1837941	8000.0	10	6000.0	0.8067	25.4203	1.3333	27.5603
1737504	8000.0	10	6000.0	0.8067	27.5603	1.3333	29.700300000000002
1761115	8000.0	10	6000.0	0.8067	29.7003	1.3333	31.8403
1776928	8000.0	10	6000.0	0.8067	31.8403	1.3333	33.9803
1739079	9000.0	10	6000.0	0.9067	33.9803	1.5	36.387
1750339	7000.0	10	6000.0	0.7067	36.387	1.1667	38.2604
1645834	7000.0	10	6000.0	0.7067	38.2604	1.1667	40.133799999999994
1764083	6000.0	10	6000.0	0.6067	40.1338	1.0	41.7405
1654792	5000.0	10	6000.0	0.5067	41.7405	0.8333	43.0805
1666080	9000.0	10	6000.0	0.9067	43.0805	1.5	45.4872
1835425	9000.0	10	6000.0	0.9067	45.4872	1.5	47.8939
1764163	8000.0	10	6000.0	0.8067	47.8939	1.3333	50.0339
1779819	7000.0	10	6000.0	0.7067	50.0339	1.1667	51.9073
1735610	7000.0	10	6000.0	0.7067	51.9073	1.1667	53.780699999999996
1659987	9000.0	10	6000.0	0.9067	53.7807	1.5	56.187400000000004
1776289	8000.0	10	6000.0	0.8067	56.1874	1.3333	58.3274
1801725	7000.0	10	6000.0	0.7067	58.3274	1.1667	60.200799999999994
1801196	8000.0	10	6000.0	0.8067	60.2008	1.3333	62.3408
1673438	8000.0	10	6000.0	0.8067	62.3408	1.3333	64.4808
1645848	7000.0	10	6000.0	0.7067	64.4808	1.1667	66.3542
1728332	7000.0	10	6000.0	0.7067	66.3542	1.1667	68.22760000000001
1761079	6000.0	10	6000.0	0.6067	68.2276	1.0	69.8343
1758925	9000.0	10	6000.0	0.9067	69.8343	1.5	72.241
1844836	9000.0	10	6000.0	0.9067	72.241	1.5	74.6477
1761252	7000.0	10	6000.0	0.7067	74.6477	1.1667	76.5211
1747471	8000.0	10	6000.0	0.8067	76.5211	1.3333	78.6611
1657332	7000.0	10	6000.0	0.7067	78.6611	1.1667	80.53450000000001
1762287	7000.0	10	6000.0	0.7067	80.5345	1.1667	82.4079
1729777	8000.0	10	6000.0	0.8067	82.4079	1.3333	84.5479
1817065	7000.0	10	6000.0	0.7067	84.5479	1.1667	86.4213
1751840	7000.0	10	6000.0	0.7067	86.4213	1.1667	88.2947
1829883	6000.0	10	6000.0	0.6067	88.2947	1.0	89.90140000000001
1688269	6000.0	10	6000.0	0.6067	89.9014	1.0	91.5081
1738087	6000.0	10	6000.0	0.6067	91.5081	1.0	93.1148
1811330	7000.0	10	6000.0	0.7067	93.1148	1.1667	94.9882
1693250	8000.0	10	6000.0	0.8067	94.9882	1.3333	97.1282
1788900	9000.0	10	6000.0	0.9067	97.1282	1.5	99.53490000000001
1693292	7000.0	10	6000.0	0.7067	99.5349	1.1667	101.4083
1704991	6000.0	10	6000.0	0.6067	101.4083	1.0	103.015
1705030	7000.0	10	6000.0	0.7067	103.015	1.1667	104.8884
1717431	6000.0	10	6000.0	0.6067	104.8884	1.0	106.49510000000001
1729921	9000.0	10	6000.0	0.9067	106.4951	1.5	108.9018
1764816	6000.0	10	6000.0	0.6067	108.9018	1.0	110.5085
1653740	10000.0	10	6000.0	1.0067	110.5085	1.6667	113.1819
1696314	8000.0	10	6000.0	0.8067	113.1819	1.3333	115.3219
1831025	7000.0	10	6000.0	0.7067	115.3219	1.1667	117.1953
1749973	8000.0	10	6000.0	0.8067	117.1953	1.3333	119.3353
1660452	7000.0	10	6000.0	0.7067	119.3353	1.1667	121.20870000000001
1715354	8000.0	10	6000.0	0.8067	121.2087	1.3333	123.3487
1800762	7000.0	10	6000.0	0.7067	123.3487	1.1667	125.2221
1851647	9000.0	10	6000.0	0.9067	125.2221	1.5	127.6288
1735245	9000.0	10	6000.0	0.9067	127.6288	1.5	130.03549999999998
1645993	7000.0	10	6000.0	0.7067	130.0355	1.1667	131.90890000000002
1822897	8000.0	10	6000.0	0.8067	131.9089	1.3333	134.0489
1688943	8000.0	10	6000.0	0.8067	134.0489	1.3333	136.18890000000002
1683488	6000.0	10	6000.0	0.6067	136.1889	1.0	137.79559999999998
1647892	8000.0	10	6000.0	0.8067	137.7956	1.3333	139.93560000000002
1657561	8000.0	10	6000.0	0.8067	139.9356	1.3333	142.0756
1654434	10000.0	10	6000.0	1.0067	142.0756	1.6667	144.749
1729989	6000.0	10	6000.0	0.6067	144.749	1.0	146.35569999999998
1673554	8000.0	10	6000.0	0.8067	146.3557	1.3333	148.49570000000003
1729987	6000.0	10	6000.0	0.6067	148.4957	1.0	150.1024
1791432	8000.0	10	6000.0	0.8067	150.1024	1.3333	152.2424
1785848	7000.0	10	6000.0	0.7067	152.2424	1.1667	154.1158
1837301	11000.0	10	6000.0	1.1067	154.1158	1.8333	157.0558
1652479	8000.0	10	6000.0	0.8067	157.0558	1.3333	159.19580000000002
1827894	8000.0	10	6000.0	0.8067	159.1958	1.3333	161.3358
1649235	12000.0	10	6000.0	1.2067	161.3358	2.0	164.54250000000002
1717428	7000.0	10	6000.0	0.7067	164.5425	1.1667	166.4159
1818490	7000.0	10	6000.0	0.7067	166.4159	1.1667	168.2893
1715201	10000.0	10	6000.0	1.0067	168.2893	1.6667	170.96269999999998
1813068	6000.0	10	6000.0	0.6067	170.9627	1.0	172.5694
1752042	8000.0	10	6000.0	0.8067	172.5694	1.3333	174.70940000000002
1821859	9000.0	10	6000.0	0.9067	174.7094	1.5	177.1161
1818479	7000.0	10	6000.0	0.7067	177.1161	1.1667	178.9895
1715262	7000.0	10	6000.0	0.7067	178.9895	1.1667	180.8629
1717383	9000.0	10	6000.0	0.9067	180.8629	1.5	183.2696
1742620	5000.0	10	6000.0	0.5067	183.2696	0.8333	184.6096
1655851	7000.0	10	6000.0	0.7067	184.6096	1.1667	186.483
1752081	7000.0	10	6000.0	0.7067	186.483	1.1667	188.3564
1737731	7000.0	10	6000.0	0.7067	188.3564	1.1667	190.2298
1822842	7000.0	10	6000.0	0.7067	190.2298	1.1667	192.10320000000002
1752225	7000.0	10	6000.0	0.7067	192.1032	1.1667	193.9766
1779885	11000.0	10	6000.0	1.1067	193.9766	1.8333	196.9166
1793230	6000.0	10	6000.0	0.6067	196.9166	1.0	198.52329999999998
1788652	7000.0	10	6000.0	0.7067	198.5233	1.1667	200.3967
1692037	9000.0	10	6000.0	0.9067	200.3967	1.5	202.8034
1726797	7000.0	10	6000.0	0.7067	202.8034	1.1667	204.67680000000001
1829838	8000.0	10	6000.0	0.8067	204.6768	1.3333	206.8168
1721932	6000.0	10	6000.0	0.6067	206.8168	1.0	208.4235
1834111	7000.0	10	6000.0	0.7067	208.4235	1.1667	210.2969
1729798	9000.0	10	6000.0	0.9067	210.2969	1.5	212.7036
1728318	7000.0	10	6000.0	0.7067	212.7036	1.1667	214.577
1656300	6000.0	10	6000.0	0.6067	214.577	1.0	216.1837
1793164	8000.0	10	6000.0	0.8067	216.1837	1.3333	218.3237
1645196	7000.0	10	6000.0	0.7067	218.3237	1.1667	220.1971
1747494	7000.0	10	6000.0	0.7067	220.1971	1.1667	222.0705
1721909	8000.0	10	6000.0	0.8067	222.0705	1.3333	224.21050000000002
1739110	7000.0	10	6000.0	0.7067	224.2105	1.1667	226.0839
1822817	8000.0	10	6000.0	0.8067	226.0839	1.3333	228.22390000000001
1788590	7000.0	10	6000.0	0.7067	228.2239	1.1667	230.0973
1801844	9000.0	10	6000.0	0.9067	230.0973	1.5	232.504
1737747	9000.0	10	6000.0	0.9067	232.504	1.5	234.9107
1656216	8000.0	10	6000.0	0.8067	234.9107	1.3333	237.0507
1811362	8000.0	10	6000.0	0.8067	237.0507	1.3333	239.19070000000002
1851696	7000.0	10	6000.0	0.7067	239.1907	1.1667	241.0641
1760780	9000.0	10	6000.0	0.9067	241.0641	1.5	243.4708
1725978	9000.0	10	6000.0	0.9067	243.4708	1.5	245.8775
1735374	9000.0	10	6000.0	0.9067	245.8775	1.5	248.2842
1717162	7000.0	10	6000.0	0.7067	248.2842	1.1667	250.1576
1739241	10000.0	10	6000.0	1.0067	250.1576	1.6667	252.831
1813064	6000.0	10	6000.0	0.6067	252.831	1.0	254.43769999999998
1715422	8000.0	10	6000.0	0.8067	254.4377	1.3333	256.5777
1807627	10000.0	10	6000.0	1.0067	256.5777	1.6667	259.2511
1801899	7000.0	10	6000.0	0.7067	259.2511	1.1667	261.1245
1742916	7000.0	10	6000.0	0.7067	261.1245	1.1667	262.9979
1777007	6000.0	10	6000.0	0.6067	262.9979	1.0	264.6046
1656179	7000.0	10	6000.0	0.7067	264.6046	1.1667	266.478
1826069	6000.0	10	6000.0	0.6067	266.478	1.0	268.0847
1729866	9000.0	10	6000.0	0.9067	268.0847	1.5	270.4914
1777004	7000.0	10	6000.0	0.7067	270.4914	1.1667	272.3648
1688337	6000.0	10	6000.0	0.6067	272.3648	1.0	273.9715
1779035	9000.0	10	6000.0	0.9067	273.9715	1.5	276.3782
1814863	8000.0	10	6000.0	0.8067	276.3782	1.3333	278.5182
1841529	7000.0	10	6000.0	0.7067	278.5182	1.1667	280.3916
1742847	8000.0	10	6000.0	0.8067	280.3916	1.3333	282.53159999999997
1739226	7000.0	10	6000.0	0.7067	282.5316	1.1667	284.40500000000003
1650060	8000.0	10	6000.0	0.8067	284.405	1.3333	286.54499999999996
1774663	8000.0	10	6000.0	0.8067	286.545	1.3333	288.685
1708741	8000.0	10	6000.0	0.8067	288.685	1.3333	290.825
1687122	9000.0	10	6000.0	0.9067	290.825	1.5	293.2317
1694960	9000.0	10	6000.0	0.9067	293.2317	1.5	295.6384
1729364	6000.0	10	6000.0	0.6067	295.6384	1.0	297.2451
1679605	6000.0	10	6000.0	0.6067	297.2451	1.0	298.85179999999997
1688610	9000.0	10	6000.0	0.9067	298.8518	1.5	301.2585
1818006	8000.0	10	6000.0	0.8067	301.2585	1.3333	303.3985
1788040	7000.0	10	6000.0	0.7067	303.3985	1.1667	305.2719
1779300	8000.0	10	6000.0	0.8067	305.2719	1.3333	307.4119
1705394	7000.0	10	6000.0	0.7067	307.4119	1.1667	309.2853
1738626	7000.0	10	6000.0	0.7067	309.2853	1.1667	311.1587
1687879	10000.0	10	6000.0	1.0067	311.1587	1.6667	313.8321
1736390	7000.0	10	6000.0	0.7067	313.8321	1.1667	315.70550000000003
1746159	9000.0	10	6000.0	0.9067	315.7055	1.5	318.1122
1671120	8000.0	10	6000.0	0.8067	318.1122	1.3333	320.25219999999996
1820652	7000.0	10	6000.0	0.7067	320.2522	1.1667	322.1256
1846607	8000.0	10	6000.0	0.8067	322.1256	1.3333	324.2656
1833244	7000.0	10	6000.0	0.7067	324.2656	1.1667	326.139
1716222	7000.0	10	6000.0	0.7067	326.139	1.1667	328.0124
1671127	7000.0	10	6000.0	0.7067	328.0124	1.1667	329.8858
1704611	8000.0	10	6000.0	0.8067	329.8858	1.3333	332.0258
1742517	8000.0	10	6000.0	0.8067	332.0258	1.3333	334.1658
1811588	7000.0	10	6000.0	0.7067	334.1658	1.1667	336.0392
1775055	7000.0	10	6000.0	0.7067	336.0392	1.1667	337.9126
1779257	8000.0	10	6000.0	0.8067	337.9126	1.3333	340.0526
1762863	7000.0	10	6000.0	0.7067	340.0526	1.1667	341.926
1751114	8000.0	10	6000.0	0.8067	341.926	1.3333	344.066
1726670	8000.0	10	6000.0	0.8067	344.066	1.3333	346.20599999999996
1668511	8000.0	10	6000.0	0.8067	346.206	1.3333	348.346
1720282	9000.0	10	6000.0	0.9067	348.346	1.5	350.7527
1808596	9000.0	10	6000.0	0.9067	350.7527	1.5	353.1594
1721429	7000.0	10	6000.0	0.7067	353.1594	1.1667	355.0328
1721423	9000.0	10	6000.0	0.9067	355.0328	1.5	357.4395
1817209	8000.0	10	6000.0	0.8067	357.4395	1.3333	359.5795
1645442	7000.0	10	6000.0	0.7067	359.5795	1.1667	361.4529
1676800	8000.0	10	6000.0	0.8067	361.4529	1.3333	363.5929
1663742	8000.0	10	6000.0	0.8067	363.5929	1.3333	365.7329
1668048	6000.0	10	6000.0	0.6067	365.7329	1.0	367.33959999999996
1825867	6000.0	10	6000.0	0.6067	367.3396	1.0	368.9463
1787405	7000.0	10	6000.0	0.7067	368.9463	1.1667	370.8197
1779364	9000.0	10	6000.0	0.9067	370.8197	1.5	373.2264
1822037	7000.0	10	6000.0	0.7067	373.2264	1.1667	375.0998
1694228	7000.0	10	6000.0	0.7067	375.0998	1.1667	376.9732
1822030	5000.0	10	6000.0	0.5067	376.9732	0.8333	378.31320000000005
1659605	7000.0	10	6000.0	0.7067	378.3132	1.1667	380.1866
1753387	8000.0	10	6000.0	0.8067	380.1866	1.3333	382.3266
1668062	7000.0	10	6000.0	0.7067	382.3266	1.1667	384.2
1745740	7000.0	10	6000.0	0.7067	384.2	1.1667	386.0734
1664039	7000.0	10	6000.0	0.7067	386.0734	1.1667	387.9468
1655176	6000.0	10	6000.0	0.6067	387.9468	1.0	389.5535
1822524	7000.0	10	6000.0	0.7067	389.5535	1.1667	391.4269
1679442	8000.0	10	6000.0	0.8067	391.4269	1.3333	393.5669
1663833	6000.0	10	6000.0	0.6067	393.5669	1.0	395.17359999999996
1645497	8000.0	10	6000.0	0.8067	395.1736	1.3333	397.3136
1787678	8000.0	10	6000.0	0.8067	397.3136	1.3333	399.4536
1847006	6000.0	10	6000.0	0.6067	399.4536	1.0	401.0603
1752668	7000.0	10	6000.0	0.7067	401.0603	1.1667	402.9337
1747115	5000.0	10	6000.0	0.5067	402.9337	0.8333	404.2737
1775354	8000.0	10	6000.0	0.8067	404.2737	1.3333	406.4137
1664493	6000.0	10	6000.0	0.6067	406.4137	1.0	408.0204
1811647	6000.0	10	6000.0	0.6067	408.0204	1.0	409.6271
1738507	8000.0	10	6000.0	0.8067	409.6271	1.3333	411.76709999999997
1736718	7000.0	10	6000.0	0.7067	411.7671	1.1667	413.64050000000003
1721128	9000.0	10	6000.0	0.9067	413.6405	1.5	416.0472
1642441	7000.0	10	6000.0	0.7067	416.0472	1.1667	417.9206
1648403	7000.0	10	6000.0	0.7067	417.9206	1.1667	419.794
1752676	6000.0	10	6000.0	0.6067	419.794	1.0	421.4007
1736624	9000.0	10	6000.0	0.9067	421.4007	1.5	423.8074
1704504	7000.0	10	6000.0	0.7067	423.8074	1.1667	425.6808
1775429	7000.0	10	6000.0	0.7067	425.6808	1.1667	427.5542
1776569	8000.0	10	6000.0	0.8067	427.5542	1.3333	429.69419999999997
1707952	8000.0	10	6000.0	0.8067	429.6942	1.3333	431.8342
1792186	9000.0	10	6000.0	0.9067	431.8342	1.5	434.2409
1787659	7000.0	10	6000.0	0.7067	434.2409	1.1667	436.1143
1645011	8000.0	10	6000.0	0.8067	436.1143	1.3333	438.2543
1845596	7000.0	10	6000.0	0.7067	438.2543	1.1667	440.1277
1801011	7000.0	10	6000.0	0.7067	440.1277	1.1667	442.0011
1736931	8000.0	10	6000.0	0.8067	442.0011	1.3333	444.1411
1728565	8000.0	10	6000.0	0.8067	444.1411	1.3333	446.2811
1837560	6000.0	10	6000.0	0.6067	446.2811	1.0	447.88779999999997
1792391	7000.0	10	6000.0	0.7067	447.8878	1.1667	449.76120000000003
1841643	7000.0	10	6000.0	0.7067	449.7612	1.1667	451.6346
1775228	9000.0	10	6000.0	0.9067	451.6346	1.5	454.0413
1775231	8000.0	10	6000.0	0.8067	454.0413	1.3333	456.18129999999996
1846939	7000.0	10	6000.0	0.7067	456.1813	1.1667	458.0547
1655290	5000.0	10	6000.0	0.5067	458.0547	0.8333	459.39470000000006
1762636	7000.0	10	6000.0	0.7067	459.3947	1.1667	461.2681
1826862	5000.0	10	6000.0	0.5067	461.2681	0.8333	462.60810000000004
1671254	7000.0	10	6000.0	0.7067	462.6081	1.1667	464.4815
1826690	8000.0	10	6000.0	0.8067	464.4815	1.3333	466.62149999999997
1852040	8000.0	10	6000.0	0.8067	466.6215	1.3333	468.7615
1658914	8000.0	10	6000.0	0.8067	468.7615	1.3333	470.9015
1845100	7000.0	10	6000.0	0.7067	470.9015	1.1667	472.7749
1645091	9000.0	10	6000.0	0.9067	472.7749	1.5	475.1816
1749680	6000.0	10	6000.0	0.6067	475.1816	1.0	476.7883
1815152	8000.0	10	6000.0	0.8067	476.7883	1.3333	478.9283
1827549	7000.0	10	6000.0	0.7067	478.9283	1.1667	480.8017
1641216	7000.0	10	6000.0	0.7067	480.8017	1.1667	482.6751
1808386	7000.0	10	6000.0	0.7067	482.6751	1.1667	484.5485
1836291	7000.0	10	6000.0	0.7067	484.5485	1.1667	486.4219
1745710	8000.0	10	6000.0	0.8067	486.4219	1.3333	488.5619
1720068	4000.0	10	6000.0	0.4067	488.5619	0.6667	489.6353
1679033	8000.0	10	6000.0	0.8067	489.6353	1.3333	491.77529999999996
1798778	6000.0	10	6000.0	0.6067	491.7753	1.0	493.382
1652833	7000.0	10	6000.0	0.7067	493.382	1.1667	495.2554
1786875	10000.0	10	6000.0	1.0067	495.2554	1.6667	497.9288
1692370	8000.0	10	6000.0	0.8067	497.9288	1.3333	500.0688
1693926	7000.0	10	6000.0	0.7067	500.0688	1.1667	501.9422
1818186	8000.0	10	6000.0	0.8067	501.9422	1.3333	504.0822
1763651	8000.0	10	6000.0	0.8067	504.0822	1.3333	506.2222
1849516	6000.0	10	6000.0	0.6067	506.2222	1.0	507.8289
1759287	9000.0	10	6000.0	0.9067	507.8289	1.5	510.2356
1687231	9000.0	10	6000.0	0.9067	510.2356	1.5	512.6423
1692998	8000.0	10	6000.0	0.8067	512.6423	1.3333	514.7823
1664666	8000.0	10	6000.0	0.8067	514.7823	1.3333	516.9223
1752450	6000.0	10	6000.0	0.6067	516.9223	1.0	518.529
1668716	6000.0	10	6000.0	0.6067	518.529	1.0	520.1357
1652892	9000.0	10	6000.0	0.9067	520.1357	1.5	522.5424
1645385	7000.0	10	6000.0	0.7067	522.5424	1.1667	524.4158
1695417	7000.0	10	6000.0	0.7067	524.4158	1.1667	526.2891999999999
1708686	9000.0	10	6000.0	0.9067	526.2892	1.5	528.6959
1653427	8000.0	10	6000.0	0.8067	528.6959	1.3333	530.8359
1728745	6000.0	10	6000.0	0.6067	530.8359	1.0	532.4426000000001
1705525	8000.0	10	6000.0	0.8067	532.4426	1.3333	534.5826
1763532	7000.0	10	6000.0	0.7067	534.5826	1.1667	536.4559999999999
1693925	7000.0	10	6000.0	0.7067	536.456	1.1667	538.3294
1665855	8000.0	10	6000.0	0.8067	538.3294	1.3333	540.4694
1676928	9000.0	10	6000.0	0.9067	540.4694	1.5	542.8761
1738981	8000.0	10	6000.0	0.8067	542.8761	1.3333	545.0160999999999
1654872	8000.0	10	6000.0	0.8067	545.0161	1.3333	547.1561
1688749	8000.0	10	6000.0	0.8067	547.1561	1.3333	549.2961
1827746	7000.0	10	6000.0	0.7067	549.2961	1.1667	551.1695
1649329	6000.0	10	6000.0	0.6067	551.1695	1.0	552.7762
1641371	7000.0	10	6000.0	0.7067	552.7762	1.1667	554.6496
1678932	7000.0	10	6000.0	0.7067	554.6496	1.1667	556.5229999999999
1751431	7000.0	10	6000.0	0.7067	556.523	1.1667	558.3964
1687156	8000.0	10	6000.0	0.8067	558.3964	1.3333	560.5364
1716882	6000.0	10	6000.0	0.6067	560.5364	1.0	562.1431
1715720	7000.0	10	6000.0	0.7067	562.1431	1.1667	564.0165
1798747	8000.0	10	6000.0	0.8067	564.0165	1.3333	566.1564999999999
1654972	6000.0	10	6000.0	0.6067	566.1565	1.0	567.7632000000001
1667472	8000.0	10	6000.0	0.8067	567.7632	1.3333	569.9032
1660025	9000.0	10	6000.0	0.9067	569.9032	1.5	572.3099
1827045	7000.0	10	6000.0	0.7067	572.3099	1.1667	574.1832999999999
1683928	10000.0	10	6000.0	1.0067	574.1833	1.6667	576.8567
1831384	9000.0	10	6000.0	0.9067	576.8567	1.5	579.2634
1848612	8000.0	10	6000.0	0.8067	579.2634	1.3333	581.4034
1801550	7000.0	10	6000.0	0.7067	581.4034	1.1667	583.2768
1688030	7000.0	10	6000.0	0.7067	583.2768	1.1667	585.1501999999999
1676377	7000.0	10	6000.0	0.7067	585.1502	1.1667	587.0236
1729549	6000.0	10	6000.0	0.6067	587.0236	1.0	588.6303
1752456	8000.0	10	6000.0	0.8067	588.6303	1.3333	590.7703
1787152	6000.0	10	6000.0	0.6067	590.7703	1.0	592.3770000000001
1649876	6000.0	10	6000.0	0.6067	592.377	1.0	593.9837
1716718	8000.0	10	6000.0	0.8067	593.9837	1.3333	596.1237
1752508	7000.0	10	6000.0	0.7067	596.1237	1.1667	597.9970999999999
1849450	6000.0	10	6000.0	0.6067	597.9971	1.0	599.6038000000001
1745920	9000.0	10	6000.0	0.9067	599.6038	1.5	602.0105
1656655	6000.0	10	6000.0	0.6067	602.0105	1.0	603.6172
1837710	5000.0	10	6000.0	0.5067	603.6172	0.8333	604.9572000000001
1815288	7000.0	10	6000.0	0.7067	604.9572	1.1667	606.8305999999999
1820885	7000.0	10	6000.0	0.7067	606.8306	1.1667	608.704
1705203	10000.0	10	6000.0	1.0067	608.704	1.6667	611.3774
1737098	5000.0	10	6000.0	0.5067	611.3774	0.8333	612.7174
1688657	6000.0	10	6000.0	0.6067	612.7174	1.0	614.3241
1752874	8000.0	10	6000.0	0.8067	614.3241	1.3333	616.4641
1759388	7000.0	10	6000.0	0.7067	616.4641	1.1667	618.3375
1791956	7000.0	10	6000.0	0.7067	618.3375	1.1667	620.2108999999999
1682393	10000.0	10	6000.0	1.0067	620.2109	1.6667	622.8843
1721474	7000.0	10	6000.0	0.7067	622.8843	1.1667	624.7577
1695104	8000.0	10	6000.0	0.8067	624.7577	1.3333	626.8977
1792599	8000.0	10	6000.0	0.8067	626.8977	1.3333	629.0377
1738707	10000.0	10	6000.0	1.0067	629.0377	1.6667	631.7111
1715975	7000.0	10	6000.0	0.7067	631.7111	1.1667	633.5844999999999
1760192	9000.0	10	6000.0	0.9067	633.5845	1.5	635.9912
1704119	9000.0	10	6000.0	0.9067	635.9912	1.5	638.3979
1750232	9000.0	10	6000.0	0.9067	638.3979	1.5	640.8046
1687276	7000.0	10	6000.0	0.7067	640.8046	1.1667	642.678
1677451	7000.0	10	6000.0	0.7067	642.678	1.1667	644.5514
1645688	8000.0	10	6000.0	0.8067	644.5514	1.3333	646.6913999999999
1729532	7000.0	10	6000.0	0.7067	646.6914	1.1667	648.5648
1708661	12000.0	10	6000.0	1.2067	648.5648	2.0	651.7715
1715913	8000.0	10	6000.0	0.8067	651.7715	1.3333	653.9114999999999
1820534	6000.0	10	6000.0	0.6067	653.9115	1.0	655.5182000000001
1761515	8000.0	10	6000.0	0.8067	655.5182	1.3333	657.6582
1761518	7000.0	10	6000.0	0.7067	657.6582	1.1667	659.5315999999999
1653780	9000.0	10	6000.0	0.9067	659.5316	1.5	661.9383
1688059	7000.0	10	6000.0	0.7067	661.9383	1.1667	663.8117
1638791	8000.0	10	6000.0	0.8067	663.8117	1.3333	665.9517
1676411	9000.0	10	6000.0	0.9067	665.9517	1.5	668.3584
1779529	10000.0	10	6000.0	1.0067	668.3584	1.6667	671.0318
1653794	8000.0	10	6000.0	0.8067	671.0318	1.3333	673.1718
1826453	9000.0	10	6000.0	0.9067	673.1718	1.5	675.5785
1708043	8000.0	10	6000.0	0.8067	675.5785	1.3333	677.7185
1849440	7000.0	10	6000.0	0.7067	677.7185	1.1667	679.5918999999999
1847111	8000.0	10	6000.0	0.8067	679.5919	1.3333	681.7319
1687337	5000.0	10	6000.0	0.5067	681.7319	0.8333	683.0719
1779528	7000.0	10	6000.0	0.7067	683.0719	1.1667	684.9453
1672823	8000.0	10	6000.0	0.8067	684.9453	1.3333	687.0853
1829726	5000.0	10	6000.0	0.5067	687.0853	0.8333	688.4253
1688614	7000.0	10	6000.0	0.7067	688.4253	1.1667	690.2986999999999
1683131	6000.0	10	6000.0	0.6067	690.2987	1.0	691.9054000000001
1671884	7000.0	10	6000.0	0.7067	691.9054	1.1667	693.7787999999999
1684622	8000.0	10	6000.0	0.8067	693.7788	1.3333	695.9188
1795699	7000.0	10	6000.0	0.7067	695.9188	1.1667	697.7922
1772493	8000.0	10	6000.0	0.8067	697.7922	1.3333	699.9322
1819411	8000.0	10	6000.0	0.8067	699.9322	1.3333	702.0722
1727549	7000.0	10	6000.0	0.7067	702.0722	1.1667	703.9455999999999
1689462	9000.0	10	6000.0	0.9067	703.9456	1.5	706.3523
1701918	7000.0	10	6000.0	0.7067	706.3523	1.1667	708.2257
1846307	8000.0	10	6000.0	0.8067	708.2257	1.3333	710.3657
1781487	7000.0	10	6000.0	0.7067	710.3657	1.1667	712.2390999999999
1828957	9000.0	10	6000.0	0.9067	712.2391	1.5	714.6458
1701928	9000.0	10	6000.0	0.9067	714.6458	1.5	717.0525
1718242	7000.0	10	6000.0	0.7067	717.0525	1.1667	718.9259
1744966	6000.0	10	6000.0	0.6067	718.9259	1.0	720.5326
1672174	7000.0	10	6000.0	0.7067	720.5326	1.1667	722.406
1653866	7000.0	10	6000.0	0.7067	722.406	1.1667	724.2793999999999
1783244	7000.0	10	6000.0	0.7067	724.2794	1.1667	726.1528
1674997	8000.0	10	6000.0	0.8067	726.1528	1.3333	728.2927999999999
1846325	8000.0	10	6000.0	0.8067	728.2928	1.3333	730.4328
1848957	10000.0	10	6000.0	1.0067	730.4328	1.6667	733.1062000000001
1789411	9000.0	10	6000.0	0.9067	733.1062	1.5	735.5129
1824835	7000.0	10	6000.0	0.7067	735.5129	1.1667	737.3862999999999
1744982	7000.0	10	6000.0	0.7067	737.3863	1.1667	739.2597
1732973	7000.0	10	6000.0	0.7067	739.2597	1.1667	741.1330999999999
1685934	8000.0	10	6000.0	0.8067	741.1331	1.3333	743.2731
1789397	7000.0	10	6000.0	0.7067	743.2731	1.1667	745.1465
1723751	9000.0	10	6000.0	0.9067	745.1465	1.5	747.5532
1651590	8000.0	10	6000.0	0.8067	747.5532	1.3333	749.6931999999999
1699004	7000.0	10	6000.0	0.7067	749.6932	1.1667	751.5666
1819427	9000.0	10	6000.0	0.9067	751.5666	1.5	753.9733
1690494	7000.0	10	6000.0	0.7067	753.9733	1.1667	755.8466999999999
1684632	9000.0	10	6000.0	0.9067	755.8467	1.5	758.2534
1732611	8000.0	10	6000.0	0.8067	758.2534	1.3333	760.3934
1685723	10000.0	10	6000.0	1.0067	760.3934	1.6667	763.0668000000001
1797401	7000.0	10	6000.0	0.7067	763.0668	1.1667	764.9401999999999
1800074	8000.0	10	6000.0	0.8067	764.9402	1.3333	767.0802
1689536	9000.0	10	6000.0	0.9067	767.0802	1.5	769.4869
1685744	8000.0	10	6000.0	0.8067	769.4869	1.3333	771.6269
1756695	7000.0	10	6000.0	0.7067	771.6269	1.1667	773.5002999999999
1748417	8000.0	10	6000.0	0.8067	773.5003	1.3333	775.6403
1768962	7000.0	10	6000.0	0.7067	775.6403	1.1667	777.5137
1768904	7000.0	10	6000.0	0.7067	777.5137	1.1667	779.3870999999999
1789681	9000.0	10	6000.0	0.9067	779.3871	1.5	781.7938
1830774	9000.0	10	6000.0	0.9067	781.7938	1.5	784.2005
1768875	9000.0	10	6000.0	0.9067	784.2005	1.5	786.6072
1723739	5000.0	10	6000.0	0.5067	786.6072	0.8333	787.9472000000001
1755585	8000.0	10	6000.0	0.8067	787.9472	1.3333	790.0871999999999
1719082	8000.0	10	6000.0	0.8067	790.0872	1.3333	792.2272
1795776	5000.0	10	6000.0	0.5067	792.2272	0.8333	793.5672000000001
1824708	7000.0	10	6000.0	0.7067	793.5672	1.1667	795.4405999999999
1746566	10000.0	10	6000.0	1.0067	795.4406	1.6667	798.114
1699101	8000.0	10	6000.0	0.8067	798.114	1.3333	800.254
1699100	10000.0	10	6000.0	1.0067	800.254	1.6667	802.9274
1835820	7000.0	10	6000.0	0.7067	802.9274	1.1667	804.8008
1718281	7000.0	10	6000.0	0.7067	804.8008	1.1667	806.6741999999999
1839654	8000.0	10	6000.0	0.8067	806.6742	1.3333	808.8142
1805617	7000.0	10	6000.0	0.7067	808.8142	1.1667	810.6876
1644448	8000.0	10	6000.0	0.8067	810.6876	1.3333	812.8276
1712985	7000.0	10	6000.0	0.7067	812.8276	1.1667	814.7009999999999
1732802	6000.0	10	6000.0	0.6067	814.701	1.0	816.3077000000001
1636635	8000.0	10	6000.0	0.8067	816.3077	1.3333	818.4476999999999
1754167	6000.0	10	6000.0	0.6067	818.4477	1.0	820.0544000000001
1772589	7000.0	10	6000.0	0.7067	820.0544	1.1667	821.9277999999999
1797631	9000.0	10	6000.0	0.9067	821.9278	1.5	824.3345
1835236	7000.0	10	6000.0	0.7067	824.3345	1.1667	826.2079
1834713	8000.0	10	6000.0	0.8067	826.2079	1.3333	828.3479
1651719	8000.0	10	6000.0	0.8067	828.3479	1.3333	830.4879
1670078	7000.0	10	6000.0	0.7067	830.4879	1.1667	832.3612999999999
1686815	8000.0	10	6000.0	0.8067	832.3613	1.3333	834.5013
1795179	7000.0	10	6000.0	0.7067	834.5013	1.1667	836.3747
1746799	7000.0	10	6000.0	0.7067	836.3747	1.1667	838.2480999999999
1806237	7000.0	10	6000.0	0.7067	838.2481	1.1667	840.1215
1690671	8000.0	10	6000.0	0.8067	840.1215	1.3333	842.2615
1644504	8000.0	10	6000.0	0.8067	842.2615	1.3333	844.4014999999999
1803166	10000.0	10	6000.0	1.0067	844.4015	1.6667	847.0749000000001
1650512	6000.0	10	6000.0	0.6067	847.0749	1.0	848.6816
1680653	7000.0	10	6000.0	0.7067	848.6816	1.1667	850.555
1847731	6000.0	10	6000.0	0.6067	850.555	1.0	852.1617
1789946	6000.0	10	6000.0	0.6067	852.1617	1.0	853.7684
1783851	9000.0	10	6000.0	0.9067	853.7684	1.5	856.1751
1743804	8000.0	10	6000.0	0.8067	856.1751	1.3333	858.3151
1727612	9000.0	10	6000.0	0.9067	858.3151	1.5	860.7218
1777882	8000.0	10	6000.0	0.8067	860.7218	1.3333	862.8618
1847695	7000.0	10	6000.0	0.7067	862.8618	1.1667	864.7352
1662060	7000.0	10	6000.0	0.7067	864.7352	1.1667	866.6085999999999
1649034	9000.0	10	6000.0	0.9067	866.6086	1.5	869.0153
1743795	7000.0	10	6000.0	0.7067	869.0153	1.1667	870.8887
1828450	6000.0	10	6000.0	0.6067	870.8887	1.0	872.4954
1819142	7000.0	10	6000.0	0.7067	872.4954	1.1667	874.3688
1748632	6000.0	10	6000.0	0.6067	874.3688	1.0	875.9755
1753325	9000.0	10	6000.0	0.9067	875.9755	1.5	878.3822
1740542	7000.0	10	6000.0	0.7067	878.3822	1.1667	880.2556
1767856	8000.0	10	6000.0	0.8067	880.2556	1.3333	882.3956
1832380	8000.0	10	6000.0	0.8067	882.3956	1.3333	884.5355999999999
1839465	8000.0	10	6000.0	0.8067	884.5356	1.3333	886.6756
1831712	6000.0	10	6000.0	0.6067	886.6756	1.0	888.2823000000001
1748515	8000.0	10	6000.0	0.8067	888.2823	1.3333	890.4223
1795521	6000.0	10	6000.0	0.6067	890.4223	1.0	892.029
1795505	8000.0	10	6000.0	0.8067	892.029	1.3333	894.169
1690604	10000.0	10	6000.0	1.0067	894.169	1.6667	896.8424
1814135	9000.0	10	6000.0	0.9067	896.8424	1.5	899.2491
1733086	8000.0	10	6000.0	0.8067	899.2491	1.3333	901.3891
1845984	7000.0	10	6000.0	0.7067	901.3891	1.1667	903.2624999999999
1783461	8000.0	10	6000.0	0.8067	903.2625	1.3333	905.4025
1806074	12000.0	10	6000.0	1.2067	905.4025	2.0	908.6092
1706392	7000.0	10	6000.0	0.7067	908.6092	1.1667	910.4825999999999
1781285	9000.0	10	6000.0	0.9067	910.4826	1.5	912.8893
1806093	9000.0	10	6000.0	0.9067	912.8893	1.5	915.296
1636593	6000.0	10	6000.0	0.6067	915.296	1.0	916.9027000000001
1727583	7000.0	10	6000.0	0.7067	916.9027	1.1667	918.7760999999999
1783535	8000.0	10	6000.0	0.8067	918.7761	1.3333	920.9161
1823471	7000.0	10	6000.0	0.7067	920.9161	1.1667	922.7895
1795318	7000.0	10	6000.0	0.7067	922.7895	1.1667	924.6628999999999
1706369	9000.0	10	6000.0	0.9067	924.6629	1.5	927.0696
1828469	7000.0	10	6000.0	0.7067	927.0696	1.1667	928.943
1806121	8000.0	10	6000.0	0.8067	928.943	1.3333	931.083
1713403	8000.0	10	6000.0	0.8067	931.083	1.3333	933.223
1803225	8000.0	10	6000.0	0.8067	933.223	1.3333	935.3629999999999
1698556	7000.0	10	6000.0	0.7067	935.363	1.1667	937.2364
1710008	8000.0	10	6000.0	0.8067	937.2364	1.3333	939.3764
1665566	8000.0	10	6000.0	0.8067	939.3764	1.3333	941.5164
1713432	6000.0	10	6000.0	0.6067	941.5164	1.0	943.1231
1698535	6000.0	10	6000.0	0.6067	943.1231	1.0	944.7298000000001
1698530	6000.0	10	6000.0	0.6067	944.7298	1.0	946.3365
1777950	8000.0	10	6000.0	0.8067	946.3365	1.3333	948.4765
1636669	7000.0	10	6000.0	0.7067	948.4765	1.1667	950.3498999999999
1646931	8000.0	10	6000.0	0.8067	950.3499	1.3333	952.4899
1643319	5000.0	10	6000.0	0.5067	952.4899	0.8333	953.8299000000001
1796649	6000.0	10	6000.0	0.6067	953.8299	1.0	955.4366
1803973	8000.0	10	6000.0	0.8067	955.4366	1.3333	957.5766
1651062	6000.0	10	6000.0	0.6067	957.5766	1.0	959.1833
1706727	8000.0	10	6000.0	0.8067	959.1833	1.3333	961.3233
1782032	7000.0	10	6000.0	0.7067	961.3233	1.1667	963.1967
1681087	7000.0	10	6000.0	0.7067	963.1967	1.1667	965.0700999999999
1669289	10000.0	10	6000.0	1.0067	965.0701	1.6667	967.7435
1678388	7000.0	10	6000.0	0.7067	967.7435	1.1667	969.6169
1756087	8000.0	10	6000.0	0.8067	969.6169	1.3333	971.7569
1700219	7000.0	10	6000.0	0.7067	971.7569	1.1667	973.6302999999999
1658612	6000.0	10	6000.0	0.6067	973.6303	1.0	975.2370000000001
1813761	8000.0	10	6000.0	0.8067	975.237	1.3333	977.377
1731887	8000.0	10	6000.0	0.8067	977.377	1.3333	979.5169999999999
1796663	8000.0	10	6000.0	0.8067	979.517	1.3333	981.657
1799729	7000.0	10	6000.0	0.7067	981.657	1.1667	983.5304
1810719	7000.0	10	6000.0	0.7067	983.5304	1.1667	985.4037999999999
1684870	7000.0	10	6000.0	0.7067	985.4038	1.1667	987.2772
1674588	9000.0	10	6000.0	0.9067	987.2772	1.5	989.6839
1778613	7000.0	10	6000.0	0.7067	989.6839	1.1667	991.5572999999999
1755782	7000.0	10	6000.0	0.7067	991.5573	1.1667	993.4307
1840009	7000.0	10	6000.0	0.7067	993.4307	1.1667	995.3041
1731960	8000.0	10	6000.0	0.8067	995.3041	1.3333	997.4440999999999
1700101	7000.0	10	6000.0	0.7067	997.4441	1.1667	999.3175
1810453	7000.0	10	6000.0	0.7067	999.3175	1.1667	1001.1908999999999
1748144	9000.0	10	6000.0	0.9067	1001.1909	1.5	1003.5976
1685395	8000.0	10	6000.0	0.8067	1003.5976	1.3333	1005.7376
1813793	9000.0	10	6000.0	0.9067	1005.7376	1.5	1008.1443
1823765	6000.0	10	6000.0	0.6067	1008.1443	1.0	1009.7510000000001
1700180	7000.0	10	6000.0	0.7067	1009.751	1.1667	1011.6243999999999
1712014	8000.0	10	6000.0	0.8067	1011.6244	1.3333	1013.7644
1836546	7000.0	10	6000.0	0.7067	1013.7644	1.1667	1015.6378
1711424	10000.0	10	6000.0	1.0067	1015.6378	1.6667	1018.3112
1741436	7000.0	10	6000.0	0.7067	1018.3112	1.1667	1020.1845999999999
1834577	7000.0	10	6000.0	0.7067	1020.1846	1.1667	1022.058
1674350	7000.0	10	6000.0	0.7067	1022.058	1.1667	1023.9313999999999
1796954	8000.0	10	6000.0	0.8067	1023.9314	1.3333	1026.0714
1710645	9000.0	10	6000.0	0.9067	1026.0714	1.5	1028.4781
1718787	8000.0	10	6000.0	0.8067	1028.4781	1.3333	1030.6181000000001
1669555	8000.0	10	6000.0	0.8067	1030.6181	1.3333	1032.7581
1812534	7000.0	10	6000.0	0.7067	1032.7581	1.1667	1034.6315
1731494	9000.0	10	6000.0	0.9067	1034.6315	1.5	1037.0382
1710900	8000.0	10	6000.0	0.8067	1037.0382	1.3333	1039.1782
1661429	9000.0	10	6000.0	0.9067	1039.1782	1.5	1041.5849
1823893	6000.0	10	6000.0	0.6067	1041.5849	1.0	1043.1916
1796862	7000.0	10	6000.0	0.7067	1043.1916	1.1667	1045.065
1846194	9000.0	10	6000.0	0.9067	1045.065	1.5	1047.4717
1782104	9000.0	10	6000.0	0.9067	1047.4717	1.5	1049.8784
1727309	9000.0	10	6000.0	0.9067	1049.8784	1.5	1052.2851
1685203	7000.0	10	6000.0	0.7067	1052.2851	1.1667	1054.1585
1701095	6000.0	10	6000.0	0.6067	1054.1585	1.0	1055.7652
1650986	6000.0	10	6000.0	0.6067	1055.7652	1.0	1057.3719
1824080	6000.0	10	6000.0	0.6067	1057.3719	1.0	1058.9786000000001
1843453	6000.0	10	6000.0	0.6067	1058.9786	1.0	1060.5853
1731248	8000.0	10	6000.0	0.8067	1060.5853	1.3333	1062.7253
1701142	5000.0	10	6000.0	0.5067	1062.7253	0.8333	1064.0653
1706761	8000.0	10	6000.0	0.8067	1064.0653	1.3333	1066.2053
1830596	9000.0	10	6000.0	0.9067	1066.2053	1.5	1068.612
1813702	7000.0	10	6000.0	0.7067	1068.612	1.1667	1070.4854
1700572	9000.0	10	6000.0	0.9067	1070.4854	1.5	1072.8921
1756037	7000.0	10	6000.0	0.7067	1072.8921	1.1667	1074.7655
1744532	7000.0	10	6000.0	0.7067	1074.7655	1.1667	1076.6389
1767663	9000.0	10	6000.0	0.9067	1076.6389	1.5	1079.0456
1850340	8000.0	10	6000.0	0.8067	1079.0456	1.3333	1081.1856
1699952	7000.0	10	6000.0	0.7067	1081.1856	1.1667	1083.059
1647413	10000.0	10	6000.0	1.0067	1083.059	1.6667	1085.7323999999999
1769480	7000.0	10	6000.0	0.7067	1085.7324	1.1667	1087.6058
1805011	9000.0	10	6000.0	0.9067	1087.6058	1.5	1090.0125
1782513	7000.0	10	6000.0	0.7067	1090.0125	1.1667	1091.8859
1805056	8000.0	10	6000.0	0.8067	1091.8859	1.3333	1094.0259
1669791	9000.0	10	6000.0	0.9067	1094.0259	1.5	1096.4326
1769425	9000.0	10	6000.0	0.9067	1096.4326	1.5	1098.8393
1810244	6000.0	10	6000.0	0.6067	1098.8393	1.0	1100.4460000000001
1769401	6000.0	10	6000.0	0.6067	1100.446	1.0	1102.0527
1727436	7000.0	10	6000.0	0.7067	1102.0527	1.1667	1103.9261
1796074	8000.0	10	6000.0	0.8067	1103.9261	1.3333	1106.0661
1724157	10000.0	10	6000.0	1.0067	1106.0661	1.6667	1108.7395
1812491	7000.0	10	6000.0	0.7067	1108.7395	1.1667	1110.6128999999999
1804970	10000.0	10	6000.0	1.0067	1110.6129	1.6667	1113.2863
1824527	8000.0	10	6000.0	0.8067	1113.2863	1.3333	1115.4263
1836738	8000.0	10	6000.0	0.8067	1115.4263	1.3333	1117.5663000000002
1661899	8000.0	10	6000.0	0.8067	1117.5663	1.3333	1119.7063
1832364	7000.0	10	6000.0	0.7067	1119.7063	1.1667	1121.5797
1712694	6000.0	10	6000.0	0.6067	1121.5797	1.0	1123.1864
1812487	9000.0	10	6000.0	0.9067	1123.1864	1.5	1125.5931
1646968	9000.0	10	6000.0	0.9067	1125.5931	1.5	1127.9998
1661920	8000.0	10	6000.0	0.8067	1127.9998	1.3333	1130.1398000000002
1646964	6000.0	10	6000.0	0.6067	1130.1398	1.0	1131.7465
1803524	7000.0	10	6000.0	0.7067	1131.7465	1.1667	1133.6199
1712733	6000.0	10	6000.0	0.6067	1133.6199	1.0	1135.2266
1821481	7000.0	10	6000.0	0.7067	1135.2266	1.1667	1137.1
1772182	5000.0	10	6000.0	0.5067	1137.1	0.8333	1138.4399999999998
1674845	8000.0	10	6000.0	0.8067	1138.44	1.3333	1140.5800000000002
1699495	9000.0	10	6000.0	0.9067	1140.58	1.5	1142.9867
1753564	6000.0	10	6000.0	0.6067	1142.9867	1.0	1144.5934
1712497	9000.0	10	6000.0	0.9067	1144.5934	1.5	1147.0001
1816423	8000.0	10	6000.0	0.8067	1147.0001	1.3333	1149.1401
1770018	7000.0	10	6000.0	0.7067	1149.1401	1.1667	1151.0135
1678412	9000.0	10	6000.0	0.9067	1151.0135	1.5	1153.4202
1843749	7000.0	10	6000.0	0.7067	1153.4202	1.1667	1155.2936
1710448	7000.0	10	6000.0	0.7067	1155.2936	1.1667	1157.167
1846141	6000.0	10	6000.0	0.6067	1157.167	1.0	1158.7737
1710439	9000.0	10	6000.0	0.9067	1158.7737	1.5	1161.1804
1731001	7000.0	10	6000.0	0.7067	1161.1804	1.1667	1163.0538
1681365	8000.0	10	6000.0	0.8067	1163.0538	1.3333	1165.1938
1681007	8000.0	10	6000.0	0.8067	1165.1938	1.3333	1167.3338
1710425	6000.0	10	6000.0	0.6067	1167.3338	1.0	1168.9405000000002
1690118	10000.0	10	6000.0	1.0067	1168.9405	1.6667	1171.6138999999998
1781811	8000.0	10	6000.0	0.8067	1171.6139	1.3333	1173.7539000000002
1821317	10000.0	10	6000.0	1.0067	1173.7539	1.6667	1176.4272999999998
1847972	9000.0	10	6000.0	0.9067	1176.4273	1.5	1178.834
1771946	10000.0	10	6000.0	1.0067	1178.834	1.6667	1181.5074
1840335	9000.0	10	6000.0	0.9067	1181.5074	1.5	1183.9141
1699742	8000.0	10	6000.0	0.8067	1183.9141	1.3333	1186.0541
1796225	5000.0	10	6000.0	0.5067	1186.0541	0.8333	1187.3941
1727414	6000.0	10	6000.0	0.6067	1187.3941	1.0	1189.0008
1782434	7000.0	10	6000.0	0.7067	1189.0008	1.1667	1190.8742
1804854	10000.0	10	6000.0	1.0067	1190.8742	1.6667	1193.5475999999999
1744185	8000.0	10	6000.0	0.8067	1193.5476	1.3333	1195.6876000000002
1803586	5000.0	10	6000.0	0.5067	1195.6876	0.8333	1197.0276
1772021	5000.0	10	6000.0	0.5067	1197.0276	0.8333	1198.3675999999998
1650702	8000.0	10	6000.0	0.8067	1198.3676	1.3333	1200.5076000000001
1732297	7000.0	10	6000.0	0.7067	1200.5076	1.1667	1202.3809999999999
1769623	9000.0	10	6000.0	0.9067	1202.381	1.5	1204.7877
1637321	6000.0	10	6000.0	0.6067	1204.7877	1.0	1206.3944000000001
1810299	10000.0	10	6000.0	1.0067	1206.3944	1.6667	1209.0677999999998
1812380	8000.0	10	6000.0	0.8067	1209.0678	1.3333	1211.2078000000001
1690649	9000.0	10	6000.0	0.9067	1211.2078	1.5	1213.6145
1719289	7000.0	10	6000.0	0.7067	1213.6145	1.1667	1215.4878999999999
1777401	10000.0	10	6000.0	1.0067	1215.4879	1.6667	1218.1613
1823101	7000.0	10	6000.0	0.7067	1218.1613	1.1667	1220.0347
1825498	8000.0	10	6000.0	0.8067	1220.0347	1.3333	1222.1747
1734561	7000.0	10	6000.0	0.7067	1222.1747	1.1667	1224.0481
1842229	7000.0	10	6000.0	0.7067	1224.0481	1.1667	1225.9215
1722660	8000.0	10	6000.0	0.8067	1225.9215	1.3333	1228.0615
1821055	6000.0	10	6000.0	0.6067	1228.0615	1.0	1229.6682
1844513	8000.0	10	6000.0	0.8067	1229.6682	1.3333	1231.8082000000002
1840857	7000.0	10	6000.0	0.7067	1231.8082	1.1667	1233.6816
1745284	6000.0	10	6000.0	0.6067	1233.6816	1.0	1235.2883
1794039	8000.0	10	6000.0	0.8067	1235.2883	1.3333	1237.4283
1636336	8000.0	10	6000.0	0.8067	1237.4283	1.3333	1239.5683000000001
1825524	6000.0	10	6000.0	0.6067	1239.5683	1.0	1241.175
1658121	9000.0	10	6000.0	0.9067	1241.175	1.5	1243.5817
1691488	7000.0	10	6000.0	0.7067	1243.5817	1.1667	1245.4551
1652235	8000.0	10	6000.0	0.8067	1245.4551	1.3333	1247.5951
1636314	6000.0	10	6000.0	0.6067	1247.5951	1.0	1249.2018
1785225	7000.0	10	6000.0	0.7067	1249.2018	1.1667	1251.0752
1785226	8000.0	10	6000.0	0.8067	1251.0752	1.3333	1253.2152
1739795	7000.0	10	6000.0	0.7067	1253.2152	1.1667	1255.0886
1798283	6000.0	10	6000.0	0.6067	1255.0886	1.0	1256.6953
1833714	7000.0	10	6000.0	0.7067	1256.6953	1.1667	1258.5687
1755077	8000.0	10	6000.0	0.8067	1258.5687	1.3333	1260.7087000000001
1780431	7000.0	10	6000.0	0.7067	1260.7087	1.1667	1262.5820999999999
1773881	9000.0	10	6000.0	0.9067	1262.5821	1.5	1264.9888
1818813	11000.0	10	6000.0	1.1067	1264.9888	1.8333	1267.9288000000001
1654069	6000.0	10	6000.0	0.6067	1267.9288	1.0	1269.5355
1643018	6000.0	10	6000.0	0.6067	1269.5355	1.0	1271.1422
1697435	7000.0	10	6000.0	0.7067	1271.1422	1.1667	1273.0156
1830912	7000.0	10	6000.0	0.7067	1273.0156	1.1667	1274.889
1722814	7000.0	10	6000.0	0.7067	1274.889	1.1667	1276.7623999999998
1823185	8000.0	10	6000.0	0.8067	1276.7624	1.3333	1278.9024000000002
1784855	6000.0	10	6000.0	0.6067	1278.9024	1.0	1280.5091
1747703	9000.0	10	6000.0	0.9067	1280.5091	1.5	1282.9158
1848438	9000.0	10	6000.0	0.9067	1282.9158	1.5	1285.3225
1773610	7000.0	10	6000.0	0.7067	1285.3225	1.1667	1287.1959
1652113	6000.0	10	6000.0	0.6067	1287.1959	1.0	1288.8026
1730325	9000.0	10	6000.0	0.9067	1288.8026	1.5	1291.2093
1784901	8000.0	10	6000.0	0.8067	1291.2093	1.3333	1293.3493
1714433	7000.0	10	6000.0	0.7067	1293.3493	1.1667	1295.2227
1766343	9000.0	10	6000.0	0.9067	1295.2227	1.5	1297.6294
1748925	10000.0	10	6000.0	1.0067	1297.6294	1.6667	1300.3028
1691373	7000.0	10	6000.0	0.7067	1300.3028	1.1667	1302.1761999999999
1784918	9000.0	10	6000.0	0.9067	1302.1762	1.5	1304.5829
1840819	7000.0	10	6000.0	0.7067	1304.5829	1.1667	1306.4563
1673753	6000.0	10	6000.0	0.6067	1306.4563	1.0	1308.063
1717689	8000.0	10	6000.0	0.8067	1308.063	1.3333	1310.2030000000002
1697334	7000.0	10	6000.0	0.7067	1310.203	1.1667	1312.0764
1799227	9000.0	10	6000.0	0.9067	1312.0764	1.5	1314.4831
1686497	6000.0	10	6000.0	0.6067	1314.4831	1.0	1316.0898
1730272	8000.0	10	6000.0	0.8067	1316.0898	1.3333	1318.2298
1698295	7000.0	10	6000.0	0.7067	1318.2298	1.1667	1320.1032
1741956	6000.0	10	6000.0	0.6067	1320.1032	1.0	1321.7099
1773945	8000.0	10	6000.0	0.8067	1321.7099	1.3333	1323.8499000000002
1726982	8000.0	10	6000.0	0.8067	1323.8499	1.3333	1325.9899
1780426	8000.0	10	6000.0	0.8067	1325.9899	1.3333	1328.1299000000001
1658026	8000.0	10	6000.0	0.8067	1328.1299	1.3333	1330.2699
1834180	9000.0	10	6000.0	0.9067	1330.2699	1.5	1332.6766
1742055	8000.0	10	6000.0	0.8067	1332.6766	1.3333	1334.8166
1725855	8000.0	10	6000.0	0.8067	1334.8166	1.3333	1336.9566000000002
1696807	7000.0	10	6000.0	0.7067	1336.9566	1.1667	1338.83
1793778	6000.0	10	6000.0	0.6067	1338.83	1.0	1340.4367
1664929	9000.0	10	6000.0	0.9067	1340.4367	1.5	1342.8434
1696795	8000.0	10	6000.0	0.8067	1342.8434	1.3333	1344.9834
1755245	8000.0	10	6000.0	0.8067	1344.9834	1.3333	1347.1234000000002
1654301	8000.0	10	6000.0	0.8067	1347.1234	1.3333	1349.2634
1719681	8000.0	10	6000.0	0.8067	1349.2634	1.3333	1351.4034000000001
1755257	6000.0	10	6000.0	0.6067	1351.4034	1.0	1353.0101
1849976	7000.0	10	6000.0	0.7067	1353.0101	1.1667	1354.8835
1758434	6000.0	10	6000.0	0.6067	1354.8835	1.0	1356.4902
1755273	7000.0	10	6000.0	0.7067	1356.4902	1.1667	1358.3636
1827954	9000.0	10	6000.0	0.9067	1358.3636	1.5	1360.7703
1735011	10000.0	10	6000.0	1.0067	1360.7703	1.6667	1363.4436999999998
1714996	7000.0	10	6000.0	0.7067	1363.4437	1.1667	1365.3171
1758491	7000.0	10	6000.0	0.7067	1365.3171	1.1667	1367.1905
1802129	8000.0	10	6000.0	0.8067	1367.1905	1.3333	1369.3305
1838863	7000.0	10	6000.0	0.7067	1369.3305	1.1667	1371.2039
1739530	7000.0	10	6000.0	0.7067	1371.2039	1.1667	1373.0773
1739511	6000.0	10	6000.0	0.6067	1373.0773	1.0	1374.684
1638306	7000.0	10	6000.0	0.7067	1374.684	1.1667	1376.5574
1817052	6000.0	10	6000.0	0.6067	1376.5574	1.0	1378.1641
1765363	6000.0	10	6000.0	0.6067	1378.1641	1.0	1379.7708
1739639	7000.0	10	6000.0	0.7067	1379.7708	1.1667	1381.6442
1660939	8000.0	10	6000.0	0.8067	1381.6442	1.3333	1383.7842
1726893	6000.0	10	6000.0	0.6067	1383.7842	1.0	1385.3909
1693181	6000.0	10	6000.0	0.6067	1385.3909	1.0	1386.9976000000001
1734717	9000.0	10	6000.0	0.9067	1386.9976	1.5	1389.4043
1834204	8000.0	10	6000.0	0.8067	1389.4043	1.3333	1391.5443
1666661	8000.0	10	6000.0	0.8067	1391.5443	1.3333	1393.6843000000001
1780400	7000.0	10	6000.0	0.7067	1393.6843	1.1667	1395.5576999999998
1739740	8000.0	10	6000.0	0.8067	1395.5577	1.3333	1397.6977000000002
1814627	9000.0	10	6000.0	0.9067	1397.6977	1.5	1400.1044
1678784	10000.0	10	6000.0	1.0067	1400.1044	1.6667	1402.7777999999998
1657977	7000.0	10	6000.0	0.7067	1402.7778	1.1667	1404.6512
1790526	8000.0	10	6000.0	0.8067	1404.6512	1.3333	1406.7912000000001
1672678	7000.0	10	6000.0	0.7067	1406.7912	1.1667	1408.6645999999998
1714690	6000.0	10	6000.0	0.6067	1408.6646	1.0	1410.2713
1743217	6000.0	10	6000.0	0.6067	1410.2713	1.0	1411.8780000000002
1745341	8000.0	10	6000.0	0.8067	1411.878	1.3333	1414.018
1644719	8000.0	10	6000.0	0.8067	1414.018	1.3333	1416.1580000000001
1717528	6000.0	10	6000.0	0.6067	1416.158	1.0	1417.7647
1834804	4000.0	10	6000.0	0.4067	1417.7647	0.6667	1418.8381
1743207	10000.0	10	6000.0	1.0067	1418.8381	1.6667	1421.5114999999998
1734820	7000.0	10	6000.0	0.7067	1421.5115	1.1667	1423.3849
1725786	7000.0	10	6000.0	0.7067	1423.3849	1.1667	1425.2583
1765653	9000.0	10	6000.0	0.9067	1425.2583	1.5	1427.665
1793849	9000.0	10	6000.0	0.9067	1427.665	1.5	1430.0717
1717497	8000.0	10	6000.0	0.8067	1430.0717	1.3333	1432.2117
1662924	6000.0	10	6000.0	0.6067	1432.2117	1.0	1433.8184
1734882	11000.0	10	6000.0	1.1067	1433.8184	1.8333	1436.7584000000002
1638194	7000.0	10	6000.0	0.7067	1436.7584	1.1667	1438.6317999999999
1757964	9000.0	10	6000.0	0.9067	1438.6318	1.5	1441.0385
1667590	8000.0	10	6000.0	0.8067	1441.0385	1.3333	1443.1785000000002
1702461	8000.0	10	6000.0	0.8067	1443.1785	1.3333	1445.3185
1844409	7000.0	10	6000.0	0.7067	1445.3185	1.1667	1447.1919
1723127	8000.0	10	6000.0	0.8067	1447.1919	1.3333	1449.3319000000001
1698087	8000.0	10	6000.0	0.8067	1449.3319	1.3333	1451.4719
1790062	7000.0	10	6000.0	0.7067	1451.4719	1.1667	1453.3453
1740529	7000.0	10	6000.0	0.7067	1453.3453	1.1667	1455.2187
1697941	8000.0	10	6000.0	0.8067	1455.2187	1.3333	1457.3587
1638080	6000.0	10	6000.0	0.6067	1457.3587	1.0	1458.9654
1754732	8000.0	10	6000.0	0.8067	1458.9654	1.3333	1461.1054000000001
1662270	8000.0	10	6000.0	0.8067	1461.1054	1.3333	1463.2454
1675267	9000.0	10	6000.0	0.9067	1463.2454	1.5	1465.6521
1644581	6000.0	10	6000.0	0.6067	1465.6521	1.0	1467.2588
1809331	6000.0	10	6000.0	0.6067	1467.2588	1.0	1468.8655
1842154	10000.0	10	6000.0	1.0067	1468.8655	1.6667	1471.5389
1725533	6000.0	10	6000.0	0.6067	1471.5389	1.0	1473.1456
1717962	7000.0	10	6000.0	0.7067	1473.1456	1.1667	1475.019
1809282	7000.0	10	6000.0	0.7067	1475.019	1.1667	1476.8924
1850076	6000.0	10	6000.0	0.6067	1476.8924	1.0	1478.4991
1686138	9000.0	10	6000.0	0.9067	1478.4991	1.5	1480.9058
1850123	7000.0	10	6000.0	0.7067	1480.9058	1.1667	1482.7792
1727669	11000.0	10	6000.0	1.1067	1482.7792	1.8333	1485.7192
1794853	6000.0	10	6000.0	0.6067	1485.7192	1.0	1487.3259
1713819	9000.0	10	6000.0	0.9067	1487.3259	1.5	1489.7326
1733468	8000.0	10	6000.0	0.8067	1489.7326	1.3333	1491.8726000000001
1844386	8000.0	10	6000.0	0.8067	1491.8726	1.3333	1494.0126
1640288	9000.0	10	6000.0	0.9067	1494.0126	1.5	1496.4193
1662237	7000.0	10	6000.0	0.7067	1496.4193	1.1667	1498.2927
1809451	7000.0	10	6000.0	0.7067	1498.2927	1.1667	1500.1661
1745166	9000.0	10	6000.0	0.9067	1500.1661	1.5	1502.5728
1702559	6000.0	10	6000.0	0.6067	1502.5728	1.0	1504.1795
1767434	7000.0	10	6000.0	0.7067	1504.1795	1.1667	1506.0529
1846393	7000.0	10	6000.0	0.7067	1506.0529	1.1667	1507.9262999999999
1821152	6000.0	10	6000.0	0.6067	1507.9263	1.0	1509.5330000000001
1823379	7000.0	10	6000.0	0.7067	1509.533	1.1667	1511.4063999999998
1820098	8000.0	10	6000.0	0.8067	1511.4064	1.3333	1513.5464000000002
1672095	7000.0	10	6000.0	0.7067	1513.5464	1.1667	1515.4198
1832604	7000.0	10	6000.0	0.7067	1515.4198	1.1667	1517.2931999999998
1697795	7000.0	10	6000.0	0.7067	1517.2932	1.1667	1519.1666
1832567	9000.0	10	6000.0	0.9067	1519.1666	1.5	1521.5733
1814423	7000.0	10	6000.0	0.7067	1521.5733	1.1667	1523.4467
1802722	7000.0	10	6000.0	0.7067	1523.4467	1.1667	1525.3201
1797938	7000.0	10	6000.0	0.7067	1525.3201	1.1667	1527.1934999999999
1814354	8000.0	10	6000.0	0.8067	1527.1935	1.3333	1529.3335000000002
1819065	8000.0	10	6000.0	0.8067	1529.3335	1.3333	1531.4735
1839145	8000.0	10	6000.0	0.8067	1531.4735	1.3333	1533.6135000000002
1757915	8000.0	10	6000.0	0.8067	1533.6135	1.3333	1535.7535
1836953	6000.0	10	6000.0	0.6067	1535.7535	1.0	1537.3602
1672535	8000.0	10	6000.0	0.8067	1537.3602	1.3333	1539.5002000000002
1844321	9000.0	10	6000.0	0.9067	1539.5002	1.5	1541.9069
1800470	6000.0	10	6000.0	0.6067	1541.9069	1.0	1543.5136
1809208	7000.0	10	6000.0	0.7067	1543.5136	1.1667	1545.387
1767617	8000.0	10	6000.0	0.8067	1545.387	1.3333	1547.527
1773476	8000.0	10	6000.0	0.8067	1547.527	1.3333	1549.6670000000001
1706223	9000.0	10	6000.0	0.9067	1549.667	1.5	1552.0737
1650418	8000.0	10	6000.0	0.8067	1552.0737	1.3333	1554.2137
1678617	6000.0	10	6000.0	0.6067	1554.2137	1.0	1555.8204
1766525	8000.0	10	6000.0	0.8067	1555.8204	1.3333	1557.9604000000002
1851307	7000.0	10	6000.0	0.7067	1557.9604	1.1667	1559.8337999999999
1803084	6000.0	10	6000.0	0.6067	1559.8338	1.0	1561.4405000000002
1794365	7000.0	10	6000.0	0.7067	1561.4405	1.1667	1563.3138999999999
1844350	8000.0	10	6000.0	0.8067	1563.3139	1.3333	1565.4539000000002
1780948	8000.0	10	6000.0	0.8067	1565.4539	1.3333	1567.5939
1845890	7000.0	10	6000.0	0.7067	1567.5939	1.1667	1569.4673
1672589	8000.0	10	6000.0	0.8067	1569.4673	1.3333	1571.6073000000001
1767582	9000.0	10	6000.0	0.9067	1571.6073	1.5	1574.014
1767583	8000.0	10	6000.0	0.8067	1574.014	1.3333	1576.154
1662161	6000.0	10	6000.0	0.6067	1576.154	1.0	1577.7607
1636403	9000.0	10	6000.0	0.9067	1577.7607	1.5	1580.1674
1754441	5000.0	10	6000.0	0.5067	1580.1674	0.8333	1581.5074
1662192	5000.0	10	6000.0	0.5067	1581.5074	0.8333	1582.8473999999999
1818908	7000.0	10	6000.0	0.7067	1582.8474	1.1667	1584.7208
1686234	7000.0	10	6000.0	0.7067	1584.7208	1.1667	1586.5942
1818906	8000.0	10	6000.0	0.8067	1586.5942	1.3333	1588.7342
1819030	9000.0	10	6000.0	0.9067	1588.7342	1.5	1591.1409
1650357	8000.0	10	6000.0	0.8067	1591.1409	1.3333	1593.2809000000002
1816052	8000.0	10	6000.0	0.8067	1593.2809	1.3333	1595.4209
