1658924	11000.0	3	1000.0	1.1	0	11.0	12.1
1702309	15000.0	3	1000.0	1.5	12.1	15.0	28.6
1676988	12000.0	3	1000.0	1.2	28.6	12.0	41.8
1676905	12000.0	3	1000.0	1.2	41.8	12.0	55.0
1676780	11000.0	3	1000.0	1.1	55.0	11.0	67.1
1729091	11000.0	3	1000.0	1.1	67.1	11.0	79.19999999999999
1799324	11000.0	3	1000.0	1.1	79.2	11.0	91.3
1845993	14000.0	3	1000.0	1.4	91.3	14.0	106.7
1845918	12000.0	3	1000.0	1.2	106.7	12.0	119.9
1801112	11000.0	3	1000.0	1.1	119.9	11.0	132.0
1800409	12000.0	3	1000.0	1.2	132.0	12.0	145.2
1654334	11000.0	3	1000.0	1.1	145.2	11.0	157.29999999999998
1804874	11000.0	3	1000.0	1.1	157.3	11.0	169.4
1703407	11000.0	3	1000.0	1.1	169.4	11.0	181.5
1678587	11000.0	3	1000.0	1.1	181.5	11.0	193.6
1848256	12000.0	3	1000.0	1.2	193.6	12.0	206.79999999999998
1704987	12000.0	3	1000.0	1.2	206.8	12.0	220.0
1675473	11000.0	3	1000.0	1.1	220.0	11.0	232.1
1806163	11000.0	3	1000.0	1.1	232.1	11.0	244.2
1756442	11000.0	3	1000.0	1.1	244.2	11.0	256.29999999999995
1677898	11000.0	3	1000.0	1.1	256.3	11.0	268.40000000000003
1658958	11000.0	3	1000.0	1.1	268.4	11.0	280.5
1818623	12000.0	3	1000.0	1.2	280.5	12.0	293.7
1668254	11000.0	3	1000.0	1.1	293.7	11.0	305.8
1827641	13000.0	3	1000.0	1.3	305.8	13.0	320.1
1715093	11000.0	3	1000.0	1.1	320.1	11.0	332.20000000000005
1776088	11000.0	3	1000.0	1.1	332.2	11.0	344.3
1814293	12000.0	3	1000.0	1.2	344.3	12.0	357.5
1814449	16000.0	3	1000.0	1.6	357.5	16.0	375.1
1648070	11000.0	3	1000.0	1.1	375.1	11.0	387.20000000000005
1660936	11000.0	3	1000.0	1.1	387.2	11.0	399.3
1812496	11000.0	3	1000.0	1.1	399.3	11.0	411.40000000000003
1693998	12000.0	3	1000.0	1.2	411.4	12.0	424.59999999999997
1830568	12000.0	3	1000.0	1.2	424.6	12.0	437.8
1713157	11000.0	3	1000.0	1.1	437.8	11.0	449.90000000000003
1822555	11000.0	3	1000.0	1.1	449.9	11.0	462.0
1644238	11000.0	3	1000.0	1.1	462.0	11.0	474.1
1666830	13000.0	3	1000.0	1.3	474.1	13.0	488.40000000000003
1722569	13000.0	3	1000.0	1.3	488.4	13.0	502.7
1824176	14000.0	3	1000.0	1.4	502.7	14.0	518.0999999999999
1781196	12000.0	3	1000.0	1.2	518.1	12.0	531.3000000000001
1715665	11000.0	3	1000.0	1.1	531.3	11.0	543.4
1667978	11000.0	3	1000.0	1.1	543.4	11.0	555.5
1688119	11000.0	3	1000.0	1.1	555.5	11.0	567.6
1783708	12000.0	3	1000.0	1.2	567.6	12.0	580.8000000000001
1636465	14000.0	3	1000.0	1.4	580.8	14.0	596.1999999999999
1815966	11000.0	3	1000.0	1.1	596.2	11.0	608.3000000000001
1837377	11000.0	3	1000.0	1.1	608.3	11.0	620.4
1693490	11000.0	3	1000.0	1.1	620.4	11.0	632.5
1725340	12000.0	3	1000.0	1.2	632.5	12.0	645.7
1650276	12000.0	3	1000.0	1.2	645.7	12.0	658.9000000000001
1669225	11000.0	3	1000.0	1.1	658.9	11.0	671.0
1751822	11000.0	3	1000.0	1.1	671.0	11.0	683.1
1807794	11000.0	3	1000.0	1.1	683.1	11.0	695.2
1699352	13000.0	3	1000.0	1.3	695.2	13.0	709.5
1709130	12000.0	3	1000.0	1.2	709.5	12.0	722.7
1652608	11000.0	3	1000.0	1.1	722.7	11.0	734.8000000000001
1672751	17000.0	3	1000.0	1.7	734.8	17.0	753.5
1680305	11000.0	3	1000.0	1.1	753.5	11.0	765.6
1693140	13000.0	3	1000.0	1.3	765.6	13.0	779.9
1790959	12000.0	3	1000.0	1.2	779.9	12.0	793.1
1819755	11000.0	3	1000.0	1.1	793.1	11.0	805.2
1709819	11000.0	3	1000.0	1.1	805.2	11.0	817.3000000000001
1709824	11000.0	3	1000.0	1.1	817.3	11.0	829.4
1751613	11000.0	3	1000.0	1.1	829.4	11.0	841.5
1768810	11000.0	3	1000.0	1.1	841.5	11.0	853.6
1671147	15000.0	3	1000.0	1.5	853.6	15.0	870.1
1749287	11000.0	3	1000.0	1.1	870.1	11.0	882.2
1735381	11000.0	3	1000.0	1.1	882.2	11.0	894.3000000000001
1684220	13000.0	3	1000.0	1.3	894.3	13.0	908.5999999999999
1743050	11000.0	3	1000.0	1.1	908.6	11.0	920.7
1684057	12000.0	3	1000.0	1.2	920.7	12.0	933.9000000000001
1769197	12000.0	3	1000.0	1.2	933.9	12.0	947.1
1712341	11000.0	3	1000.0	1.1	947.1	11.0	959.2
1737131	11000.0	3	1000.0	1.1	959.2	11.0	971.3000000000001
1807583	11000.0	3	1000.0	1.1	971.3	11.0	983.4
1653037	11000.0	3	1000.0	1.1	983.4	11.0	995.5
1789779	11000.0	3	1000.0	1.1	995.5	11.0	1007.6
1767633	12000.0	3	1000.0	1.2	1007.6	12.0	1020.8000000000001
1776955	11000.0	3	1000.0	1.1	1020.8	11.0	1032.9
1810842	12000.0	3	1000.0	1.2	1032.9	12.0	1046.1000000000001
1724909	11000.0	3	1000.0	1.1	1046.1	11.0	1058.1999999999998
1749599	13000.0	3	1000.0	1.3	1058.2	13.0	1072.5
1851160	8000.0	9	6000.0	0.8067	0	1.3333	2.1399999999999997
1803878	8000.0	9	6000.0	0.8067	2.14	1.3333	4.279999999999999
1674899	8000.0	9	6000.0	0.8067	4.28	1.3333	6.42
1755191	4000.0	9	6000.0	0.4067	6.42	0.6667	7.493399999999999
1758496	8000.0	9	6000.0	0.8067	7.4934	1.3333	9.6334
1700157	7000.0	9	6000.0	0.7067	9.6334	1.1667	11.5068
1653659	9000.0	9	6000.0	0.9067	11.5068	1.5	13.9135
1761160	8000.0	9	6000.0	0.8067	13.9135	1.3333	16.0535
1704479	9000.0	9	6000.0	0.9067	16.0535	1.5	18.4602
1846871	7000.0	9	6000.0	0.7067	18.4602	1.1667	20.3336
1802386	9000.0	9	6000.0	0.9067	20.3336	1.5	22.7403
1731694	8000.0	9	6000.0	0.8067	22.7403	1.3333	24.880300000000002
1674191	9000.0	9	6000.0	0.9067	24.8803	1.5	27.287
1761393	9000.0	9	6000.0	0.9067	27.287	1.5	29.6937
1845784	3000.0	9	6000.0	0.3067	29.6937	0.5	30.5004
1700415	5000.0	9	6000.0	0.5067	30.5004	0.8333	31.8404
1802360	8000.0	9	6000.0	0.8067	31.8404	1.3333	33.9804
1731759	7000.0	9	6000.0	0.7067	33.9804	1.1667	35.8538
1795664	9000.0	9	6000.0	0.9067	35.8538	1.5	38.2605
1703093	7000.0	9	6000.0	0.7067	38.2605	1.1667	40.1339
1850676	5000.0	9	6000.0	0.5067	40.1339	0.8333	41.4739
1729454	8000.0	9	6000.0	0.8067	41.4739	1.3333	43.6139
1795104	6000.0	9	6000.0	0.6067	43.6139	1.0	45.220600000000005
1675270	8000.0	9	6000.0	0.8067	45.2206	1.3333	47.3606
1761249	10000.0	9	6000.0	1.0067	47.3606	1.6667	50.034
1846734	4000.0	9	6000.0	0.4067	50.034	0.6667	51.1074
1851999	6000.0	9	6000.0	0.6067	51.1074	1.0	52.7141
1665530	8000.0	9	6000.0	0.8067	52.7141	1.3333	54.8541
1658311	6000.0	9	6000.0	0.6067	54.8541	1.0	56.460800000000006
1798787	8000.0	9	6000.0	0.8067	56.4608	1.3333	58.6008
1847766	9000.0	9	6000.0	0.9067	58.6008	1.5	61.0075
1658926	7000.0	9	6000.0	0.7067	61.0075	1.1667	62.8809
1708621	7000.0	9	6000.0	0.7067	62.8809	1.1667	64.7543
1803117	9000.0	9	6000.0	0.9067	64.7543	1.5	67.161
1676723	9000.0	9	6000.0	0.9067	67.161	1.5	69.5677
1755674	8000.0	9	6000.0	0.8067	69.5677	1.3333	71.7077
1755118	7000.0	9	6000.0	0.7067	71.7077	1.1667	73.5811
1708649	6000.0	9	6000.0	0.6067	73.5811	1.0	75.18780000000001
1758753	6000.0	9	6000.0	0.6067	75.1878	1.0	76.7945
1845780	7000.0	9	6000.0	0.7067	76.7945	1.1667	78.6679
1672984	6000.0	9	6000.0	0.6067	78.6679	1.0	80.2746
1757881	8000.0	9	6000.0	0.8067	80.2746	1.3333	82.41460000000001
1761906	8000.0	9	6000.0	0.8067	82.4146	1.3333	84.5546
1761369	6000.0	9	6000.0	0.6067	84.5546	1.0	86.1613
1845712	7000.0	9	6000.0	0.7067	86.1613	1.1667	88.0347
1757341	7000.0	9	6000.0	0.7067	88.0347	1.1667	89.9081
1792914	7000.0	9	6000.0	0.7067	89.9081	1.1667	91.78150000000001
1656219	7000.0	9	6000.0	0.7067	91.7815	1.1667	93.6549
1803331	9000.0	9	6000.0	0.9067	93.6549	1.5	96.0616
1755645	8000.0	9	6000.0	0.8067	96.0616	1.3333	98.2016
1703316	8000.0	9	6000.0	0.8067	98.2016	1.3333	100.3416
1803193	7000.0	9	6000.0	0.7067	100.3416	1.1667	102.215
1703978	6000.0	9	6000.0	0.6067	102.215	1.0	103.8217
1704608	4000.0	9	6000.0	0.4067	103.8217	0.6667	104.89510000000001
1847750	5000.0	9	6000.0	0.5067	104.8951	0.8333	106.23509999999999
1657517	7000.0	9	6000.0	0.7067	106.2351	1.1667	108.1085
1846720	9000.0	9	6000.0	0.9067	108.1085	1.5	110.51520000000001
1735227	9000.0	9	6000.0	0.9067	110.5152	1.5	112.9219
1847520	5000.0	9	6000.0	0.5067	112.9219	0.8333	114.26189999999998
1658852	8000.0	9	6000.0	0.8067	114.2619	1.3333	116.4019
1731605	7000.0	9	6000.0	0.7067	116.4019	1.1667	118.2753
1700391	8000.0	9	6000.0	0.8067	118.2753	1.3333	120.4153
1761702	9000.0	9	6000.0	0.9067	120.4153	1.5	122.822
1674058	6000.0	9	6000.0	0.6067	122.822	1.0	124.4287
1656038	10000.0	9	6000.0	1.0067	124.4287	1.6667	127.10210000000001
1761944	10000.0	9	6000.0	1.0067	127.1021	1.6667	129.7755
1841313	7000.0	9	6000.0	0.7067	129.7755	1.1667	131.6489
1851511	7000.0	9	6000.0	0.7067	131.6489	1.1667	133.5223
1758121	7000.0	9	6000.0	0.7067	133.5223	1.1667	135.3957
1803454	8000.0	9	6000.0	0.8067	135.3957	1.3333	137.53570000000002
1841323	7000.0	9	6000.0	0.7067	137.5357	1.1667	139.4091
1760750	4000.0	9	6000.0	0.4067	139.4091	0.6667	140.4825
1758091	5000.0	9	6000.0	0.5067	140.4825	0.8333	141.8225
1731521	8000.0	9	6000.0	0.8067	141.8225	1.3333	143.9625
1796210	8000.0	9	6000.0	0.8067	143.9625	1.3333	146.10250000000002
1802550	6000.0	9	6000.0	0.6067	146.1025	1.0	147.70919999999998
1676770	10000.0	9	6000.0	1.0067	147.7092	1.6667	150.3826
1729074	7000.0	9	6000.0	0.7067	150.3826	1.1667	152.256
1733089	4000.0	9	6000.0	0.4067	152.256	0.6667	153.3294
1665217	5000.0	9	6000.0	0.5067	153.3294	0.8333	154.6694
1806944	9000.0	9	6000.0	0.9067	154.6694	1.5	157.0761
1703188	8000.0	9	6000.0	0.8067	157.0761	1.3333	159.2161
1727628	10000.0	9	6000.0	1.0067	159.2161	1.6667	161.8895
1656065	8000.0	9	6000.0	0.8067	161.8895	1.3333	164.0295
1760806	8000.0	9	6000.0	0.8067	164.0295	1.3333	166.16950000000003
1729728	10000.0	9	6000.0	1.0067	166.1695	1.6667	168.8429
1846180	9000.0	9	6000.0	0.9067	168.8429	1.5	171.2496
1727629	8000.0	9	6000.0	0.8067	171.2496	1.3333	173.3896
1735100	7000.0	9	6000.0	0.7067	173.3896	1.1667	175.263
1702632	10000.0	9	6000.0	1.0067	175.263	1.6667	177.9364
1676821	6000.0	9	6000.0	0.6067	177.9364	1.0	179.54309999999998
1755396	10000.0	9	6000.0	1.0067	179.5431	1.6667	182.2165
1847202	6000.0	9	6000.0	0.6067	182.2165	1.0	183.82319999999999
1755384	10000.0	9	6000.0	1.0067	183.8232	1.6667	186.4966
1679665	8000.0	9	6000.0	0.8067	186.4966	1.3333	188.63660000000002
1735079	6000.0	9	6000.0	0.6067	188.6366	1.0	190.24329999999998
1731582	5000.0	9	6000.0	0.5067	190.2433	0.8333	191.5833
1703865	9000.0	9	6000.0	0.9067	191.5833	1.5	193.99
1679797	7000.0	9	6000.0	0.7067	193.99	1.1667	195.8634
1757557	8000.0	9	6000.0	0.8067	195.8634	1.3333	198.00340000000003
1674947	6000.0	9	6000.0	0.6067	198.0034	1.0	199.6101
1802734	9000.0	9	6000.0	0.9067	199.6101	1.5	202.0168
1799247	6000.0	9	6000.0	0.6067	202.0168	1.0	203.62349999999998
1806965	9000.0	9	6000.0	0.9067	203.6235	1.5	206.0302
1847326	8000.0	9	6000.0	0.8067	206.0302	1.3333	208.17020000000002
1731130	9000.0	9	6000.0	0.9067	208.1702	1.5	210.5769
1756126	9000.0	9	6000.0	0.9067	210.5769	1.5	212.9836
1851310	6000.0	9	6000.0	0.6067	212.9836	1.0	214.59029999999998
1841704	10000.0	9	6000.0	1.0067	214.5903	1.6667	217.2637
1795907	7000.0	9	6000.0	0.7067	217.2637	1.1667	219.1371
1700781	4000.0	9	6000.0	0.4067	219.1371	0.6667	220.2105
1803754	8000.0	9	6000.0	0.8067	220.2105	1.3333	222.3505
1731313	5000.0	9	6000.0	0.5067	222.3505	0.8333	223.69050000000001
1752929	5000.0	9	6000.0	0.5067	223.6905	0.8333	225.0305
1846584	7000.0	9	6000.0	0.7067	225.0305	1.1667	226.9039
1847577	8000.0	9	6000.0	0.8067	226.9039	1.3333	229.0439
1761825	6000.0	9	6000.0	0.6067	229.0439	1.0	230.6506
1755233	6000.0	9	6000.0	0.6067	230.6506	1.0	232.2573
1846591	6000.0	9	6000.0	0.6067	232.2573	1.0	233.86399999999998
1795470	6000.0	9	6000.0	0.6067	233.864	1.0	235.4707
1847590	8000.0	9	6000.0	0.8067	235.4707	1.3333	237.6107
1653690	10000.0	9	6000.0	1.0067	237.6107	1.6667	240.2841
1806742	8000.0	9	6000.0	0.8067	240.2841	1.3333	242.4241
1755204	4000.0	9	6000.0	0.4067	242.4241	0.6667	243.4975
1761131	6000.0	9	6000.0	0.6067	243.4975	1.0	245.1042
1799410	9000.0	9	6000.0	0.9067	245.1042	1.5	247.5109
1702953	5000.0	9	6000.0	0.5067	247.5109	0.8333	248.8509
1845811	6000.0	9	6000.0	0.6067	248.8509	1.0	250.45759999999999
1802407	6000.0	9	6000.0	0.6067	250.4576	1.0	252.0643
1841072	7000.0	9	6000.0	0.7067	252.0643	1.1667	253.9377
1795909	5000.0	9	6000.0	0.5067	253.9377	0.8333	255.2777
1729608	4000.0	9	6000.0	0.4067	255.2777	0.6667	256.35110000000003
1677174	6000.0	9	6000.0	0.6067	256.3511	1.0	257.95779999999996
1847347	10000.0	9	6000.0	1.0067	257.9578	1.6667	260.63120000000004
1727752	8000.0	9	6000.0	0.8067	260.6312	1.3333	262.77119999999996
1851792	10000.0	9	6000.0	1.0067	262.7712	1.6667	265.44460000000004
1795198	7000.0	9	6000.0	0.7067	265.4446	1.1667	267.318
1702859	9000.0	9	6000.0	0.9067	267.318	1.5	269.7247
1761473	5000.0	9	6000.0	0.5067	269.7247	0.8333	271.0647
1752820	6000.0	9	6000.0	0.6067	271.0647	1.0	272.6714
1845933	5000.0	9	6000.0	0.5067	272.6714	0.8333	274.01140000000004
1802973	4000.0	9	6000.0	0.4067	274.0114	0.6667	275.0848
1798461	8000.0	9	6000.0	0.8067	275.0848	1.3333	277.22479999999996
1727755	6000.0	9	6000.0	0.6067	277.2248	1.0	278.8315
1673085	8000.0	9	6000.0	0.8067	278.8315	1.3333	280.9715
1760695	8000.0	9	6000.0	0.8067	280.9715	1.3333	283.1115
1845874	7000.0	9	6000.0	0.7067	283.1115	1.1667	284.9849
1761465	9000.0	9	6000.0	0.9067	284.9849	1.5	287.3916
1841135	7000.0	9	6000.0	0.7067	287.3916	1.1667	289.265
1802452	9000.0	9	6000.0	0.9067	289.265	1.5	291.6717
1731650	10000.0	9	6000.0	1.0067	291.6717	1.6667	294.3451
1802437	8000.0	9	6000.0	0.8067	294.3451	1.3333	296.4851
1807155	8000.0	9	6000.0	0.8067	296.4851	1.3333	298.6251
1796424	6000.0	9	6000.0	0.6067	298.6251	1.0	300.23179999999996
1806168	7000.0	9	6000.0	0.7067	300.2318	1.1667	302.1052
1673977	5000.0	9	6000.0	0.5067	302.1052	0.8333	303.44520000000006
1706134	7000.0	9	6000.0	0.7067	303.4452	1.1667	305.3186
1674483	9000.0	9	6000.0	0.9067	305.3186	1.5	307.7253
1701560	10000.0	9	6000.0	1.0067	307.7253	1.6667	310.3987
1800333	8000.0	9	6000.0	0.8067	310.3987	1.3333	312.5387
1756560	9000.0	9	6000.0	0.9067	312.5387	1.5	314.9454
1762842	7000.0	9	6000.0	0.7067	314.9454	1.1667	316.8188
1732251	10000.0	9	6000.0	1.0067	316.8188	1.6667	319.4922
1730569	9000.0	9	6000.0	0.9067	319.4922	1.5	321.8989
1842945	7000.0	9	6000.0	0.7067	321.8989	1.1667	323.77230000000003
1800353	10000.0	9	6000.0	1.0067	323.7723	1.6667	326.4457
1658118	9000.0	9	6000.0	0.9067	326.4457	1.5	328.8524
1706099	8000.0	9	6000.0	0.8067	328.8524	1.3333	330.9924
1756595	10000.0	9	6000.0	1.0067	330.9924	1.6667	333.6658
1655334	7000.0	9	6000.0	0.7067	333.6658	1.1667	335.5392
1797376	6000.0	9	6000.0	0.6067	335.5392	1.0	337.1459
1656782	10000.0	9	6000.0	1.0067	337.1459	1.6667	339.8193
1701218	8000.0	9	6000.0	0.8067	339.8193	1.3333	341.9593
1732585	5000.0	9	6000.0	0.5067	341.9593	0.8333	343.2993
1805141	6000.0	9	6000.0	0.6067	343.2993	1.0	344.906
1794617	8000.0	9	6000.0	0.8067	344.906	1.3333	347.046
1763010	7000.0	9	6000.0	0.7067	347.046	1.1667	348.9194
1730511	10000.0	9	6000.0	1.0067	348.9194	1.6667	351.5928
1797137	6000.0	9	6000.0	0.6067	351.5928	1.0	353.1995
1844069	5000.0	9	6000.0	0.5067	353.1995	0.8333	354.53950000000003
1753739	6000.0	9	6000.0	0.6067	354.5395	1.0	356.14619999999996
1655274	6000.0	9	6000.0	0.6067	356.1462	1.0	357.7529
1805207	8000.0	9	6000.0	0.8067	357.7529	1.3333	359.8929
1763934	10000.0	9	6000.0	1.0067	359.8929	1.6667	362.5663
1732533	5000.0	9	6000.0	0.5067	362.5663	0.8333	363.90630000000004
1654459	9000.0	9	6000.0	0.9067	363.9063	1.5	366.313
1673497	10000.0	9	6000.0	1.0067	366.313	1.6667	368.9864
1654327	9000.0	9	6000.0	0.9067	368.9864	1.5	371.3931
1801435	8000.0	9	6000.0	0.8067	371.3931	1.3333	373.5331
1754598	7000.0	9	6000.0	0.7067	373.5331	1.1667	375.4065
1666112	9000.0	9	6000.0	0.9067	375.4065	1.5	377.8132
1677974	5000.0	9	6000.0	0.5067	377.8132	0.8333	379.1532
1732190	8000.0	9	6000.0	0.8067	379.1532	1.3333	381.2932
1706230	8000.0	9	6000.0	0.8067	381.2932	1.3333	383.4332
1800268	7000.0	9	6000.0	0.7067	383.4332	1.1667	385.3066
1677978	6000.0	9	6000.0	0.6067	385.3066	1.0	386.9133
1762685	9000.0	9	6000.0	0.9067	386.9133	1.5	389.32
1753559	8000.0	9	6000.0	0.8067	389.32	1.3333	391.46
1797423	8000.0	9	6000.0	0.8067	391.46	1.3333	393.59999999999997
1734161	8000.0	9	6000.0	0.8067	393.6	1.3333	395.74
1706173	9000.0	9	6000.0	0.9067	395.74	1.5	398.1467
1801294	9000.0	9	6000.0	0.9067	398.1467	1.5	400.5534
1701580	8000.0	9	6000.0	0.8067	400.5534	1.3333	402.6934
1844472	5000.0	9	6000.0	0.5067	402.6934	0.8333	404.03340000000003
1707336	7000.0	9	6000.0	0.7067	404.0334	1.1667	405.9068
1658689	9000.0	9	6000.0	0.9067	405.9068	1.5	408.3135
1849579	6000.0	9	6000.0	0.6067	408.3135	1.0	409.92019999999997
1673738	7000.0	9	6000.0	0.7067	409.9202	1.1667	411.7936
1804955	4000.0	9	6000.0	0.4067	411.7936	0.6667	412.867
1800298	9000.0	9	6000.0	0.9067	412.867	1.5	415.2737
1753604	10000.0	9	6000.0	1.0067	415.2737	1.6667	417.94710000000003
1842938	9000.0	9	6000.0	0.9067	417.9471	1.5	420.3538
1673736	10000.0	9	6000.0	1.0067	420.3538	1.6667	423.0272
1655410	6000.0	9	6000.0	0.6067	423.0272	1.0	424.6339
1763761	6000.0	9	6000.0	0.6067	424.6339	1.0	426.2406
1730490	9000.0	9	6000.0	0.9067	426.2406	1.5	428.6473
1657800	10000.0	9	6000.0	1.0067	428.6473	1.6667	431.3207
1849183	7000.0	9	6000.0	0.7067	431.3207	1.1667	433.1941
1800619	4000.0	9	6000.0	0.4067	433.1941	0.6667	434.2675
1734448	6000.0	9	6000.0	0.6067	434.2675	1.0	435.8742
1756926	6000.0	9	6000.0	0.6067	435.8742	1.0	437.48089999999996
1756895	5000.0	9	6000.0	0.5067	437.4809	0.8333	438.82090000000005
1654884	6000.0	9	6000.0	0.6067	438.8209	1.0	440.4276
1759718	7000.0	9	6000.0	0.7067	440.4276	1.1667	442.301
1805428	7000.0	9	6000.0	0.7067	442.301	1.1667	444.1744
1800652	8000.0	9	6000.0	0.8067	444.1744	1.3333	446.3144
1794304	7000.0	9	6000.0	0.7067	446.3144	1.1667	448.1878
1843560	10000.0	9	6000.0	1.0067	448.1878	1.6667	450.8612
1654969	8000.0	9	6000.0	0.8067	450.8612	1.3333	453.0012
1759752	8000.0	9	6000.0	0.8067	453.0012	1.3333	455.14119999999997
1701379	7000.0	9	6000.0	0.7067	455.1412	1.1667	457.01460000000003
1756831	9000.0	9	6000.0	0.9067	457.0146	1.5	459.4213
1675914	9000.0	9	6000.0	0.9067	459.4213	1.5	461.828
1705858	7000.0	9	6000.0	0.7067	461.828	1.1667	463.7014
1848830	6000.0	9	6000.0	0.6067	463.7014	1.0	465.30809999999997
1705760	10000.0	9	6000.0	1.0067	465.3081	1.6667	467.98150000000004
1678622	6000.0	9	6000.0	0.6067	467.9815	1.0	469.5882
1734427	9000.0	9	6000.0	0.9067	469.5882	1.5	471.9949
1843595	7000.0	9	6000.0	0.7067	471.9949	1.1667	473.8683
1657965	6000.0	9	6000.0	0.6067	473.8683	1.0	475.47499999999997
1756766	10000.0	9	6000.0	1.0067	475.475	1.6667	478.14840000000004
1848867	9000.0	9	6000.0	0.9067	478.1484	1.5	480.5551
1763351	5000.0	9	6000.0	0.5067	480.5551	0.8333	481.8951
1701370	9000.0	9	6000.0	0.9067	481.8951	1.5	484.3018
1673609	6000.0	9	6000.0	0.6067	484.3018	1.0	485.9085
1843335	4000.0	9	6000.0	0.4067	485.9085	0.6667	486.9819
1656553	6000.0	9	6000.0	0.6067	486.9819	1.0	488.5886
1654807	8000.0	9	6000.0	0.8067	488.5886	1.3333	490.7286
1794242	7000.0	9	6000.0	0.7067	490.7286	1.1667	492.602
1674526	10000.0	9	6000.0	1.0067	492.602	1.6667	495.2754
1708025	5000.0	9	6000.0	0.5067	495.2754	0.8333	496.6154
1843192	5000.0	9	6000.0	0.5067	496.6154	0.8333	497.95540000000005
1705436	7000.0	9	6000.0	0.7067	497.9554	1.1667	499.8288
1678353	5000.0	9	6000.0	0.5067	499.8288	0.8333	501.16880000000003
1763597	9000.0	9	6000.0	0.9067	501.1688	1.5	503.5755
1794138	3000.0	9	6000.0	0.3067	503.5755	0.5	504.38219999999995
1655246	5000.0	9	6000.0	0.5067	504.3822	0.8333	505.72220000000004
1675960	8000.0	9	6000.0	0.8067	505.7222	1.3333	507.8622
1678383	7000.0	9	6000.0	0.7067	507.8622	1.1667	509.7356
1805707	9000.0	9	6000.0	0.9067	509.7356	1.5	512.1423
1843927	8000.0	9	6000.0	0.8067	512.1423	1.3333	514.2823
1805694	9000.0	9	6000.0	0.9067	514.2823	1.5	516.689
1753883	8000.0	9	6000.0	0.8067	516.689	1.3333	518.829
1763952	8000.0	9	6000.0	0.8067	518.829	1.3333	520.9689999999999
1678470	8000.0	9	6000.0	0.8067	520.969	1.3333	523.109
1800500	5000.0	9	6000.0	0.5067	523.109	0.8333	524.4490000000001
1759646	8000.0	9	6000.0	0.8067	524.449	1.3333	526.5889999999999
1657839	7000.0	9	6000.0	0.7067	526.589	1.1667	528.4624
1756699	7000.0	9	6000.0	0.7067	528.4624	1.1667	530.3358
1707944	5000.0	9	6000.0	0.5067	530.3358	0.8333	531.6758
1763228	6000.0	9	6000.0	0.6067	531.6758	1.0	533.2825
1756955	8000.0	9	6000.0	0.8067	533.2825	1.3333	535.4225
1849289	8000.0	9	6000.0	0.8067	535.4225	1.3333	537.5625
1843912	5000.0	9	6000.0	0.5067	537.5625	0.8333	538.9025
1843887	6000.0	9	6000.0	0.6067	538.9025	1.0	540.5092000000001
1730344	10000.0	9	6000.0	1.0067	540.5092	1.6667	543.1826
1656630	8000.0	9	6000.0	0.8067	543.1826	1.3333	545.3226
1654803	8000.0	9	6000.0	0.8067	545.3226	1.3333	547.4626
1794454	5000.0	9	6000.0	0.5067	547.4626	0.8333	548.8026
1763534	9000.0	9	6000.0	0.9067	548.8026	1.5	551.2093
1849690	9000.0	9	6000.0	0.9067	551.2093	1.5	553.616
1759449	6000.0	9	6000.0	0.6067	553.616	1.0	555.2227
1665806	10000.0	9	6000.0	1.0067	555.2227	1.6667	557.8961
1806271	5000.0	9	6000.0	0.5067	557.8961	0.8333	559.2361000000001
1842395	7000.0	9	6000.0	0.7067	559.2361	1.1667	561.1094999999999
1764339	7000.0	9	6000.0	0.7067	561.1095	1.1667	562.9829
1734906	7000.0	9	6000.0	0.7067	562.9829	1.1667	564.8562999999999
1755021	7000.0	9	6000.0	0.7067	564.8563	1.1667	566.7297
1658454	5000.0	9	6000.0	0.5067	566.7297	0.8333	568.0697
1702005	9000.0	9	6000.0	0.9067	568.0697	1.5	570.4764
1655741	8000.0	9	6000.0	0.8067	570.4764	1.3333	572.6164
1734900	6000.0	9	6000.0	0.6067	572.6164	1.0	574.2231
1702000	5000.0	9	6000.0	0.5067	574.2231	0.8333	575.5631000000001
1850314	8000.0	9	6000.0	0.8067	575.5631	1.3333	577.7031
1730034	7000.0	9	6000.0	0.7067	577.7031	1.1667	579.5764999999999
1728174	6000.0	9	6000.0	0.6067	579.5765	1.0	581.1832
1732840	7000.0	9	6000.0	0.7067	581.1832	1.1667	583.0566
1658502	6000.0	9	6000.0	0.6067	583.0566	1.0	584.6633
1658514	6000.0	9	6000.0	0.6067	584.6633	1.0	586.2700000000001
1797710	6000.0	9	6000.0	0.6067	586.27	1.0	587.8767
1754923	10000.0	9	6000.0	1.0067	587.8767	1.6667	590.5501
1762292	5000.0	9	6000.0	0.5067	590.5501	0.8333	591.8901000000001
1701898	10000.0	9	6000.0	1.0067	591.8901	1.6667	594.5635
1801881	7000.0	9	6000.0	0.7067	594.5635	1.1667	596.4368999999999
1754884	7000.0	9	6000.0	0.7067	596.4369	1.1667	598.3103
1804325	4000.0	9	6000.0	0.4067	598.3103	0.6667	599.3837
1731962	6000.0	9	6000.0	0.6067	599.3837	1.0	600.9904
1801850	5000.0	9	6000.0	0.5067	600.9904	0.8333	602.3304
1801959	9000.0	9	6000.0	0.9067	602.3304	1.5	604.7371
1708462	7000.0	9	6000.0	0.7067	604.7371	1.1667	606.6105
1703618	9000.0	9	6000.0	0.9067	606.6105	1.5	609.0172
1730025	9000.0	9	6000.0	0.9067	609.0172	1.5	611.4239
1804038	6000.0	9	6000.0	0.6067	611.4239	1.0	613.0306
1802169	8000.0	9	6000.0	0.8067	613.0306	1.3333	615.1706
1797946	8000.0	9	6000.0	0.8067	615.1706	1.3333	617.3106
1677292	7000.0	9	6000.0	0.7067	617.3106	1.1667	619.184
1706509	7000.0	9	6000.0	0.7067	619.184	1.1667	621.0573999999999
1793052	8000.0	9	6000.0	0.8067	621.0574	1.3333	623.1974
1753092	8000.0	9	6000.0	0.8067	623.1974	1.3333	625.3374
1806455	7000.0	9	6000.0	0.7067	625.3374	1.1667	627.2108
1755070	10000.0	9	6000.0	1.0067	627.2108	1.6667	629.8842
1758914	7000.0	9	6000.0	0.7067	629.8842	1.1667	631.7575999999999
1758920	9000.0	9	6000.0	0.9067	631.7576	1.5	634.1643
1679508	5000.0	9	6000.0	0.5067	634.1643	0.8333	635.5043000000001
1732913	8000.0	9	6000.0	0.8067	635.5043	1.3333	637.6442999999999
1728746	8000.0	9	6000.0	0.8067	637.6443	1.3333	639.7843
1806040	10000.0	9	6000.0	1.0067	639.7843	1.6667	642.4577
1806434	9000.0	9	6000.0	0.9067	642.4577	1.5	644.8644
1760415	7000.0	9	6000.0	0.7067	644.8644	1.1667	646.7378
1758929	4000.0	9	6000.0	0.4067	646.7378	0.6667	647.8112
1729963	6000.0	9	6000.0	0.6067	647.8112	1.0	649.4179
1804154	6000.0	9	6000.0	0.6067	649.4179	1.0	651.0246000000001
1730867	9000.0	9	6000.0	0.9067	651.0246	1.5	653.4313
1804165	10000.0	9	6000.0	1.0067	653.4313	1.6667	656.1047
1704767	7000.0	9	6000.0	0.7067	656.1047	1.1667	657.9780999999999
1759018	8000.0	9	6000.0	0.8067	657.9781	1.3333	660.1181
1795031	8000.0	9	6000.0	0.8067	660.1181	1.3333	662.2581
1704823	7000.0	9	6000.0	0.7067	662.2581	1.1667	664.1315
1665754	7000.0	9	6000.0	0.7067	664.1315	1.1667	666.0048999999999
1845419	8000.0	9	6000.0	0.8067	666.0049	1.3333	668.1449
1850523	7000.0	9	6000.0	0.7067	668.1449	1.1667	670.0183
1755046	9000.0	9	6000.0	0.9067	670.0183	1.5	672.425
1655769	8000.0	9	6000.0	0.8067	672.425	1.3333	674.5649999999999
1842191	6000.0	9	6000.0	0.6067	674.565	1.0	676.1717000000001
1806015	6000.0	9	6000.0	0.6067	676.1717	1.0	677.7784
1804343	6000.0	9	6000.0	0.6067	677.7784	1.0	679.3851000000001
1701738	8000.0	9	6000.0	0.8067	679.3851	1.3333	681.5251
1701725	7000.0	9	6000.0	0.7067	681.5251	1.1667	683.3984999999999
1796841	7000.0	9	6000.0	0.7067	683.3985	1.1667	685.2719
1801768	10000.0	9	6000.0	1.0067	685.2719	1.6667	687.9453
1756404	4000.0	9	6000.0	0.4067	687.9453	0.6667	689.0187
1756410	9000.0	9	6000.0	0.9067	689.0187	1.5	691.4254
1701713	9000.0	9	6000.0	0.9067	691.4254	1.5	693.8321
1797532	8000.0	9	6000.0	0.8067	693.8321	1.3333	695.9721
1849872	8000.0	9	6000.0	0.8067	695.9721	1.3333	698.1120999999999
1701698	6000.0	9	6000.0	0.6067	698.1121	1.0	699.7188000000001
1705136	4000.0	9	6000.0	0.4067	699.7188	0.6667	700.7922
1804651	8000.0	9	6000.0	0.8067	700.7922	1.3333	702.9322
1657711	10000.0	9	6000.0	1.0067	702.9322	1.6667	705.6056
1654232	5000.0	9	6000.0	0.5067	705.6056	0.8333	706.9456
1753478	9000.0	9	6000.0	0.9067	706.9456	1.5	709.3523
1801677	5000.0	9	6000.0	0.5067	709.3523	0.8333	710.6923
1794834	9000.0	9	6000.0	0.9067	710.6923	1.5	713.099
1701663	8000.0	9	6000.0	0.8067	713.099	1.3333	715.239
1734733	10000.0	9	6000.0	1.0067	715.239	1.6667	717.9124
1706262	7000.0	9	6000.0	0.7067	717.9124	1.1667	719.7858
1801597	7000.0	9	6000.0	0.7067	719.7858	1.1667	721.6591999999999
1732151	9000.0	9	6000.0	0.9067	721.6592	1.5	724.0659
1703428	10000.0	9	6000.0	1.0067	724.0659	1.6667	726.7393000000001
1801581	8000.0	9	6000.0	0.8067	726.7393	1.3333	728.8793
1654302	7000.0	9	6000.0	0.7067	728.8793	1.1667	730.7526999999999
1658749	6000.0	9	6000.0	0.6067	730.7527	1.0	732.3594
1801522	7000.0	9	6000.0	0.7067	732.3594	1.1667	734.2328
1801777	8000.0	9	6000.0	0.8067	734.2328	1.3333	736.3728
1677761	10000.0	9	6000.0	1.0067	736.3728	1.6667	739.0462
1732739	5000.0	9	6000.0	0.5067	739.0462	0.8333	740.3862
1753436	8000.0	9	6000.0	0.8067	740.3862	1.3333	742.5262
1675521	8000.0	9	6000.0	0.8067	742.5262	1.3333	744.6662
1793621	4000.0	9	6000.0	0.4067	744.6662	0.6667	745.7396
1728307	8000.0	9	6000.0	0.8067	745.7396	1.3333	747.8796
1665919	7000.0	9	6000.0	0.7067	747.8796	1.1667	749.7529999999999
1728314	7000.0	9	6000.0	0.7067	749.753	1.1667	751.6264
1804435	3000.0	9	6000.0	0.3067	751.6264	0.5	752.4331
1793653	9000.0	9	6000.0	0.9067	752.4331	1.5	754.8398
1653981	4000.0	9	6000.0	0.4067	754.8398	0.6667	755.9132
1706410	6000.0	9	6000.0	0.6067	755.9132	1.0	757.5199
1797662	8000.0	9	6000.0	0.8067	757.5199	1.3333	759.6599
1728337	7000.0	9	6000.0	0.7067	759.6599	1.1667	761.5332999999999
1701867	8000.0	9	6000.0	0.8067	761.5333	1.3333	763.6733
1799887	8000.0	9	6000.0	0.8067	763.6733	1.3333	765.8133
1848139	8000.0	9	6000.0	0.8067	765.8133	1.3333	767.9533
1796737	7000.0	9	6000.0	0.7067	767.9533	1.1667	769.8267
1676566	7000.0	9	6000.0	0.7067	769.8267	1.1667	771.7000999999999
1655631	3000.0	9	6000.0	0.3067	771.7001	0.5	772.5068
1701803	7000.0	9	6000.0	0.7067	772.5068	1.1667	774.3802
1676544	8000.0	9	6000.0	0.8067	774.3802	1.3333	776.5201999999999
1844879	4000.0	9	6000.0	0.4067	776.5202	0.6667	777.5936
1728367	9000.0	9	6000.0	0.9067	777.5936	1.5	780.0003
1794926	6000.0	9	6000.0	0.6067	780.0003	1.0	781.6070000000001
1708263	9000.0	9	6000.0	0.9067	781.607	1.5	784.0137
1793730	8000.0	9	6000.0	0.8067	784.0137	1.3333	786.1537
1842744	9000.0	9	6000.0	0.9067	786.1537	1.5	788.5604
1701137	6000.0	9	6000.0	0.6067	788.5604	1.0	790.1671
1665975	7000.0	9	6000.0	0.7067	790.1671	1.1667	792.0405
1760273	7000.0	9	6000.0	0.7067	792.0405	1.1667	793.9138999999999
1677749	6000.0	9	6000.0	0.6067	793.9139	1.0	795.5206000000001
1759284	9000.0	9	6000.0	0.9067	795.5206	1.5	797.9273
1732765	10000.0	9	6000.0	1.0067	797.9273	1.6667	800.6007
1820435	10000.0	9	6000.0	1.0067	800.6007	1.6667	803.2741
1640079	6000.0	9	6000.0	0.6067	803.2741	1.0	804.8808
1653552	8000.0	9	6000.0	0.8067	804.8808	1.3333	807.0208
1785354	8000.0	9	6000.0	0.8067	807.0208	1.3333	809.1608
1660692	8000.0	9	6000.0	0.8067	809.1608	1.3333	811.3008
1829266	5000.0	9	6000.0	0.5067	811.3008	0.8333	812.6408
1714132	7000.0	9	6000.0	0.7067	812.6408	1.1667	814.5142
1785271	6000.0	9	6000.0	0.6067	814.5142	1.0	816.1209
1646497	4000.0	9	6000.0	0.4067	816.1209	0.6667	817.1943
1686300	7000.0	9	6000.0	0.7067	817.1943	1.1667	819.0677
1686329	8000.0	9	6000.0	0.8067	819.0677	1.3333	821.2076999999999
1646467	5000.0	9	6000.0	0.5067	821.2077	0.8333	822.5477000000001
1686362	9000.0	9	6000.0	0.9067	822.5477	1.5	824.9544
1771730	7000.0	9	6000.0	0.7067	824.9544	1.1667	826.8277999999999
1822848	6000.0	9	6000.0	0.6067	826.8278	1.0	828.4345000000001
1829168	8000.0	9	6000.0	0.8067	828.4345	1.3333	830.5745
1742361	4000.0	9	6000.0	0.4067	830.5745	0.6667	831.6478999999999
1646371	6000.0	9	6000.0	0.6067	831.6479	1.0	833.2546000000001
1829058	8000.0	9	6000.0	0.8067	833.2546	1.3333	835.3946
1776168	6000.0	9	6000.0	0.6067	835.3946	1.0	837.0013
1642067	5000.0	9	6000.0	0.5067	837.0013	0.8333	838.3413
1779489	7000.0	9	6000.0	0.7067	838.3413	1.1667	840.2147
1829017	7000.0	9	6000.0	0.7067	840.2147	1.1667	842.0880999999999
1828948	8000.0	9	6000.0	0.8067	842.0881	1.3333	844.2281
1746881	6000.0	9	6000.0	0.6067	844.2281	1.0	845.8348000000001
1776164	10000.0	9	6000.0	1.0067	845.8348	1.6667	848.5082
1738588	7000.0	9	6000.0	0.7067	848.5082	1.1667	850.3815999999999
1785417	6000.0	9	6000.0	0.6067	850.3816	1.0	851.9883000000001
1713957	8000.0	9	6000.0	0.8067	851.9883	1.3333	854.1283
1662070	6000.0	9	6000.0	0.6067	854.1283	1.0	855.735
1638672	8000.0	9	6000.0	0.8067	855.735	1.3333	857.875
1779374	7000.0	9	6000.0	0.7067	857.875	1.1667	859.7484
1785780	8000.0	9	6000.0	0.8067	859.7484	1.3333	861.8883999999999
1685650	8000.0	9	6000.0	0.8067	861.8884	1.3333	864.0284
1685660	6000.0	9	6000.0	0.6067	864.0284	1.0	865.6351000000001
1721586	8000.0	9	6000.0	0.8067	865.6351	1.3333	867.7751
1818647	5000.0	9	6000.0	0.5067	867.7751	0.8333	869.1151
1721709	6000.0	9	6000.0	0.6067	869.1151	1.0	870.7218
1696988	5000.0	9	6000.0	0.5067	870.7218	0.8333	872.0618000000001
1747480	8000.0	9	6000.0	0.8067	872.0618	1.3333	874.2017999999999
1771318	7000.0	9	6000.0	0.7067	874.2018	1.1667	876.0752
1646959	7000.0	9	6000.0	0.7067	876.0752	1.1667	877.9485999999999
1646938	8000.0	9	6000.0	0.8067	877.9486	1.3333	880.0886
1813763	10000.0	9	6000.0	1.0067	880.0886	1.6667	882.7620000000001
1830066	5000.0	9	6000.0	0.5067	882.762	0.8333	884.102
1718514	7000.0	9	6000.0	0.7067	884.102	1.1667	885.9753999999999
1830025	7000.0	9	6000.0	0.7067	885.9754	1.1667	887.8488
1771356	9000.0	9	6000.0	0.9067	887.8488	1.5	890.2555
1829982	7000.0	9	6000.0	0.7067	890.2555	1.1667	892.1288999999999
1713784	8000.0	9	6000.0	0.8067	892.1289	1.3333	894.2689
1718504	8000.0	9	6000.0	0.8067	894.2689	1.3333	896.4089
1829836	7000.0	9	6000.0	0.7067	896.4089	1.1667	898.2823
1822847	6000.0	9	6000.0	0.6067	898.2823	1.0	899.889
1829773	7000.0	9	6000.0	0.7067	899.889	1.1667	901.7624
1714514	9000.0	9	6000.0	0.9067	901.7624	1.5	904.1691
1784971	8000.0	9	6000.0	0.8067	904.1691	1.3333	906.3091
1828451	5000.0	9	6000.0	0.5067	906.3091	0.8333	907.6491
1687274	5000.0	9	6000.0	0.5067	907.6491	0.8333	908.9891
1646104	7000.0	9	6000.0	0.7067	908.9891	1.1667	910.8625
1714867	5000.0	9	6000.0	0.5067	910.8625	0.8333	912.2025
1746532	5000.0	9	6000.0	0.5067	912.2025	0.8333	913.5425
1772688	8000.0	9	6000.0	0.8067	913.5425	1.3333	915.6825
1827906	7000.0	9	6000.0	0.7067	915.6825	1.1667	917.5559
1827904	8000.0	9	6000.0	0.8067	917.5559	1.3333	919.6958999999999
1742231	5000.0	9	6000.0	0.5067	919.6959	0.8333	921.0359000000001
1827800	8000.0	9	6000.0	0.8067	921.0359	1.3333	923.1759
1662201	8000.0	9	6000.0	0.8067	923.1759	1.3333	925.3158999999999
1814743	8000.0	9	6000.0	0.8067	925.3159	1.3333	927.4559
1687508	8000.0	9	6000.0	0.8067	927.4559	1.3333	929.5959
1687517	9000.0	9	6000.0	0.9067	929.5959	1.5	932.0026
1738999	10000.0	9	6000.0	1.0067	932.0026	1.6667	934.676
1660637	7000.0	9	6000.0	0.7067	934.676	1.1667	936.5494
1662211	7000.0	9	6000.0	0.7067	936.5494	1.1667	938.4227999999999
1696344	7000.0	9	6000.0	0.7067	938.4228	1.1667	940.2962
1691560	7000.0	9	6000.0	0.7067	940.2962	1.1667	942.1696
1645953	9000.0	9	6000.0	0.9067	942.1696	1.5	944.5763
1645934	10000.0	9	6000.0	1.0067	944.5763	1.6667	947.2497
1645933	7000.0	9	6000.0	0.7067	947.2497	1.1667	949.1230999999999
1783917	8000.0	9	6000.0	0.8067	949.1231	1.3333	951.2631
1784382	9000.0	9	6000.0	0.9067	951.2631	1.5	953.6698
1785836	7000.0	9	6000.0	0.7067	953.6698	1.1667	955.5432
1668164	7000.0	9	6000.0	0.7067	955.5432	1.1667	957.4165999999999
1827933	5000.0	9	6000.0	0.5067	957.4166	0.8333	958.7566
1669854	9000.0	9	6000.0	0.9067	958.7566	1.5	961.1633
1646278	8000.0	9	6000.0	0.8067	961.1633	1.3333	963.3033
1669847	9000.0	9	6000.0	0.9067	963.3033	1.5	965.71
1738743	7000.0	9	6000.0	0.7067	965.71	1.1667	967.5834
1772344	8000.0	9	6000.0	0.8067	967.5834	1.3333	969.7234
1714684	9000.0	9	6000.0	0.9067	969.7234	1.5	972.1301
1814263	8000.0	9	6000.0	0.8067	972.1301	1.3333	974.2701
1668188	9000.0	9	6000.0	0.9067	974.2701	1.5	976.6768
1660409	9000.0	9	6000.0	0.9067	976.6768	1.5	979.0835
1814299	8000.0	9	6000.0	0.8067	979.0835	1.3333	981.2235
1746650	7000.0	9	6000.0	0.7067	981.2235	1.1667	983.0968999999999
1646216	4000.0	9	6000.0	0.4067	983.0969	0.6667	984.1703
1814380	6000.0	9	6000.0	0.6067	984.1703	1.0	985.777
1696516	8000.0	9	6000.0	0.8067	985.777	1.3333	987.917
1718333	10000.0	9	6000.0	1.0067	987.917	1.6667	990.5904
1828208	6000.0	9	6000.0	0.6067	990.5904	1.0	992.1971000000001
1828069	9000.0	9	6000.0	0.9067	992.1971	1.5	994.6038
1784459	7000.0	9	6000.0	0.7067	994.6038	1.1667	996.4771999999999
1779576	8000.0	9	6000.0	0.8067	996.4772	1.3333	998.6172
1687132	8000.0	9	6000.0	0.8067	998.6172	1.3333	1000.7572
1687160	7000.0	9	6000.0	0.7067	1000.7572	1.1667	1002.6306
1827976	5000.0	9	6000.0	0.5067	1002.6306	0.8333	1003.9706
1827936	9000.0	9	6000.0	0.9067	1003.9706	1.5	1006.3773
1687255	8000.0	9	6000.0	0.8067	1006.3773	1.3333	1008.5173
1738213	7000.0	9	6000.0	0.7067	1008.5173	1.1667	1010.3906999999999
1738199	7000.0	9	6000.0	0.7067	1010.3907	1.1667	1012.2641
1830360	3000.0	9	6000.0	0.3067	1012.2641	0.5	1013.0708
1670414	7000.0	9	6000.0	0.7067	1013.0708	1.1667	1014.9441999999999
1648055	9000.0	9	6000.0	0.9067	1014.9442	1.5	1017.3509
1787072	8000.0	9	6000.0	0.8067	1017.3509	1.3333	1019.4909
1661913	6000.0	9	6000.0	0.6067	1019.4909	1.0	1021.0976
1770140	7000.0	9	6000.0	0.7067	1021.0976	1.1667	1022.971
1818963	8000.0	9	6000.0	0.8067	1022.971	1.3333	1025.1109999999999
1697365	6000.0	9	6000.0	0.6067	1025.111	1.0	1026.7177000000001
1670381	7000.0	9	6000.0	0.7067	1026.7177	1.1667	1028.5910999999999
1787025	6000.0	9	6000.0	0.6067	1028.5911	1.0	1030.1978000000001
1713052	8000.0	9	6000.0	0.8067	1030.1978	1.3333	1032.3378
1831678	7000.0	9	6000.0	0.7067	1032.3378	1.1667	1034.2112
1770292	10000.0	9	6000.0	1.0067	1034.2112	1.6667	1036.8845999999999
1641349	9000.0	9	6000.0	0.9067	1036.8846	1.5	1039.2913
1786855	7000.0	9	6000.0	0.7067	1039.2913	1.1667	1041.1647
1684996	10000.0	9	6000.0	1.0067	1041.1647	1.6667	1043.8381
1718903	5000.0	9	6000.0	0.5067	1043.8381	0.8333	1045.1780999999999
1786840	6000.0	9	6000.0	0.6067	1045.1781	1.0	1046.7848000000001
1723920	9000.0	9	6000.0	0.9067	1046.7848	1.5	1049.1915
1831553	8000.0	9	6000.0	0.8067	1049.1915	1.3333	1051.3315
1668721	9000.0	9	6000.0	0.9067	1051.3315	1.5	1053.7382
1641369	8000.0	9	6000.0	0.8067	1053.7382	1.3333	1055.8782
1770352	10000.0	9	6000.0	1.0067	1055.8782	1.6667	1058.5516
1647652	6000.0	9	6000.0	0.6067	1058.5516	1.0	1060.1583
1832220	9000.0	9	6000.0	0.9067	1060.1583	1.5	1062.565
1647628	3000.0	9	6000.0	0.3067	1062.565	0.5	1063.3717000000001
1737660	7000.0	9	6000.0	0.7067	1063.3717	1.1667	1065.2450999999999
1769891	9000.0	9	6000.0	0.9067	1065.2451	1.5	1067.6518
1648569	8000.0	9	6000.0	0.8067	1067.6518	1.3333	1069.7918000000002
1812320	8000.0	9	6000.0	0.8067	1069.7918	1.3333	1071.9318
1769577	9000.0	9	6000.0	0.9067	1071.9318	1.5	1074.3385
1787600	8000.0	9	6000.0	0.8067	1074.3385	1.3333	1076.4785000000002
1812354	9000.0	9	6000.0	0.9067	1076.4785	1.5	1078.8852
1769609	9000.0	9	6000.0	0.9067	1078.8852	1.5	1081.2919
1641242	8000.0	9	6000.0	0.8067	1081.2919	1.3333	1083.4319
1712591	6000.0	9	6000.0	0.6067	1083.4319	1.0	1085.0386
1670512	8000.0	9	6000.0	0.8067	1085.0386	1.3333	1087.1786000000002
1684577	10000.0	9	6000.0	1.0067	1087.1786	1.6667	1089.8519999999999
1737522	7000.0	9	6000.0	0.7067	1089.852	1.1667	1091.7254
1648343	8000.0	9	6000.0	0.8067	1091.7254	1.3333	1093.8654000000001
1769715	6000.0	9	6000.0	0.6067	1093.8654	1.0	1095.4721
1741407	10000.0	9	6000.0	1.0067	1095.4721	1.6667	1098.1454999999999
1769740	8000.0	9	6000.0	0.8067	1098.1455	1.3333	1100.2855000000002
1684658	7000.0	9	6000.0	0.7067	1100.2855	1.1667	1102.1589
1787313	8000.0	9	6000.0	0.8067	1102.1589	1.3333	1104.2989
1712725	9000.0	9	6000.0	0.9067	1104.2989	1.5	1106.7056
1779121	10000.0	9	6000.0	1.0067	1106.7056	1.6667	1109.379
1748532	7000.0	9	6000.0	0.7067	1109.379	1.1667	1111.2523999999999
1670445	9000.0	9	6000.0	0.9067	1111.2524	1.5	1113.6591
1684734	8000.0	9	6000.0	0.8067	1113.6591	1.3333	1115.7991000000002
1668772	8000.0	9	6000.0	0.8067	1115.7991	1.3333	1117.9391
1832249	9000.0	9	6000.0	0.9067	1117.9391	1.5	1120.3458
1832226	7000.0	9	6000.0	0.7067	1120.3458	1.1667	1122.2192
1691520	9000.0	9	6000.0	0.9067	1122.2192	1.5	1124.6259
1685059	6000.0	9	6000.0	0.6067	1124.6259	1.0	1126.2326
1822369	8000.0	9	6000.0	0.8067	1126.2326	1.3333	1128.3726000000001
1786208	8000.0	9	6000.0	0.8067	1128.3726	1.3333	1130.5126
1738034	7000.0	9	6000.0	0.7067	1130.5126	1.1667	1132.386
1685391	6000.0	9	6000.0	0.6067	1132.386	1.0	1133.9927
1830768	7000.0	9	6000.0	0.7067	1133.9927	1.1667	1135.8661
1668595	9000.0	9	6000.0	0.9067	1135.8661	1.5	1138.2728
1647149	7000.0	9	6000.0	0.7067	1138.2728	1.1667	1140.1462
1747732	4000.0	9	6000.0	0.4067	1140.1462	0.6667	1141.2196
1786120	8000.0	9	6000.0	0.8067	1141.2196	1.3333	1143.3596
1830588	7000.0	9	6000.0	0.7067	1143.3596	1.1667	1145.233
1822568	9000.0	9	6000.0	0.9067	1145.233	1.5	1147.6397
1723599	7000.0	9	6000.0	0.7067	1147.6397	1.1667	1149.5131
1785956	6000.0	9	6000.0	0.6067	1149.5131	1.0	1151.1198
1771080	5000.0	9	6000.0	0.5067	1151.1198	0.8333	1152.4597999999999
1830439	7000.0	9	6000.0	0.7067	1152.4598	1.1667	1154.3332
1830438	7000.0	9	6000.0	0.7067	1154.3332	1.1667	1156.2066
1638730	9000.0	9	6000.0	0.9067	1156.2066	1.5	1158.6133
1668562	9000.0	9	6000.0	0.9067	1158.6133	1.5	1161.02
1713580	7000.0	9	6000.0	0.7067	1161.02	1.1667	1162.8934
1738145	10000.0	9	6000.0	1.0067	1162.8934	1.6667	1165.5667999999998
1785901	9000.0	9	6000.0	0.9067	1165.5668	1.5	1167.9735
1713623	6000.0	9	6000.0	0.6067	1167.9735	1.0	1169.5802
1738189	7000.0	9	6000.0	0.7067	1169.5802	1.1667	1171.4536
1641755	6000.0	9	6000.0	0.6067	1171.4536	1.0	1173.0603
1670162	7000.0	9	6000.0	0.7067	1173.0603	1.1667	1174.9337
1738013	6000.0	9	6000.0	0.6067	1174.9337	1.0	1176.5404
1822489	10000.0	9	6000.0	1.0067	1176.5404	1.6667	1179.2138
1647543	7000.0	9	6000.0	0.7067	1179.2138	1.1667	1181.0872
1770401	6000.0	9	6000.0	0.6067	1181.0872	1.0	1182.6939
1831406	9000.0	9	6000.0	0.9067	1182.6939	1.5	1185.1006
1786625	9000.0	9	6000.0	0.9067	1185.1006	1.5	1187.5073
1812891	9000.0	9	6000.0	0.9067	1187.5073	1.5	1189.914
1748098	8000.0	9	6000.0	0.8067	1189.914	1.3333	1192.054
1647482	4000.0	9	6000.0	0.4067	1192.054	0.6667	1193.1274
1812968	8000.0	9	6000.0	0.8067	1193.1274	1.3333	1195.2674000000002
1668685	7000.0	9	6000.0	0.7067	1195.2674	1.1667	1197.1408
1786548	7000.0	9	6000.0	0.7067	1197.1408	1.1667	1199.0141999999998
1831365	8000.0	9	6000.0	0.8067	1199.0142	1.3333	1201.1542000000002
1697231	5000.0	9	6000.0	0.5067	1201.1542	0.8333	1202.4941999999999
1770501	8000.0	9	6000.0	0.8067	1202.4942	1.3333	1204.6342000000002
1685242	4000.0	9	6000.0	0.4067	1204.6342	0.6667	1205.7076
1818853	8000.0	9	6000.0	0.8067	1205.7076	1.3333	1207.8476
1697199	8000.0	9	6000.0	0.8067	1207.8476	1.3333	1209.9876000000002
1831084	7000.0	9	6000.0	0.7067	1209.9876	1.1667	1211.8609999999999
1831029	10000.0	9	6000.0	1.0067	1211.861	1.6667	1214.5344
1647416	9000.0	9	6000.0	0.9067	1214.5344	1.5	1216.9411
1685294	8000.0	9	6000.0	0.8067	1216.9411	1.3333	1219.0811
1660834	9000.0	9	6000.0	0.9067	1219.0811	1.5	1221.4878
1723717	6000.0	9	6000.0	0.6067	1221.4878	1.0	1223.0945000000002
1770719	8000.0	9	6000.0	0.8067	1223.0945	1.3333	1225.2345
1742738	8000.0	9	6000.0	0.8067	1225.2345	1.3333	1227.3745000000001
1742735	6000.0	9	6000.0	0.6067	1227.3745	1.0	1228.9812
1742981	9000.0	9	6000.0	0.9067	1228.9812	1.5	1231.3879
1815087	7000.0	9	6000.0	0.7067	1231.3879	1.1667	1233.2613
1694250	7000.0	9	6000.0	0.7067	1233.2613	1.1667	1235.1346999999998
1663529	9000.0	9	6000.0	0.9067	1235.1347	1.5	1237.5414
1667557	8000.0	9	6000.0	0.8067	1237.5414	1.3333	1239.6814000000002
1740603	6000.0	9	6000.0	0.6067	1239.6814	1.0	1241.2881
1644189	9000.0	9	6000.0	0.9067	1241.2881	1.5	1243.6948
1775220	6000.0	9	6000.0	0.6067	1243.6948	1.0	1245.3015
1644185	5000.0	9	6000.0	0.5067	1245.3015	0.8333	1246.6415
1745060	7000.0	9	6000.0	0.7067	1246.6415	1.1667	1248.5149
1717890	8000.0	9	6000.0	0.8067	1248.5149	1.3333	1250.6549
1781627	7000.0	9	6000.0	0.7067	1250.6549	1.1667	1252.5283
1644158	9000.0	9	6000.0	0.9067	1252.5283	1.5	1254.935
1690783	7000.0	9	6000.0	0.7067	1254.935	1.1667	1256.8084
1816819	9000.0	9	6000.0	0.9067	1256.8084	1.5	1259.2151
1824724	8000.0	9	6000.0	0.8067	1259.2151	1.3333	1261.3551
1637724	9000.0	9	6000.0	0.9067	1261.3551	1.5	1263.7618
1781545	9000.0	9	6000.0	0.9067	1263.7618	1.5	1266.1685
1740714	9000.0	9	6000.0	0.9067	1266.1685	1.5	1268.5752
1637709	10000.0	9	6000.0	1.0067	1268.5752	1.6667	1271.2486
1741606	7000.0	9	6000.0	0.7067	1271.2486	1.1667	1273.1219999999998
1636944	9000.0	9	6000.0	0.9067	1273.122	1.5	1275.5287
1644047	6000.0	9	6000.0	0.6067	1275.5287	1.0	1277.1354000000001
1643999	7000.0	9	6000.0	0.7067	1277.1354	1.1667	1279.0087999999998
1695127	9000.0	9	6000.0	0.9067	1279.0088	1.5	1281.4155
1690767	10000.0	9	6000.0	1.0067	1281.4155	1.6667	1284.0889
1689801	10000.0	9	6000.0	1.0067	1284.0889	1.6667	1286.7622999999999
1716947	6000.0	9	6000.0	0.6067	1286.7623	1.0	1288.3690000000001
1662658	8000.0	9	6000.0	0.8067	1288.369	1.3333	1290.509
1816769	8000.0	9	6000.0	0.8067	1290.509	1.3333	1292.6490000000001
1637908	7000.0	9	6000.0	0.7067	1292.649	1.1667	1294.5223999999998
1825164	6000.0	9	6000.0	0.6067	1294.5224	1.0	1296.1291
1782070	7000.0	9	6000.0	0.7067	1296.1291	1.1667	1298.0025
1741745	7000.0	9	6000.0	0.7067	1298.0025	1.1667	1299.8759
1825057	7000.0	9	6000.0	0.7067	1299.8759	1.1667	1301.7493
1781975	8000.0	9	6000.0	0.8067	1301.7493	1.3333	1303.8893
1637885	6000.0	9	6000.0	0.6067	1303.8893	1.0	1305.496
1723090	10000.0	9	6000.0	1.0067	1305.496	1.6667	1308.1694
1741726	8000.0	9	6000.0	0.8067	1308.1694	1.3333	1310.3094
1636768	7000.0	9	6000.0	0.7067	1310.3094	1.1667	1312.1828
1644579	6000.0	9	6000.0	0.6067	1312.1828	1.0	1313.7895
1663664	7000.0	9	6000.0	0.7067	1313.7895	1.1667	1315.6629
1644359	9000.0	9	6000.0	0.9067	1315.6629	1.5	1318.0696
1637852	9000.0	9	6000.0	0.9067	1318.0696	1.5	1320.4763
1824877	8000.0	9	6000.0	0.8067	1320.4763	1.3333	1322.6163000000001
1781818	8000.0	9	6000.0	0.8067	1322.6163	1.3333	1324.7563
1689546	5000.0	9	6000.0	0.5067	1324.7563	0.8333	1326.0963
1716831	9000.0	9	6000.0	0.9067	1326.0963	1.5	1328.503
1636822	9000.0	9	6000.0	0.9067	1328.503	1.5	1330.9097
1722889	8000.0	9	6000.0	0.8067	1330.9097	1.3333	1333.0497
1716854	9000.0	9	6000.0	0.9067	1333.0497	1.5	1335.4564
1689628	7000.0	9	6000.0	0.7067	1335.4564	1.1667	1337.3298
1780230	10000.0	9	6000.0	1.0067	1337.3298	1.6667	1340.0031999999999
1666998	6000.0	9	6000.0	0.6067	1340.0032	1.0	1341.6099000000002
1642796	8000.0	9	6000.0	0.8067	1341.6099	1.3333	1343.7499
1694591	6000.0	9	6000.0	0.6067	1343.7499	1.0	1345.3566
1740789	7000.0	9	6000.0	0.7067	1345.3566	1.1667	1347.23
1817855	10000.0	9	6000.0	1.0067	1347.23	1.6667	1349.9034
1775482	4000.0	9	6000.0	0.4067	1349.9034	0.6667	1350.9768
1775484	6000.0	9	6000.0	0.6067	1350.9768	1.0	1352.5835
1744632	6000.0	9	6000.0	0.6067	1352.5835	1.0	1354.1902
1642926	7000.0	9	6000.0	0.7067	1354.1902	1.1667	1356.0636
1781103	7000.0	9	6000.0	0.7067	1356.0636	1.1667	1357.937
1722506	7000.0	9	6000.0	0.7067	1357.937	1.1667	1359.8103999999998
1694685	6000.0	9	6000.0	0.6067	1359.8104	1.0	1361.4171000000001
1824021	7000.0	9	6000.0	0.7067	1361.4171	1.1667	1363.2904999999998
1667078	8000.0	9	6000.0	0.8067	1363.2905	1.3333	1365.4305000000002
1663035	8000.0	9	6000.0	0.8067	1365.4305	1.3333	1367.5705
1667436	8000.0	9	6000.0	0.8067	1367.5705	1.3333	1369.7105000000001
1694688	8000.0	9	6000.0	0.8067	1369.7105	1.3333	1371.8505
1817770	7000.0	9	6000.0	0.7067	1371.8505	1.1667	1373.7239
1717596	6000.0	9	6000.0	0.6067	1373.7239	1.0	1375.3306
1643000	9000.0	9	6000.0	0.9067	1375.3306	1.5	1377.7373
1823604	7000.0	9	6000.0	0.7067	1377.7373	1.1667	1379.6107
1637289	9000.0	9	6000.0	0.9067	1379.6107	1.5	1382.0174
1637295	6000.0	9	6000.0	0.6067	1382.0174	1.0	1383.6241
1662874	9000.0	9	6000.0	0.9067	1383.6241	1.5	1386.0308
1741283	9000.0	9	6000.0	0.9067	1386.0308	1.5	1388.4375
1637325	9000.0	9	6000.0	0.9067	1388.4375	1.5	1390.8442
1694726	7000.0	9	6000.0	0.7067	1390.8442	1.1667	1392.7176
1780661	8000.0	9	6000.0	0.8067	1392.7176	1.3333	1394.8576
1823653	9000.0	9	6000.0	0.9067	1394.8576	1.5	1397.2643
1643193	5000.0	9	6000.0	0.5067	1397.2643	0.8333	1398.6043
1690104	8000.0	9	6000.0	0.8067	1398.6043	1.3333	1400.7443
1782122	6000.0	9	6000.0	0.6067	1400.7443	1.0	1402.351
1663157	7000.0	9	6000.0	0.7067	1402.351	1.1667	1404.2244
1690726	6000.0	9	6000.0	0.6067	1404.2244	1.0	1405.8311
1662771	10000.0	9	6000.0	1.0067	1405.8311	1.6667	1408.5045
1824359	6000.0	9	6000.0	0.6067	1408.5045	1.0	1410.1112
1781371	6000.0	9	6000.0	0.6067	1410.1112	1.0	1411.7179
1717225	9000.0	9	6000.0	0.9067	1411.7179	1.5	1414.1246
1740883	8000.0	9	6000.0	0.8067	1414.1246	1.3333	1416.2646000000002
1637680	5000.0	9	6000.0	0.5067	1416.2646	0.8333	1417.6046
1662789	9000.0	9	6000.0	0.9067	1417.6046	1.5	1420.0113
1643770	5000.0	9	6000.0	0.5067	1420.0113	0.8333	1421.3512999999998
1740903	8000.0	9	6000.0	0.8067	1421.3513	1.3333	1423.4913000000001
1643747	6000.0	9	6000.0	0.6067	1423.4913	1.0	1425.098
1740921	10000.0	9	6000.0	1.0067	1425.098	1.6667	1427.7713999999999
1717278	10000.0	9	6000.0	1.0067	1427.7714	1.6667	1430.4448
1824277	10000.0	9	6000.0	1.0067	1430.4448	1.6667	1433.1182
1824221	6000.0	9	6000.0	0.6067	1433.1182	1.0	1434.7249
1824211	6000.0	9	6000.0	0.6067	1434.7249	1.0	1436.3316
1717341	10000.0	9	6000.0	1.0067	1436.3316	1.6667	1439.0049999999999
1643728	10000.0	9	6000.0	1.0067	1439.005	1.6667	1441.6784
1823514	7000.0	9	6000.0	0.7067	1441.6784	1.1667	1443.5518
1690031	3000.0	9	6000.0	0.3067	1443.5518	0.5	1444.3585
1643713	7000.0	9	6000.0	0.7067	1444.3585	1.1667	1446.2319
1690686	7000.0	9	6000.0	0.7067	1446.2319	1.1667	1448.1053
1663164	8000.0	9	6000.0	0.8067	1448.1053	1.3333	1450.2453
1690070	7000.0	9	6000.0	0.7067	1450.2453	1.1667	1452.1187
1666666	10000.0	9	6000.0	1.0067	1452.1187	1.6667	1454.7921
1695360	5000.0	9	6000.0	0.5067	1454.7921	0.8333	1456.1320999999998
1741830	9000.0	9	6000.0	0.9067	1456.1321	1.5	1458.5388
1745965	6000.0	9	6000.0	0.6067	1458.5388	1.0	1460.1455
1745964	7000.0	9	6000.0	0.7067	1460.1455	1.1667	1462.0189
1739318	6000.0	9	6000.0	0.6067	1462.0189	1.0	1463.6256
1818194	6000.0	9	6000.0	0.6067	1463.6256	1.0	1465.2323000000001
1645660	8000.0	9	6000.0	0.8067	1465.2323	1.3333	1467.3723
1783483	5000.0	9	6000.0	0.5067	1467.3723	0.8333	1468.7123
1826404	5000.0	9	6000.0	0.5067	1468.7123	0.8333	1470.0522999999998
1826398	9000.0	9	6000.0	0.9067	1470.0523	1.5	1472.459
1638171	6000.0	9	6000.0	0.6067	1472.459	1.0	1474.0657
1776002	9000.0	9	6000.0	0.9067	1474.0657	1.5	1476.4724
1783370	7000.0	9	6000.0	0.7067	1476.4724	1.1667	1478.3458
1638122	9000.0	9	6000.0	0.9067	1478.3458	1.5	1480.7525
1826299	8000.0	9	6000.0	0.8067	1480.7525	1.3333	1482.8925000000002
1783349	6000.0	9	6000.0	0.6067	1482.8925	1.0	1484.4992
1715741	9000.0	9	6000.0	0.9067	1484.4992	1.5	1486.9059
1638118	7000.0	9	6000.0	0.7067	1486.9059	1.1667	1488.7793
1779935	9000.0	9	6000.0	0.9067	1488.7793	1.5	1491.186
1783212	8000.0	9	6000.0	0.8067	1491.186	1.3333	1493.326
1815624	6000.0	9	6000.0	0.6067	1493.326	1.0	1494.9327
1826080	8000.0	9	6000.0	0.8067	1494.9327	1.3333	1497.0727000000002
1826076	7000.0	9	6000.0	0.7067	1497.0727	1.1667	1498.9461
1739477	9000.0	9	6000.0	0.9067	1498.9461	1.5	1501.3528
1688498	8000.0	9	6000.0	0.8067	1501.3528	1.3333	1503.4928
1696152	7000.0	9	6000.0	0.7067	1503.4928	1.1667	1505.3662
1815638	9000.0	9	6000.0	0.9067	1505.3662	1.5	1507.7729
1739304	7000.0	9	6000.0	0.7067	1507.7729	1.1667	1509.6462999999999
1827204	7000.0	9	6000.0	0.7067	1509.6463	1.1667	1511.5197
1827202	7000.0	9	6000.0	0.7067	1511.5197	1.1667	1513.3931
1691508	7000.0	9	6000.0	0.7067	1513.3931	1.1667	1515.2665
1742134	5000.0	9	6000.0	0.5067	1515.2665	0.8333	1516.6064999999999
1715279	7000.0	9	6000.0	0.7067	1516.6065	1.1667	1518.4799
1746182	4000.0	9	6000.0	0.4067	1518.4799	0.6667	1519.5533
1715306	9000.0	9	6000.0	0.9067	1519.5533	1.5	1521.96
1815106	7000.0	9	6000.0	0.7067	1521.96	1.1667	1523.8334
1645838	8000.0	9	6000.0	0.8067	1523.8334	1.3333	1525.9734
1715315	7000.0	9	6000.0	0.7067	1525.9734	1.1667	1527.8468
1827030	8000.0	9	6000.0	0.8067	1527.8468	1.3333	1529.9868000000001
1826994	9000.0	9	6000.0	0.9067	1529.9868	1.5	1532.3935
1715355	10000.0	9	6000.0	1.0067	1532.3935	1.6667	1535.0668999999998
1687936	10000.0	9	6000.0	1.0067	1535.0669	1.6667	1537.7403
1783723	5000.0	9	6000.0	0.5067	1537.7403	0.8333	1539.0802999999999
1638195	8000.0	9	6000.0	0.8067	1539.0803	1.3333	1541.2203000000002
1826823	4000.0	9	6000.0	0.4067	1541.2203	0.6667	1542.2937
1715440	6000.0	9	6000.0	0.6067	1542.2937	1.0	1543.9004
1823120	10000.0	9	6000.0	1.0067	1543.9004	1.6667	1546.5738
1826672	5000.0	9	6000.0	0.5067	1546.5738	0.8333	1547.9137999999998
1662317	6000.0	9	6000.0	0.6067	1547.9138	1.0	1549.5205
1715477	7000.0	9	6000.0	0.7067	1549.5205	1.1667	1551.3939
1662318	8000.0	9	6000.0	0.8067	1551.3939	1.3333	1553.5339000000001
1783604	10000.0	9	6000.0	1.0067	1553.5339	1.6667	1556.2072999999998
1742081	6000.0	9	6000.0	0.6067	1556.2073	1.0	1557.814
1783901	8000.0	9	6000.0	0.8067	1557.814	1.3333	1559.9540000000002
1826002	7000.0	9	6000.0	0.7067	1559.954	1.1667	1561.8274
1688533	9000.0	9	6000.0	0.9067	1561.8274	1.5	1564.2341
1739826	8000.0	9	6000.0	0.8067	1564.2341	1.3333	1566.3741
1664238	9000.0	9	6000.0	0.9067	1566.3741	1.5	1568.7808
1636280	9000.0	9	6000.0	0.9067	1568.7808	1.5	1571.1875
1825611	10000.0	9	6000.0	1.0067	1571.1875	1.6667	1573.8609
1774737	8000.0	9	6000.0	0.8067	1573.8609	1.3333	1576.0009
1774739	8000.0	9	6000.0	0.8067	1576.0009	1.3333	1578.1409
1816152	8000.0	9	6000.0	0.8067	1578.1409	1.3333	1580.2809000000002
1695590	9000.0	9	6000.0	0.9067	1580.2809	1.5	1582.6876
1666389	7000.0	9	6000.0	0.7067	1582.6876	1.1667	1584.561
1695577	9000.0	9	6000.0	0.9067	1584.561	1.5	1586.9677
1662488	8000.0	9	6000.0	0.8067	1586.9677	1.3333	1589.1077
1816251	9000.0	9	6000.0	0.9067	1589.1077	1.5	1591.5144
1782486	7000.0	9	6000.0	0.7067	1591.5144	1.1667	1593.3878
1825342	6000.0	9	6000.0	0.6067	1593.3878	1.0	1594.9945
1666491	6000.0	9	6000.0	0.6067	1594.9945	1.0	1596.6012
1825307	8000.0	9	6000.0	0.8067	1596.6012	1.3333	1598.7412000000002
1825262	4000.0	9	6000.0	0.4067	1598.7412	0.6667	1599.8146
1716481	9000.0	9	6000.0	0.9067	1599.8146	1.5	1602.2213
1780038	6000.0	9	6000.0	0.6067	1602.2213	1.0	1603.828
1782250	4000.0	9	6000.0	0.4067	1603.828	0.6667	1604.9014
1716522	6000.0	9	6000.0	0.6067	1604.9014	1.0	1606.5081
1825195	9000.0	9	6000.0	0.9067	1606.5081	1.5	1608.9148
1723177	7000.0	9	6000.0	0.7067	1608.9148	1.1667	1610.7882
1780067	4000.0	9	6000.0	0.4067	1610.7882	0.6667	1611.8616
1718028	7000.0	9	6000.0	0.7067	1611.8616	1.1667	1613.735
1715801	6000.0	9	6000.0	0.6067	1613.735	1.0	1615.3417
1691185	8000.0	9	6000.0	0.8067	1615.3417	1.3333	1617.4817
1695829	7000.0	9	6000.0	0.7067	1617.4817	1.1667	1619.3551
1825852	8000.0	9	6000.0	0.8067	1619.3551	1.3333	1621.4951
1779979	10000.0	9	6000.0	1.0067	1621.4951	1.6667	1624.1685
1825792	7000.0	9	6000.0	0.7067	1624.1685	1.1667	1626.0419
1745607	9000.0	9	6000.0	0.9067	1626.0419	1.5	1628.4486
1745601	10000.0	9	6000.0	1.0067	1628.4486	1.6667	1631.1219999999998
1815775	6000.0	9	6000.0	0.6067	1631.122	1.0	1632.7287000000001
1688612	4000.0	9	6000.0	0.4067	1632.7287	0.6667	1633.8020999999999
1715943	8000.0	9	6000.0	0.8067	1633.8021	1.3333	1635.9421000000002
1695919	8000.0	9	6000.0	0.8067	1635.9421	1.3333	1638.0821
1825751	9000.0	9	6000.0	0.9067	1638.0821	1.5	1640.4888
1774457	9000.0	9	6000.0	0.9067	1640.4888	1.5	1642.8955
1745476	7000.0	9	6000.0	0.7067	1642.8955	1.1667	1644.7689
1818075	8000.0	9	6000.0	0.8067	1644.7689	1.3333	1646.9089000000001
1662426	7000.0	9	6000.0	0.7067	1646.9089	1.1667	1648.7822999999999
1783005	7000.0	9	6000.0	0.7067	1648.7823	1.1667	1650.6557
1774573	9000.0	9	6000.0	0.9067	1650.6557	1.5	1653.0624
1691230	5000.0	9	6000.0	0.5067	1653.0624	0.8333	1654.4024
1815985	8000.0	9	6000.0	0.8067	1654.4024	1.3333	1656.5424
1636093	6000.0	9	6000.0	0.6067	1656.5424	1.0	1658.1491
1688726	10000.0	9	6000.0	1.0067	1658.1491	1.6667	1660.8225
1782936	7000.0	9	6000.0	0.7067	1660.8225	1.1667	1662.6959
1642517	10000.0	9	6000.0	1.0067	1662.6959	1.6667	1665.3692999999998
1815994	8000.0	9	6000.0	0.8067	1665.3693	1.3333	1667.5093000000002
1816013	9000.0	9	6000.0	0.9067	1667.5093	1.5	1669.916
1716195	4000.0	9	6000.0	0.4067	1669.916	0.6667	1670.9894
1697566	8000.0	9	6000.0	0.8067	1670.9894	1.3333	1673.1294
1690490	5000.0	9	6000.0	0.5067	1673.1294	0.8333	1674.4694
1668794	8000.0	9	6000.0	0.8067	1674.4694	1.3333	1676.6094
1659747	9000.0	9	6000.0	0.9067	1676.6094	1.5	1679.0161
1809028	6000.0	9	6000.0	0.6067	1679.0161	1.0	1680.6228
1837635	6000.0	9	6000.0	0.6067	1680.6228	1.0	1682.2295000000001
1650970	7000.0	9	6000.0	0.7067	1682.2295	1.1667	1684.1028999999999
1661440	7000.0	9	6000.0	0.7067	1684.1029	1.1667	1685.9763
1766428	7000.0	9	6000.0	0.7067	1685.9763	1.1667	1687.8497
1736592	4000.0	9	6000.0	0.4067	1687.8497	0.6667	1688.9231
1736598	10000.0	9	6000.0	1.0067	1688.9231	1.6667	1691.5964999999999
1640278	7000.0	9	6000.0	0.7067	1691.5965	1.1667	1693.4699
1692696	6000.0	9	6000.0	0.6067	1693.4699	1.0	1695.0766
1809126	8000.0	9	6000.0	0.8067	1695.0766	1.3333	1697.2166000000002
1766554	6000.0	9	6000.0	0.6067	1697.2166	1.0	1698.8233
1766562	10000.0	9	6000.0	1.0067	1698.8233	1.6667	1701.4967
1766568	6000.0	9	6000.0	0.6067	1701.4967	1.0	1703.1034
1736684	9000.0	9	6000.0	0.9067	1703.1034	1.5	1705.5101
1790443	9000.0	9	6000.0	0.9067	1705.5101	1.5	1707.9168
1681833	8000.0	9	6000.0	0.8067	1707.9168	1.3333	1710.0568
1698688	7000.0	9	6000.0	0.7067	1710.0568	1.1667	1711.9302
1766618	7000.0	9	6000.0	0.7067	1711.9302	1.1667	1713.8036
1750665	5000.0	9	6000.0	0.5067	1713.8036	0.8333	1715.1435999999999
1809297	7000.0	9	6000.0	0.7067	1715.1436	1.1667	1717.017
1672224	8000.0	9	6000.0	0.8067	1717.017	1.3333	1719.1570000000002
1819695	7000.0	9	6000.0	0.7067	1719.157	1.1667	1721.0303999999999
1672222	7000.0	9	6000.0	0.7067	1721.0304	1.1667	1722.9038
1719253	8000.0	9	6000.0	0.8067	1722.9038	1.3333	1725.0438000000001
1777464	8000.0	9	6000.0	0.8067	1725.0438	1.3333	1727.1838
1725881	4000.0	9	6000.0	0.4067	1727.1838	0.6667	1728.2572
1751057	10000.0	9	6000.0	1.0067	1728.2572	1.6667	1730.9306
1709894	8000.0	9	6000.0	0.8067	1730.9306	1.3333	1733.0706
1819754	6000.0	9	6000.0	0.6067	1733.0706	1.0	1734.6773
1790647	9000.0	9	6000.0	0.9067	1734.6773	1.5	1737.084
1821448	8000.0	9	6000.0	0.8067	1737.084	1.3333	1739.2240000000002
1720076	6000.0	9	6000.0	0.6067	1739.224	1.0	1740.8307
1752209	7000.0	9	6000.0	0.7067	1740.8307	1.1667	1742.7041
1651111	8000.0	9	6000.0	0.8067	1742.7041	1.3333	1744.8441
1698795	7000.0	9	6000.0	0.7067	1744.8441	1.1667	1746.7175
1709965	5000.0	9	6000.0	0.5067	1746.7175	0.8333	1748.0575
1699557	7000.0	9	6000.0	0.7067	1748.0575	1.1667	1749.9308999999998
1661432	3000.0	9	6000.0	0.3067	1749.9309	0.5	1750.7376000000002
1725755	9000.0	9	6000.0	0.9067	1750.7376	1.5	1753.1443
1777926	8000.0	9	6000.0	0.8067	1753.1443	1.3333	1755.2843
1659692	7000.0	9	6000.0	0.7067	1755.2843	1.1667	1757.1577
1693326	9000.0	9	6000.0	0.9067	1757.1577	1.5	1759.5644
1659693	5000.0	9	6000.0	0.5067	1759.5644	0.8333	1760.9044
1750934	7000.0	9	6000.0	0.7067	1760.9044	1.1667	1762.7777999999998
1777937	9000.0	9	6000.0	0.9067	1762.7778	1.5	1765.1845
1639698	6000.0	9	6000.0	0.6067	1765.1845	1.0	1766.7912000000001
1659716	7000.0	9	6000.0	0.7067	1766.7912	1.1667	1768.6645999999998
1659724	7000.0	9	6000.0	0.7067	1768.6646	1.1667	1770.538
1693332	9000.0	9	6000.0	0.9067	1770.538	1.5	1772.9447
1836947	8000.0	9	6000.0	0.8067	1772.9447	1.3333	1775.0847
1766789	7000.0	9	6000.0	0.7067	1775.0847	1.1667	1776.9581
1719239	9000.0	9	6000.0	0.9067	1776.9581	1.5	1779.3648
1836428	7000.0	9	6000.0	0.7067	1779.3648	1.1667	1781.2382
1682101	9000.0	9	6000.0	0.9067	1781.2382	1.5	1783.6449
1725206	8000.0	9	6000.0	0.8067	1783.6449	1.3333	1785.7849
1682148	8000.0	9	6000.0	0.8067	1785.7849	1.3333	1787.9249000000002
1821729	9000.0	9	6000.0	0.9067	1787.9249	1.5	1790.3316
1660188	7000.0	9	6000.0	0.7067	1790.3316	1.1667	1792.205
1725176	10000.0	9	6000.0	1.0067	1792.205	1.6667	1794.8783999999998
1720360	8000.0	9	6000.0	0.8067	1794.8784	1.3333	1797.0184000000002
1767203	6000.0	9	6000.0	0.6067	1797.0184	1.0	1798.6251
1693475	6000.0	9	6000.0	0.6067	1798.6251	1.0	1800.2318
1790018	6000.0	9	6000.0	0.6067	1800.2318	1.0	1801.8385
1809654	5000.0	9	6000.0	0.5067	1801.8385	0.8333	1803.1785
1710757	3000.0	9	6000.0	0.3067	1803.1785	0.5	1803.9852
1660233	9000.0	9	6000.0	0.9067	1803.9852	1.5	1806.3919
1750243	10000.0	9	6000.0	1.0067	1806.3919	1.6667	1809.0653
1720439	7000.0	9	6000.0	0.7067	1809.0653	1.1667	1810.9387
1693495	9000.0	9	6000.0	0.9067	1810.9387	1.5	1813.3454
1649983	7000.0	9	6000.0	0.7067	1813.3454	1.1667	1815.2187999999999
1819497	7000.0	9	6000.0	0.7067	1815.2188	1.1667	1817.0922
1750174	8000.0	9	6000.0	0.8067	1817.0922	1.3333	1819.2322000000001
1821807	7000.0	9	6000.0	0.7067	1819.2322	1.1667	1821.1055999999999
1726556	6000.0	9	6000.0	0.6067	1821.1056	1.0	1822.7123000000001
1668978	9000.0	9	6000.0	0.9067	1822.7123	1.5	1825.119
1836495	6000.0	9	6000.0	0.6067	1825.119	1.0	1826.7257
1639266	6000.0	9	6000.0	0.6067	1826.7257	1.0	1828.3324
1836508	7000.0	9	6000.0	0.7067	1828.3324	1.1667	1830.2058
1710376	7000.0	9	6000.0	0.7067	1830.2058	1.1667	1832.0792
1725385	9000.0	9	6000.0	0.9067	1832.0792	1.5	1834.4859
1766822	7000.0	9	6000.0	0.7067	1834.4859	1.1667	1836.3592999999998
1719224	6000.0	9	6000.0	0.6067	1836.3593	1.0	1837.9660000000001
1752238	6000.0	9	6000.0	0.6067	1837.966	1.0	1839.5727
1750479	6000.0	9	6000.0	0.6067	1839.5727	1.0	1841.1794
1736860	7000.0	9	6000.0	0.7067	1841.1794	1.1667	1843.0528
1750477	9000.0	9	6000.0	0.9067	1843.0528	1.5	1845.4595
1778082	7000.0	9	6000.0	0.7067	1845.4595	1.1667	1847.3328999999999
1725325	6000.0	9	6000.0	0.6067	1847.3329	1.0	1848.9396000000002
1766099	5000.0	9	6000.0	0.5067	1848.9396	0.8333	1850.2795999999998
1766889	5000.0	9	6000.0	0.5067	1850.2796	0.8333	1851.6196
1682024	5000.0	9	6000.0	0.5067	1851.6196	0.8333	1852.9596
1650280	10000.0	9	6000.0	1.0067	1852.9596	1.6667	1855.6329999999998
1778108	7000.0	9	6000.0	0.7067	1855.633	1.1667	1857.5064
1710577	9000.0	9	6000.0	0.9067	1857.5064	1.5	1859.9131
1809543	7000.0	9	6000.0	0.7067	1859.9131	1.1667	1861.7865
1750357	8000.0	9	6000.0	0.8067	1861.7865	1.3333	1863.9265
1832662	8000.0	9	6000.0	0.8067	1863.9265	1.3333	1866.0665000000001
1767044	5000.0	9	6000.0	0.5067	1866.0665	0.8333	1867.4064999999998
1725249	5000.0	9	6000.0	0.5067	1867.4065	0.8333	1868.7465
1836528	9000.0	9	6000.0	0.9067	1868.7465	1.5	1871.1532
1720276	6000.0	9	6000.0	0.6067	1871.1532	1.0	1872.7599
1649939	8000.0	9	6000.0	0.8067	1872.7599	1.3333	1874.8999000000001
1751171	6000.0	9	6000.0	0.6067	1874.8999	1.0	1876.5066
1790793	6000.0	9	6000.0	0.6067	1876.5066	1.0	1878.1133
1743637	8000.0	9	6000.0	0.8067	1878.1133	1.3333	1880.2533
1639590	9000.0	9	6000.0	0.9067	1880.2533	1.5	1882.66
1839349	5000.0	9	6000.0	0.5067	1882.66	0.8333	1884.0
1820733	7000.0	9	6000.0	0.7067	1884.0	1.1667	1885.8734
1839296	7000.0	9	6000.0	0.7067	1885.8734	1.1667	1887.7468
1821021	7000.0	9	6000.0	0.7067	1887.7468	1.1667	1889.6201999999998
1765302	6000.0	9	6000.0	0.6067	1889.6202	1.0	1891.2269000000001
1777534	5000.0	9	6000.0	0.5067	1891.2269	0.8333	1892.5668999999998
1661321	7000.0	9	6000.0	0.7067	1892.5669	1.1667	1894.4403
1791750	7000.0	9	6000.0	0.7067	1894.4403	1.1667	1896.3137
1791699	6000.0	9	6000.0	0.6067	1896.3137	1.0	1897.9204
1680483	6000.0	9	6000.0	0.6067	1897.9204	1.0	1899.5271
1639992	7000.0	9	6000.0	0.7067	1899.5271	1.1667	1901.4005
1652062	5000.0	9	6000.0	0.5067	1901.4005	0.8333	1902.7404999999999
1808338	9000.0	9	6000.0	0.9067	1902.7405	1.5	1905.1472
1821142	8000.0	9	6000.0	0.8067	1905.1472	1.3333	1907.2872000000002
1839705	6000.0	9	6000.0	0.6067	1907.2872	1.0	1908.8939
1839200	9000.0	9	6000.0	0.9067	1908.8939	1.5	1911.3006
1765392	10000.0	9	6000.0	1.0067	1911.3006	1.6667	1913.974
1751705	9000.0	9	6000.0	0.9067	1913.974	1.5	1916.3807
1743603	6000.0	9	6000.0	0.6067	1916.3807	1.0	1917.9874
1664640	9000.0	9	6000.0	0.9067	1917.9874	1.5	1920.3941
1791826	8000.0	9	6000.0	0.8067	1920.3941	1.3333	1922.5341
1652638	9000.0	9	6000.0	0.9067	1922.5341	1.5	1924.9408
1639650	8000.0	9	6000.0	0.8067	1924.9408	1.3333	1927.0808000000002
1661199	6000.0	9	6000.0	0.6067	1927.0808	1.0	1928.6875
1839551	8000.0	9	6000.0	0.8067	1928.6875	1.3333	1930.8275
1726492	9000.0	9	6000.0	0.9067	1930.8275	1.5	1933.2342
1639641	7000.0	9	6000.0	0.7067	1933.2342	1.1667	1935.1076
1751973	6000.0	9	6000.0	0.6067	1935.1076	1.0	1936.7143
1820843	8000.0	9	6000.0	0.8067	1936.7143	1.3333	1938.8543000000002
1791982	5000.0	9	6000.0	0.5067	1938.8543	0.8333	1940.1942999999999
1777652	10000.0	9	6000.0	1.0067	1940.1943	1.6667	1942.8677
1680246	4000.0	9	6000.0	0.4067	1942.8677	0.6667	1943.9411
1661271	10000.0	9	6000.0	1.0067	1943.9411	1.6667	1946.6145
1669157	9000.0	9	6000.0	0.9067	1946.6145	1.5	1949.0212
1726590	6000.0	9	6000.0	0.6067	1949.0212	1.0	1950.6279
1791918	9000.0	9	6000.0	0.9067	1950.6279	1.5	1953.0346
1672740	9000.0	9	6000.0	0.9067	1953.0346	1.5	1955.4413
1652464	8000.0	9	6000.0	0.8067	1955.4413	1.3333	1957.5813
1808020	9000.0	9	6000.0	0.9067	1957.5813	1.5	1959.988
1777168	6000.0	9	6000.0	0.6067	1959.988	1.0	1961.5947
1735784	9000.0	9	6000.0	0.9067	1961.5947	1.5	1964.0014
1765394	6000.0	9	6000.0	0.6067	1964.0014	1.0	1965.6081000000001
1651910	8000.0	9	6000.0	0.8067	1965.6081	1.3333	1967.7481
1751459	9000.0	9	6000.0	0.9067	1967.7481	1.5	1970.1548
1821362	4000.0	9	6000.0	0.4067	1970.1548	0.6667	1971.2282
1744212	6000.0	9	6000.0	0.6067	1971.2282	1.0	1972.8349
1652878	4000.0	9	6000.0	0.4067	1972.8349	0.6667	1973.9083
1751411	7000.0	9	6000.0	0.7067	1973.9083	1.1667	1975.7817
1681297	7000.0	9	6000.0	0.7067	1975.7817	1.1667	1977.6551
1791011	4000.0	9	6000.0	0.4067	1977.6551	0.6667	1978.7285
1751375	7000.0	9	6000.0	0.7067	1978.7285	1.1667	1980.6019
1651457	9000.0	9	6000.0	0.9067	1980.6019	1.5	1983.0086
1669165	4000.0	9	6000.0	0.4067	1983.0086	0.6667	1984.0819999999999
1765808	8000.0	9	6000.0	0.8067	1984.082	1.3333	1986.2220000000002
1726034	9000.0	9	6000.0	0.9067	1986.222	1.5	1988.6287
1708848	9000.0	9	6000.0	0.9067	1988.6287	1.5	1991.0354
1651405	7000.0	9	6000.0	0.7067	1991.0354	1.1667	1992.9088
1698902	10000.0	9	6000.0	1.0067	1992.9088	1.6667	1995.5821999999998
1726005	8000.0	9	6000.0	0.8067	1995.5822	1.3333	1997.7222000000002
1698892	8000.0	9	6000.0	0.8067	1997.7222	1.3333	1999.8622
1651312	9000.0	9	6000.0	0.9067	1999.8622	1.5	2002.2689
1725939	7000.0	9	6000.0	0.7067	2002.2689	1.1667	2004.1423
1751502	6000.0	9	6000.0	0.6067	2004.1423	1.0	2005.749
1791129	6000.0	9	6000.0	0.6067	2005.749	1.0	2007.3557
1838466	9000.0	9	6000.0	0.9067	2007.3557	1.5	2009.7624
1839968	8000.0	9	6000.0	0.8067	2009.7624	1.3333	2011.9024000000002
1777762	10000.0	9	6000.0	1.0067	2011.9024	1.6667	2014.5757999999998
1791458	8000.0	9	6000.0	0.8067	2014.5758	1.3333	2016.7158000000002
1808475	8000.0	9	6000.0	0.8067	2016.7158	1.3333	2018.8558
1680951	7000.0	9	6000.0	0.7067	2018.8558	1.1667	2020.7292
1680985	6000.0	9	6000.0	0.6067	2020.7292	1.0	2022.3359
1736026	6000.0	9	6000.0	0.6067	2022.3359	1.0	2023.9426
1819973	8000.0	9	6000.0	0.8067	2023.9426	1.3333	2026.0826000000002
1839833	7000.0	9	6000.0	0.7067	2026.0826	1.1667	2027.956
1791406	9000.0	9	6000.0	0.9067	2027.956	1.5	2030.3627
1791395	7000.0	9	6000.0	0.7067	2030.3627	1.1667	2032.2360999999999
1766033	10000.0	9	6000.0	1.0067	2032.2361	1.6667	2034.9095
1672821	8000.0	9	6000.0	0.8067	2034.9095	1.3333	2037.0495
1819949	8000.0	9	6000.0	0.8067	2037.0495	1.3333	2039.1895000000002
1777846	7000.0	9	6000.0	0.7067	2039.1895	1.1667	2041.0629
1651696	9000.0	9	6000.0	0.9067	2041.0629	1.5	2043.4696
1693184	7000.0	9	6000.0	0.7067	2043.4696	1.1667	2045.3429999999998
1651638	6000.0	9	6000.0	0.6067	2045.343	1.0	2046.9497000000001
1651628	7000.0	9	6000.0	0.7067	2046.9497	1.1667	2048.8231
1791230	6000.0	9	6000.0	0.6067	2048.8231	1.0	2050.4298
1681209	9000.0	9	6000.0	0.9067	2050.4298	1.5	2052.8365
1639377	8000.0	9	6000.0	0.8067	2052.8365	1.3333	2054.9764999999998
1709580	8000.0	9	6000.0	0.8067	2054.9765	1.3333	2057.1165
1726130	7000.0	9	6000.0	0.7067	2057.1165	1.1667	2058.9899000000005
1838825	9000.0	9	6000.0	0.9067	2058.9899	1.5	2061.3966
1835971	7000.0	9	6000.0	0.7067	2061.3966	1.1667	2063.2700000000004
1725082	8000.0	9	6000.0	0.8067	2063.27	1.3333	2065.41
1750129	8000.0	9	6000.0	0.8067	2065.41	1.3333	2067.5499999999997
1768601	7000.0	9	6000.0	0.7067	2067.55	1.1667	2069.4234000000006
1834254	7000.0	9	6000.0	0.7067	2069.4234	1.1667	2071.2968000000005
1743209	4000.0	9	6000.0	0.4067	2071.2968	0.6667	2072.3702000000003
1744511	8000.0	9	6000.0	0.8067	2072.3702	1.3333	2074.5101999999997
1768636	6000.0	9	6000.0	0.6067	2074.5102	1.0	2076.1169
1683871	8000.0	9	6000.0	0.8067	2076.1169	1.3333	2078.2569
1720929	10000.0	9	6000.0	1.0067	2078.2569	1.6667	2080.9303
1724680	4000.0	9	6000.0	0.4067	2080.9303	0.6667	2082.0037
1683919	6000.0	9	6000.0	0.6067	2082.0037	1.0	2083.6104
1807410	7000.0	9	6000.0	0.7067	2083.6104	1.1667	2085.4838000000004
1711876	8000.0	9	6000.0	0.8067	2085.4838	1.3333	2087.6238
1743908	9000.0	9	6000.0	0.9067	2087.6238	1.5	2090.0305
1822032	7000.0	9	6000.0	0.7067	2090.0305	1.1667	2091.9039000000002
1811433	6000.0	9	6000.0	0.6067	2091.9039	1.0	2093.5105999999996
1661758	10000.0	9	6000.0	1.0067	2093.5106	1.6667	2096.184
1671154	9000.0	9	6000.0	0.9067	2096.184	1.5	2098.5907
1659126	9000.0	9	6000.0	0.9067	2098.5907	1.5	2100.9974
1768828	9000.0	9	6000.0	0.9067	2100.9974	1.5	2103.4041
1719038	8000.0	9	6000.0	0.8067	2103.4041	1.3333	2105.5441
1788489	5000.0	9	6000.0	0.5067	2105.5441	0.8333	2106.8840999999998
1671139	7000.0	9	6000.0	0.7067	2106.8841	1.1667	2108.7575000000006
1834264	9000.0	9	6000.0	0.9067	2108.7575	1.5	2111.1642
1743155	6000.0	9	6000.0	0.6067	2111.1642	1.0	2112.7709
1724698	9000.0	9	6000.0	0.9067	2112.7709	1.5	2115.1776
1653306	6000.0	9	6000.0	0.6067	2115.1776	1.0	2116.7843
1679949	8000.0	9	6000.0	0.8067	2116.7843	1.3333	2118.9242999999997
1809762	7000.0	9	6000.0	0.7067	2118.9243	1.1667	2120.7977000000005
1683718	6000.0	9	6000.0	0.6067	2120.7977	1.0	2122.4044
1679948	9000.0	9	6000.0	0.9067	2122.4044	1.5	2124.8111
1659226	3000.0	9	6000.0	0.3067	2124.8111	0.5	2125.6178
1788892	5000.0	9	6000.0	0.5067	2125.6178	0.8333	2126.9577999999997
1711736	10000.0	9	6000.0	1.0067	2126.9578	1.6667	2129.6312000000003
1788866	7000.0	9	6000.0	0.7067	2129.6312	1.1667	2131.5046
1778712	3000.0	9	6000.0	0.3067	2131.5046	0.5	2132.3113000000003
1768471	5000.0	9	6000.0	0.5067	2132.3113	0.8333	2133.6512999999995
1744483	8000.0	9	6000.0	0.8067	2133.6513	1.3333	2135.7913
1820515	5000.0	9	6000.0	0.5067	2135.7913	0.8333	2137.1312999999996
1788815	10000.0	9	6000.0	1.0067	2137.1313	1.6667	2139.8047
1834265	6000.0	9	6000.0	0.6067	2139.8047	1.0	2141.4114
1659196	5000.0	9	6000.0	0.5067	2141.4114	0.8333	2142.7513999999996
1697924	8000.0	9	6000.0	0.8067	2142.7514	1.3333	2144.8914
1788739	5000.0	9	6000.0	0.5067	2144.8914	0.8333	2146.2313999999997
1683819	7000.0	9	6000.0	0.7067	2146.2314	1.1667	2148.1048000000005
1711816	4000.0	9	6000.0	0.4067	2148.1048	0.6667	2149.1782000000003
1768562	6000.0	9	6000.0	0.6067	2149.1782	1.0	2150.7848999999997
1683837	10000.0	9	6000.0	1.0067	2150.7849	1.6667	2153.4583000000002
1672923	6000.0	9	6000.0	0.6067	2153.4583	1.0	2155.0649999999996
1720787	8000.0	9	6000.0	0.8067	2155.065	1.3333	2157.205
1721118	6000.0	9	6000.0	0.6067	2157.205	1.0	2158.8116999999997
1711950	9000.0	9	6000.0	0.9067	2158.8117	1.5	2161.2184
1788037	7000.0	9	6000.0	0.7067	2161.2184	1.1667	2163.0918000000006
1748850	10000.0	9	6000.0	1.0067	2163.0918	1.6667	2165.7652000000003
1641154	4000.0	9	6000.0	0.4067	2165.7652	0.6667	2166.8386
1811955	7000.0	9	6000.0	0.7067	2166.8386	1.1667	2168.7120000000004
1684223	7000.0	9	6000.0	0.7067	2168.712	1.1667	2170.5854000000004
1664923	8000.0	9	6000.0	0.8067	2170.5854	1.3333	2172.7254
1692062	9000.0	9	6000.0	0.9067	2172.7254	1.5	2175.1321
1748838	7000.0	9	6000.0	0.7067	2175.1321	1.1667	2177.0055
1787893	9000.0	9	6000.0	0.9067	2177.0055	1.5	2179.4122
1840710	8000.0	9	6000.0	0.8067	2179.4122	1.3333	2181.5522
1670772	7000.0	9	6000.0	0.7067	2181.5522	1.1667	2183.4256000000005
1776807	7000.0	9	6000.0	0.7067	2183.4256	1.1667	2185.2990000000004
1692549	8000.0	9	6000.0	0.8067	2185.299	1.3333	2187.439
1712420	5000.0	9	6000.0	0.5067	2187.439	0.8333	2188.7789999999995
1820486	9000.0	9	6000.0	0.9067	2188.779	1.5	2191.1857
1832921	8000.0	9	6000.0	0.8067	2191.1857	1.3333	2193.3257
1840848	6000.0	9	6000.0	0.6067	2193.3257	1.0	2194.9323999999997
1641198	7000.0	9	6000.0	0.7067	2194.9324	1.1667	2196.8058000000005
1743009	8000.0	9	6000.0	0.8067	2196.8058	1.3333	2198.9458
1697606	8000.0	9	6000.0	0.8067	2198.9458	1.3333	2201.0858
1684294	10000.0	9	6000.0	1.0067	2201.0858	1.6667	2203.7592
1832820	9000.0	9	6000.0	0.9067	2203.7592	1.5	2206.1659
1833968	7000.0	9	6000.0	0.7067	2206.1659	1.1667	2208.0393000000004
1670855	6000.0	9	6000.0	0.6067	2208.0393	1.0	2209.6459999999997
1833352	7000.0	9	6000.0	0.7067	2209.646	1.1667	2211.5194000000006
1811517	8000.0	9	6000.0	0.8067	2211.5194	1.3333	2213.6594
1768901	6000.0	9	6000.0	0.6067	2213.6594	1.0	2215.2661
1697826	3000.0	9	6000.0	0.3067	2215.2661	0.5	2216.0728
1788377	9000.0	9	6000.0	0.9067	2216.0728	1.5	2218.4795
1752389	7000.0	9	6000.0	0.7067	2218.4795	1.1667	2220.3529000000003
1743070	7000.0	9	6000.0	0.7067	2220.3529	1.1667	2222.2263000000003
1820494	8000.0	9	6000.0	0.8067	2222.2263	1.3333	2224.3662999999997
1712054	7000.0	9	6000.0	0.7067	2224.3663	1.1667	2226.2397000000005
1684040	9000.0	9	6000.0	0.9067	2226.2397	1.5	2228.6464
1641117	8000.0	9	6000.0	0.8067	2228.6464	1.3333	2230.7864
1769030	9000.0	9	6000.0	0.9067	2230.7864	1.5	2233.1931
1712090	10000.0	9	6000.0	1.0067	2233.1931	1.6667	2235.8665
1719026	7000.0	9	6000.0	0.7067	2235.8665	1.1667	2237.7399000000005
1833699	7000.0	9	6000.0	0.7067	2237.7399	1.1667	2239.6133000000004
1752406	9000.0	9	6000.0	0.9067	2239.6133	1.5	2242.02
1684080	6000.0	9	6000.0	0.6067	2242.02	1.0	2243.6267
1697772	8000.0	9	6000.0	0.8067	2243.6267	1.3333	2245.7666999999997
1769069	7000.0	9	6000.0	0.7067	2245.7667	1.1667	2247.6401000000005
1670944	9000.0	9	6000.0	0.9067	2247.6401	1.5	2250.0468
1833497	8000.0	9	6000.0	0.8067	2250.0468	1.3333	2252.1868
1833485	9000.0	9	6000.0	0.9067	2252.1868	1.5	2254.5935
1811053	10000.0	9	6000.0	1.0067	2254.5935	1.6667	2257.2669
1768395	5000.0	9	6000.0	0.5067	2257.2669	0.8333	2258.6068999999998
1768386	8000.0	9	6000.0	0.8067	2258.6069	1.3333	2260.7469
1649704	8000.0	9	6000.0	0.8067	2260.7469	1.3333	2262.8869
1737143	8000.0	9	6000.0	0.8067	2262.8869	1.3333	2265.0269
1737146	6000.0	9	6000.0	0.6067	2265.0269	1.0	2266.6335999999997
1820363	6000.0	9	6000.0	0.6067	2266.6336	1.0	2268.2403
1711093	7000.0	9	6000.0	0.7067	2268.2403	1.1667	2270.1137000000003
1698274	10000.0	9	6000.0	1.0067	2270.1137	1.6667	2272.7871
1810013	9000.0	9	6000.0	0.9067	2272.7871	1.5	2275.1938
1778495	8000.0	9	6000.0	0.8067	2275.1938	1.3333	2277.3338
1682705	8000.0	9	6000.0	0.8067	2277.3338	1.3333	2279.4737999999998
1737193	8000.0	9	6000.0	0.8067	2279.4738	1.3333	2281.6138
1711179	4000.0	9	6000.0	0.4067	2281.6138	0.6667	2282.6872000000003
1737212	6000.0	9	6000.0	0.6067	2282.6872	1.0	2284.2938999999997
1767717	7000.0	9	6000.0	0.7067	2284.2939	1.1667	2286.1673000000005
1653087	7000.0	9	6000.0	0.7067	2286.1673	1.1667	2288.0407000000005
1835250	6000.0	9	6000.0	0.6067	2288.0407	1.0	2289.6474
1737244	6000.0	9	6000.0	0.6067	2289.6474	1.0	2291.2540999999997
1810106	8000.0	9	6000.0	0.8067	2291.2541	1.3333	2293.3941
1682888	7000.0	9	6000.0	0.7067	2293.3941	1.1667	2295.2675000000004
1834553	10000.0	9	6000.0	1.0067	2295.2675	1.6667	2297.9409
1698166	4000.0	9	6000.0	0.4067	2297.9409	0.6667	2299.0143000000003
1649614	6000.0	9	6000.0	0.6067	2299.0143	1.0	2300.6209999999996
1835748	9000.0	9	6000.0	0.9067	2300.621	1.5	2303.0277
1724919	8000.0	9	6000.0	0.8067	2303.0277	1.3333	2305.1677
1639164	7000.0	9	6000.0	0.7067	2305.1677	1.1667	2307.0411000000004
1640558	7000.0	9	6000.0	0.7067	2307.0411	1.1667	2308.9145000000003
1809810	7000.0	9	6000.0	0.7067	2308.9145	1.1667	2310.7879000000003
1710891	9000.0	9	6000.0	0.9067	2310.7879	1.5	2313.1946
1640588	6000.0	9	6000.0	0.6067	2313.1946	1.0	2314.8012999999996
1640590	9000.0	9	6000.0	0.9067	2314.8013	1.5	2317.208
1660320	7000.0	9	6000.0	0.7067	2317.208	1.1667	2319.0814000000005
1767588	4000.0	9	6000.0	0.4067	2319.0814	0.6667	2320.1548000000003
1809882	6000.0	9	6000.0	0.6067	2320.1548	1.0	2321.7614999999996
1724958	9000.0	9	6000.0	0.9067	2321.7615	1.5	2324.1682
1664325	8000.0	9	6000.0	0.8067	2324.1682	1.3333	2326.3082
1664314	10000.0	9	6000.0	1.0067	2326.3082	1.6667	2328.9816
1835858	9000.0	9	6000.0	0.9067	2328.9816	1.5	2331.3883
1660369	8000.0	9	6000.0	0.8067	2331.3883	1.3333	2333.5283
1819454	9000.0	9	6000.0	0.9067	2333.5283	1.5	2335.935
1737112	8000.0	9	6000.0	0.8067	2335.935	1.3333	2338.075
1809919	4000.0	9	6000.0	0.4067	2338.075	0.6667	2339.1484
1699616	6000.0	9	6000.0	0.6067	2339.1484	1.0	2340.7551
1664840	6000.0	9	6000.0	0.6067	2340.7551	1.0	2342.3617999999997
1809929	9000.0	9	6000.0	0.9067	2342.3618	1.5	2344.7685
1835781	5000.0	9	6000.0	0.5067	2344.7685	0.8333	2346.1085
1835120	5000.0	9	6000.0	0.5067	2346.1085	0.8333	2347.4484999999995
1682937	6000.0	9	6000.0	0.6067	2347.4485	1.0	2349.0552
1835183	9000.0	9	6000.0	0.9067	2349.0552	1.5	2351.4619
1752272	4000.0	9	6000.0	0.4067	2351.4619	0.6667	2352.5353
1711528	9000.0	9	6000.0	0.9067	2352.5353	1.5	2354.942
1768221	7000.0	9	6000.0	0.7067	2354.942	1.1667	2356.8154000000004
1699673	8000.0	9	6000.0	0.8067	2356.8154	1.3333	2358.9554
1777384	7000.0	9	6000.0	0.7067	2358.9554	1.1667	2360.8288000000002
1819355	7000.0	9	6000.0	0.7067	2360.8288	1.1667	2362.7022
1768241	8000.0	9	6000.0	0.8067	2362.7022	1.3333	2364.8422
1683518	7000.0	9	6000.0	0.7067	2364.8422	1.1667	2366.7156000000004
1743310	7000.0	9	6000.0	0.7067	2366.7156	1.1667	2368.5890000000004
1719517	7000.0	9	6000.0	0.7067	2368.589	1.1667	2370.4624000000003
1749439	7000.0	9	6000.0	0.7067	2370.4624	1.1667	2372.3358000000003
1778651	8000.0	9	6000.0	0.8067	2372.3358	1.3333	2374.4757999999997
1683554	7000.0	9	6000.0	0.7067	2374.4758	1.1667	2376.3492000000006
1683582	7000.0	9	6000.0	0.7067	2376.3492	1.1667	2378.2226000000005
1639098	6000.0	9	6000.0	0.6067	2378.2226	1.0	2379.8293
1840402	10000.0	9	6000.0	1.0067	2379.8293	1.6667	2382.5027
1749413	8000.0	9	6000.0	0.8067	2382.5027	1.3333	2384.6427
1749402	8000.0	9	6000.0	0.8067	2384.6427	1.3333	2386.7826999999997
1810872	7000.0	9	6000.0	0.7067	2386.7827	1.1667	2388.6561000000006
1639065	7000.0	9	6000.0	0.7067	2388.6561	1.1667	2390.5295000000006
1834647	6000.0	9	6000.0	0.6067	2390.5295	1.0	2392.1362
1671560	9000.0	9	6000.0	0.9067	2392.1362	1.5	2394.5429
1810205	8000.0	9	6000.0	0.8067	2394.5429	1.3333	2396.6829
1810676	7000.0	9	6000.0	0.7067	2396.6829	1.1667	2398.5563
1789045	8000.0	9	6000.0	0.8067	2398.5563	1.3333	2400.6963
1743312	8000.0	9	6000.0	0.8067	2400.6963	1.3333	2402.8363
1737301	6000.0	9	6000.0	0.6067	2402.8363	1.0	2404.4429999999998
1819420	7000.0	9	6000.0	0.7067	2404.443	1.1667	2406.3164000000006
1649576	5000.0	9	6000.0	0.5067	2406.3164	0.8333	2407.6564
1649567	7000.0	9	6000.0	0.7067	2407.6564	1.1667	2409.5298000000003
1810318	7000.0	9	6000.0	0.7067	2409.5298	1.1667	2411.4032
1692506	7000.0	9	6000.0	0.7067	2411.4032	1.1667	2413.2766000000006
1683054	6000.0	9	6000.0	0.6067	2413.2766	1.0	2414.8833
1767888	9000.0	9	6000.0	0.9067	2414.8833	1.5	2417.29
1699658	9000.0	9	6000.0	0.9067	2417.29	1.5	2419.6967
1669430	6000.0	9	6000.0	0.6067	2419.6967	1.0	2421.3034
1768031	8000.0	9	6000.0	0.8067	2421.3034	1.3333	2423.4433999999997
1737446	10000.0	9	6000.0	1.0067	2423.4434	1.6667	2426.1168000000002
1792223	7000.0	9	6000.0	0.7067	2426.1168	1.1667	2427.9902
1711409	5000.0	9	6000.0	0.5067	2427.9902	0.8333	2429.3302
1649434	10000.0	9	6000.0	1.0067	2429.3302	1.6667	2432.0036
1720688	2000.0	9	6000.0	0.2067	2432.0036	0.3333	2432.5436
1807557	5000.0	9	6000.0	0.5067	2432.5436	0.8333	2433.8835999999997
1768144	7000.0	9	6000.0	0.7067	2433.8836	1.1667	2435.7570000000005
1711449	10000.0	9	6000.0	1.0067	2435.757	1.6667	2438.4304
1737418	10000.0	9	6000.0	1.0067	2438.4304	1.6667	2441.1038000000003
1768134	8000.0	9	6000.0	0.8067	2441.1038	1.3333	2443.2437999999997
