1709980	8000.0	0	500.0	0.8	0	16.0	16.8
1738411	10000.0	0	500.0	1.0	16.8	20.0	37.8
1827747	7000.0	0	500.0	0.7	37.8	14.0	52.5
1752791	7000.0	0	500.0	0.7	52.5	14.0	67.2
1742924	11000.0	0	500.0	1.1	67.2	22.0	90.3
1805162	10000.0	0	500.0	1.0	90.3	20.0	111.3
1850204	8000.0	0	500.0	0.8	111.3	16.0	128.1
1725048	6000.0	0	500.0	0.6	128.1	12.0	140.7
1757217	8000.0	0	500.0	0.8	140.7	16.0	157.5
1844931	6000.0	0	500.0	0.6	157.5	12.0	170.1
1765935	7000.0	0	500.0	0.7	170.1	14.0	184.79999999999998
1841690	6000.0	0	500.0	0.6	184.8	12.0	197.4
1729714	7000.0	0	500.0	0.7	197.4	14.0	212.1
1783375	8000.0	0	500.0	0.8	212.1	16.0	228.9
1788717	7000.0	0	500.0	0.7	228.9	14.0	243.6
1800404	9000.0	0	500.0	0.9	243.6	18.0	262.5
1652568	7000.0	0	500.0	0.7	262.5	14.0	277.2
1737611	7000.0	0	500.0	0.7	277.2	14.0	291.9
1761932	7000.0	0	500.0	0.7	291.9	14.0	306.59999999999997
1848870	7000.0	0	500.0	0.7	306.6	14.0	321.3
1840437	8000.0	0	500.0	0.8	321.3	16.0	338.1
1806053	6000.0	0	500.0	0.6	338.1	12.0	350.70000000000005
1669629	7000.0	0	500.0	0.7	350.7	14.0	365.4
1797517	12000.0	0	500.0	1.2	365.4	24.0	390.59999999999997
1766902	8000.0	0	500.0	0.8	390.6	16.0	407.40000000000003
1723957	7000.0	0	500.0	0.7	407.4	14.0	422.09999999999997
1815244	8000.0	0	500.0	0.8	422.1	16.0	438.90000000000003
1820913	5000.0	0	500.0	0.5	438.9	10.0	449.4
1819071	9000.0	0	500.0	0.9	449.4	18.0	468.29999999999995
1724520	7000.0	0	500.0	0.7	468.3	14.0	483.0
1816053	7000.0	0	500.0	0.7	483.0	14.0	497.7
1649889	8000.0	1	500.0	0.8	0	16.0	16.8
1665096	7000.0	1	500.0	0.7	16.8	14.0	31.5
1809804	6000.0	1	500.0	0.6	31.5	12.0	44.1
1672608	7000.0	1	500.0	0.7	44.1	14.0	58.800000000000004
1826911	6000.0	1	500.0	0.6	58.8	12.0	71.4
1649278	10000.0	1	500.0	1.0	71.4	20.0	92.4
1715360	7000.0	1	500.0	0.7	92.4	14.0	107.10000000000001
1799449	7000.0	1	500.0	0.7	107.1	14.0	121.8
1798083	8000.0	1	500.0	0.8	121.8	16.0	138.6
1789019	7000.0	1	500.0	0.7	138.6	14.0	153.29999999999998
1842181	11000.0	1	500.0	1.1	153.3	22.0	176.4
1807371	14000.0	1	500.0	1.4	176.4	28.0	205.8
1653814	6000.0	1	500.0	0.6	205.8	12.0	218.4
1701338	5000.0	1	500.0	0.5	218.4	10.0	228.9
1829634	7000.0	1	500.0	0.7	228.9	14.0	243.6
1705889	6000.0	1	500.0	0.6	243.6	12.0	256.2
1725213	6000.0	1	500.0	0.6	256.2	12.0	268.8
1806222	8000.0	1	500.0	0.8	268.8	16.0	285.6
1830884	9000.0	1	500.0	0.9	285.6	18.0	304.5
1781046	8000.0	1	500.0	0.8	304.5	16.0	321.3
1847465	7000.0	1	500.0	0.7	321.3	14.0	336.0
1764680	8000.0	1	500.0	0.8	336.0	16.0	352.8
1706938	7000.0	1	500.0	0.7	352.8	14.0	367.5
1743776	6000.0	1	500.0	0.6	367.5	12.0	380.1
1817824	6000.0	1	500.0	0.6	380.1	12.0	392.70000000000005
1719893	8000.0	1	500.0	0.8	392.7	16.0	409.5
1684212	8000.0	1	500.0	0.8	409.5	16.0	426.3
1638163	8000.0	1	500.0	0.8	426.3	16.0	443.1
1717226	10000.0	1	500.0	1.0	443.1	20.0	464.1
1645358	6000.0	1	500.0	0.6	464.1	12.0	476.70000000000005
1757794	7000.0	2	1000.0	0.7	0	7.0	7.7
1658410	6000.0	2	1000.0	0.6	7.7	6.0	14.3
1837370	7000.0	2	1000.0	0.7	14.3	7.0	22.0
1838590	7000.0	2	1000.0	0.7	22.0	7.0	29.7
1684010	8000.0	2	1000.0	0.8	29.7	8.0	38.5
1793599	9000.0	2	1000.0	0.9	38.5	9.0	48.4
1742183	5000.0	2	1000.0	0.5	48.4	5.0	53.9
1839347	6000.0	2	1000.0	0.6	53.9	6.0	60.5
1793452	8000.0	2	1000.0	0.8	60.5	8.0	69.3
1838549	7000.0	2	1000.0	0.7	69.3	7.0	77.0
1810102	9000.0	2	1000.0	0.9	77.0	9.0	86.9
1791777	10000.0	2	1000.0	1.0	86.9	10.0	97.9
1844670	7000.0	2	1000.0	0.7	97.9	7.0	105.60000000000001
1731084	7000.0	2	1000.0	0.7	105.6	7.0	113.3
1762554	7000.0	2	1000.0	0.7	113.3	7.0	121.0
1726850	6000.0	2	1000.0	0.6	121.0	6.0	127.6
1807701	7000.0	2	1000.0	0.7	127.6	7.0	135.29999999999998
1801271	10000.0	2	1000.0	1.0	135.3	10.0	146.3
1676145	7000.0	2	1000.0	0.7	146.3	7.0	154.0
1737549	9000.0	2	1000.0	0.9	154.0	9.0	163.9
1700938	8000.0	2	1000.0	0.8	163.9	8.0	172.70000000000002
1803853	6000.0	2	1000.0	0.6	172.7	6.0	179.29999999999998
1795983	7000.0	2	1000.0	0.7	179.3	7.0	187.0
1803589	6000.0	2	1000.0	0.6	187.0	6.0	193.6
1795676	8000.0	2	1000.0	0.8	193.6	8.0	202.4
1709004	7000.0	2	1000.0	0.7	202.4	7.0	210.1
1767489	7000.0	2	1000.0	0.7	210.1	7.0	217.79999999999998
1848761	7000.0	2	1000.0	0.7	217.8	7.0	225.5
1803813	8000.0	2	1000.0	0.8	225.5	8.0	234.3
1739038	8000.0	2	1000.0	0.8	234.3	8.0	243.10000000000002
1781369	6000.0	2	1000.0	0.6	243.1	6.0	249.7
1756060	10000.0	2	1000.0	1.0	249.7	10.0	260.7
1671839	10000.0	2	1000.0	1.0	260.7	10.0	271.7
1698317	7000.0	2	1000.0	0.7	271.7	7.0	279.4
1796775	8000.0	2	1000.0	0.8	279.4	8.0	288.2
1846905	7000.0	2	1000.0	0.7	288.2	7.0	295.9
1846970	7000.0	2	1000.0	0.7	295.9	7.0	303.59999999999997
1691532	14000.0	2	1000.0	1.4	303.6	14.0	319.0
1669297	6000.0	2	1000.0	0.6	319.0	6.0	325.6
1774571	7000.0	2	1000.0	0.7	325.6	7.0	333.3
1772151	6000.0	2	1000.0	0.6	333.3	6.0	339.90000000000003
1637790	7000.0	2	1000.0	0.7	339.9	7.0	347.59999999999997
1772946	7000.0	2	1000.0	0.7	347.6	7.0	355.3
1824803	5000.0	2	1000.0	0.5	355.3	5.0	360.8
1769473	7000.0	2	1000.0	0.7	360.8	7.0	368.5
1639740	8000.0	2	1000.0	0.8	368.5	8.0	377.3
1773201	7000.0	2	1000.0	0.7	377.3	7.0	385.0
1826118	6000.0	2	1000.0	0.6	385.0	6.0	391.6
1815047	9000.0	2	1000.0	0.9	391.6	9.0	401.5
1643026	6000.0	2	1000.0	0.6	401.5	6.0	408.1
1683332	7000.0	3	1000.0	0.7	0	7.0	7.7
1759431	8000.0	3	1000.0	0.8	7.7	8.0	16.5
1715403	10000.0	3	1000.0	1.0	16.5	10.0	27.5
1658776	7000.0	3	1000.0	0.7	27.5	7.0	35.2
1742523	7000.0	3	1000.0	0.7	35.2	7.0	42.900000000000006
1678580	9000.0	3	1000.0	0.9	42.9	9.0	52.8
1710317	8000.0	3	1000.0	0.8	52.8	8.0	61.599999999999994
1762171	6000.0	3	1000.0	0.6	61.6	6.0	68.2
1757795	6000.0	3	1000.0	0.6	68.2	6.0	74.8
1834485	7000.0	3	1000.0	0.7	74.8	7.0	82.5
1765735	6000.0	3	1000.0	0.6	82.5	6.0	89.1
1756542	5000.0	3	1000.0	0.5	89.1	5.0	94.6
1829659	6000.0	3	1000.0	0.6	94.6	6.0	101.19999999999999
1681889	6000.0	3	1000.0	0.6	101.2	6.0	107.8
1664324	7000.0	3	1000.0	0.7	107.8	7.0	115.5
1720953	8000.0	3	1000.0	0.8	115.5	8.0	124.3
1823030	8000.0	3	1000.0	0.8	124.3	8.0	133.1
1745428	7000.0	3	1000.0	0.7	133.1	7.0	140.79999999999998
1817390	9000.0	3	1000.0	0.9	140.8	9.0	150.70000000000002
1771667	5000.0	3	1000.0	0.5	150.7	5.0	156.2
1821624	7000.0	3	1000.0	0.7	156.2	7.0	163.89999999999998
1769945	6000.0	3	1000.0	0.6	163.9	6.0	170.5
1687701	9000.0	3	1000.0	0.9	170.5	9.0	180.4
1642150	6000.0	3	1000.0	0.6	180.4	6.0	187.0
1820314	9000.0	3	1000.0	0.9	187.0	9.0	196.9
1692397	8000.0	3	1000.0	0.8	196.9	8.0	205.70000000000002
1774780	8000.0	3	1000.0	0.8	205.7	8.0	214.5
1645350	10000.0	3	1000.0	1.0	214.5	10.0	225.5
1780043	13000.0	4	4000.0	1.3038	0	3.25	4.5538
1683721	8000.0	4	4000.0	0.8038	4.5538	2.0	7.3576
1665612	9000.0	4	4000.0	0.9038	7.3576	2.25	10.5114
1742782	6000.0	4	4000.0	0.6038	10.5114	1.5	12.6152
1836840	8000.0	4	4000.0	0.8038	12.6152	2.0	15.419
1784320	8000.0	4	4000.0	0.8038	15.419	2.0	18.2228
1742224	7000.0	4	4000.0	0.7038	18.2228	1.75	20.6766
1705445	9000.0	4	4000.0	0.9038	20.6766	2.25	23.8304
1682781	8000.0	4	4000.0	0.8038	23.8304	2.0	26.6342
1828342	8000.0	4	4000.0	0.8038	26.6342	2.0	29.438
1757683	8000.0	4	4000.0	0.8038	29.438	2.0	32.2418
1779852	6000.0	4	4000.0	0.6038	32.2418	1.5	34.3456
1802268	7000.0	4	4000.0	0.7038	34.3456	1.75	36.7994
1700743	7000.0	4	4000.0	0.7038	36.7994	1.75	39.2532
1783282	7000.0	4	4000.0	0.7038	39.2532	1.75	41.707
1728012	6000.0	4	4000.0	0.6038	41.707	1.5	43.8108
1652031	10000.0	4	4000.0	1.0038	43.8108	2.5	47.3146
1765181	6000.0	4	4000.0	0.6038	47.3146	1.5	49.4184
1727375	7000.0	4	4000.0	0.7038	49.4184	1.75	51.8722
1807379	6000.0	4	4000.0	0.6038	51.8722	1.5	53.976
1653442	7000.0	4	4000.0	0.7038	53.976	1.75	56.4298
1697878	8000.0	4	4000.0	0.8038	56.4298	2.0	59.2336
1651615	6000.0	4	4000.0	0.6038	59.2336	1.5	61.3374
1654329	8000.0	4	4000.0	0.8038	61.3374	2.0	64.1412
1829746	9000.0	4	4000.0	0.9038	64.1412	2.25	67.295
1650779	6000.0	4	4000.0	0.6038	67.295	1.5	69.39880000000001
1658226	6000.0	4	4000.0	0.6038	69.3988	1.5	71.5026
1763199	7000.0	4	4000.0	0.7038	71.5026	1.75	73.9564
1846823	8000.0	4	4000.0	0.8038	73.9564	2.0	76.7602
1766983	8000.0	4	4000.0	0.8038	76.7602	2.0	79.564
1643532	10000.0	4	4000.0	1.0038	79.564	2.5	83.06779999999999
1823881	11000.0	4	4000.0	1.1038	83.0678	2.75	86.92160000000001
1722467	8000.0	4	4000.0	0.8038	86.9216	2.0	89.7254
1817243	9000.0	4	4000.0	0.9038	89.7254	2.25	92.8792
1720709	7000.0	4	4000.0	0.7038	92.8792	1.75	95.333
1812182	8000.0	4	4000.0	0.8038	95.333	2.0	98.1368
1818927	7000.0	4	4000.0	0.7038	98.1368	1.75	100.5906
1822488	13000.0	4	4000.0	1.3038	100.5906	3.25	105.14439999999999
1769374	7000.0	4	4000.0	0.7038	105.1444	1.75	107.5982
1690375	9000.0	4	4000.0	0.9038	107.5982	2.25	110.75200000000001
1646018	8000.0	4	4000.0	0.8038	110.752	2.0	113.55579999999999
1649349	8000.0	5	4000.0	0.8038	0	2.0	2.8038
1839630	7000.0	5	4000.0	0.7038	2.8038	1.75	5.2576
1810301	8000.0	5	4000.0	0.8038	5.2576	2.0	8.061399999999999
1709235	8000.0	5	4000.0	0.8038	8.0614	2.0	10.865200000000002
1738840	7000.0	5	4000.0	0.7038	10.8652	1.75	13.318999999999999
1826655	8000.0	5	4000.0	0.8038	13.319	2.0	16.1228
1697506	6000.0	5	4000.0	0.6038	16.1228	1.5	18.2266
1671635	12000.0	5	4000.0	1.2038	18.2266	3.0	22.430400000000002
1702089	11000.0	5	4000.0	1.1038	22.4304	2.75	26.2842
1653009	6000.0	5	4000.0	0.6038	26.2842	1.5	28.387999999999998
1676414	9000.0	5	4000.0	0.9038	28.388	2.25	31.541800000000002
1788370	5000.0	5	4000.0	0.5038	31.5418	1.25	33.2956
1788240	6000.0	5	4000.0	0.6038	33.2956	1.5	35.3994
1761891	7000.0	5	4000.0	0.7038	35.3994	1.75	37.8532
1659718	8000.0	5	4000.0	0.8038	37.8532	2.0	40.657000000000004
1809703	9000.0	5	4000.0	0.9038	40.657	2.25	43.81079999999999
1714092	7000.0	5	4000.0	0.7038	43.8108	1.75	46.2646
1763439	6000.0	5	4000.0	0.6038	46.2646	1.5	48.3684
1719617	7000.0	5	4000.0	0.7038	48.3684	1.75	50.8222
1718920	6000.0	5	4000.0	0.6038	50.8222	1.5	52.926
1689517	6000.0	5	4000.0	0.6038	52.926	1.5	55.0298
1717128	5000.0	5	4000.0	0.5038	55.0298	1.25	56.7836
1811789	11000.0	5	4000.0	1.1038	56.7836	2.75	60.6374
1812908	8000.0	5	4000.0	0.8038	60.6374	2.0	63.4412
1812643	4000.0	5	4000.0	0.4038	63.4412	1.0	64.845
1776850	10000.0	5	4000.0	1.0038	64.845	2.5	68.3488
1637821	6000.0	5	4000.0	0.6038	68.3488	1.5	70.4526
1735058	9000.0	6	5000.0	0.9038	0	1.8	2.7038
1703779	7000.0	6	5000.0	0.7038	2.7038	1.4	4.807600000000001
1837841	6000.0	6	5000.0	0.6038	4.8076	1.2	6.6114
1768208	6000.0	6	5000.0	0.6038	6.6114	1.2	8.415199999999999
1826884	6000.0	6	5000.0	0.6038	8.4152	1.2	10.219
1844905	7000.0	6	5000.0	0.7038	10.219	1.4	12.322799999999999
1707199	8000.0	6	5000.0	0.8038	12.3228	1.6	14.726600000000001
1802783	6000.0	6	5000.0	0.6038	14.7266	1.2	16.5304
1676259	6000.0	6	5000.0	0.6038	16.5304	1.2	18.3342
1712180	8000.0	6	5000.0	0.8038	18.3342	1.6	20.738
1809191	7000.0	6	5000.0	0.7038	20.738	1.4	22.8418
1848806	9000.0	6	5000.0	0.9038	22.8418	1.8	25.5456
1696761	9000.0	6	5000.0	0.9038	25.5456	1.8	28.2494
1674707	7000.0	6	5000.0	0.7038	28.2494	1.4	30.3532
1728261	7000.0	6	5000.0	0.7038	30.3532	1.4	32.457
1846682	10000.0	6	5000.0	1.0038	32.457	2.0	35.4608
1803078	7000.0	6	5000.0	0.7038	35.4608	1.4	37.5646
1796783	7000.0	6	5000.0	0.7038	37.5646	1.4	39.6684
1651044	8000.0	6	5000.0	0.8038	39.6684	1.6	42.0722
1651600	9000.0	6	5000.0	0.9038	42.0722	1.8	44.775999999999996
1825551	9000.0	6	5000.0	0.9038	44.776	1.8	47.4798
1816495	8000.0	6	5000.0	0.8038	47.4798	1.6	49.8836
1689352	9000.0	6	5000.0	0.9038	49.8836	1.8	52.587399999999995
1639328	7000.0	6	5000.0	0.7038	52.5874	1.4	54.6912
1823855	6000.0	6	5000.0	0.6038	54.6912	1.2	56.495000000000005
1690452	6000.0	6	5000.0	0.6038	56.495	1.2	58.2988
1637015	8000.0	6	5000.0	0.8038	58.2988	1.6	60.702600000000004
1757924	6000.0	7	5000.0	0.6038	0	1.2	1.8037999999999998
1654931	9000.0	7	5000.0	0.9038	1.8038	1.8	4.5076
1698640	7000.0	7	5000.0	0.7038	4.5076	1.4	6.6114
1749634	10000.0	7	5000.0	1.0038	6.6114	2.0	9.6152
1658769	7000.0	7	5000.0	0.7038	9.6152	1.4	11.719
1724751	7000.0	7	5000.0	0.7038	11.719	1.4	13.822799999999999
1788901	7000.0	7	5000.0	0.7038	13.8228	1.4	15.9266
1835450	6000.0	7	5000.0	0.6038	15.9266	1.2	17.7304
1707312	6000.0	7	5000.0	0.6038	17.7304	1.2	19.5342
1844247	13000.0	7	5000.0	1.3038	19.5342	2.6	23.438
1659973	7000.0	7	5000.0	0.7038	23.438	1.4	25.5418
1795875	6000.0	7	5000.0	0.6038	25.5418	1.2	27.345599999999997
1760078	8000.0	7	5000.0	0.8038	27.3456	1.6	29.7494
1829116	7000.0	7	5000.0	0.7038	29.7494	1.4	31.8532
1780560	11000.0	7	5000.0	1.1038	31.8532	2.2	35.157000000000004
1806197	6000.0	7	5000.0	0.6038	35.157	1.2	36.9608
1835872	9000.0	7	5000.0	0.9038	36.9608	1.8	39.66459999999999
1660332	7000.0	7	5000.0	0.7038	39.6646	1.4	41.7684
1789660	9000.0	7	5000.0	0.9038	41.7684	1.8	44.472199999999994
1728379	6000.0	7	5000.0	0.6038	44.4722	1.2	46.276
1736920	6000.0	7	5000.0	0.6038	46.276	1.2	48.079800000000006
1815908	8000.0	7	5000.0	0.8038	48.0798	1.6	50.4836
1716170	10000.0	7	5000.0	1.0038	50.4836	2.0	53.4874
1693054	6000.0	7	5000.0	0.6038	53.4874	1.2	55.2912
1689249	7000.0	7	5000.0	0.7038	55.2912	1.4	57.395
1648203	5000.0	7	5000.0	0.5038	57.395	1.0	58.8988
1645332	7000.0	7	5000.0	0.7038	58.8988	1.4	61.0026
1643108	8000.0	7	5000.0	0.8038	61.0026	1.6	63.406400000000005
1752896	10000.0	8	5000.0	1.0067	0	2.0	3.0067
1784912	5000.0	8	5000.0	0.5067	3.0067	1.0	4.5134
1738319	14000.0	8	5000.0	1.4067	4.5134	2.8	8.720099999999999
1742102	7000.0	8	5000.0	0.7067	8.7201	1.4	10.8268
1792615	8000.0	8	5000.0	0.8067	10.8268	1.6	13.2335
1672755	7000.0	8	5000.0	0.7067	13.2335	1.4	15.3402
1757974	6000.0	8	5000.0	0.6067	15.3402	1.2	17.1469
1683681	8000.0	8	5000.0	0.8067	17.1469	1.6	19.5536
1649005	7000.0	8	5000.0	0.7067	19.5536	1.4	21.6603
1827352	8000.0	8	5000.0	0.8067	21.6603	1.6	24.067
1761436	6000.0	8	5000.0	0.6067	24.067	1.2	25.8737
1698251	7000.0	8	5000.0	0.7067	25.8737	1.4	27.9804
1831646	8000.0	8	5000.0	0.8067	27.9804	1.6	30.3871
1755818	6000.0	8	5000.0	0.6067	30.3871	1.2	32.1938
1701520	8000.0	8	5000.0	0.8067	32.1938	1.6	34.600500000000004
1843688	6000.0	8	5000.0	0.6067	34.6005	1.2	36.4072
1753848	7000.0	8	5000.0	0.7067	36.4072	1.4	38.5139
1674134	9000.0	8	5000.0	0.9067	38.5139	1.8	41.2206
1781258	7000.0	8	5000.0	0.7067	41.2206	1.4	43.327299999999994
1651558	11000.0	8	5000.0	1.1067	43.3273	2.2	46.634
1808994	7000.0	8	5000.0	0.7067	46.634	1.4	48.7407
1760465	7000.0	8	5000.0	0.7067	48.7407	1.4	50.84739999999999
1684265	8000.0	8	5000.0	0.8067	50.8474	1.6	53.2541
1644820	10000.0	8	5000.0	1.0067	53.2541	2.0	56.2608
1666215	7000.0	8	5000.0	0.7067	56.2608	1.4	58.3675
1774159	8000.0	8	5000.0	0.8067	58.3675	1.6	60.7742
1642144	8000.0	8	5000.0	0.8067	60.7742	1.6	63.1809
1642642	7000.0	8	5000.0	0.7067	63.1809	1.4	65.2876
1719120	10000.0	8	5000.0	1.0067	65.2876	2.0	68.29429999999999
1685397	7000.0	8	5000.0	0.7067	68.2943	1.4	70.40100000000001
1743090	10000.0	8	5000.0	1.0067	70.401	2.0	73.40769999999999
1778308	7000.0	8	5000.0	0.7067	73.4077	1.4	75.51440000000001
1816915	11000.0	8	5000.0	1.1067	75.5144	2.2	78.8211
1709325	6000.0	9	6000.0	0.6067	0	1.0	1.6067
1849216	6000.0	9	6000.0	0.6067	1.6067	1.0	3.2134
1734800	8000.0	9	6000.0	0.8067	3.2134	1.3333	5.353400000000001
1768056	8000.0	9	6000.0	0.8067	5.3534	1.3333	7.493399999999999
1851308	7000.0	9	6000.0	0.7067	7.4934	1.1667	9.366800000000001
1710215	5000.0	9	6000.0	0.5067	9.3668	0.8333	10.7068
1709463	7000.0	9	6000.0	0.7067	10.7068	1.1667	12.5802
1798706	8000.0	9	6000.0	0.8067	12.5802	1.3333	14.720199999999998
1675910	8000.0	9	6000.0	0.8067	14.7202	1.3333	16.8602
1730142	7000.0	9	6000.0	0.7067	16.8602	1.1667	18.7336
1679981	7000.0	9	6000.0	0.7067	18.7336	1.1667	20.607
1656867	8000.0	9	6000.0	0.8067	20.607	1.3333	22.747
1708656	6000.0	9	6000.0	0.6067	22.747	1.0	24.3537
1699549	7000.0	9	6000.0	0.7067	24.3537	1.1667	26.2271
1679133	9000.0	9	6000.0	0.9067	26.2271	1.5	28.6338
1706638	5000.0	9	6000.0	0.5067	28.6338	0.8333	29.9738
1682179	7000.0	9	6000.0	0.7067	29.9738	1.1667	31.8472
1672396	7000.0	9	6000.0	0.7067	31.8472	1.1667	33.7206
1795495	6000.0	9	6000.0	0.6067	33.7206	1.0	35.327299999999994
1753933	9000.0	9	6000.0	0.9067	35.3273	1.5	37.734
1841086	6000.0	9	6000.0	0.6067	37.734	1.0	39.3407
1728113	7000.0	9	6000.0	0.7067	39.3407	1.1667	41.214099999999995
1760451	6000.0	9	6000.0	0.6067	41.2141	1.0	42.820800000000006
1725812	10000.0	9	6000.0	1.0067	42.8208	1.6667	45.4942
1741046	9000.0	9	6000.0	0.9067	45.4942	1.5	47.9009
1797048	6000.0	9	6000.0	0.6067	47.9009	1.0	49.5076
1688527	7000.0	9	6000.0	0.7067	49.5076	1.1667	51.38099999999999
1641748	6000.0	9	6000.0	0.6067	51.381	1.0	52.987700000000004
1771955	7000.0	9	6000.0	0.7067	52.9877	1.1667	54.86109999999999
1646478	5000.0	9	6000.0	0.5067	54.8611	0.8333	56.201100000000004
1817125	7000.0	9	6000.0	0.7067	56.2011	1.1667	58.07449999999999
1644434	6000.0	9	6000.0	0.6067	58.0745	1.0	59.681200000000004
1770526	9000.0	9	6000.0	0.9067	59.6812	1.5	62.0879
1685701	13000.0	9	6000.0	1.3067	62.0879	2.1667	65.5613
1728832	8000.0	10	6000.0	0.8067	0	1.3333	2.1399999999999997
1733709	8000.0	10	6000.0	0.8067	2.14	1.3333	4.279999999999999
1779967	7000.0	10	6000.0	0.7067	4.28	1.1667	6.1533999999999995
1793993	6000.0	10	6000.0	0.6067	6.1534	1.0	7.7601
1742730	9000.0	10	6000.0	0.9067	7.7601	1.5	10.1668
1676206	8000.0	10	6000.0	0.8067	10.1668	1.3333	12.306799999999999
1755622	7000.0	10	6000.0	0.7067	12.3068	1.1667	14.180200000000001
1664350	5000.0	10	6000.0	0.5067	14.1802	0.8333	15.520199999999999
1739370	9000.0	10	6000.0	0.9067	15.5202	1.5	17.9269
1751025	8000.0	10	6000.0	0.8067	17.9269	1.3333	20.0669
1676177	7000.0	10	6000.0	0.7067	20.0669	1.1667	21.9403
1844473	6000.0	10	6000.0	0.6067	21.9403	1.0	23.547
1807831	8000.0	10	6000.0	0.8067	23.547	1.3333	25.687
1656795	5000.0	10	6000.0	0.5067	25.687	0.8333	27.027
1737178	6000.0	10	6000.0	0.6067	27.027	1.0	28.6337
1840168	7000.0	10	6000.0	0.7067	28.6337	1.1667	30.5071
1750162	8000.0	10	6000.0	0.8067	30.5071	1.3333	32.6471
1796057	7000.0	10	6000.0	0.7067	32.6471	1.1667	34.5205
1809289	7000.0	10	6000.0	0.7067	34.5205	1.1667	36.393899999999995
1780930	6000.0	10	6000.0	0.6067	36.3939	1.0	38.000600000000006
1809111	5000.0	10	6000.0	0.5067	38.0006	0.8333	39.3406
1656256	8000.0	10	6000.0	0.8067	39.3406	1.3333	41.4806
1656230	8000.0	10	6000.0	0.8067	41.4806	1.3333	43.6206
1835633	9000.0	10	6000.0	0.9067	43.6206	1.5	46.027300000000004
1697008	6000.0	10	6000.0	0.6067	46.0273	1.0	47.634
1744580	8000.0	10	6000.0	0.8067	47.634	1.3333	49.774
1749087	7000.0	10	6000.0	0.7067	49.774	1.1667	51.6474
1718359	8000.0	10	6000.0	0.8067	51.6474	1.3333	53.7874
1694069	18000.0	10	6000.0	1.8067	53.7874	3.0	58.5941
1723747	10000.0	10	6000.0	1.0067	58.5941	1.6667	61.2675
1686183	10000.0	10	6000.0	1.0067	61.2675	1.6667	63.9409
1748048	8000.0	10	6000.0	0.8067	63.9409	1.3333	66.0809
1643763	9000.0	10	6000.0	0.9067	66.0809	1.5	68.4876
1721870	6000.0	10	6000.0	0.6067	68.4876	1.0	70.0943
1778327	8000.0	10	6000.0	0.8067	70.0943	1.3333	72.2343
1820470	6000.0	10	6000.0	0.6067	72.2343	1.0	73.84100000000001
1636446	10000.0	10	6000.0	1.0067	73.841	1.6667	76.5144
1784683	8000.0	11	6000.0	0.8067	0	1.3333	2.1399999999999997
1742148	9000.0	11	6000.0	0.9067	2.14	1.5	4.5466999999999995
1779890	6000.0	11	6000.0	0.6067	4.5467	1.0	6.1534
1660849	8000.0	11	6000.0	0.8067	6.1534	1.3333	8.2934
1703746	6000.0	11	6000.0	0.6067	8.2934	1.0	9.9001
1742460	9000.0	11	6000.0	0.9067	9.9001	1.5	12.3068
1762889	6000.0	11	6000.0	0.6067	12.3068	1.0	13.9135
1679575	18000.0	11	6000.0	1.8067	13.9135	3.0	18.7202
1765055	4000.0	11	6000.0	0.4067	18.7202	0.6667	19.793599999999998
1788769	8000.0	11	6000.0	0.8067	19.7936	1.3333	21.933600000000002
1799622	8000.0	11	6000.0	0.8067	21.9336	1.3333	24.0736
1806589	5000.0	11	6000.0	0.5067	24.0736	0.8333	25.4136
1787711	6000.0	11	6000.0	0.6067	25.4136	1.0	27.0203
1657120	9000.0	11	6000.0	0.9067	27.0203	1.5	29.427
1754630	8000.0	11	6000.0	0.8067	29.427	1.3333	31.567
1801817	8000.0	11	6000.0	0.8067	31.567	1.3333	33.707
1767139	8000.0	11	6000.0	0.8067	33.707	1.3333	35.847
1706662	9000.0	11	6000.0	0.9067	35.847	1.5	38.2537
1650686	7000.0	11	6000.0	0.7067	38.2537	1.1667	40.1271
1650652	8000.0	11	6000.0	0.8067	40.1271	1.3333	42.2671
1803836	12000.0	11	6000.0	1.2067	42.2671	2.0	45.4738
1848411	7000.0	11	6000.0	0.7067	45.4738	1.1667	47.347199999999994
1809571	8000.0	11	6000.0	0.8067	47.3472	1.3333	49.4872
1780429	8000.0	11	6000.0	0.8067	49.4872	1.3333	51.6272
1840817	8000.0	11	6000.0	0.8067	51.6272	1.3333	53.7672
1789554	7000.0	11	6000.0	0.7067	53.7672	1.1667	55.6406
1763348	7000.0	11	6000.0	0.7067	55.6406	1.1667	57.513999999999996
1776881	5000.0	11	6000.0	0.5067	57.514	0.8333	58.854000000000006
1638189	7000.0	11	6000.0	0.7067	58.854	1.1667	60.727399999999996
1723601	9000.0	11	6000.0	0.9067	60.7274	1.5	63.134100000000004
1645770	6000.0	11	6000.0	0.6067	63.1341	1.0	64.7408
1773103	6000.0	11	6000.0	0.6067	64.7408	1.0	66.3475
1647391	10000.0	11	6000.0	1.0067	66.3475	1.6667	69.0209
1716893	7000.0	11	6000.0	0.7067	69.0209	1.1667	70.8943
1642149	7000.0	11	6000.0	0.7067	70.8943	1.1667	72.7677
1667826	7000.0	11	6000.0	0.7067	72.7677	1.1667	74.64110000000001
1688439	7000.0	11	6000.0	0.7067	74.6411	1.1667	76.5145
1640058	7000.0	11	6000.0	0.7067	76.5145	1.1667	78.3879
1720025	9000.0	11	6000.0	0.9067	78.3879	1.5	80.7946
1720087	7000.0	11	6000.0	0.7067	80.7946	1.1667	82.668
1692550	7000.0	11	6000.0	0.7067	82.668	1.1667	84.54140000000001
1724049	5000.0	11	6000.0	0.5067	84.5414	0.8333	85.88139999999999
1669390	6000.0	11	6000.0	0.6067	85.8814	1.0	87.4881
1685130	8000.0	11	6000.0	0.8067	87.4881	1.3333	89.6281
1685812	6000.0	11	6000.0	0.6067	89.6281	1.0	91.2348
1693264	8000.0	11	6000.0	0.8067	91.2348	1.3333	93.37480000000001
1666206	8000.0	11	6000.0	0.8067	93.3748	1.3333	95.5148
1821330	7000.0	11	6000.0	0.7067	95.5148	1.1667	97.3882
1709540	7000.0	12	6000.0	0.7	0	1.1667	1.8667
1683449	8000.0	12	6000.0	0.8	1.8667	1.3333	4.0
1715182	7000.0	12	6000.0	0.7	4.0	1.1667	5.8667
1837658	4000.0	12	6000.0	0.4	5.8667	0.6667	6.9334
1794424	8000.0	12	6000.0	0.8	6.9334	1.3333	9.066699999999999
1715249	8000.0	12	6000.0	0.8	9.0667	1.3333	11.200000000000001
1738764	7000.0	12	6000.0	0.7	11.2	1.1667	13.066699999999999
1731098	7000.0	12	6000.0	0.7	13.0667	1.1667	14.9334
1808066	7000.0	12	6000.0	0.7	14.9334	1.1667	16.8001
1844704	7000.0	12	6000.0	0.7	16.8001	1.1667	18.6668
1697505	7000.0	12	6000.0	0.7	18.6668	1.1667	20.533499999999997
1797888	8000.0	12	6000.0	0.8	20.5335	1.3333	22.666800000000002
1845177	9000.0	12	6000.0	0.9	22.6668	1.5	25.066799999999997
1845220	5000.0	12	6000.0	0.5	25.0668	0.8333	26.400100000000002
1739684	7000.0	12	6000.0	0.7	26.4001	1.1667	28.266799999999996
1653803	7000.0	12	6000.0	0.7	28.2668	1.1667	30.133499999999998
1698095	7000.0	12	6000.0	0.7	30.1335	1.1667	32.0002
1680235	9000.0	12	6000.0	0.9	32.0002	1.5	34.4002
1761597	10000.0	12	6000.0	1.0	34.4002	1.6667	37.0669
1759874	8000.0	12	6000.0	0.8	37.0669	1.3333	39.200199999999995
1759612	4000.0	12	6000.0	0.4	39.2002	0.6667	40.2669
1835606	6000.0	12	6000.0	0.6	40.2669	1.0	41.8669
1812420	7000.0	12	6000.0	0.7	41.8669	1.1667	43.7336
1777358	7000.0	12	6000.0	0.7	43.7336	1.1667	45.600300000000004
1694414	8000.0	12	6000.0	0.8	45.6003	1.3333	47.733599999999996
1821993	11000.0	12	6000.0	1.1	47.7336	1.8333	50.666900000000005
1822832	7000.0	12	6000.0	0.7	50.6669	1.1667	52.5336
1816059	8000.0	12	6000.0	0.8	52.5336	1.3333	54.6669
1771788	8000.0	12	6000.0	0.8	54.6669	1.3333	56.8002
1689771	8000.0	12	6000.0	0.8	56.8002	1.3333	58.933499999999995
1770775	7000.0	12	6000.0	0.7	58.9335	1.1667	60.800200000000004
1718317	7000.0	12	6000.0	0.7	60.8002	1.1667	62.6669
1793319	6000.0	13	8000.0	0.6	0	0.75	1.35
1768119	10000.0	13	8000.0	1.0	1.35	1.25	3.6
1665464	10000.0	13	8000.0	1.0	3.6	1.25	5.85
1660897	10000.0	13	8000.0	1.0	5.85	1.25	8.1
1805613	8000.0	13	8000.0	0.8	8.1	1.0	9.9
1712778	8000.0	13	8000.0	0.8	9.9	1.0	11.700000000000001
1679573	7000.0	13	8000.0	0.7	11.7	0.875	13.274999999999999
1832413	9000.0	13	8000.0	0.9	13.275	1.125	15.3
1752083	6000.0	13	8000.0	0.6	15.3	0.75	16.65
1783341	7000.0	13	8000.0	0.7	16.65	0.875	18.224999999999998
1782355	6000.0	13	8000.0	0.6	18.225	0.75	19.575000000000003
1653151	14000.0	13	8000.0	1.4	19.575	1.75	22.724999999999998
1697767	6000.0	13	8000.0	0.6	22.725	0.75	24.075000000000003
1711499	7000.0	13	8000.0	0.7	24.075	0.875	25.65
1782056	7000.0	13	8000.0	0.7	25.65	0.875	27.224999999999998
1653643	7000.0	13	8000.0	0.7	27.225	0.875	28.8
1765730	8000.0	13	8000.0	0.8	28.8	1.0	30.6
1728421	5000.0	13	8000.0	0.5	30.6	0.625	31.725
1836732	8000.0	13	8000.0	0.8	31.725	1.0	33.525
1738250	7000.0	13	8000.0	0.7	33.525	0.875	35.1
1706018	7000.0	13	8000.0	0.7	35.1	0.875	36.675000000000004
1697016	7000.0	13	8000.0	0.7	36.675	0.875	38.25
1639058	6000.0	13	8000.0	0.6	38.25	0.75	39.6
1647918	8000.0	13	8000.0	0.8	39.6	1.0	41.4
1769289	8000.0	13	8000.0	0.8	41.4	1.0	43.199999999999996
1641923	5000.0	13	8000.0	0.5	43.2	0.625	44.325
1821093	10000.0	13	8000.0	1.0	44.325	1.25	46.575
1720600	6000.0	13	8000.0	0.6	46.575	0.75	47.925000000000004
1772382	6000.0	13	8000.0	0.6	47.925	0.75	49.275
1688468	9000.0	13	8000.0	0.9	49.275	1.125	51.3
1669021	6000.0	13	8000.0	0.6	51.3	0.75	52.65
1773968	7000.0	13	8000.0	0.7	52.65	0.875	54.225
1662640	5000.0	13	8000.0	0.5	54.225	0.625	55.35
1695023	10000.0	13	8000.0	1.0	55.35	1.25	57.6
1721146	9000.0	13	8000.0	0.9	57.6	1.125	59.625
1784533	6000.0	14	12000.0	0.6	0	0.5	1.1
1709678	9000.0	14	12000.0	0.9	1.1	0.75	2.75
1714579	7000.0	14	12000.0	0.7	2.75	0.5833	4.0333000000000006
1665658	7000.0	14	12000.0	0.7	4.0333	0.5833	5.3166
1851069	5000.0	14	12000.0	0.5	5.3166	0.4167	6.2333
1767632	8000.0	14	12000.0	0.8	6.2333	0.6667	7.699999999999999
1841600	10000.0	14	12000.0	1.0	7.7	0.8333	9.533299999999999
1766357	9000.0	14	12000.0	0.9	9.5333	0.75	11.183300000000001
1727191	6000.0	14	12000.0	0.6	11.1833	0.5	12.283299999999999
1803566	9000.0	14	12000.0	0.9	12.2833	0.75	13.933300000000001
1829952	7000.0	14	12000.0	0.7	13.9333	0.5833	15.216599999999998
1750043	8000.0	14	12000.0	0.8	15.2166	0.6667	16.6833
1781352	7000.0	14	12000.0	0.7	16.6833	0.5833	17.9666
1656283	12000.0	14	12000.0	1.2	17.9666	1.0	20.1666
1651148	8000.0	14	12000.0	0.8	20.1666	0.6667	21.6333
1691800	8000.0	14	12000.0	0.8	21.6333	0.6667	23.099999999999998
1825148	7000.0	14	12000.0	0.7	23.1	0.5833	24.383300000000002
1777456	5000.0	14	12000.0	0.5	24.3833	0.4167	25.299999999999997
1669244	7000.0	14	12000.0	0.7	25.3	0.5833	26.5833
1814864	7000.0	14	12000.0	0.7	26.5833	0.5833	27.866600000000002
1812969	7000.0	14	12000.0	0.7	27.8666	0.5833	29.1499
1723832	7000.0	14	12000.0	0.7	29.1499	0.5833	30.4332
1723334	6000.0	14	12000.0	0.6	30.4332	0.5	31.5332
1685776	10000.0	14	12000.0	1.0	31.5332	0.8333	33.3665
1743924	8000.0	14	12000.0	0.8	33.3665	0.6667	34.8332
1648013	8000.0	14	12000.0	0.8	34.8332	0.6667	36.299899999999994
1813735	8000.0	14	12000.0	0.8	36.2999	0.6667	37.7666
1715694	6000.0	14	12000.0	0.6	37.7666	0.5	38.8666
1667253	7000.0	14	12000.0	0.7	38.8666	0.5833	40.1499
1720011	7000.0	14	12000.0	0.7	40.1499	0.5833	41.43320000000001
1810999	6000.0	15	16000.0	0.6	0	0.375	0.975
1850244	8000.0	15	16000.0	0.8	0.975	0.5	2.275
1851517	6000.0	15	16000.0	0.6	2.275	0.375	3.25
1738562	6000.0	15	16000.0	0.6	3.25	0.375	4.225
1704300	8000.0	15	16000.0	0.8	4.225	0.5	5.5249999999999995
1792432	10000.0	15	16000.0	1.0	5.525	0.625	7.15
1764457	10000.0	15	16000.0	1.0	7.15	0.625	8.775
1844837	7000.0	15	16000.0	0.7	8.775	0.4375	9.9125
1751214	7000.0	15	16000.0	0.7	9.9125	0.4375	11.049999999999999
1788857	7000.0	15	16000.0	0.7	11.05	0.4375	12.1875
1675107	6000.0	15	16000.0	0.6	12.1875	0.375	13.1625
1713141	11000.0	15	16000.0	1.1	13.1625	0.6875	14.95
1700618	7000.0	15	16000.0	0.7	14.95	0.4375	16.0875
1707291	7000.0	15	16000.0	0.7	16.0875	0.4375	17.224999999999998
1740027	9000.0	15	16000.0	0.9	17.225	0.5625	18.6875
1800679	8000.0	15	16000.0	0.8	18.6875	0.5	19.9875
1842462	8000.0	15	16000.0	0.8	19.9875	0.5	21.2875
1675866	7000.0	15	16000.0	0.7	21.2875	0.4375	22.425
1725549	6000.0	15	16000.0	0.6	22.425	0.375	23.400000000000002
1725860	6000.0	15	16000.0	0.6	23.4	0.375	24.375
1728069	9000.0	15	16000.0	0.9	24.375	0.5625	25.8375
1732006	7000.0	15	16000.0	0.7	25.8375	0.4375	26.974999999999998
1847344	9000.0	15	16000.0	0.9	26.975	0.5625	28.4375
1820845	6000.0	15	16000.0	0.6	28.4375	0.375	29.4125
1744085	6000.0	15	16000.0	0.6	29.4125	0.375	30.387500000000003
1724204	7000.0	15	16000.0	0.7	30.3875	0.4375	31.525
1818393	8000.0	15	16000.0	0.8	31.525	0.5	32.824999999999996
1745508	7000.0	15	16000.0	0.7	32.825	0.4375	33.962500000000006
1635733	7000.0	15	16000.0	0.7	33.9625	0.4375	35.1
1641700	7000.0	15	16000.0	0.7	35.1	0.4375	36.237500000000004
1703601	7000.0	16	18000.0	0.7058	0	0.3889	1.0947
1839056	7000.0	16	18000.0	0.7058	1.0947	0.3889	2.1894
1828701	9000.0	16	18000.0	0.9058	2.1894	0.5	3.5952
1673342	7000.0	16	18000.0	0.7058	3.5952	0.3889	4.6899
1850399	6000.0	16	18000.0	0.6058	4.6899	0.3333	5.6290000000000004
1759056	5000.0	16	18000.0	0.5058	5.629	0.2778	6.412599999999999
1724928	8000.0	16	18000.0	0.8058	6.4126	0.4444	7.6628
1850967	7000.0	16	18000.0	0.7058	7.6628	0.3889	8.7575
1659110	8000.0	16	18000.0	0.8058	8.7575	0.4444	10.0077
1766000	9000.0	16	18000.0	0.9058	10.0077	0.5	11.413499999999999
1697408	8000.0	16	18000.0	0.8058	11.4135	0.4444	12.6637
1651998	7000.0	16	18000.0	0.7058	12.6637	0.3889	13.7584
1800937	9000.0	16	18000.0	0.9058	13.7584	0.5	15.1642
1754802	6000.0	16	18000.0	0.6058	15.1642	0.3333	16.1033
1730416	8000.0	16	18000.0	0.8058	16.1033	0.4444	17.353500000000004
1652492	5000.0	16	18000.0	0.5058	17.3535	0.2778	18.1371
1697748	8000.0	16	18000.0	0.8058	18.1371	0.4444	19.387300000000003
1809375	6000.0	16	18000.0	0.6058	19.3873	0.3333	20.3264
1829864	6000.0	16	18000.0	0.6058	20.3264	0.3333	21.2655
1736528	8000.0	16	18000.0	0.8058	21.2655	0.4444	22.515700000000002
1728380	8000.0	16	18000.0	0.8058	22.5157	0.4444	23.765900000000002
1830353	9000.0	16	18000.0	0.9058	23.7659	0.5	25.171699999999998
1847467	8000.0	16	18000.0	0.8058	25.1717	0.4444	26.421900000000004
1741219	7000.0	16	18000.0	0.7058	26.4219	0.3889	27.5166
1830420	6000.0	16	18000.0	0.6058	27.5166	0.3333	28.4557
1653980	7000.0	16	18000.0	0.7058	28.4557	0.3889	29.5504
1830442	6000.0	16	18000.0	0.6058	29.5504	0.3333	30.4895
1717827	5000.0	16	18000.0	0.5058	30.4895	0.2778	31.2731
1748618	10000.0	16	18000.0	1.0058	31.2731	0.5556	32.8345
1636501	8000.0	16	18000.0	0.8058	32.8345	0.4444	34.0847
1715830	7000.0	16	18000.0	0.7058	34.0847	0.3889	35.179399999999994
1724181	8000.0	16	18000.0	0.8058	35.1794	0.4444	36.4296
1688325	8000.0	16	18000.0	0.8058	36.4296	0.4444	37.6798
1693091	8000.0	16	18000.0	0.8058	37.6798	0.4444	38.93
1694743	8000.0	16	18000.0	0.8058	38.93	0.4444	40.1802
1689837	8000.0	16	18000.0	0.8058	40.1802	0.4444	41.4304
1663101	8000.0	16	18000.0	0.8058	41.4304	0.4444	42.6806
1644104	8000.0	16	18000.0	0.8058	42.6806	0.4444	43.9308
1748612	6000.0	16	18000.0	0.6058	43.9308	0.3333	44.8699
1837692	7000.0	17	24000.0	0.7058	0	0.2917	0.9975
1735391	7000.0	17	24000.0	0.7058	0.9975	0.2917	1.995
1699341	8000.0	17	24000.0	0.8058	1.995	0.3333	3.1341
1682685	6000.0	17	24000.0	0.6058	3.1341	0.25	3.9899
1851512	7000.0	17	24000.0	0.7058	3.9899	0.2917	4.9874
1837074	7000.0	17	24000.0	0.7058	4.9874	0.2917	5.9849
1714648	6000.0	17	24000.0	0.6058	5.9849	0.25	6.8407
1683884	9000.0	17	24000.0	0.9058	6.8407	0.375	8.121500000000001
1753581	8000.0	17	24000.0	0.8058	8.1215	0.3333	9.260599999999998
1850418	7000.0	17	24000.0	0.7058	9.2606	0.2917	10.2581
1715444	8000.0	17	24000.0	0.8058	10.2581	0.3333	11.3972
1758030	9000.0	17	24000.0	0.9058	11.3972	0.375	12.677999999999999
1791435	8000.0	17	24000.0	0.8058	12.678	0.3333	13.8171
1727767	7000.0	17	24000.0	0.7058	13.8171	0.2917	14.8146
1841602	6000.0	17	24000.0	0.6058	14.8146	0.25	15.6704
1799292	8000.0	17	24000.0	0.8058	15.6704	0.3333	16.809500000000003
1845674	7000.0	17	24000.0	0.7058	16.8095	0.2917	17.807
1755895	6000.0	17	24000.0	0.6058	17.807	0.25	18.662799999999997
1845375	9000.0	17	24000.0	0.9058	18.6628	0.375	19.9436
1762902	6000.0	17	24000.0	0.6058	19.9436	0.25	20.7994
1806621	6000.0	17	24000.0	0.6058	20.7994	0.25	21.655199999999997
1845264	6000.0	17	24000.0	0.6058	21.6552	0.25	22.511
1702082	8000.0	17	24000.0	0.8058	22.511	0.3333	23.650100000000002
1711798	7000.0	17	24000.0	0.7058	23.6501	0.2917	24.647599999999997
1761854	9000.0	17	24000.0	0.9058	24.6476	0.375	25.9284
1653678	5000.0	17	24000.0	0.5058	25.9284	0.2083	26.642500000000002
1767299	7000.0	17	24000.0	0.7058	26.6425	0.2917	27.639999999999997
1809542	8000.0	17	24000.0	0.8058	27.64	0.3333	28.779100000000003
1795421	7000.0	17	24000.0	0.7058	28.7791	0.2917	29.7766
1759627	8000.0	17	24000.0	0.8058	29.7766	0.3333	30.9157
1653939	5000.0	17	24000.0	0.5058	30.9157	0.2083	31.629800000000003
1769753	8000.0	17	24000.0	0.8058	31.6298	0.3333	32.7689
1691587	7000.0	17	24000.0	0.7058	32.7689	0.2917	33.7664
1666505	7000.0	17	24000.0	0.7058	33.7664	0.2917	34.7639
1691126	9000.0	17	24000.0	0.9058	34.7639	0.375	36.0447
1745533	7000.0	17	24000.0	0.7058	36.0447	0.2917	37.0422
1644014	8000.0	17	24000.0	0.8058	37.0422	0.3333	38.1813
1646391	6000.0	17	24000.0	0.6058	38.1813	0.25	39.0371
1663227	9000.0	17	24000.0	0.9058	39.0371	0.375	40.3179
1777143	4000.0	17	24000.0	0.4058	40.3179	0.1667	40.8904
1695635	7000.0	17	24000.0	0.7058	40.8904	0.2917	41.887899999999995
1825031	14000.0	17	24000.0	1.4058	41.8879	0.5833	43.877
1688949	10000.0	17	24000.0	1.0058	43.877	0.4167	45.2995
1724484	8000.0	17	24000.0	0.8058	45.2995	0.3333	46.4386
1735430	8000.0	18	30000.0	0.8058	0	0.2667	1.0725
1811535	10000.0	18	30000.0	1.0058	1.0725	0.3333	2.4116
1660909	6000.0	18	30000.0	0.6058	2.4116	0.2	3.2174
1654810	4000.0	18	30000.0	0.4058	3.2174	0.1333	3.7565000000000004
1742398	8000.0	18	30000.0	0.8058	3.7565	0.2667	4.829
1698725	9000.0	18	30000.0	0.9058	4.829	0.3	6.0348
1753232	7000.0	18	30000.0	0.7058	6.0348	0.2333	6.9738999999999995
1736275	7000.0	18	30000.0	0.7058	6.9739	0.2333	7.913
1811144	9000.0	18	30000.0	0.9058	7.913	0.3	9.1188
1729829	7000.0	18	30000.0	0.7058	9.1188	0.2333	10.0579
1726944	6000.0	18	30000.0	0.6058	10.0579	0.2	10.8637
1782629	8000.0	18	30000.0	0.8058	10.8637	0.2667	11.9362
1788541	8000.0	18	30000.0	0.8058	11.9362	0.2667	13.0087
1731857	7000.0	18	30000.0	0.7058	13.0087	0.2333	13.947799999999999
1703358	6000.0	18	30000.0	0.6058	13.9478	0.2	14.7536
1650525	10000.0	18	30000.0	1.0058	14.7536	0.3333	16.0927
1760077	8000.0	18	30000.0	0.8058	16.0927	0.2667	17.165200000000002
1654298	7000.0	18	30000.0	0.7058	17.1652	0.2333	18.1043
1752503	7000.0	18	30000.0	0.7058	18.1043	0.2333	19.0434
1830703	8000.0	18	30000.0	0.8058	19.0434	0.2667	20.1159
1830761	8000.0	18	30000.0	0.8058	20.1159	0.2667	21.1884
1808644	7000.0	18	30000.0	0.7058	21.1884	0.2333	22.1275
1756216	6000.0	18	30000.0	0.6058	22.1275	0.2	22.9333
1651176	7000.0	18	30000.0	0.7058	22.9333	0.2333	23.8724
1738038	8000.0	18	30000.0	0.8058	23.8724	0.2667	24.9449
1651039	8000.0	18	30000.0	0.8058	24.9449	0.2667	26.017400000000002
1823088	7000.0	18	30000.0	0.7058	26.0174	0.2333	26.9565
1821685	8000.0	18	30000.0	0.8058	26.9565	0.2667	28.029
1770596	7000.0	18	30000.0	0.7058	28.029	0.2333	28.9681
1823640	9000.0	18	30000.0	0.9058	28.9681	0.3	30.1739
1667589	19000.0	18	30000.0	1.9058	30.1739	0.6333	32.713
1668757	8000.0	18	30000.0	0.8058	32.713	0.2667	33.7855
1637643	6000.0	18	30000.0	0.6058	33.7855	0.2	34.591300000000004
1745011	10000.0	18	30000.0	1.0058	34.5913	0.3333	35.9304
1748852	4000.0	18	30000.0	0.4058	35.9304	0.1333	36.4695
1659248	7000.0	19	30000.0	0.7058	0	0.2333	0.9391
1735432	8000.0	19	30000.0	0.8058	0.9391	0.2667	2.0116
1658615	7000.0	19	30000.0	0.7058	2.0116	0.2333	2.9507
1768086	7000.0	19	30000.0	0.7058	2.9507	0.2333	3.8897999999999997
1734910	7000.0	19	30000.0	0.7058	3.8898	0.2333	4.8289
1810155	9000.0	19	30000.0	0.9058	4.8289	0.3	6.0347
1705257	7000.0	19	30000.0	0.7058	6.0347	0.2333	6.9738
1808179	7000.0	19	30000.0	0.7058	6.9738	0.2333	7.9129
1729743	7000.0	19	30000.0	0.7058	7.9129	0.2333	8.852
1752218	6000.0	19	30000.0	0.6058	8.852	0.2	9.6578
1797985	9000.0	19	30000.0	0.9058	9.6578	0.3	10.8636
1731305	11000.0	19	30000.0	1.1058	10.8636	0.3667	12.3361
1664531	6000.0	19	30000.0	0.6058	12.3361	0.2	13.1419
1670397	6000.0	19	30000.0	0.6058	13.1419	0.2	13.9477
1829158	9000.0	19	30000.0	0.9058	13.9477	0.3	15.1535
1756714	11000.0	19	30000.0	1.1058	15.1535	0.3667	16.626
1829384	9000.0	19	30000.0	0.9058	16.626	0.3	17.8318
1797828	8000.0	19	30000.0	0.8058	17.8318	0.2667	18.904300000000003
1847321	6000.0	19	30000.0	0.6058	18.9043	0.2	19.710099999999997
1706779	9000.0	19	30000.0	0.9058	19.7101	0.3	20.9159
1847548	8000.0	19	30000.0	0.8058	20.9159	0.2667	21.988400000000002
1643928	9000.0	19	30000.0	0.9058	21.9884	0.3	23.1942
1770944	7000.0	19	30000.0	0.7058	23.1942	0.2333	24.1333
1693416	11000.0	19	30000.0	1.1058	24.1333	0.3667	25.6058
1642553	7000.0	19	30000.0	0.7058	25.6058	0.2333	26.5449
1663377	6000.0	19	30000.0	0.6058	26.5449	0.2	27.350699999999996
1684356	7000.0	19	30000.0	0.7058	27.3507	0.2333	28.2898
1688136	6000.0	19	30000.0	0.6058	28.2898	0.2	29.095599999999997
1820624	7000.0	19	30000.0	0.7058	29.0956	0.2333	30.0347
1744047	9000.0	19	30000.0	0.9058	30.0347	0.3	31.2405
1688937	8000.0	19	30000.0	0.8058	31.2405	0.2667	32.313
1666298	6000.0	19	30000.0	0.6058	32.313	0.2	33.11880000000001
1644070	7000.0	19	30000.0	0.7058	33.1188	0.2333	34.057900000000004
1716404	8000.0	19	30000.0	0.8058	34.0579	0.2667	35.130399999999995
1742969	8000.0	19	30000.0	0.8058	35.1304	0.2667	36.2029
