7139406	3000.0	0	500.0	0.3	0	6.0	6.3
7139354	1000.0	0	500.0	0.1	6.3	2.0	8.399999999999999
7134930	3000.0	0	500.0	0.3	8.4	6.0	14.700000000000001
7134933	2000.0	0	500.0	0.2	14.7	4.0	18.9
7139391	1000.0	0	500.0	0.1	18.9	2.0	21.0
7141793	1000.0	0	500.0	0.1	21.0	2.0	23.1
7139809	2000.0	0	500.0	0.2	23.1	4.0	27.3
7139581	3000.0	0	500.0	0.3	27.3	6.0	33.6
7141636	2000.0	0	500.0	0.2	33.6	4.0	37.800000000000004
7141819	3000.0	0	500.0	0.3	37.8	6.0	44.099999999999994
7141828	2000.0	0	500.0	0.2	44.1	4.0	48.300000000000004
7139598	3000.0	0	500.0	0.3	48.3	6.0	54.599999999999994
7139762	3000.0	0	500.0	0.3	54.6	6.0	60.9
7139748	2000.0	0	500.0	0.2	60.9	4.0	65.1
7141680	2000.0	0	500.0	0.2	65.1	4.0	69.3
7139773	3000.0	0	500.0	0.3	69.3	6.0	75.6
7139611	2000.0	0	500.0	0.2	75.6	4.0	79.8
7136954	2000.0	0	500.0	0.2	79.8	4.0	84.0
7142081	2000.0	0	500.0	0.2	84.0	4.0	88.2
7139861	2000.0	0	500.0	0.2	88.2	4.0	92.4
7139505	2000.0	0	500.0	0.2	92.4	4.0	96.60000000000001
7135207	3000.0	0	500.0	0.3	96.6	6.0	102.89999999999999
7141609	1000.0	0	500.0	0.1	102.9	2.0	105.0
7139208	2000.0	0	500.0	0.2	105.0	4.0	109.2
7137198	3000.0	0	500.0	0.3	109.2	6.0	115.5
7137223	3000.0	0	500.0	0.3	115.5	6.0	121.8
7138124	3000.0	0	500.0	0.3	121.8	6.0	128.1
7138089	3000.0	0	500.0	0.3	128.1	6.0	134.4
7138043	3000.0	0	500.0	0.3	134.4	6.0	140.70000000000002
7137941	2000.0	0	500.0	0.2	140.7	4.0	144.89999999999998
7138336	3000.0	0	500.0	0.3	144.9	6.0	151.20000000000002
7138450	3000.0	0	500.0	0.3	151.2	6.0	157.5
7138149	2000.0	0	500.0	0.2	157.5	4.0	161.7
7137419	3000.0	0	500.0	0.3	161.7	6.0	168.0
7137379	3000.0	0	500.0	0.3	168.0	6.0	174.3
7137824	3000.0	0	500.0	0.3	174.3	6.0	180.60000000000002
7137804	3000.0	0	500.0	0.3	180.6	6.0	186.9
7137767	3000.0	0	500.0	0.3	186.9	6.0	193.20000000000002
7137660	3000.0	0	500.0	0.3	193.2	6.0	199.5
7134498	3000.0	0	500.0	0.3	199.5	6.0	205.8
7139198	2000.0	0	500.0	0.2	205.8	4.0	210.0
7134682	3000.0	0	500.0	0.3	210.0	6.0	216.3
7134680	2000.0	0	500.0	0.2	216.3	4.0	220.5
7139289	3000.0	0	500.0	0.3	220.5	6.0	226.8
7134571	3000.0	0	500.0	0.3	226.8	6.0	233.10000000000002
7134616	3000.0	0	500.0	0.3	233.1	6.0	239.4
7134638	3000.0	0	500.0	0.3	239.4	6.0	245.70000000000002
7139162	2000.0	0	500.0	0.2	245.7	4.0	249.89999999999998
7138629	3000.0	0	500.0	0.3	249.9	6.0	256.20000000000005
7138551	2000.0	0	500.0	0.2	256.2	4.0	260.4
7139062	2000.0	0	500.0	0.2	260.4	4.0	264.59999999999997
7139086	2000.0	0	500.0	0.2	264.6	4.0	268.8
7139123	2000.0	0	500.0	0.2	268.8	4.0	273.0
7140617	2000.0	0	500.0	0.2	273.0	4.0	277.2
7136759	3000.0	0	500.0	0.3	277.2	6.0	283.5
7136400	2000.0	0	500.0	0.2	283.5	4.0	287.7
7140693	2000.0	0	500.0	0.2	287.7	4.0	291.9
7140206	2000.0	0	500.0	0.2	291.9	4.0	296.09999999999997
7135561	3000.0	0	500.0	0.3	296.1	6.0	302.40000000000003
7141206	2000.0	0	500.0	0.2	302.4	4.0	306.59999999999997
7135965	3000.0	0	500.0	0.3	306.6	6.0	312.90000000000003
7135594	3000.0	0	500.0	0.3	312.9	6.0	319.2
7135873	1000.0	0	500.0	0.1	319.2	2.0	321.3
7135461	2000.0	0	500.0	0.2	321.3	4.0	325.5
7135472	2000.0	0	500.0	0.2	325.5	4.0	329.7
7140839	2000.0	0	500.0	0.2	329.7	4.0	333.9
7140822	3000.0	0	500.0	0.3	333.9	6.0	340.2
7140469	3000.0	0	500.0	0.3	340.2	6.0	346.5
7135912	2000.0	0	500.0	0.2	346.5	4.0	350.7
7136586	3000.0	0	500.0	0.3	350.7	6.0	357.0
7140377	1000.0	0	500.0	0.1	357.0	2.0	359.1
7135659	3000.0	0	500.0	0.3	359.1	6.0	365.40000000000003
7135298	2000.0	0	500.0	0.2	365.4	4.0	369.59999999999997
7140056	2000.0	0	500.0	0.2	369.6	4.0	373.8
7135644	3000.0	0	500.0	0.3	373.8	6.0	380.1
7135709	2000.0	0	500.0	0.2	380.1	4.0	384.3
7140779	3000.0	0	500.0	0.3	384.3	6.0	390.6
7140024	2000.0	0	500.0	0.2	390.6	4.0	394.8
7136093	2000.0	0	500.0	0.2	394.8	4.0	399.0
7141483	3000.0	0	500.0	0.3	399.0	6.0	405.3
7136165	2000.0	0	500.0	0.2	405.3	4.0	409.5
7135842	2000.0	0	500.0	0.2	409.5	4.0	413.7
7141328	3000.0	0	500.0	0.3	413.7	6.0	420.0
7136357	3000.0	0	500.0	0.3	420.0	6.0	426.3
7135092	3000.0	1	500.0	0.3	0	6.0	6.3
7134830	2000.0	1	500.0	0.2	6.3	4.0	10.5
7135117	2000.0	1	500.0	0.2	10.5	4.0	14.7
7139347	2000.0	1	500.0	0.2	14.7	4.0	18.9
7134840	3000.0	1	500.0	0.3	18.9	6.0	25.2
7139960	3000.0	1	500.0	0.3	25.2	6.0	31.5
7139367	3000.0	1	500.0	0.3	31.5	6.0	37.8
7134909	3000.0	1	500.0	0.3	37.8	6.0	44.099999999999994
7134862	3000.0	1	500.0	0.3	44.1	6.0	50.4
7134872	2000.0	1	500.0	0.2	50.4	4.0	54.6
7139411	2000.0	1	500.0	0.2	54.6	4.0	58.800000000000004
7139534	2000.0	1	500.0	0.2	58.8	4.0	63.0
7141842	2000.0	1	500.0	0.2	63.0	4.0	67.2
7139771	2000.0	1	500.0	0.2	67.2	4.0	71.4
7141720	3000.0	1	500.0	0.3	71.4	6.0	77.7
7141586	3000.0	1	500.0	0.3	77.7	6.0	84.0
7142077	2000.0	1	500.0	0.2	84.0	4.0	88.2
7139456	4000.0	1	500.0	0.4	88.2	8.0	96.60000000000001
7141603	2000.0	1	500.0	0.2	96.6	4.0	100.8
7137156	2000.0	1	500.0	0.2	100.8	4.0	105.0
7138013	3000.0	1	500.0	0.3	105.0	6.0	111.3
7138419	3000.0	1	500.0	0.3	111.3	6.0	117.6
7138173	2000.0	1	500.0	0.2	117.6	4.0	121.8
7138169	2000.0	1	500.0	0.2	121.8	4.0	126.0
7137491	3000.0	1	500.0	0.3	126.0	6.0	132.3
7137560	2000.0	1	500.0	0.2	132.3	4.0	136.5
7137303	2000.0	1	500.0	0.2	136.5	4.0	140.7
7137265	2000.0	1	500.0	0.2	140.7	4.0	144.89999999999998
7137597	3000.0	1	500.0	0.3	144.9	6.0	151.20000000000002
7137801	2000.0	1	500.0	0.2	151.2	4.0	155.39999999999998
7137788	2000.0	1	500.0	0.2	155.4	4.0	159.6
7137655	3000.0	1	500.0	0.3	159.6	6.0	165.9
7134413	2000.0	1	500.0	0.2	165.9	4.0	170.1
7134540	3000.0	1	500.0	0.3	170.1	6.0	176.4
7134376	3000.0	1	500.0	0.3	176.4	6.0	182.70000000000002
7134706	2000.0	1	500.0	0.2	182.7	4.0	186.89999999999998
7134704	2000.0	1	500.0	0.2	186.9	4.0	191.1
7134740	2000.0	1	500.0	0.2	191.1	4.0	195.29999999999998
7134601	3000.0	1	500.0	0.3	195.3	6.0	201.60000000000002
7136982	3000.0	1	500.0	0.3	201.6	6.0	207.9
7134548	2000.0	1	500.0	0.2	207.9	4.0	212.1
7138676	2000.0	1	500.0	0.2	212.1	4.0	216.29999999999998
7138612	3000.0	1	500.0	0.3	216.3	6.0	222.60000000000002
7139065	2000.0	1	500.0	0.2	222.6	4.0	226.79999999999998
7139030	3000.0	1	500.0	0.3	226.8	6.0	233.10000000000002
7139024	3000.0	1	500.0	0.3	233.1	6.0	239.4
7139016	2000.0	1	500.0	0.2	239.4	4.0	243.6
7138983	3000.0	1	500.0	0.3	243.6	6.0	249.9
7138955	2000.0	1	500.0	0.2	249.9	4.0	254.1
7138945	2000.0	1	500.0	0.2	254.1	4.0	258.29999999999995
7136478	3000.0	1	500.0	0.3	258.3	6.0	264.6
7140642	2000.0	1	500.0	0.2	264.6	4.0	268.8
7141041	2000.0	1	500.0	0.2	268.8	4.0	273.0
7141013	3000.0	1	500.0	0.3	273.0	6.0	279.3
7140710	1000.0	1	500.0	0.1	279.3	2.0	281.40000000000003
7140699	3000.0	1	500.0	0.3	281.4	6.0	287.7
7135562	3000.0	1	500.0	0.3	287.7	6.0	294.0
7141201	2000.0	1	500.0	0.2	294.0	4.0	298.2
7135588	3000.0	1	500.0	0.3	298.2	6.0	304.5
7136790	2000.0	1	500.0	0.2	304.5	4.0	308.7
7135940	2000.0	1	500.0	0.2	308.7	4.0	312.9
7135440	2000.0	1	500.0	0.2	312.9	4.0	317.09999999999997
7140399	3000.0	1	500.0	0.3	317.1	6.0	323.40000000000003
7140845	3000.0	1	500.0	0.3	323.4	6.0	329.7
7135513	3000.0	1	500.0	0.3	329.7	6.0	336.0
7140950	2000.0	1	500.0	0.2	336.0	4.0	340.2
7136691	2000.0	1	500.0	0.2	340.2	4.0	344.4
7140367	1000.0	1	500.0	0.1	344.4	2.0	346.5
7135654	1000.0	1	500.0	0.1	346.5	2.0	348.6
7135677	2000.0	1	500.0	0.2	348.6	4.0	352.8
7136914	2000.0	1	500.0	0.2	352.8	4.0	357.0
7135259	3000.0	1	500.0	0.3	357.0	6.0	363.3
7135614	3000.0	1	500.0	0.3	363.3	6.0	369.6
7135618	2000.0	1	500.0	0.2	369.6	4.0	373.8
7140003	3000.0	1	500.0	0.3	373.8	6.0	380.1
7135636	2000.0	1	500.0	0.2	380.1	4.0	384.3
7140064	1000.0	1	500.0	0.1	384.3	2.0	386.40000000000003
7135231	3000.0	1	500.0	0.3	386.4	6.0	392.7
7141489	3000.0	1	500.0	0.3	392.7	6.0	399.0
7140760	2000.0	1	500.0	0.2	399.0	4.0	403.2
7136325	2000.0	1	500.0	0.2	403.2	4.0	407.4
7135754	2000.0	1	500.0	0.2	407.4	4.0	411.59999999999997
7136821	2000.0	1	500.0	0.2	411.6	4.0	415.8
7141309	2000.0	1	500.0	0.2	415.8	4.0	420.0
7139978	3000.0	2	1000.0	0.3	0	3.0	3.3
7139941	2000.0	2	1000.0	0.2	3.3	2.0	5.5
7134959	3000.0	2	1000.0	0.3	5.5	3.0	8.8
7139588	3000.0	2	1000.0	0.3	8.8	3.0	12.100000000000001
7139699	2000.0	2	1000.0	0.2	12.1	2.0	14.299999999999999
7141672	1000.0	2	1000.0	0.1	14.3	1.0	15.4
7141735	3000.0	2	1000.0	0.3	15.4	3.0	18.700000000000003
7139632	2000.0	2	1000.0	0.2	18.7	2.0	20.9
7139787	2000.0	2	1000.0	0.2	20.9	2.0	23.099999999999998
7139644	2000.0	2	1000.0	0.2	23.1	2.0	25.3
7142030	1000.0	2	1000.0	0.1	25.3	1.0	26.400000000000002
7139474	3000.0	2	1000.0	0.3	26.4	3.0	29.7
7139458	3000.0	2	1000.0	0.3	29.7	3.0	33.0
7141930	3000.0	2	1000.0	0.3	33.0	3.0	36.3
7141614	2000.0	2	1000.0	0.2	36.3	2.0	38.5
7141973	3000.0	2	1000.0	0.3	38.5	3.0	41.8
7138331	2000.0	2	1000.0	0.2	41.8	2.0	44.0
7137441	3000.0	2	1000.0	0.3	44.0	3.0	47.3
7137425	2000.0	2	1000.0	0.2	47.3	2.0	49.5
7137295	3000.0	2	1000.0	0.3	49.5	3.0	52.8
7137326	2000.0	2	1000.0	0.2	52.8	2.0	55.0
7137844	2000.0	2	1000.0	0.2	55.0	2.0	57.2
7137846	3000.0	2	1000.0	0.3	57.2	3.0	60.5
7137856	2000.0	2	1000.0	0.2	60.5	2.0	62.7
7137643	3000.0	2	1000.0	0.3	62.7	3.0	66.0
7137642	2000.0	2	1000.0	0.2	66.0	2.0	68.2
7137619	3000.0	2	1000.0	0.3	68.2	3.0	71.5
7137749	3000.0	2	1000.0	0.3	71.5	3.0	74.8
7137711	2000.0	2	1000.0	0.2	74.8	2.0	77.0
7138477	2000.0	2	1000.0	0.2	77.0	2.0	79.2
7134457	2000.0	2	1000.0	0.2	79.2	2.0	81.4
7137017	2000.0	2	1000.0	0.2	81.4	2.0	83.60000000000001
7134477	3000.0	2	1000.0	0.3	83.6	3.0	86.89999999999999
7137108	1000.0	2	1000.0	0.1	86.9	1.0	88.0
7137039	2000.0	2	1000.0	0.2	88.0	2.0	90.2
7137057	3000.0	2	1000.0	0.3	90.2	3.0	93.5
7134762	3000.0	2	1000.0	0.3	93.5	3.0	96.8
7134570	2000.0	2	1000.0	0.2	96.8	2.0	99.0
7139276	2000.0	2	1000.0	0.2	99.0	2.0	101.2
7138682	2000.0	2	1000.0	0.2	101.2	2.0	103.4
7138681	3000.0	2	1000.0	0.3	103.4	3.0	106.7
7138729	2000.0	2	1000.0	0.2	106.7	2.0	108.9
7138808	2000.0	2	1000.0	0.2	108.9	2.0	111.10000000000001
7138755	3000.0	2	1000.0	0.3	111.1	3.0	114.39999999999999
7138548	2000.0	2	1000.0	0.2	114.4	2.0	116.60000000000001
7138530	2000.0	2	1000.0	0.2	116.6	2.0	118.8
7138596	2000.0	2	1000.0	0.2	118.8	2.0	121.0
7139154	2000.0	2	1000.0	0.2	121.0	2.0	123.2
7138855	3000.0	2	1000.0	0.3	123.2	3.0	126.5
7138917	2000.0	2	1000.0	0.2	126.5	2.0	128.7
7138995	3000.0	2	1000.0	0.3	128.7	3.0	132.0
7141096	3000.0	2	1000.0	0.3	132.0	3.0	135.3
7140293	2000.0	2	1000.0	0.2	135.3	2.0	137.5
7136522	3000.0	2	1000.0	0.3	137.5	3.0	140.8
7140603	1000.0	2	1000.0	0.1	140.8	1.0	141.9
7140194	2000.0	2	1000.0	0.2	141.9	2.0	144.1
7140204	2000.0	2	1000.0	0.2	144.1	2.0	146.29999999999998
7141250	2000.0	2	1000.0	0.2	146.3	2.0	148.5
7135570	2000.0	2	1000.0	0.2	148.5	2.0	150.7
7136796	2000.0	2	1000.0	0.2	150.7	2.0	152.89999999999998
7140971	1000.0	2	1000.0	0.1	152.9	1.0	154.0
7140397	3000.0	2	1000.0	0.3	154.0	3.0	157.3
7140498	2000.0	2	1000.0	0.2	157.3	2.0	159.5
7136636	2000.0	2	1000.0	0.2	159.5	2.0	161.7
7140528	1000.0	2	1000.0	0.1	161.7	1.0	162.79999999999998
7140343	2000.0	2	1000.0	0.2	162.8	2.0	165.0
7140302	2000.0	2	1000.0	0.2	165.0	2.0	167.2
7135987	2000.0	2	1000.0	0.2	167.2	2.0	169.39999999999998
7140378	2000.0	2	1000.0	0.2	169.4	2.0	171.6
7136568	3000.0	2	1000.0	0.3	171.6	3.0	174.9
7140359	3000.0	2	1000.0	0.3	174.9	3.0	178.20000000000002
7136578	3000.0	2	1000.0	0.3	178.2	3.0	181.5
7135307	2000.0	2	1000.0	0.2	181.5	2.0	183.7
7136204	2000.0	2	1000.0	0.2	183.7	2.0	185.89999999999998
7136256	2000.0	2	1000.0	0.2	185.9	2.0	188.1
7135363	3000.0	2	1000.0	0.3	188.1	3.0	191.4
7140773	2000.0	2	1000.0	0.2	191.4	2.0	193.6
7135734	1000.0	2	1000.0	0.1	193.6	1.0	194.7
7135359	3000.0	2	1000.0	0.3	194.7	3.0	198.0
7140038	3000.0	2	1000.0	0.3	198.0	3.0	201.3
7136110	3000.0	2	1000.0	0.3	201.3	3.0	204.60000000000002
7140117	2000.0	2	1000.0	0.2	204.6	2.0	206.79999999999998
7136289	2000.0	2	1000.0	0.2	206.8	2.0	209.0
7141403	3000.0	2	1000.0	0.3	209.0	3.0	212.3
7135773	3000.0	2	1000.0	0.3	212.3	3.0	215.60000000000002
7135390	2000.0	2	1000.0	0.2	215.6	2.0	217.79999999999998
7135823	2000.0	2	1000.0	0.2	217.8	2.0	220.0
7135743	2000.0	2	1000.0	0.2	220.0	2.0	222.2
7141347	1000.0	2	1000.0	0.1	222.2	1.0	223.29999999999998
7136362	2000.0	2	1000.0	0.2	223.3	2.0	225.5
7136831	2000.0	2	1000.0	0.2	225.5	2.0	227.7
7136314	3000.0	2	1000.0	0.3	227.7	3.0	231.0
7135104	3000.0	3	1000.0	0.3	0	3.0	3.3
7139368	2000.0	3	1000.0	0.2	3.3	2.0	5.5
7135076	3000.0	3	1000.0	0.3	5.5	3.0	8.8
7139565	2000.0	3	1000.0	0.2	8.8	2.0	11.0
7141807	3000.0	3	1000.0	0.3	11.0	3.0	14.3
7139752	3000.0	3	1000.0	0.3	14.3	3.0	17.6
7139621	3000.0	3	1000.0	0.3	17.6	3.0	20.900000000000002
7139529	1000.0	3	1000.0	0.1	20.9	1.0	22.0
7141589	2000.0	3	1000.0	0.2	22.0	2.0	24.2
7142012	2000.0	3	1000.0	0.2	24.2	2.0	26.4
7141577	2000.0	3	1000.0	0.2	26.4	2.0	28.599999999999998
7142008	3000.0	3	1000.0	0.3	28.6	3.0	31.900000000000002
7141925	2000.0	3	1000.0	0.2	31.9	2.0	34.1
7141599	2000.0	3	1000.0	0.2	34.1	2.0	36.300000000000004
7141602	2000.0	3	1000.0	0.2	36.3	2.0	38.5
7141964	2000.0	3	1000.0	0.2	38.5	2.0	40.7
7141605	2000.0	3	1000.0	0.2	40.7	2.0	42.900000000000006
7137193	2000.0	3	1000.0	0.2	42.9	2.0	45.1
7137130	1000.0	3	1000.0	0.1	45.1	1.0	46.2
7137144	3000.0	3	1000.0	0.3	46.2	3.0	49.5
7137155	2000.0	3	1000.0	0.2	49.5	2.0	51.7
7137176	1000.0	3	1000.0	0.1	51.7	1.0	52.800000000000004
7138001	2000.0	3	1000.0	0.2	52.8	2.0	55.0
7138430	2000.0	3	1000.0	0.2	55.0	2.0	57.2
7138317	2000.0	3	1000.0	0.2	57.2	2.0	59.400000000000006
7138193	3000.0	3	1000.0	0.3	59.4	3.0	62.699999999999996
7138251	2000.0	3	1000.0	0.2	62.7	2.0	64.9
7138236	2000.0	3	1000.0	0.2	64.9	2.0	67.10000000000001
7137440	2000.0	3	1000.0	0.2	67.1	2.0	69.3
7137467	1000.0	3	1000.0	0.1	69.3	1.0	70.39999999999999
7137557	2000.0	3	1000.0	0.2	70.4	2.0	72.60000000000001
7137537	3000.0	3	1000.0	0.3	72.6	3.0	75.89999999999999
7137590	2000.0	3	1000.0	0.2	75.9	2.0	78.10000000000001
7137886	3000.0	3	1000.0	0.3	78.1	3.0	81.39999999999999
7137873	3000.0	3	1000.0	0.3	81.4	3.0	84.7
7137614	2000.0	3	1000.0	0.2	84.7	2.0	86.9
7137630	1000.0	3	1000.0	0.1	86.9	1.0	88.0
7134441	2000.0	3	1000.0	0.2	88.0	2.0	90.2
7134402	3000.0	3	1000.0	0.3	90.2	3.0	93.5
7136992	2000.0	3	1000.0	0.2	93.5	2.0	95.7
7134396	2000.0	3	1000.0	0.2	95.7	2.0	97.9
7137094	2000.0	3	1000.0	0.2	97.9	2.0	100.10000000000001
7139200	3000.0	3	1000.0	0.3	100.1	3.0	103.39999999999999
7137075	2000.0	3	1000.0	0.2	103.4	2.0	105.60000000000001
7137051	3000.0	3	1000.0	0.3	105.6	3.0	108.89999999999999
7134793	2000.0	3	1000.0	0.2	108.9	2.0	111.10000000000001
7134606	3000.0	3	1000.0	0.3	111.1	3.0	114.39999999999999
7134561	2000.0	3	1000.0	0.2	114.4	2.0	116.60000000000001
7138764	3000.0	3	1000.0	0.3	116.6	3.0	119.89999999999999
7138603	3000.0	3	1000.0	0.3	119.9	3.0	123.2
7139093	2000.0	3	1000.0	0.2	123.2	2.0	125.4
7139143	2000.0	3	1000.0	0.2	125.4	2.0	127.60000000000001
7139098	4000.0	3	1000.0	0.4	127.6	4.0	132.0
7139121	3000.0	3	1000.0	0.3	132.0	3.0	135.3
7138893	2000.0	3	1000.0	0.2	135.3	2.0	137.5
7138853	3000.0	3	1000.0	0.3	137.5	3.0	140.8
7138835	2000.0	3	1000.0	0.2	140.8	2.0	143.0
7136762	2000.0	3	1000.0	0.2	143.0	2.0	145.2
7141091	2000.0	3	1000.0	0.2	145.2	2.0	147.39999999999998
7141123	3000.0	3	1000.0	0.3	147.4	3.0	150.70000000000002
7141108	2000.0	3	1000.0	0.2	150.7	2.0	152.89999999999998
7140997	2000.0	3	1000.0	0.2	152.9	2.0	155.1
7136732	3000.0	3	1000.0	0.3	155.1	3.0	158.4
7136747	2000.0	3	1000.0	0.2	158.4	2.0	160.6
7141137	2000.0	3	1000.0	0.2	160.6	2.0	162.79999999999998
7141177	3000.0	3	1000.0	0.3	162.8	3.0	166.10000000000002
7140533	2000.0	3	1000.0	0.2	166.1	2.0	168.29999999999998
7135429	3000.0	3	1000.0	0.3	168.3	3.0	171.60000000000002
7136635	2000.0	3	1000.0	0.2	171.6	2.0	173.79999999999998
7135969	2000.0	3	1000.0	0.2	173.8	2.0	176.0
7135952	3000.0	3	1000.0	0.3	176.0	3.0	179.3
7135420	3000.0	3	1000.0	0.3	179.3	3.0	182.60000000000002
7135416	2000.0	3	1000.0	0.2	182.6	2.0	184.79999999999998
7140954	1000.0	3	1000.0	0.1	184.8	1.0	185.9
7136536	3000.0	3	1000.0	0.3	185.9	3.0	189.20000000000002
7136537	3000.0	3	1000.0	0.3	189.2	3.0	192.5
7141293	2000.0	3	1000.0	0.2	192.5	2.0	194.7
7136257	2000.0	3	1000.0	0.2	194.7	2.0	196.89999999999998
7136268	2000.0	3	1000.0	0.2	196.9	2.0	199.1
7140774	3000.0	3	1000.0	0.3	199.1	3.0	202.4
7135338	2000.0	3	1000.0	0.2	202.4	2.0	204.6
7136947	2000.0	3	1000.0	0.2	204.6	2.0	206.79999999999998
7136086	2000.0	3	1000.0	0.2	206.8	2.0	209.0
7135234	2000.0	3	1000.0	0.2	209.0	2.0	211.2
7136849	3000.0	3	1000.0	0.3	211.2	3.0	214.5
7141317	3000.0	3	1000.0	0.3	214.5	3.0	217.8
7141381	2000.0	3	1000.0	0.2	217.8	2.0	220.0
7135819	3000.0	3	1000.0	0.3	220.0	3.0	223.3
7141311	2000.0	3	1000.0	0.2	223.3	2.0	225.5
7134991	2000.0	4	4000.0	0.2038	0	0.5	0.7038
7134856	3000.0	4	4000.0	0.3038	0.7038	0.75	1.7576
7134987	2000.0	4	4000.0	0.2038	1.7576	0.5	2.4614000000000003
7139381	2000.0	4	4000.0	0.2038	2.4614	0.5	3.1652
7139417	3000.0	4	4000.0	0.3038	3.1652	0.75	4.218999999999999
7139389	3000.0	4	4000.0	0.3038	4.219	0.75	5.2728
7141788	2000.0	4	4000.0	0.2038	5.2728	0.5	5.9766
7141880	2000.0	4	4000.0	0.2038	5.9766	0.5	6.680400000000001
7139830	2000.0	4	4000.0	0.2038	6.6804	0.5	7.3842
7141669	2000.0	4	4000.0	0.2038	7.3842	0.5	8.088000000000001
7141681	2000.0	4	4000.0	0.2038	8.088	0.5	8.791799999999999
7139805	2000.0	4	4000.0	0.2038	8.7918	0.5	9.4956
7139792	1000.0	4	4000.0	0.1038	9.4956	0.25	9.8494
7139620	2000.0	4	4000.0	0.2038	9.8494	0.5	10.553199999999999
7142057	3000.0	4	4000.0	0.3038	10.5532	0.75	11.607000000000001
7142010	2000.0	4	4000.0	0.2038	11.607	0.5	12.310799999999999
7142078	3000.0	4	4000.0	0.3038	12.3108	0.75	13.364600000000001
7141946	2000.0	4	4000.0	0.2038	13.3646	0.5	14.068399999999999
7141944	3000.0	4	4000.0	0.3038	14.0684	0.75	15.122200000000001
7141917	2000.0	4	4000.0	0.2038	15.1222	0.5	15.825999999999999
7135210	3000.0	4	4000.0	0.3038	15.826	0.75	16.8798
7139522	2000.0	4	4000.0	0.2038	16.8798	0.5	17.5836
7135162	2000.0	4	4000.0	0.2038	17.5836	0.5	18.2874
7138137	2000.0	4	4000.0	0.2038	18.2874	0.5	18.991200000000003
7138134	3000.0	4	4000.0	0.3038	18.9912	0.75	20.044999999999998
7137140	3000.0	4	4000.0	0.3038	20.045	0.75	21.0988
7138011	3000.0	4	4000.0	0.3038	21.0988	0.75	22.1526
7138113	2000.0	4	4000.0	0.2038	22.1526	0.5	22.8564
7138065	3000.0	4	4000.0	0.3038	22.8564	0.75	23.9102
7138048	2000.0	4	4000.0	0.2038	23.9102	0.5	24.614
7138148	2000.0	4	4000.0	0.2038	24.614	0.5	25.317800000000002
7138371	1000.0	4	4000.0	0.1038	25.3178	0.25	25.671599999999998
7138417	1000.0	4	4000.0	0.1038	25.6716	0.25	26.0254
7138413	2000.0	4	4000.0	0.2038	26.0254	0.5	26.729200000000002
7138176	2000.0	4	4000.0	0.2038	26.7292	0.5	27.433
7138152	4000.0	4	4000.0	0.4038	27.433	1.0	28.8368
7138224	2000.0	4	4000.0	0.2038	28.8368	0.5	29.5406
7137890	2000.0	4	4000.0	0.2038	29.5406	0.5	30.244400000000002
7137864	2000.0	4	4000.0	0.2038	30.2444	0.5	30.9482
7137862	3000.0	4	4000.0	0.3038	30.9482	0.75	32.001999999999995
7137700	2000.0	4	4000.0	0.2038	32.002	0.5	32.7058
7134497	3000.0	4	4000.0	0.3038	32.7058	0.75	33.759600000000006
7134378	2000.0	4	4000.0	0.2038	33.7596	0.5	34.4634
7134712	3000.0	4	4000.0	0.3038	34.4634	0.75	35.5172
7138520	2000.0	4	4000.0	0.2038	35.5172	0.5	36.221000000000004
7138620	3000.0	4	4000.0	0.3038	36.221	0.75	37.2748
7138567	2000.0	4	4000.0	0.2038	37.2748	0.5	37.9786
7139129	2000.0	4	4000.0	0.2038	37.9786	0.5	38.6824
7139120	2000.0	4	4000.0	0.2038	38.6824	0.5	39.3862
7138877	2000.0	4	4000.0	0.2038	39.3862	0.5	40.09
7136469	3000.0	4	4000.0	0.3038	40.09	0.75	41.143800000000006
7141008	2000.0	4	4000.0	0.2038	41.1438	0.5	41.8476
7140611	3000.0	4	4000.0	0.3038	41.8476	0.75	42.9014
7141126	2000.0	4	4000.0	0.2038	42.9014	0.5	43.6052
7140212	2000.0	4	4000.0	0.2038	43.6052	0.5	44.309000000000005
7136429	2000.0	4	4000.0	0.2038	44.309	0.5	45.0128
7136783	3000.0	4	4000.0	0.3038	45.0128	0.75	46.0666
7141141	3000.0	4	4000.0	0.3038	46.0666	0.75	47.120400000000004
7135589	2000.0	4	4000.0	0.2038	47.1204	0.5	47.8242
7136795	2000.0	4	4000.0	0.2038	47.8242	0.5	48.528
7136793	2000.0	4	4000.0	0.2038	48.528	0.5	49.2318
7141185	3000.0	4	4000.0	0.3038	49.2318	0.75	50.2856
7140967	2000.0	4	4000.0	0.2038	50.2856	0.5	50.9894
7136652	2000.0	4	4000.0	0.2038	50.9894	0.5	51.693200000000004
7140470	3000.0	4	4000.0	0.3038	51.6932	0.75	52.747
7140815	2000.0	4	4000.0	0.2038	52.747	0.5	53.4508
7140835	2000.0	4	4000.0	0.2038	53.4508	0.5	54.1546
7136597	3000.0	4	4000.0	0.3038	54.1546	0.75	55.208400000000005
7136552	3000.0	4	4000.0	0.3038	55.2084	0.75	56.2622
7140910	2000.0	4	4000.0	0.2038	56.2622	0.5	56.966
7140589	2000.0	4	4000.0	0.2038	56.966	0.5	57.6698
7140330	2000.0	4	4000.0	0.2038	57.6698	0.5	58.3736
7140320	3000.0	4	4000.0	0.3038	58.3736	0.75	59.427400000000006
7136681	3000.0	4	4000.0	0.3038	59.4274	0.75	60.4812
7135922	1000.0	4	4000.0	0.1038	60.4812	0.25	60.835
7140878	2000.0	4	4000.0	0.2038	60.835	0.5	61.5388
7135652	2000.0	4	4000.0	0.2038	61.5388	0.5	62.2426
7140061	2000.0	4	4000.0	0.2038	62.2426	0.5	62.946400000000004
7135251	3000.0	4	4000.0	0.3038	62.9464	0.75	64.0002
7140059	2000.0	4	4000.0	0.2038	64.0002	0.5	64.70400000000001
7136270	3000.0	4	4000.0	0.3038	64.704	0.75	65.75779999999999
7136148	3000.0	4	4000.0	0.3038	65.7578	0.75	66.8116
7140014	2000.0	4	4000.0	0.2038	66.8116	0.5	67.5154
7135611	3000.0	4	4000.0	0.3038	67.5154	0.75	68.5692
7136127	2000.0	4	4000.0	0.2038	68.5692	0.5	69.273
7136083	2000.0	4	4000.0	0.2038	69.273	0.5	69.9768
7136173	2000.0	4	4000.0	0.2038	69.9768	0.5	70.6806
7140073	2000.0	4	4000.0	0.2038	70.6806	0.5	71.3844
7141455	3000.0	4	4000.0	0.3038	71.3844	0.75	72.4382
7135368	2000.0	4	4000.0	0.2038	72.4382	0.5	73.142
7141472	2000.0	4	4000.0	0.2038	73.142	0.5	73.8458
7140088	2000.0	4	4000.0	0.2038	73.8458	0.5	74.5496
7140713	3000.0	4	4000.0	0.3038	74.5496	0.75	75.6034
7136035	3000.0	4	4000.0	0.3038	75.6034	0.75	76.65719999999999
7136329	3000.0	4	4000.0	0.3038	76.6572	0.75	77.711
7135755	2000.0	4	4000.0	0.2038	77.711	0.5	78.4148
7135829	3000.0	4	4000.0	0.3038	78.4148	0.75	79.4686
7141559	2000.0	5	4000.0	0.2038	0	0.5	0.7038
7135061	3000.0	5	4000.0	0.3038	0.7038	0.75	1.7576
7139489	2000.0	5	4000.0	0.2038	1.7576	0.5	2.4614000000000003
7139580	2000.0	5	4000.0	0.2038	2.4614	0.5	3.1652
7141798	3000.0	5	4000.0	0.3038	3.1652	0.75	4.218999999999999
7141800	3000.0	5	4000.0	0.3038	4.219	0.75	5.2728
7139740	2000.0	5	4000.0	0.2038	5.2728	0.5	5.9766
7142061	3000.0	5	4000.0	0.3038	5.9766	0.75	7.0304
7142070	3000.0	5	4000.0	0.3038	7.0304	0.75	8.0842
7142023	2000.0	5	4000.0	0.2038	8.0842	0.5	8.787999999999998
7135149	2000.0	5	4000.0	0.2038	8.788	0.5	9.4918
7139850	3000.0	5	4000.0	0.3038	9.4918	0.75	10.5456
7141628	2000.0	5	4000.0	0.2038	10.5456	0.5	11.2494
7139523	2000.0	5	4000.0	0.2038	11.2494	0.5	11.953199999999999
7135133	3000.0	5	4000.0	0.3038	11.9532	0.75	13.007000000000001
7139904	3000.0	5	4000.0	0.3038	13.007	0.75	14.0608
7139897	3000.0	5	4000.0	0.3038	14.0608	0.75	15.114600000000001
7137204	3000.0	5	4000.0	0.3038	15.1146	0.75	16.1684
7138077	1000.0	5	4000.0	0.1038	16.1684	0.25	16.522199999999998
7138342	2000.0	5	4000.0	0.2038	16.5222	0.5	17.226000000000003
7138165	2000.0	5	4000.0	0.2038	17.226	0.5	17.9298
7138170	2000.0	5	4000.0	0.2038	17.9298	0.5	18.6336
7138258	1000.0	5	4000.0	0.1038	18.6336	0.25	18.9874
7137516	2000.0	5	4000.0	0.2038	18.9874	0.5	19.691200000000002
7137492	2000.0	5	4000.0	0.2038	19.6912	0.5	20.395
7137280	1000.0	5	4000.0	0.1038	20.395	0.25	20.7488
7137384	2000.0	5	4000.0	0.2038	20.7488	0.5	21.4526
7137350	2000.0	5	4000.0	0.2038	21.4526	0.5	22.1564
7137337	3000.0	5	4000.0	0.3038	22.1564	0.75	23.2102
7137790	3000.0	5	4000.0	0.3038	23.2102	0.75	24.264
7137884	2000.0	5	4000.0	0.2038	24.264	0.5	24.9678
7137859	3000.0	5	4000.0	0.3038	24.9678	0.75	26.0216
7137763	2000.0	5	4000.0	0.2038	26.0216	0.5	26.7254
7137680	3000.0	5	4000.0	0.3038	26.7254	0.75	27.7792
7137626	2000.0	5	4000.0	0.2038	27.7792	0.5	28.483
7137756	2000.0	5	4000.0	0.2038	28.483	0.5	29.1868
7134818	2000.0	5	4000.0	0.2038	29.1868	0.5	29.890600000000003
7139249	2000.0	5	4000.0	0.2038	29.8906	0.5	30.5944
7134692	3000.0	5	4000.0	0.3038	30.5944	0.75	31.6482
7138655	2000.0	5	4000.0	0.2038	31.6482	0.5	32.352000000000004
7138787	2000.0	5	4000.0	0.2038	32.352	0.5	33.0558
7138537	3000.0	5	4000.0	0.3038	33.0558	0.75	34.1096
7139096	3000.0	5	4000.0	0.3038	34.1096	0.75	35.1634
7138849	2000.0	5	4000.0	0.2038	35.1634	0.5	35.867200000000004
7136764	2000.0	5	4000.0	0.2038	35.8672	0.5	36.571
7135399	2000.0	5	4000.0	0.2038	36.571	0.5	37.2748
7141117	3000.0	5	4000.0	0.3038	37.2748	0.75	38.3286
7141111	2000.0	5	4000.0	0.2038	38.3286	0.5	39.0324
7135905	3000.0	5	4000.0	0.3038	39.0324	0.75	40.086200000000005
7140972	2000.0	5	4000.0	0.2038	40.0862	0.5	40.79
7136498	2000.0	5	4000.0	0.2038	40.79	0.5	41.4938
7140277	2000.0	5	4000.0	0.2038	41.4938	0.5	42.1976
7141240	2000.0	5	4000.0	0.2038	42.1976	0.5	42.9014
7140694	2000.0	5	4000.0	0.2038	42.9014	0.5	43.6052
7141254	3000.0	5	4000.0	0.3038	43.6052	0.75	44.659000000000006
7141279	3000.0	5	4000.0	0.3038	44.659	0.75	45.7128
7136820	1000.0	5	4000.0	0.1038	45.7128	0.25	46.0666
7140186	1000.0	5	4000.0	0.1038	46.0666	0.25	46.4204
7141171	3000.0	5	4000.0	0.3038	46.4204	0.75	47.4742
7135564	2000.0	5	4000.0	0.2038	47.4742	0.5	48.178000000000004
7141156	3000.0	5	4000.0	0.3038	48.178	0.75	49.2318
7140427	2000.0	5	4000.0	0.2038	49.2318	0.5	49.9356
7135446	1000.0	5	4000.0	0.1038	49.9356	0.25	50.2894
7136639	3000.0	5	4000.0	0.3038	50.2894	0.75	51.3432
7135537	2000.0	5	4000.0	0.2038	51.3432	0.5	52.047000000000004
7140494	2000.0	5	4000.0	0.2038	52.047	0.5	52.7508
7140496	2000.0	5	4000.0	0.2038	52.7508	0.5	53.4546
7140914	2000.0	5	4000.0	0.2038	53.4546	0.5	54.1584
7140321	3000.0	5	4000.0	0.3038	54.1584	0.75	55.2122
7140554	2000.0	5	4000.0	0.2038	55.2122	0.5	55.916000000000004
7140859	2000.0	5	4000.0	0.2038	55.916	0.5	56.6198
7140855	3000.0	5	4000.0	0.3038	56.6198	0.75	57.6736
7136571	2000.0	5	4000.0	0.2038	57.6736	0.5	58.3774
7136233	2000.0	5	4000.0	0.2038	58.3774	0.5	59.0812
7136235	3000.0	5	4000.0	0.3038	59.0812	0.75	60.135000000000005
7136200	2000.0	5	4000.0	0.2038	60.135	0.5	60.8388
7135237	2000.0	5	4000.0	0.2038	60.8388	0.5	61.5426
7136269	3000.0	5	4000.0	0.3038	61.5426	0.75	62.5964
7136872	2000.0	5	4000.0	0.2038	62.5964	0.5	63.300200000000004
7140781	3000.0	5	4000.0	0.3038	63.3002	0.75	64.354
7135235	1000.0	5	4000.0	0.1038	64.354	0.25	64.7078
7141496	2000.0	5	4000.0	0.2038	64.7078	0.5	65.4116
7140029	2000.0	5	4000.0	0.2038	65.4116	0.5	66.11540000000001
7136949	1000.0	5	4000.0	0.1038	66.1154	0.25	66.4692
7136166	2000.0	5	4000.0	0.2038	66.4692	0.5	67.173
7141487	2000.0	5	4000.0	0.2038	67.173	0.5	67.8768
7141482	2000.0	5	4000.0	0.2038	67.8768	0.5	68.5806
7140107	3000.0	5	4000.0	0.3038	68.5806	0.75	69.6344
7141394	2000.0	5	4000.0	0.2038	69.6344	0.5	70.3382
7136342	1000.0	5	4000.0	0.1038	70.3382	0.25	70.69200000000001
7136366	3000.0	5	4000.0	0.3038	70.692	0.75	71.74579999999999
7135814	2000.0	5	4000.0	0.2038	71.7458	0.5	72.4496
7135838	2000.0	5	4000.0	0.2038	72.4496	0.5	73.1534
7140165	2000.0	5	4000.0	0.2038	73.1534	0.5	73.8572
7136290	2000.0	5	4000.0	0.2038	73.8572	0.5	74.561
7135818	2000.0	5	4000.0	0.2038	74.561	0.5	75.26480000000001
7141565	3000.0	6	5000.0	0.3038	0	0.6	0.9037999999999999
7134849	2000.0	6	5000.0	0.2038	0.9038	0.4	1.5076
7135017	2000.0	6	5000.0	0.2038	1.5076	0.4	2.1114
7135055	1000.0	6	5000.0	0.1038	2.1114	0.2	2.4152000000000005
7134925	3000.0	6	5000.0	0.3038	2.4152	0.6	3.319
7139946	3000.0	6	5000.0	0.3038	3.319	0.6	4.222799999999999
7134968	2000.0	6	5000.0	0.2038	4.2228	0.4	4.826600000000001
7134880	1000.0	6	5000.0	0.1038	4.8266	0.2	5.1304
7135079	2000.0	6	5000.0	0.2038	5.1304	0.4	5.7342
7141639	2000.0	6	5000.0	0.2038	5.7342	0.4	6.338000000000001
7141770	2000.0	6	5000.0	0.2038	6.338	0.4	6.941800000000001
7141857	2000.0	6	5000.0	0.2038	6.9418	0.4	7.5456
7141657	2000.0	6	5000.0	0.2038	7.5456	0.4	8.1494
7139688	3000.0	6	5000.0	0.3038	8.1494	0.6	9.0532
7139754	3000.0	6	5000.0	0.3038	9.0532	0.6	9.957
7139460	3000.0	6	5000.0	0.3038	9.957	0.6	10.860800000000001
7139914	3000.0	6	5000.0	0.3038	10.8608	0.6	11.7646
7142043	2000.0	6	5000.0	0.2038	11.7646	0.4	12.3684
7139466	2000.0	6	5000.0	0.2038	12.3684	0.4	12.972199999999999
7142018	2000.0	6	5000.0	0.2038	12.9722	0.4	13.576
7141571	3000.0	6	5000.0	0.3038	13.576	0.6	14.479800000000001
7135155	2000.0	6	5000.0	0.2038	14.4798	0.4	15.083599999999999
7140160	3000.0	6	5000.0	0.3038	15.0836	0.6	15.987400000000001
7138136	3000.0	6	5000.0	0.3038	15.9874	0.6	16.8912
7137133	3000.0	6	5000.0	0.3038	16.8912	0.6	17.795
7137970	2000.0	6	5000.0	0.2038	17.795	0.4	18.3988
7137967	2000.0	6	5000.0	0.2038	18.3988	0.4	19.0026
7138016	2000.0	6	5000.0	0.2038	19.0026	0.4	19.6064
7138363	2000.0	6	5000.0	0.2038	19.6064	0.4	20.2102
7138335	2000.0	6	5000.0	0.2038	20.2102	0.4	20.814
7138438	2000.0	6	5000.0	0.2038	20.814	0.4	21.4178
7137488	2000.0	6	5000.0	0.2038	21.4178	0.4	22.0216
7137523	3000.0	6	5000.0	0.3038	22.0216	0.6	22.9254
7137392	2000.0	6	5000.0	0.2038	22.9254	0.4	23.5292
7137315	2000.0	6	5000.0	0.2038	23.5292	0.4	24.133
7137778	1000.0	6	5000.0	0.1038	24.133	0.2	24.436799999999998
7137903	2000.0	6	5000.0	0.2038	24.4368	0.4	25.0406
7137877	1000.0	6	5000.0	0.1038	25.0406	0.2	25.3444
7137673	3000.0	6	5000.0	0.3038	25.3444	0.6	26.2482
7137598	3000.0	6	5000.0	0.3038	26.2482	0.6	27.152
7137731	3000.0	6	5000.0	0.3038	27.152	0.6	28.0558
7134547	3000.0	6	5000.0	0.3038	28.0558	0.6	28.959600000000002
7134684	3000.0	6	5000.0	0.3038	28.9596	0.6	29.8634
7134551	3000.0	6	5000.0	0.3038	29.8634	0.6	30.7672
7134622	2000.0	6	5000.0	0.2038	30.7672	0.4	31.371
7134647	2000.0	6	5000.0	0.2038	31.371	0.4	31.9748
7138703	4000.0	6	5000.0	0.4038	31.9748	0.8	33.178599999999996
7139042	3000.0	6	5000.0	0.3038	33.1786	0.6	34.08240000000001
7139034	2000.0	6	5000.0	0.2038	34.0824	0.4	34.6862
7138914	3000.0	6	5000.0	0.3038	34.6862	0.6	35.59
7139000	2000.0	6	5000.0	0.2038	35.59	0.4	36.1938
7141055	3000.0	6	5000.0	0.3038	36.1938	0.6	37.09760000000001
7140284	2000.0	6	5000.0	0.2038	37.0976	0.4	37.7014
7140614	1000.0	6	5000.0	0.1038	37.7014	0.2	38.0052
7140610	2000.0	6	5000.0	0.2038	38.0052	0.4	38.609
7136757	3000.0	6	5000.0	0.3038	38.609	0.6	39.512800000000006
7140271	2000.0	6	5000.0	0.2038	39.5128	0.4	40.1166
7136511	2000.0	6	5000.0	0.2038	40.1166	0.4	40.7204
7140193	3000.0	6	5000.0	0.3038	40.7204	0.6	41.6242
7140177	2000.0	6	5000.0	0.2038	41.6242	0.4	42.228
7141255	3000.0	6	5000.0	0.3038	42.228	0.6	43.131800000000005
7141211	2000.0	6	5000.0	0.2038	43.1318	0.4	43.7356
7140537	2000.0	6	5000.0	0.2038	43.7356	0.4	44.3394
7135936	2000.0	6	5000.0	0.2038	44.3394	0.4	44.9432
7135950	3000.0	6	5000.0	0.3038	44.9432	0.6	45.847
7140449	3000.0	6	5000.0	0.3038	45.847	0.6	46.750800000000005
7136654	3000.0	6	5000.0	0.3038	46.7508	0.6	47.6546
7140924	2000.0	6	5000.0	0.2038	47.6546	0.4	48.2584
7140960	3000.0	6	5000.0	0.3038	48.2584	0.6	49.162200000000006
7140324	2000.0	6	5000.0	0.2038	49.1622	0.4	49.766
7135925	2000.0	6	5000.0	0.2038	49.766	0.4	50.3698
7140873	2000.0	6	5000.0	0.2038	50.3698	0.4	50.9736
7140864	3000.0	6	5000.0	0.3038	50.9736	0.6	51.8774
7140557	2000.0	6	5000.0	0.2038	51.8774	0.4	52.4812
7141288	2000.0	6	5000.0	0.2038	52.4812	0.4	53.085
7135651	3000.0	6	5000.0	0.3038	53.085	0.6	53.988800000000005
7136915	2000.0	6	5000.0	0.2038	53.9888	0.4	54.5926
7135250	2000.0	6	5000.0	0.2038	54.5926	0.4	55.1964
7136263	2000.0	6	5000.0	0.2038	55.1964	0.4	55.8002
7135349	2000.0	6	5000.0	0.2038	55.8002	0.4	56.403999999999996
7141522	2000.0	6	5000.0	0.2038	56.404	0.4	57.0078
7136929	2000.0	6	5000.0	0.2038	57.0078	0.4	57.6116
7141463	3000.0	6	5000.0	0.3038	57.6116	0.6	58.51540000000001
7140074	3000.0	6	5000.0	0.3038	58.5154	0.6	59.419200000000004
7140065	3000.0	6	5000.0	0.3038	59.4192	0.6	60.323
7136070	3000.0	6	5000.0	0.3038	60.323	0.6	61.226800000000004
7135835	1000.0	6	5000.0	0.1038	61.2268	0.2	61.5306
7141423	2000.0	6	5000.0	0.2038	61.5306	0.4	62.1344
7136313	2000.0	6	5000.0	0.2038	62.1344	0.4	62.7382
7140711	3000.0	6	5000.0	0.3038	62.7382	0.6	63.642
7140723	2000.0	6	5000.0	0.2038	63.642	0.4	64.2458
7135096	3000.0	7	5000.0	0.3038	0	0.6	0.9037999999999999
7139402	2000.0	7	5000.0	0.2038	0.9038	0.4	1.5076
7134971	3000.0	7	5000.0	0.3038	1.5076	0.6	2.4114
7135056	3000.0	7	5000.0	0.3038	2.4114	0.6	3.3152
7134939	3000.0	7	5000.0	0.3038	3.3152	0.6	4.218999999999999
7134921	3000.0	7	5000.0	0.3038	4.219	0.6	5.1228
7139563	2000.0	7	5000.0	0.2038	5.1228	0.4	5.7266
7141764	2000.0	7	5000.0	0.2038	5.7266	0.4	6.330400000000001
7139549	2000.0	7	5000.0	0.2038	6.3304	0.4	6.934200000000001
7141830	2000.0	7	5000.0	0.2038	6.9342	0.4	7.538
7139708	3000.0	7	5000.0	0.3038	7.538	0.6	8.4418
7139719	2000.0	7	5000.0	0.2038	8.4418	0.4	9.0456
7141738	3000.0	7	5000.0	0.3038	9.0456	0.6	9.9494
7139802	2000.0	7	5000.0	0.2038	9.9494	0.4	10.5532
7139656	3000.0	7	5000.0	0.3038	10.5532	0.6	11.457
7139909	2000.0	7	5000.0	0.2038	11.457	0.4	12.0608
7142016	2000.0	7	5000.0	0.2038	12.0608	0.4	12.6646
7142037	3000.0	7	5000.0	0.3038	12.6646	0.6	13.5684
7142002	2000.0	7	5000.0	0.2038	13.5684	0.4	14.1722
7135188	3000.0	7	5000.0	0.3038	14.1722	0.6	15.076
7139517	1000.0	7	5000.0	0.1038	15.076	0.2	15.3798
7139479	3000.0	7	5000.0	0.3038	15.3798	0.6	16.2836
7137951	2000.0	7	5000.0	0.2038	16.2836	0.4	16.8874
7138141	2000.0	7	5000.0	0.2038	16.8874	0.4	17.4912
7138346	2000.0	7	5000.0	0.2038	17.4912	0.4	18.095
7138163	3000.0	7	5000.0	0.3038	18.095	0.6	18.9988
7137937	2000.0	7	5000.0	0.2038	18.9988	0.4	19.6026
7137542	1000.0	7	5000.0	0.1038	19.6026	0.2	19.906399999999998
7137508	3000.0	7	5000.0	0.3038	19.9064	0.6	20.810200000000002
7137236	2000.0	7	5000.0	0.2038	20.8102	0.4	21.413999999999998
7134414	2000.0	7	5000.0	0.2038	21.414	0.4	22.0178
7137083	3000.0	7	5000.0	0.3038	22.0178	0.6	22.9216
7134380	2000.0	7	5000.0	0.2038	22.9216	0.4	23.5254
7139259	3000.0	7	5000.0	0.3038	23.5254	0.6	24.4292
7134783	3000.0	7	5000.0	0.3038	24.4292	0.6	25.333000000000002
7134546	1000.0	7	5000.0	0.1038	25.333	0.2	25.636799999999997
7134669	3000.0	7	5000.0	0.3038	25.6368	0.6	26.5406
7138733	3000.0	7	5000.0	0.3038	26.5406	0.6	27.4444
7138497	3000.0	7	5000.0	0.3038	27.4444	0.6	28.348200000000002
7139036	2000.0	7	5000.0	0.2038	28.3482	0.4	28.951999999999998
7138891	3000.0	7	5000.0	0.3038	28.952	0.6	29.855800000000002
7138876	4000.0	7	5000.0	0.4038	29.8558	0.8	31.0596
7138934	3000.0	7	5000.0	0.3038	31.0596	0.6	31.9634
7138974	2000.0	7	5000.0	0.2038	31.9634	0.4	32.5672
7139981	3000.0	7	5000.0	0.3038	32.5672	0.6	33.471000000000004
7141103	3000.0	7	5000.0	0.3038	33.471	0.6	34.3748
7140283	4000.0	7	5000.0	0.4038	34.3748	0.8	35.578599999999994
7141037	3000.0	7	5000.0	0.3038	35.5786	0.6	36.482400000000005
7141247	3000.0	7	5000.0	0.3038	36.4824	0.6	37.3862
7141274	3000.0	7	5000.0	0.3038	37.3862	0.6	38.290000000000006
7141257	3000.0	7	5000.0	0.3038	38.29	0.6	39.1938
7136627	2000.0	7	5000.0	0.2038	39.1938	0.4	39.7976
7136612	2000.0	7	5000.0	0.2038	39.7976	0.4	40.4014
7140392	2000.0	7	5000.0	0.2038	40.4014	0.4	41.0052
7140475	2000.0	7	5000.0	0.2038	41.0052	0.4	41.609
7140493	2000.0	7	5000.0	0.2038	41.609	0.4	42.2128
7140501	2000.0	7	5000.0	0.2038	42.2128	0.4	42.8166
7135510	1000.0	7	5000.0	0.1038	42.8166	0.2	43.120400000000004
7135512	2000.0	7	5000.0	0.2038	43.1204	0.4	43.724199999999996
7140581	1000.0	7	5000.0	0.1038	43.7242	0.2	44.028000000000006
7140961	3000.0	7	5000.0	0.3038	44.028	0.6	44.9318
7140899	2000.0	7	5000.0	0.2038	44.9318	0.4	45.5356
7136583	2000.0	7	5000.0	0.2038	45.5356	0.4	46.1394
7136212	2000.0	7	5000.0	0.2038	46.1394	0.4	46.7432
7135707	3000.0	7	5000.0	0.3038	46.7432	0.6	47.647000000000006
7140135	3000.0	7	5000.0	0.3038	47.647	0.6	48.5508
7136107	3000.0	7	5000.0	0.3038	48.5508	0.6	49.454600000000006
7141459	2000.0	7	5000.0	0.2038	49.4546	0.4	50.0584
7141447	2000.0	7	5000.0	0.2038	50.0584	0.4	50.6622
7136036	2000.0	7	5000.0	0.2038	50.6622	0.4	51.266
7140764	2000.0	7	5000.0	0.2038	51.266	0.4	51.8698
7141356	3000.0	7	5000.0	0.3038	51.8698	0.6	52.7736
7141370	3000.0	7	5000.0	0.3038	52.7736	0.6	53.677400000000006
7136344	2000.0	7	5000.0	0.2038	53.6774	0.4	54.2812
7136847	2000.0	7	5000.0	0.2038	54.2812	0.4	54.885
7141297	1000.0	7	5000.0	0.1038	54.885	0.2	55.1888
7135123	3000.0	8	5000.0	0.3067	0	0.6	0.9067
7134915	1000.0	8	5000.0	0.1067	0.9067	0.2	1.2133999999999998
7134883	3000.0	8	5000.0	0.3067	1.2134	0.6	2.1201
7141566	2000.0	8	5000.0	0.2067	2.1201	0.4	2.7268
7139575	3000.0	8	5000.0	0.3067	2.7268	0.6	3.6335
7136962	3000.0	8	5000.0	0.3067	3.6335	0.6	4.5402
7141863	2000.0	8	5000.0	0.2067	4.5402	0.4	5.1469
7141815	3000.0	8	5000.0	0.3067	5.1469	0.6	6.053599999999999
7139702	2000.0	8	5000.0	0.2067	6.0536	0.4	6.6603
7139741	3000.0	8	5000.0	0.3067	6.6603	0.6	7.567
7139663	2000.0	8	5000.0	0.2067	7.567	0.4	8.1737
7139508	2000.0	8	5000.0	0.2067	8.1737	0.4	8.7804
7135215	3000.0	8	5000.0	0.3067	8.7804	0.6	9.6871
7137209	2000.0	8	5000.0	0.2067	9.6871	0.4	10.2938
7137187	3000.0	8	5000.0	0.3067	10.2938	0.6	11.200499999999998
7137982	2000.0	8	5000.0	0.2067	11.2005	0.4	11.8072
7138085	2000.0	8	5000.0	0.2067	11.8072	0.4	12.4139
7138076	2000.0	8	5000.0	0.2067	12.4139	0.4	13.0206
7138391	3000.0	8	5000.0	0.3067	13.0206	0.6	13.927299999999999
7138457	2000.0	8	5000.0	0.2067	13.9273	0.4	14.534
7138436	2000.0	8	5000.0	0.2067	14.534	0.4	15.1407
7138406	2000.0	8	5000.0	0.2067	15.1407	0.4	15.7474
7138200	2000.0	8	5000.0	0.2067	15.7474	0.4	16.3541
7138287	2000.0	8	5000.0	0.2067	16.3541	0.4	16.9608
7137406	3000.0	8	5000.0	0.3067	16.9608	0.6	17.8675
7137480	2000.0	8	5000.0	0.2067	17.8675	0.4	18.4742
7137567	3000.0	8	5000.0	0.3067	18.4742	0.6	19.3809
7137519	2000.0	8	5000.0	0.2067	19.3809	0.4	19.9876
7137309	2000.0	8	5000.0	0.2067	19.9876	0.4	20.5943
7137341	3000.0	8	5000.0	0.3067	20.5943	0.6	21.501
7137331	2000.0	8	5000.0	0.2067	21.501	0.4	22.1077
7137798	2000.0	8	5000.0	0.2067	22.1077	0.4	22.7144
7137919	2000.0	8	5000.0	0.2067	22.7144	0.4	23.3211
7137764	3000.0	8	5000.0	0.3067	23.3211	0.6	24.227800000000002
7137662	2000.0	8	5000.0	0.2067	24.2278	0.4	24.8345
7137697	2000.0	8	5000.0	0.2067	24.8345	0.4	25.4412
7137740	2000.0	8	5000.0	0.2067	25.4412	0.4	26.0479
7137706	3000.0	8	5000.0	0.3067	26.0479	0.6	26.9546
7134430	3000.0	8	5000.0	0.3067	26.9546	0.6	27.8613
7134539	2000.0	8	5000.0	0.2067	27.8613	0.4	28.468
7134511	3000.0	8	5000.0	0.3067	28.468	0.6	29.3747
7137095	2000.0	8	5000.0	0.2067	29.3747	0.4	29.9814
7139218	3000.0	8	5000.0	0.3067	29.9814	0.6	30.8881
7137041	3000.0	8	5000.0	0.3067	30.8881	0.6	31.794800000000002
7139313	3000.0	8	5000.0	0.3067	31.7948	0.6	32.7015
7139318	2000.0	8	5000.0	0.2067	32.7015	0.4	33.3082
7134807	1000.0	8	5000.0	0.1067	33.3082	0.2	33.6149
7134765	3000.0	8	5000.0	0.3067	33.6149	0.6	34.5216
7134579	3000.0	8	5000.0	0.3067	34.5216	0.6	35.4283
7138730	2000.0	8	5000.0	0.2067	35.4283	0.4	36.035
7138557	2000.0	8	5000.0	0.2067	36.035	0.4	36.64169999999999
7139137	3000.0	8	5000.0	0.3067	36.6417	0.6	37.5484
7138903	2000.0	8	5000.0	0.2067	37.5484	0.4	38.1551
7138982	2000.0	8	5000.0	0.2067	38.1551	0.4	38.761799999999994
7140255	1000.0	8	5000.0	0.1067	38.7618	0.2	39.0685
7135545	3000.0	8	5000.0	0.3067	39.0685	0.6	39.9752
7136463	3000.0	8	5000.0	0.3067	39.9752	0.6	40.8819
7136765	2000.0	8	5000.0	0.2067	40.8819	0.4	41.4886
7141003	3000.0	8	5000.0	0.3067	41.4886	0.6	42.3953
7140595	1000.0	8	5000.0	0.1067	42.3953	0.2	42.702
7140298	2000.0	8	5000.0	0.2067	42.702	0.4	43.308699999999995
7140709	3000.0	8	5000.0	0.3067	43.3087	0.6	44.2154
7141261	2000.0	8	5000.0	0.2067	44.2154	0.4	44.8221
7140189	3000.0	8	5000.0	0.3067	44.8221	0.6	45.7288
7136443	1000.0	8	5000.0	0.1067	45.7288	0.2	46.0355
7135584	2000.0	8	5000.0	0.2067	46.0355	0.4	46.642199999999995
7135578	1000.0	8	5000.0	0.1067	46.6422	0.2	46.9489
7135492	3000.0	8	5000.0	0.3067	46.9489	0.6	47.8556
7136555	3000.0	8	5000.0	0.3067	47.8556	0.6	48.7623
7140352	3000.0	8	5000.0	0.3067	48.7623	0.6	49.669000000000004
7140304	3000.0	8	5000.0	0.3067	49.669	0.6	50.5757
7140942	3000.0	8	5000.0	0.3067	50.5757	0.6	51.4824
7140365	3000.0	8	5000.0	0.3067	51.4824	0.6	52.3891
7135292	3000.0	8	5000.0	0.3067	52.3891	0.6	53.2958
7140800	2000.0	8	5000.0	0.2067	53.2958	0.4	53.902499999999996
7135238	3000.0	8	5000.0	0.3067	53.9025	0.6	54.809200000000004
7135322	4000.0	8	5000.0	0.4067	54.8092	0.8	56.015899999999995
7135704	2000.0	8	5000.0	0.2067	56.0159	0.4	56.6226
7135309	2000.0	8	5000.0	0.2067	56.6226	0.4	57.229299999999995
7136056	2000.0	8	5000.0	0.2067	57.2293	0.4	57.836
7140081	2000.0	8	5000.0	0.2067	57.836	0.4	58.442699999999995
7140100	3000.0	8	5000.0	0.3067	58.4427	0.6	59.3494
7140099	3000.0	8	5000.0	0.3067	59.3494	0.6	60.2561
7136353	3000.0	8	5000.0	0.3067	60.2561	0.6	61.162800000000004
7140733	1000.0	8	5000.0	0.1067	61.1628	0.2	61.4695
7136378	4000.0	8	5000.0	0.4067	61.4695	0.8	62.676199999999994
7141329	3000.0	8	5000.0	0.3067	62.6762	0.6	63.5829
7136301	2000.0	8	5000.0	0.2067	63.5829	0.4	64.1896
7141344	3000.0	8	5000.0	0.3067	64.1896	0.6	65.0963
7139396	1000.0	9	6000.0	0.1067	0	0.1667	0.2734
7141562	2000.0	9	6000.0	0.2067	0.2734	0.3333	0.8133999999999999
7135035	2000.0	9	6000.0	0.2067	0.8134	0.3333	1.3534
7135036	2000.0	9	6000.0	0.2067	1.3534	0.3333	1.8933999999999997
7134912	3000.0	9	6000.0	0.3067	1.8934	0.5	2.7001
7134955	3000.0	9	6000.0	0.3067	2.7001	0.5	3.5068
7139947	3000.0	9	6000.0	0.3067	3.5068	0.5	4.3135
7134878	2000.0	9	6000.0	0.2067	4.3135	0.3333	4.8535
7139426	1000.0	9	6000.0	0.1067	4.8535	0.1667	5.1269
7139587	2000.0	9	6000.0	0.2067	5.1269	0.3333	5.6669
7139595	3000.0	9	6000.0	0.3067	5.6669	0.5	6.4736
7141870	2000.0	9	6000.0	0.2067	6.4736	0.3333	7.0136
7139913	3000.0	9	6000.0	0.3067	7.0136	0.5	7.8203000000000005
7135134	3000.0	9	6000.0	0.3067	7.8203	0.5	8.626999999999999
7135148	2000.0	9	6000.0	0.2067	8.627	0.3333	9.167
7139447	2000.0	9	6000.0	0.2067	9.167	0.3333	9.706999999999999
7139490	2000.0	9	6000.0	0.2067	9.707	0.3333	10.247
7139487	2000.0	9	6000.0	0.2067	10.247	0.3333	10.786999999999999
7137195	2000.0	9	6000.0	0.2067	10.787	0.3333	11.327
7137221	2000.0	9	6000.0	0.2067	11.327	0.3333	11.866999999999999
7138093	1000.0	9	6000.0	0.1067	11.867	0.1667	12.140400000000001
7138382	2000.0	9	6000.0	0.2067	12.1404	0.3333	12.680399999999999
7138321	2000.0	9	6000.0	0.2067	12.6804	0.3333	13.2204
7138184	2000.0	9	6000.0	0.2067	13.2204	0.3333	13.760399999999999
7137426	2000.0	9	6000.0	0.2067	13.7604	0.3333	14.3004
7137424	2000.0	9	6000.0	0.2067	14.3004	0.3333	14.840399999999999
7137501	2000.0	9	6000.0	0.2067	14.8404	0.3333	15.3804
7137575	2000.0	9	6000.0	0.2067	15.3804	0.3333	15.920399999999999
7137344	3000.0	9	6000.0	0.3067	15.9204	0.5	16.7271
7137938	3000.0	9	6000.0	0.3067	16.7271	0.5	17.5338
7137906	2000.0	9	6000.0	0.2067	17.5338	0.3333	18.073800000000002
7137735	2000.0	9	6000.0	0.2067	18.0738	0.3333	18.6138
7134501	2000.0	9	6000.0	0.2067	18.6138	0.3333	19.153800000000004
7137035	3000.0	9	6000.0	0.3067	19.1538	0.5	19.9605
7139239	2000.0	9	6000.0	0.2067	19.9605	0.3333	20.500500000000002
7139194	2000.0	9	6000.0	0.2067	20.5005	0.3333	21.0405
7137068	2000.0	9	6000.0	0.2067	21.0405	0.3333	21.580500000000004
7134741	1000.0	9	6000.0	0.1067	21.5805	0.1667	21.8539
7139292	2000.0	9	6000.0	0.2067	21.8539	0.3333	22.393900000000002
7139287	2000.0	9	6000.0	0.2067	22.3939	0.3333	22.9339
7138675	2000.0	9	6000.0	0.2067	22.9339	0.3333	23.473900000000004
7138725	3000.0	9	6000.0	0.3067	23.4739	0.5	24.2806
7138786	3000.0	9	6000.0	0.3067	24.2806	0.5	25.0873
7138744	3000.0	9	6000.0	0.3067	25.0873	0.5	25.894
7138782	2000.0	9	6000.0	0.2067	25.894	0.3333	26.434
7138502	2000.0	9	6000.0	0.2067	26.434	0.3333	26.974000000000004
7139066	3000.0	9	6000.0	0.3067	26.974	0.5	27.7807
7139029	3000.0	9	6000.0	0.3067	27.7807	0.5	28.5874
7138299	2000.0	9	6000.0	0.2067	28.5874	0.3333	29.1274
7135892	2000.0	9	6000.0	0.2067	29.1274	0.3333	29.667400000000004
7141116	3000.0	9	6000.0	0.3067	29.6674	0.5	30.4741
7136474	2000.0	9	6000.0	0.2067	30.4741	0.3333	31.014100000000003
7136516	3000.0	9	6000.0	0.3067	31.0141	0.5	31.8208
7136743	2000.0	9	6000.0	0.2067	31.8208	0.3333	32.3608
7140261	2000.0	9	6000.0	0.2067	32.3608	0.3333	32.9008
7140266	2000.0	9	6000.0	0.2067	32.9008	0.3333	33.440799999999996
7141130	2000.0	9	6000.0	0.2067	33.4408	0.3333	33.9808
7141233	2000.0	9	6000.0	0.2067	33.9808	0.3333	34.5208
7135872	2000.0	9	6000.0	0.2067	34.5208	0.3333	35.0608
7135573	3000.0	9	6000.0	0.3067	35.0608	0.5	35.8675
7136526	3000.0	9	6000.0	0.3067	35.8675	0.5	36.6742
7140540	3000.0	9	6000.0	0.3067	36.6742	0.5	37.4809
7140436	2000.0	9	6000.0	0.2067	37.4809	0.3333	38.0209
7140536	2000.0	9	6000.0	0.2067	38.0209	0.3333	38.5609
7135484	2000.0	9	6000.0	0.2067	38.5609	0.3333	39.100899999999996
7140476	2000.0	9	6000.0	0.2067	39.1009	0.3333	39.6409
7135494	3000.0	9	6000.0	0.3067	39.6409	0.5	40.4476
7140468	3000.0	9	6000.0	0.3067	40.4476	0.5	41.2543
7140354	1000.0	9	6000.0	0.1067	41.2543	0.1667	41.527699999999996
7140584	2000.0	9	6000.0	0.2067	41.5277	0.3333	42.0677
7140901	2000.0	9	6000.0	0.2067	42.0677	0.3333	42.6077
7136593	2000.0	9	6000.0	0.2067	42.6077	0.3333	43.1477
7140381	1000.0	9	6000.0	0.1067	43.1477	0.1667	43.421099999999996
7136572	2000.0	9	6000.0	0.2067	43.4211	0.3333	43.9611
7140565	3000.0	9	6000.0	0.3067	43.9611	0.5	44.7678
7136899	2000.0	9	6000.0	0.2067	44.7678	0.3333	45.3078
7136229	2000.0	9	6000.0	0.2067	45.3078	0.3333	45.8478
7136905	2000.0	9	6000.0	0.2067	45.8478	0.3333	46.3878
7136265	3000.0	9	6000.0	0.3067	46.3878	0.5	47.1945
7135324	2000.0	9	6000.0	0.2067	47.1945	0.3333	47.7345
7135331	2000.0	9	6000.0	0.2067	47.7345	0.3333	48.274499999999996
7135705	3000.0	9	6000.0	0.3067	48.2745	0.5	49.0812
7140075	1000.0	9	6000.0	0.1067	49.0812	0.1667	49.3546
7135385	2000.0	9	6000.0	0.2067	49.3546	0.3333	49.8946
7141315	2000.0	9	6000.0	0.2067	49.8946	0.3333	50.434599999999996
7135783	2000.0	9	6000.0	0.2067	50.4346	0.3333	50.9746
7140741	2000.0	9	6000.0	0.2067	50.9746	0.3333	51.5146
7135830	1000.0	9	6000.0	0.1067	51.5146	0.1667	51.788
7136031	2000.0	9	6000.0	0.2067	51.788	0.3333	52.327999999999996
7135370	3000.0	9	6000.0	0.3067	52.328	0.5	53.1347
7141424	3000.0	9	6000.0	0.3067	53.1347	0.5	53.9414
7141432	1000.0	9	6000.0	0.1067	53.9414	0.1667	54.2148
7141324	3000.0	9	6000.0	0.3067	54.2148	0.5	55.021499999999996
7139979	2000.0	10	6000.0	0.2067	0	0.3333	0.54
7135122	2000.0	10	6000.0	0.2067	0.54	0.3333	1.08
7134882	2000.0	10	6000.0	0.2067	1.08	0.3333	1.62
7141640	2000.0	10	6000.0	0.2067	1.62	0.3333	2.16
7141827	2000.0	10	6000.0	0.2067	2.16	0.3333	2.7
7139731	2000.0	10	6000.0	0.2067	2.7	0.3333	3.24
7139776	3000.0	10	6000.0	0.3067	3.24	0.5	4.0467
7141891	2000.0	10	6000.0	0.2067	4.0467	0.3333	4.5867
7139472	3000.0	10	6000.0	0.3067	4.5867	0.5	5.393400000000001
7139854	2000.0	10	6000.0	0.2067	5.3934	0.3333	5.9334
7141936	2000.0	10	6000.0	0.2067	5.9334	0.3333	6.4734
7139527	3000.0	10	6000.0	0.3067	6.4734	0.5	7.2801
7139519	3000.0	10	6000.0	0.3067	7.2801	0.5	8.0868
7141975	2000.0	10	6000.0	0.2067	8.0868	0.3333	8.6268
7139484	1000.0	10	6000.0	0.1067	8.6268	0.1667	8.9002
7134809	2000.0	10	6000.0	0.2067	8.9002	0.3333	9.440199999999999
7137985	1000.0	10	6000.0	0.1067	9.4402	0.1667	9.713600000000001
7137956	2000.0	10	6000.0	0.2067	9.7136	0.3333	10.253599999999999
7137977	3000.0	10	6000.0	0.3067	10.2536	0.5	11.0603
7138120	3000.0	10	6000.0	0.3067	11.0603	0.5	11.866999999999999
7138059	2000.0	10	6000.0	0.2067	11.867	0.3333	12.407
7138029	3000.0	10	6000.0	0.3067	12.407	0.5	13.2137
7138073	1000.0	10	6000.0	0.1067	13.2137	0.1667	13.4871
7138399	2000.0	10	6000.0	0.2067	13.4871	0.3333	14.027099999999999
7138307	3000.0	10	6000.0	0.3067	14.0271	0.5	14.8338
7137121	2000.0	10	6000.0	0.2067	14.8338	0.3333	15.3738
7137461	2000.0	10	6000.0	0.2067	15.3738	0.3333	15.913799999999998
7137305	3000.0	10	6000.0	0.3067	15.9138	0.5	16.7205
7137386	2000.0	10	6000.0	0.2067	16.7205	0.3333	17.260500000000004
7137837	2000.0	10	6000.0	0.2067	17.2605	0.3333	17.800500000000003
7137807	3000.0	10	6000.0	0.3067	17.8005	0.5	18.6072
7137792	2000.0	10	6000.0	0.2067	18.6072	0.3333	19.1472
7137771	2000.0	10	6000.0	0.2067	19.1472	0.3333	19.687200000000004
7137851	3000.0	10	6000.0	0.3067	19.6872	0.5	20.4939
7134509	2000.0	10	6000.0	0.2067	20.4939	0.3333	21.033900000000003
7137053	2000.0	10	6000.0	0.2067	21.0339	0.3333	21.573900000000002
7139179	2000.0	10	6000.0	0.2067	21.5739	0.3333	22.1139
7134703	2000.0	10	6000.0	0.2067	22.1139	0.3333	22.653900000000004
7134675	2000.0	10	6000.0	0.2067	22.6539	0.3333	23.193900000000003
7134732	2000.0	10	6000.0	0.2067	23.1939	0.3333	23.733900000000002
7134795	2000.0	10	6000.0	0.2067	23.7339	0.3333	24.2739
7134781	3000.0	10	6000.0	0.3067	24.2739	0.5	25.0806
7134625	2000.0	10	6000.0	0.2067	25.0806	0.3333	25.620600000000003
7138713	3000.0	10	6000.0	0.3067	25.6206	0.5	26.4273
7138824	1000.0	10	6000.0	0.1067	26.4273	0.1667	26.700699999999998
7138587	2000.0	10	6000.0	0.2067	26.7007	0.3333	27.240700000000004
7139072	2000.0	10	6000.0	0.2067	27.2407	0.3333	27.780700000000003
7138892	2000.0	10	6000.0	0.2067	27.7807	0.3333	28.320700000000002
7138969	2000.0	10	6000.0	0.2067	28.3207	0.3333	28.8607
7136476	3000.0	10	6000.0	0.3067	28.8607	0.5	29.6674
7135893	3000.0	10	6000.0	0.3067	29.6674	0.5	30.4741
7136000	2000.0	10	6000.0	0.2067	30.4741	0.3333	31.014100000000003
7140278	1000.0	10	6000.0	0.1067	31.0141	0.1667	31.287499999999998
7141034	2000.0	10	6000.0	0.2067	31.2875	0.3333	31.827500000000004
7135860	3000.0	10	6000.0	0.3067	31.8275	0.5	32.6342
7141284	3000.0	10	6000.0	0.3067	32.6342	0.5	33.4409
7141264	2000.0	10	6000.0	0.2067	33.4409	0.3333	33.9809
7136599	3000.0	10	6000.0	0.3067	33.9809	0.5	34.7876
7140421	3000.0	10	6000.0	0.3067	34.7876	0.5	35.5943
7136672	3000.0	10	6000.0	0.3067	35.5943	0.5	36.400999999999996
7136650	3000.0	10	6000.0	0.3067	36.401	0.5	37.2077
7135962	1000.0	10	6000.0	0.1067	37.2077	0.1667	37.4811
7135544	2000.0	10	6000.0	0.2067	37.4811	0.3333	38.0211
7140827	3000.0	10	6000.0	0.3067	38.0211	0.5	38.827799999999996
7136712	2000.0	10	6000.0	0.2067	38.8278	0.3333	39.3678
7140344	2000.0	10	6000.0	0.2067	39.3678	0.3333	39.9078
7140567	2000.0	10	6000.0	0.2067	39.9078	0.3333	40.4478
7136551	2000.0	10	6000.0	0.2067	40.4478	0.3333	40.9878
7136548	2000.0	10	6000.0	0.2067	40.9878	0.3333	41.5278
7140566	3000.0	10	6000.0	0.3067	41.5278	0.5	42.3345
7135926	2000.0	10	6000.0	0.2067	42.3345	0.3333	42.8745
7135923	1000.0	10	6000.0	0.1067	42.8745	0.1667	43.14789999999999
7136692	2000.0	10	6000.0	0.2067	43.1479	0.3333	43.6879
7136199	3000.0	10	6000.0	0.3067	43.6879	0.5	44.4946
7135715	2000.0	10	6000.0	0.2067	44.4946	0.3333	45.0346
7136248	3000.0	10	6000.0	0.3067	45.0346	0.5	45.8413
7141499	3000.0	10	6000.0	0.3067	45.8413	0.5	46.647999999999996
7140021	2000.0	10	6000.0	0.2067	46.648	0.3333	47.188
7141520	2000.0	10	6000.0	0.2067	47.188	0.3333	47.728
7136137	3000.0	10	6000.0	0.3067	47.728	0.5	48.5347
7141445	2000.0	10	6000.0	0.2067	48.5347	0.3333	49.0747
7141486	2000.0	10	6000.0	0.2067	49.0747	0.3333	49.6147
7136365	2000.0	10	6000.0	0.2067	49.6147	0.3333	50.1547
7135845	2000.0	10	6000.0	0.2067	50.1547	0.3333	50.6947
7136369	2000.0	10	6000.0	0.2067	50.6947	0.3333	51.2347
7141380	2000.0	10	6000.0	0.2067	51.2347	0.3333	51.774699999999996
7135813	3000.0	10	6000.0	0.3067	51.7747	0.5	52.5814
7141341	2000.0	10	6000.0	0.2067	52.5814	0.3333	53.1214
7135740	1000.0	10	6000.0	0.1067	53.1214	0.1667	53.3948
7141531	1000.0	11	6000.0	0.1067	0	0.1667	0.2734
7135115	3000.0	11	6000.0	0.3067	0.2734	0.5	1.0800999999999998
7134874	2000.0	11	6000.0	0.2067	1.0801	0.3333	1.6200999999999999
7134858	2000.0	11	6000.0	0.2067	1.6201	0.3333	2.1601
7139531	2000.0	11	6000.0	0.2067	2.1601	0.3333	2.7001
7141851	3000.0	11	6000.0	0.3067	2.7001	0.5	3.5068
7141588	3000.0	11	6000.0	0.3067	3.5068	0.5	4.3135
7139470	3000.0	11	6000.0	0.3067	4.3135	0.5	5.1202000000000005
7135135	3000.0	11	6000.0	0.3067	5.1202	0.5	5.9269
7139437	2000.0	11	6000.0	0.2067	5.9269	0.3333	6.4669
7139441	3000.0	11	6000.0	0.3067	6.4669	0.5	7.2736
7142086	2000.0	11	6000.0	0.2067	7.2736	0.3333	7.8136
7141897	2000.0	11	6000.0	0.2067	7.8136	0.3333	8.3536
7135172	2000.0	11	6000.0	0.2067	8.3536	0.3333	8.8936
7137215	2000.0	11	6000.0	0.2067	8.8936	0.3333	9.433599999999998
7137225	2000.0	11	6000.0	0.2067	9.4336	0.3333	9.9736
7137175	2000.0	11	6000.0	0.2067	9.9736	0.3333	10.513599999999999
7138009	2000.0	11	6000.0	0.2067	10.5136	0.3333	11.0536
7138118	3000.0	11	6000.0	0.3067	11.0536	0.5	11.860299999999999
7138035	3000.0	11	6000.0	0.3067	11.8603	0.5	12.667
7138334	3000.0	11	6000.0	0.3067	12.667	0.5	13.4737
7138332	3000.0	11	6000.0	0.3067	13.4737	0.5	14.280399999999998
7138472	2000.0	11	6000.0	0.2067	14.2804	0.3333	14.8204
7138414	2000.0	11	6000.0	0.2067	14.8204	0.3333	15.360399999999998
7138202	2000.0	11	6000.0	0.2067	15.3604	0.3333	15.9004
7138160	3000.0	11	6000.0	0.3067	15.9004	0.5	16.7071
7138262	2000.0	11	6000.0	0.2067	16.7071	0.3333	17.247100000000003
7138241	3000.0	11	6000.0	0.3067	17.2471	0.5	18.0538
7137463	1000.0	11	6000.0	0.1067	18.0538	0.1667	18.327199999999998
7137297	2000.0	11	6000.0	0.2067	18.3272	0.3333	18.867200000000004
7137648	3000.0	11	6000.0	0.3067	18.8672	0.5	19.6739
7137758	3000.0	11	6000.0	0.3067	19.6739	0.5	20.4806
7137705	3000.0	11	6000.0	0.3067	20.4806	0.5	21.2873
7134433	1000.0	11	6000.0	0.1067	21.2873	0.1667	21.560699999999997
7137115	3000.0	11	6000.0	0.3067	21.5607	0.5	22.3674
7136971	2000.0	11	6000.0	0.2067	22.3674	0.3333	22.907400000000003
7134670	3000.0	11	6000.0	0.3067	22.9074	0.5	23.7141
7139280	2000.0	11	6000.0	0.2067	23.7141	0.3333	24.2541
7138693	2000.0	11	6000.0	0.2067	24.2541	0.3333	24.794100000000004
7138618	2000.0	11	6000.0	0.2067	24.7941	0.3333	25.334100000000003
7139136	2000.0	11	6000.0	0.2067	25.3341	0.3333	25.874100000000002
7138978	3000.0	11	6000.0	0.3067	25.8741	0.5	26.680799999999998
7141090	3000.0	11	6000.0	0.3067	26.6808	0.5	27.4875
7135887	3000.0	11	6000.0	0.3067	27.4875	0.5	28.2942
7141022	2000.0	11	6000.0	0.2067	28.2942	0.3333	28.834200000000003
7140695	3000.0	11	6000.0	0.3067	28.8342	0.5	29.6409
7140199	2000.0	11	6000.0	0.2067	29.6409	0.3333	30.1809
7136405	2000.0	11	6000.0	0.2067	30.1809	0.3333	30.720900000000004
7136390	3000.0	11	6000.0	0.3067	30.7209	0.5	31.5276
7140706	3000.0	11	6000.0	0.3067	31.5276	0.5	32.3343
7141176	3000.0	11	6000.0	0.3067	32.3343	0.5	33.141
7135864	3000.0	11	6000.0	0.3067	33.141	0.5	33.9477
7136625	2000.0	11	6000.0	0.2067	33.9477	0.3333	34.4877
7136632	3000.0	11	6000.0	0.3067	34.4877	0.5	35.294399999999996
7136644	2000.0	11	6000.0	0.2067	35.2944	0.3333	35.8344
7135488	3000.0	11	6000.0	0.3067	35.8344	0.5	36.6411
7140930	2000.0	11	6000.0	0.2067	36.6411	0.3333	37.1811
7136533	2000.0	11	6000.0	0.2067	37.1811	0.3333	37.7211
7136687	3000.0	11	6000.0	0.3067	37.7211	0.5	38.5278
7135406	3000.0	11	6000.0	0.3067	38.5278	0.5	39.3345
7140891	2000.0	11	6000.0	0.2067	39.3345	0.3333	39.8745
7140673	2000.0	11	6000.0	0.2067	39.8745	0.3333	40.4145
7140058	3000.0	11	6000.0	0.3067	40.4145	0.5	41.221199999999996
7135685	2000.0	11	6000.0	0.2067	41.2212	0.3333	41.7612
7135310	2000.0	11	6000.0	0.2067	41.7612	0.3333	42.3012
7135717	2000.0	11	6000.0	0.2067	42.3012	0.3333	42.8412
7136267	2000.0	11	6000.0	0.2067	42.8412	0.3333	43.3812
7136281	2000.0	11	6000.0	0.2067	43.3812	0.3333	43.9212
7135703	2000.0	11	6000.0	0.2067	43.9212	0.3333	44.4612
7140783	3000.0	11	6000.0	0.3067	44.4612	0.5	45.2679
7141500	2000.0	11	6000.0	0.2067	45.2679	0.3333	45.8079
7140152	3000.0	11	6000.0	0.3067	45.8079	0.5	46.614599999999996
7139996	3000.0	11	6000.0	0.3067	46.6146	0.5	47.4213
7135610	3000.0	11	6000.0	0.3067	47.4213	0.5	48.228
7136122	2000.0	11	6000.0	0.2067	48.228	0.3333	48.768
7141404	3000.0	11	6000.0	0.3067	48.768	0.5	49.5747
7136842	3000.0	11	6000.0	0.3067	49.5747	0.5	50.3814
7141330	3000.0	11	6000.0	0.3067	50.3814	0.5	51.1881
7141307	2000.0	11	6000.0	0.2067	51.1881	0.3333	51.7281
7134832	3000.0	12	6000.0	0.3	0	0.5	0.8
7134982	3000.0	12	6000.0	0.3	0.8	0.5	1.6
7141537	3000.0	12	6000.0	0.3	1.6	0.5	2.4000000000000004
7141539	2000.0	12	6000.0	0.2	2.4	0.3333	2.9333
7139372	2000.0	12	6000.0	0.2	2.9333	0.3333	3.4666
7135020	2000.0	12	6000.0	0.2	3.4666	0.3333	3.9999000000000002
7139375	2000.0	12	6000.0	0.2	3.9999	0.3333	4.5332
7135016	2000.0	12	6000.0	0.2	4.5332	0.3333	5.0665000000000004
7139596	2000.0	12	6000.0	0.2	5.0665	0.3333	5.5998
7141881	3000.0	12	6000.0	0.3	5.5998	0.5	6.3998
7139537	3000.0	12	6000.0	0.3	6.3998	0.5	7.1998
7141832	3000.0	12	6000.0	0.3	7.1998	0.5	7.9998
7139786	1000.0	12	6000.0	0.1	7.9998	0.1667	8.2665
7141722	2000.0	12	6000.0	0.2	8.2665	0.3333	8.7998
7139933	2000.0	12	6000.0	0.2	8.7998	0.3333	9.333099999999998
7139457	2000.0	12	6000.0	0.2	9.3331	0.3333	9.866399999999999
7135161	1000.0	12	6000.0	0.1	9.8664	0.1667	10.1331
7139525	2000.0	12	6000.0	0.2	10.1331	0.3333	10.6664
7139881	2000.0	12	6000.0	0.2	10.6664	0.3333	11.199699999999998
7135169	3000.0	12	6000.0	0.3	11.1997	0.5	11.9997
7137170	3000.0	12	6000.0	0.3	11.9997	0.5	12.799700000000001
7138121	1000.0	12	6000.0	0.1	12.7997	0.1667	13.0664
7137986	2000.0	12	6000.0	0.2	13.0664	0.3333	13.599699999999999
7138356	2000.0	12	6000.0	0.2	13.5997	0.3333	14.133
7138344	3000.0	12	6000.0	0.3	14.133	0.5	14.933
7138465	2000.0	12	6000.0	0.2	14.933	0.3333	15.466299999999999
7138158	2000.0	12	6000.0	0.2	15.4663	0.3333	15.9996
7138233	2000.0	12	6000.0	0.2	15.9996	0.3333	16.5329
7137573	2000.0	12	6000.0	0.2	16.5329	0.3333	17.066200000000002
7137276	2000.0	12	6000.0	0.2	17.0662	0.3333	17.5995
7137381	2000.0	12	6000.0	0.2	17.5995	0.3333	18.1328
7137842	2000.0	12	6000.0	0.2	18.1328	0.3333	18.6661
7137847	3000.0	12	6000.0	0.3	18.6661	0.5	19.4661
7137594	2000.0	12	6000.0	0.2	19.4661	0.3333	19.9994
7137751	1000.0	12	6000.0	0.1	19.9994	0.1667	20.2661
7137719	3000.0	12	6000.0	0.3	20.2661	0.5	21.066100000000002
7137704	2000.0	12	6000.0	0.2	21.0661	0.3333	21.5994
7134428	2000.0	12	6000.0	0.2	21.5994	0.3333	22.1327
7137030	2000.0	12	6000.0	0.2	22.1327	0.3333	22.666
7134403	2000.0	12	6000.0	0.2	22.666	0.3333	23.1993
7134399	2000.0	12	6000.0	0.2	23.1993	0.3333	23.7326
7134469	3000.0	12	6000.0	0.3	23.7326	0.5	24.532600000000002
7134388	2000.0	12	6000.0	0.2	24.5326	0.3333	25.0659
7139207	1000.0	12	6000.0	0.1	25.0659	0.1667	25.3326
7134375	3000.0	12	6000.0	0.3	25.3326	0.5	26.1326
7134726	3000.0	12	6000.0	0.3	26.1326	0.5	26.9326
7139296	2000.0	12	6000.0	0.2	26.9326	0.3333	27.4659
7134785	3000.0	12	6000.0	0.3	27.4659	0.5	28.265900000000002
7134568	2000.0	12	6000.0	0.2	28.2659	0.3333	28.7992
7134611	2000.0	12	6000.0	0.2	28.7992	0.3333	29.3325
7138662	3000.0	12	6000.0	0.3	29.3325	0.5	30.1325
7138632	4000.0	12	6000.0	0.4	30.1325	0.6667	31.199199999999998
7138549	3000.0	12	6000.0	0.3	31.1992	0.5	31.999200000000002
7138491	3000.0	12	6000.0	0.3	31.9992	0.5	32.7992
7139053	3000.0	12	6000.0	0.3	32.7992	0.5	33.599199999999996
7139043	2000.0	12	6000.0	0.2	33.5992	0.3333	34.13250000000001
7139119	3000.0	12	6000.0	0.3	34.1325	0.5	34.9325
7138906	3000.0	12	6000.0	0.3	34.9325	0.5	35.732499999999995
7138863	2000.0	12	6000.0	0.2	35.7325	0.3333	36.265800000000006
7138993	3000.0	12	6000.0	0.3	36.2658	0.5	37.065799999999996
7138961	3000.0	12	6000.0	0.3	37.0658	0.5	37.8658
7136497	2000.0	12	6000.0	0.2	37.8658	0.3333	38.399100000000004
7135556	2000.0	12	6000.0	0.2	38.3991	0.3333	38.9324
7140652	2000.0	12	6000.0	0.2	38.9324	0.3333	39.465700000000005
7140235	2000.0	12	6000.0	0.2	39.4657	0.3333	39.999
7141048	2000.0	12	6000.0	0.2	39.999	0.3333	40.532300000000006
7141043	3000.0	12	6000.0	0.3	40.5323	0.5	41.3323
7140999	2000.0	12	6000.0	0.2	41.3323	0.3333	41.8656
7136499	2000.0	12	6000.0	0.2	41.8656	0.3333	42.398900000000005
7140665	2000.0	12	6000.0	0.2	42.3989	0.3333	42.9322
7141139	3000.0	12	6000.0	0.3	42.9322	0.5	43.7322
7135592	2000.0	12	6000.0	0.2	43.7322	0.3333	44.2655
7140435	3000.0	12	6000.0	0.3	44.2655	0.5	45.0655
7140442	3000.0	12	6000.0	0.3	45.0655	0.5	45.8655
7140548	2000.0	12	6000.0	0.2	45.8655	0.3333	46.3988
7136601	2000.0	12	6000.0	0.2	46.3988	0.3333	46.932100000000005
7135486	3000.0	12	6000.0	0.3	46.9321	0.5	47.732099999999996
7136648	2000.0	12	6000.0	0.2	47.7321	0.3333	48.26540000000001
7140850	2000.0	12	6000.0	0.2	48.2654	0.3333	48.798700000000004
7140453	3000.0	12	6000.0	0.3	48.7987	0.5	49.598699999999994
7140828	3000.0	12	6000.0	0.3	49.5987	0.5	50.3987
7140337	2000.0	12	6000.0	0.2	50.3987	0.3333	50.932
7140314	3000.0	12	6000.0	0.3	50.932	0.5	51.732
7136688	3000.0	12	6000.0	0.3	51.732	0.5	52.532
7135413	2000.0	12	6000.0	0.2	52.532	0.3333	53.0653
7136236	1000.0	12	6000.0	0.1	53.0653	0.1667	53.332
7135312	2000.0	12	6000.0	0.2	53.332	0.3333	53.865300000000005
7140787	2000.0	12	6000.0	0.2	53.8653	0.3333	54.3986
7136923	2000.0	12	6000.0	0.2	54.3986	0.3333	54.931900000000006
7140159	3000.0	12	6000.0	0.3	54.9319	0.5	55.731899999999996
7136109	2000.0	12	6000.0	0.2	55.7319	0.3333	56.26520000000001
7141467	2000.0	12	6000.0	0.2	56.2652	0.3333	56.798500000000004
7136073	2000.0	12	6000.0	0.2	56.7985	0.3333	57.3318
7135806	1000.0	12	6000.0	0.1	57.3318	0.1667	57.5985
7141401	2000.0	12	6000.0	0.2	57.5985	0.3333	58.131800000000005
7136844	3000.0	12	6000.0	0.3	58.1318	0.5	58.931799999999996
7140712	2000.0	12	6000.0	0.2	58.9318	0.3333	59.46510000000001
7136361	2000.0	12	6000.0	0.2	59.4651	0.3333	59.998400000000004
7141338	2000.0	12	6000.0	0.2	59.9984	0.3333	60.5317
7141345	2000.0	12	6000.0	0.2	60.5317	0.3333	61.065000000000005
7136292	2000.0	12	6000.0	0.2	61.065	0.3333	61.5983
7135756	3000.0	12	6000.0	0.3	61.5983	0.5	62.3983
7134979	3000.0	13	8000.0	0.3	0	0.375	0.675
7134889	3000.0	13	8000.0	0.3	0.675	0.375	1.35
7134943	3000.0	13	8000.0	0.3	1.35	0.375	2.0250000000000004
7135060	1000.0	13	8000.0	0.1	2.025	0.125	2.25
7139578	2000.0	13	8000.0	0.2	2.25	0.25	2.7
7139835	2000.0	13	8000.0	0.2	2.7	0.25	3.1500000000000004
7141855	3000.0	13	8000.0	0.3	3.15	0.375	3.8249999999999997
7139808	3000.0	13	8000.0	0.3	3.825	0.375	4.5
7139739	3000.0	13	8000.0	0.3	4.5	0.375	5.175
7139684	3000.0	13	8000.0	0.3	5.175	0.375	5.85
7142048	2000.0	13	8000.0	0.2	5.85	0.25	6.3
7139438	2000.0	13	8000.0	0.2	6.3	0.25	6.75
7135153	1000.0	13	8000.0	0.1	6.75	0.125	6.975
7139452	3000.0	13	8000.0	0.3	6.975	0.375	7.6499999999999995
7142091	1000.0	13	8000.0	0.1	7.65	0.125	7.875
7139860	3000.0	13	8000.0	0.3	7.875	0.375	8.55
7135200	2000.0	13	8000.0	0.2	8.55	0.25	9.0
7141629	2000.0	13	8000.0	0.2	9.0	0.25	9.45
7135212	2000.0	13	8000.0	0.2	9.45	0.25	9.899999999999999
7141993	2000.0	13	8000.0	0.2	9.9	0.25	10.35
7135163	2000.0	13	8000.0	0.2	10.35	0.25	10.799999999999999
7139495	2000.0	13	8000.0	0.2	10.8	0.25	11.25
7139498	1000.0	13	8000.0	0.1	11.25	0.125	11.475
7141976	2000.0	13	8000.0	0.2	11.475	0.25	11.924999999999999
7137164	2000.0	13	8000.0	0.2	11.925	0.25	12.375
7137180	4000.0	13	8000.0	0.4	12.375	0.5	13.275
7138014	3000.0	13	8000.0	0.3	13.275	0.375	13.950000000000001
7137939	2000.0	13	8000.0	0.2	13.95	0.25	14.399999999999999
7137448	3000.0	13	8000.0	0.3	14.4	0.375	15.075000000000001
7137414	2000.0	13	8000.0	0.2	15.075	0.25	15.524999999999999
7137398	3000.0	13	8000.0	0.3	15.525	0.375	16.200000000000003
7137517	3000.0	13	8000.0	0.3	16.2	0.375	16.875
7137300	3000.0	13	8000.0	0.3	16.875	0.375	17.55
7137244	2000.0	13	8000.0	0.2	17.55	0.25	18.0
7137351	3000.0	13	8000.0	0.3	18.0	0.375	18.675
7137927	3000.0	13	8000.0	0.3	18.675	0.375	19.35
7137647	3000.0	13	8000.0	0.3	19.35	0.375	20.025000000000002
7134442	1000.0	13	8000.0	0.1	20.025	0.125	20.25
7137024	3000.0	13	8000.0	0.3	20.25	0.375	20.925
7134496	2000.0	13	8000.0	0.2	20.925	0.25	21.375
7137106	3000.0	13	8000.0	0.3	21.375	0.375	22.05
7137118	3000.0	13	8000.0	0.3	22.05	0.375	22.725
7139191	3000.0	13	8000.0	0.3	22.725	0.375	23.400000000000002
7137050	3000.0	13	8000.0	0.3	23.4	0.375	24.075
7134729	2000.0	13	8000.0	0.2	24.075	0.25	24.525
7139295	2000.0	13	8000.0	0.2	24.525	0.25	24.974999999999998
7134613	2000.0	13	8000.0	0.2	24.975	0.25	25.425
7138814	1000.0	13	8000.0	0.1	25.425	0.125	25.650000000000002
7138761	2000.0	13	8000.0	0.2	25.65	0.25	26.099999999999998
7138553	4000.0	13	8000.0	0.4	26.1	0.5	27.0
7139077	2000.0	13	8000.0	0.2	27.0	0.25	27.45
7139115	3000.0	13	8000.0	0.3	27.45	0.375	28.125
7139097	2000.0	13	8000.0	0.2	28.125	0.25	28.575
7138897	3000.0	13	8000.0	0.3	28.575	0.375	29.25
7141080	2000.0	13	8000.0	0.2	29.25	0.25	29.7
7140624	2000.0	13	8000.0	0.2	29.7	0.25	30.15
7141059	2000.0	13	8000.0	0.2	30.15	0.25	30.599999999999998
7135890	2000.0	13	8000.0	0.2	30.6	0.25	31.05
7140282	1000.0	13	8000.0	0.1	31.05	0.125	31.275000000000002
7136403	2000.0	13	8000.0	0.2	31.275	0.25	31.724999999999998
7140174	3000.0	13	8000.0	0.3	31.725	0.375	32.4
7141203	1000.0	13	8000.0	0.1	32.4	0.125	32.625
7135874	2000.0	13	8000.0	0.2	32.625	0.25	33.075
7136664	3000.0	13	8000.0	0.3	33.075	0.375	33.75
7135421	3000.0	13	8000.0	0.3	33.75	0.375	34.425
7136677	2000.0	13	8000.0	0.2	34.425	0.25	34.875
7140418	3000.0	13	8000.0	0.3	34.875	0.375	35.55
7136617	3000.0	13	8000.0	0.3	35.55	0.375	36.224999999999994
7136604	3000.0	13	8000.0	0.3	36.225	0.375	36.9
7140473	3000.0	13	8000.0	0.3	36.9	0.375	37.574999999999996
7135985	2000.0	13	8000.0	0.2	37.575	0.25	38.025000000000006
7140355	3000.0	13	8000.0	0.3	38.025	0.375	38.699999999999996
7140936	2000.0	13	8000.0	0.2	38.7	0.25	39.150000000000006
7140866	2000.0	13	8000.0	0.2	39.15	0.25	39.6
7140388	3000.0	13	8000.0	0.3	39.6	0.375	40.275
7140373	2000.0	13	8000.0	0.2	40.275	0.25	40.725
7140968	3000.0	13	8000.0	0.3	40.725	0.375	41.4
7135272	3000.0	13	8000.0	0.3	41.4	0.375	42.074999999999996
7135683	2000.0	13	8000.0	0.2	42.075	0.25	42.525000000000006
7136870	1000.0	13	8000.0	0.1	42.525	0.125	42.75
7135696	2000.0	13	8000.0	0.2	42.75	0.25	43.2
7140022	2000.0	13	8000.0	0.2	43.2	0.25	43.650000000000006
7140004	2000.0	13	8000.0	0.2	43.65	0.25	44.1
7140005	2000.0	13	8000.0	0.2	44.1	0.25	44.550000000000004
7141481	2000.0	13	8000.0	0.2	44.55	0.25	45.0
7141367	2000.0	13	8000.0	0.2	45.0	0.25	45.45
7136322	2000.0	13	8000.0	0.2	45.45	0.25	45.900000000000006
7135769	3000.0	13	8000.0	0.3	45.9	0.375	46.574999999999996
7136854	2000.0	13	8000.0	0.2	46.575	0.25	47.025000000000006
7136360	2000.0	13	8000.0	0.2	47.025	0.25	47.475
7135598	2000.0	13	8000.0	0.2	47.475	0.25	47.925000000000004
7134857	2000.0	14	12000.0	0.2	0	0.1667	0.3667
7134996	2000.0	14	12000.0	0.2	0.3667	0.1667	0.7333999999999999
7141532	2000.0	14	12000.0	0.2	0.7334	0.1667	1.1001
7134897	2000.0	14	12000.0	0.2	1.1001	0.1667	1.4668
7139422	2000.0	14	12000.0	0.2	1.4668	0.1667	1.8335000000000001
7135024	3000.0	14	12000.0	0.3	1.8335	0.25	2.3834999999999997
7135089	2000.0	14	12000.0	0.2	2.3835	0.1667	2.7502000000000004
7141551	2000.0	14	12000.0	0.2	2.7502	0.1667	3.1169000000000002
7135067	2000.0	14	12000.0	0.2	3.1169	0.1667	3.4836
7135069	2000.0	14	12000.0	0.2	3.4836	0.1667	3.8503000000000003
7135075	3000.0	14	12000.0	0.3	3.8503	0.25	4.4003
7141749	3000.0	14	12000.0	0.3	4.4003	0.25	4.9502999999999995
7139838	2000.0	14	12000.0	0.2	4.9503	0.1667	5.317
7141868	2000.0	14	12000.0	0.2	5.317	0.1667	5.6837
7141852	3000.0	14	12000.0	0.3	5.6837	0.25	6.2337
7139716	2000.0	14	12000.0	0.2	6.2337	0.1667	6.6004
7139753	2000.0	14	12000.0	0.2	6.6004	0.1667	6.967099999999999
7141728	3000.0	14	12000.0	0.3	6.9671	0.25	7.5171
7141727	3000.0	14	12000.0	0.3	7.5171	0.25	8.0671
7139658	3000.0	14	12000.0	0.3	8.0671	0.25	8.6171
7139454	3000.0	14	12000.0	0.3	8.6171	0.25	9.167100000000001
7141959	1000.0	14	12000.0	0.1	9.1671	0.0833	9.350399999999999
7139899	2000.0	14	12000.0	0.2	9.3504	0.1667	9.7171
7141982	2000.0	14	12000.0	0.2	9.7171	0.1667	10.0838
7138126	3000.0	14	12000.0	0.3	10.0838	0.25	10.6338
7138318	2000.0	14	12000.0	0.2	10.6338	0.1667	11.0005
7138226	3000.0	14	12000.0	0.3	11.0005	0.25	11.550500000000001
7138288	3000.0	14	12000.0	0.3	11.5505	0.25	12.1005
7137456	2000.0	14	12000.0	0.2	12.1005	0.1667	12.4672
7137435	2000.0	14	12000.0	0.2	12.4672	0.1667	12.8339
7137422	2000.0	14	12000.0	0.2	12.8339	0.1667	13.2006
7137574	3000.0	14	12000.0	0.3	13.2006	0.25	13.7506
7137366	2000.0	14	12000.0	0.2	13.7506	0.1667	14.1173
7137346	2000.0	14	12000.0	0.2	14.1173	0.1667	14.484
7137691	2000.0	14	12000.0	0.2	14.484	0.1667	14.8507
7134420	2000.0	14	12000.0	0.2	14.8507	0.1667	15.2174
7137070	2000.0	14	12000.0	0.2	15.2174	0.1667	15.5841
7134543	2000.0	14	12000.0	0.2	15.5841	0.1667	15.9508
7134761	2000.0	14	12000.0	0.2	15.9508	0.1667	16.3175
7134560	3000.0	14	12000.0	0.3	16.3175	0.25	16.8675
7138659	2000.0	14	12000.0	0.2	16.8675	0.1667	17.234199999999998
7138718	2000.0	14	12000.0	0.2	17.2342	0.1667	17.6009
7138622	3000.0	14	12000.0	0.3	17.6009	0.25	18.1509
7138482	3000.0	14	12000.0	0.3	18.1509	0.25	18.7009
7138519	3000.0	14	12000.0	0.3	18.7009	0.25	19.2509
7138616	3000.0	14	12000.0	0.3	19.2509	0.25	19.800900000000002
7138582	3000.0	14	12000.0	0.3	19.8009	0.25	20.3509
7138840	2000.0	14	12000.0	0.2	20.3509	0.1667	20.717599999999997
7139080	4000.0	14	12000.0	0.4	20.7176	0.3333	21.4509
7139025	2000.0	14	12000.0	0.2	21.4509	0.1667	21.8176
7139003	2000.0	14	12000.0	0.2	21.8176	0.1667	22.184299999999997
7138884	2000.0	14	12000.0	0.2	22.1843	0.1667	22.551
7138972	3000.0	14	12000.0	0.3	22.551	0.25	23.101
7138957	2000.0	14	12000.0	0.2	23.101	0.1667	23.467699999999997
7136481	3000.0	14	12000.0	0.3	23.4677	0.25	24.0177
7135886	2000.0	14	12000.0	0.2	24.0177	0.1667	24.3844
7141105	2000.0	14	12000.0	0.2	24.3844	0.1667	24.751099999999997
7136768	2000.0	14	12000.0	0.2	24.7511	0.1667	25.1178
7141248	2000.0	14	12000.0	0.2	25.1178	0.1667	25.484499999999997
7140692	3000.0	14	12000.0	0.3	25.4845	0.25	26.0345
7140667	2000.0	14	12000.0	0.2	26.0345	0.1667	26.4012
7136003	3000.0	14	12000.0	0.3	26.4012	0.25	26.9512
7135882	2000.0	14	12000.0	0.2	26.9512	0.1667	27.317899999999998
7140806	3000.0	14	12000.0	0.3	27.3179	0.25	27.867900000000002
7140419	3000.0	14	12000.0	0.3	27.8679	0.25	28.4179
7140483	3000.0	14	12000.0	0.3	28.4179	0.25	28.9679
7140484	2000.0	14	12000.0	0.2	28.9679	0.1667	29.3346
7140507	3000.0	14	12000.0	0.3	29.3346	0.25	29.8846
7140460	2000.0	14	12000.0	0.2	29.8846	0.1667	30.251299999999997
7136717	2000.0	14	12000.0	0.2	30.2513	0.1667	30.618
7140386	2000.0	14	12000.0	0.2	30.618	0.1667	30.984699999999997
7140387	3000.0	14	12000.0	0.3	30.9847	0.25	31.5347
7140894	2000.0	14	12000.0	0.2	31.5347	0.1667	31.9014
7140363	3000.0	14	12000.0	0.3	31.9014	0.25	32.4514
7135666	1000.0	14	12000.0	0.1	32.4514	0.0833	32.6347
7135673	3000.0	14	12000.0	0.3	32.6347	0.25	33.1847
7136203	3000.0	14	12000.0	0.3	33.1847	0.25	33.7347
7140803	3000.0	14	12000.0	0.3	33.7347	0.25	34.284699999999994
7136206	3000.0	14	12000.0	0.3	34.2847	0.25	34.8347
7141517	3000.0	14	12000.0	0.3	34.8347	0.25	35.384699999999995
7140123	1000.0	14	12000.0	0.1	35.3847	0.0833	35.568000000000005
7141490	2000.0	14	12000.0	0.2	35.568	0.1667	35.9347
7141355	3000.0	14	12000.0	0.3	35.9347	0.25	36.4847
7136038	3000.0	14	12000.0	0.3	36.4847	0.25	37.034699999999994
7135793	3000.0	14	12000.0	0.3	37.0347	0.25	37.5847
7135388	3000.0	14	12000.0	0.3	37.5847	0.25	38.134699999999995
7136829	2000.0	14	12000.0	0.2	38.1347	0.1667	38.501400000000004
7136825	1000.0	14	12000.0	0.1	38.5014	0.0833	38.6847
7136851	3000.0	14	12000.0	0.3	38.6847	0.25	39.2347
7134820	2000.0	15	16000.0	0.2	0	0.125	0.325
7141547	3000.0	15	16000.0	0.3	0.325	0.1875	0.8125
7135050	3000.0	15	16000.0	0.3	0.8125	0.1875	1.3
7134896	1000.0	15	16000.0	0.1	1.3	0.0625	1.4625000000000001
7139363	3000.0	15	16000.0	0.3	1.4625	0.1875	1.95
7141771	2000.0	15	16000.0	0.2	1.95	0.125	2.275
7139577	3000.0	15	16000.0	0.3	2.275	0.1875	2.7624999999999997
7139826	3000.0	15	16000.0	0.3	2.7625	0.1875	3.25
7139822	2000.0	15	16000.0	0.2	3.25	0.125	3.575
7139821	3000.0	15	16000.0	0.3	3.575	0.1875	4.0625
7139542	2000.0	15	16000.0	0.2	4.0625	0.125	4.3875
7141829	2000.0	15	16000.0	0.2	4.3875	0.125	4.7125
7141690	3000.0	15	16000.0	0.3	4.7125	0.1875	5.2
7139734	3000.0	15	16000.0	0.3	5.2	0.1875	5.6875
7139760	2000.0	15	16000.0	0.2	5.6875	0.125	6.0125
7141677	3000.0	15	16000.0	0.3	6.0125	0.1875	6.5
7139732	3000.0	15	16000.0	0.3	6.5	0.1875	6.9875
7141737	2000.0	15	16000.0	0.2	6.9875	0.125	7.3125
7139650	3000.0	15	16000.0	0.3	7.3125	0.1875	7.8
7139469	2000.0	15	16000.0	0.2	7.8	0.125	8.125
7135142	3000.0	15	16000.0	0.3	8.125	0.1875	8.6125
7135154	2000.0	15	16000.0	0.2	8.6125	0.125	8.9375
7135156	2000.0	15	16000.0	0.2	8.9375	0.125	9.2625
7141572	2000.0	15	16000.0	0.2	9.2625	0.125	9.587499999999999
7139925	2000.0	15	16000.0	0.2	9.5875	0.125	9.9125
7139864	2000.0	15	16000.0	0.2	9.9125	0.125	10.237499999999999
7141916	2000.0	15	16000.0	0.2	10.2375	0.125	10.5625
7141983	2000.0	15	16000.0	0.2	10.5625	0.125	10.8875
7137194	2000.0	15	16000.0	0.2	10.8875	0.125	11.212499999999999
7137205	2000.0	15	16000.0	0.2	11.2125	0.125	11.5375
7137189	2000.0	15	16000.0	0.2	11.5375	0.125	11.862499999999999
7137987	2000.0	15	16000.0	0.2	11.8625	0.125	12.1875
7137957	1000.0	15	16000.0	0.1	12.1875	0.0625	12.35
7138180	3000.0	15	16000.0	0.3	12.35	0.1875	12.8375
7138179	3000.0	15	16000.0	0.3	12.8375	0.1875	13.325000000000001
7138208	2000.0	15	16000.0	0.2	13.325	0.125	13.649999999999999
7138314	2000.0	15	16000.0	0.2	13.65	0.125	13.975
7137412	2000.0	15	16000.0	0.2	13.975	0.125	14.299999999999999
7137246	2000.0	15	16000.0	0.2	14.3	0.125	14.625
7137314	2000.0	15	16000.0	0.2	14.625	0.125	14.95
7137372	3000.0	15	16000.0	0.3	14.95	0.1875	15.4375
7137093	3000.0	15	16000.0	0.3	15.4375	0.1875	15.925
7137066	2000.0	15	16000.0	0.2	15.925	0.125	16.25
7134778	2000.0	15	16000.0	0.2	16.25	0.125	16.575
7134577	2000.0	15	16000.0	0.2	16.575	0.125	16.9
7134555	2000.0	15	16000.0	0.2	16.9	0.125	17.224999999999998
7134646	1000.0	15	16000.0	0.1	17.225	0.0625	17.387500000000003
7139157	3000.0	15	16000.0	0.3	17.3875	0.1875	17.875
7138633	2000.0	15	16000.0	0.2	17.875	0.125	18.2
7138802	3000.0	15	16000.0	0.3	18.2	0.1875	18.6875
7138800	3000.0	15	16000.0	0.3	18.6875	0.1875	19.175
7138627	3000.0	15	16000.0	0.3	19.175	0.1875	19.6625
7138524	2000.0	15	16000.0	0.2	19.6625	0.125	19.9875
7138513	3000.0	15	16000.0	0.3	19.9875	0.1875	20.475
7138590	2000.0	15	16000.0	0.2	20.475	0.125	20.8
7139159	2000.0	15	16000.0	0.2	20.8	0.125	21.125
7138904	2000.0	15	16000.0	0.2	21.125	0.125	21.45
7138984	2000.0	15	16000.0	0.2	21.45	0.125	21.775
7140630	2000.0	15	16000.0	0.2	21.775	0.125	22.099999999999998
7141001	2000.0	15	16000.0	0.2	22.1	0.125	22.425
7140273	2000.0	15	16000.0	0.2	22.425	0.125	22.75
7135557	3000.0	15	16000.0	0.3	22.75	0.1875	23.2375
7135848	2000.0	15	16000.0	0.2	23.2375	0.125	23.5625
7140221	2000.0	15	16000.0	0.2	23.5625	0.125	23.8875
7141165	2000.0	15	16000.0	0.2	23.8875	0.125	24.2125
7136779	2000.0	15	16000.0	0.2	24.2125	0.125	24.537499999999998
7136387	1000.0	15	16000.0	0.1	24.5375	0.0625	24.700000000000003
7136620	3000.0	15	16000.0	0.3	24.7	0.1875	25.1875
7135458	3000.0	15	16000.0	0.3	25.1875	0.1875	25.675
7135517	2000.0	15	16000.0	0.2	25.675	0.125	26.0
7140526	2000.0	15	16000.0	0.2	26.0	0.125	26.325
7140832	2000.0	15	16000.0	0.2	26.325	0.125	26.65
7136659	4000.0	15	16000.0	0.4	26.65	0.25	27.299999999999997
7140931	2000.0	15	16000.0	0.2	27.3	0.125	27.625
7136726	3000.0	15	16000.0	0.3	27.625	0.1875	28.1125
7140583	2000.0	15	16000.0	0.2	28.1125	0.125	28.4375
7140550	3000.0	15	16000.0	0.3	28.4375	0.1875	28.925
7135280	2000.0	15	16000.0	0.2	28.925	0.125	29.25
7135716	3000.0	15	16000.0	0.3	29.25	0.1875	29.7375
7135352	2000.0	15	16000.0	0.2	29.7375	0.125	30.0625
7135317	2000.0	15	16000.0	0.2	30.0625	0.125	30.3875
7135692	3000.0	15	16000.0	0.3	30.3875	0.1875	30.875
7135329	3000.0	15	16000.0	0.3	30.875	0.1875	31.3625
7140033	3000.0	15	16000.0	0.3	31.3625	0.1875	31.85
7136121	2000.0	15	16000.0	0.2	31.85	0.125	32.175000000000004
7135616	2000.0	15	16000.0	0.2	32.175	0.125	32.5
7140124	2000.0	15	16000.0	0.2	32.5	0.125	32.825
7140072	2000.0	15	16000.0	0.2	32.825	0.125	33.150000000000006
7140068	3000.0	15	16000.0	0.3	33.15	0.1875	33.637499999999996
7136058	3000.0	15	16000.0	0.3	33.6375	0.1875	34.125
7136074	1000.0	15	16000.0	0.1	34.125	0.0625	34.2875
7135798	2000.0	15	16000.0	0.2	34.2875	0.125	34.612500000000004
7141413	3000.0	15	16000.0	0.3	34.6125	0.1875	35.099999999999994
7135097	3000.0	16	18000.0	0.3058	0	0.1667	0.47250000000000003
7139429	2000.0	16	18000.0	0.2058	0.4725	0.1111	0.7894
7134942	2000.0	16	18000.0	0.2058	0.7894	0.1111	1.1063
7139365	2000.0	16	18000.0	0.2058	1.1063	0.1111	1.4232
7139944	2000.0	16	18000.0	0.2058	1.4232	0.1111	1.7401
7141527	3000.0	16	18000.0	0.3058	1.7401	0.1667	2.2126
7139561	2000.0	16	18000.0	0.2058	2.2126	0.1111	2.5295
7139692	2000.0	16	18000.0	0.2058	2.5295	0.1111	2.8464
7142063	3000.0	16	18000.0	0.3058	2.8464	0.1667	3.3189
7141569	3000.0	16	18000.0	0.3058	3.3189	0.1667	3.7914000000000003
7139455	2000.0	16	18000.0	0.2058	3.7914	0.1111	4.1083
7139476	2000.0	16	18000.0	0.2058	4.1083	0.1111	4.4252
7141992	3000.0	16	18000.0	0.3058	4.4252	0.1667	4.8976999999999995
7137182	3000.0	16	18000.0	0.3058	4.8977	0.1667	5.3702
7137979	2000.0	16	18000.0	0.2058	5.3702	0.1111	5.6871
7137961	2000.0	16	18000.0	0.2058	5.6871	0.1111	6.0040000000000004
7138330	2000.0	16	18000.0	0.2058	6.004	0.1111	6.3209
7138384	1000.0	16	18000.0	0.1058	6.3209	0.0556	6.4823
7138416	3000.0	16	18000.0	0.3058	6.4823	0.1667	6.9548
7138292	3000.0	16	18000.0	0.3058	6.9548	0.1667	7.427299999999999
7137279	4000.0	16	18000.0	0.4058	7.4273	0.2222	8.0553
7137235	3000.0	16	18000.0	0.3058	8.0553	0.1667	8.527800000000001
7137234	2000.0	16	18000.0	0.2058	8.5278	0.1111	8.8447
7137784	2000.0	16	18000.0	0.2058	8.8447	0.1111	9.1616
7137762	3000.0	16	18000.0	0.3058	9.1616	0.1667	9.6341
7137625	2000.0	16	18000.0	0.2058	9.6341	0.1111	9.951
7134423	3000.0	16	18000.0	0.3058	9.951	0.1667	10.4235
7134486	2000.0	16	18000.0	0.2058	10.4235	0.1111	10.740400000000001
7134459	3000.0	16	18000.0	0.3058	10.7404	0.1667	11.2129
7134799	2000.0	16	18000.0	0.2058	11.2129	0.1111	11.5298
7134610	1000.0	16	18000.0	0.1058	11.5298	0.0556	11.6912
7134658	2000.0	16	18000.0	0.2058	11.6912	0.1111	12.0081
7134653	2000.0	16	18000.0	0.2058	12.0081	0.1111	12.325000000000001
7138665	2000.0	16	18000.0	0.2058	12.325	0.1111	12.6419
7138812	2000.0	16	18000.0	0.2058	12.6419	0.1111	12.9588
7138545	3000.0	16	18000.0	0.3058	12.9588	0.1667	13.4313
7138602	2000.0	16	18000.0	0.2058	13.4313	0.1111	13.7482
7138569	2000.0	16	18000.0	0.2058	13.7482	0.1111	14.065100000000001
7139073	3000.0	16	18000.0	0.3058	14.0651	0.1667	14.5376
7138856	3000.0	16	18000.0	0.3058	14.5376	0.1667	15.0101
7138959	2000.0	16	18000.0	0.2058	15.0101	0.1111	15.327
7141062	3000.0	16	18000.0	0.3058	15.327	0.1667	15.7995
7136771	2000.0	16	18000.0	0.2058	15.7995	0.1111	16.116400000000002
7141093	3000.0	16	18000.0	0.3058	16.1164	0.1667	16.5889
7140279	3000.0	16	18000.0	0.3058	16.5889	0.1667	17.0614
7141039	2000.0	16	18000.0	0.2058	17.0614	0.1111	17.3783
7140615	2000.0	16	18000.0	0.2058	17.3783	0.1111	17.6952
7136802	3000.0	16	18000.0	0.3058	17.6952	0.1667	18.1677
7140684	3000.0	16	18000.0	0.3058	18.1677	0.1667	18.6402
7141223	3000.0	16	18000.0	0.3058	18.6402	0.1667	19.1127
7141268	3000.0	16	18000.0	0.3058	19.1127	0.1667	19.5852
7135880	2000.0	16	18000.0	0.2058	19.5852	0.1111	19.9021
7141155	3000.0	16	18000.0	0.3058	19.9021	0.1667	20.3746
7136773	3000.0	16	18000.0	0.3058	20.3746	0.1667	20.8471
7136414	2000.0	16	18000.0	0.2058	20.8471	0.1111	21.164
7141205	2000.0	16	18000.0	0.2058	21.164	0.1111	21.480900000000002
7141184	2000.0	16	18000.0	0.2058	21.4809	0.1111	21.7978
7136630	2000.0	16	18000.0	0.2058	21.7978	0.1111	22.1147
7135493	2000.0	16	18000.0	0.2058	22.1147	0.1111	22.4316
7140459	3000.0	16	18000.0	0.3058	22.4316	0.1667	22.9041
7140926	2000.0	16	18000.0	0.2058	22.9041	0.1111	23.221
7140576	3000.0	16	18000.0	0.3058	23.221	0.1667	23.6935
7140568	2000.0	16	18000.0	0.2058	23.6935	0.1111	24.0104
7140552	1000.0	16	18000.0	0.1058	24.0104	0.0556	24.171799999999998
7140895	2000.0	16	18000.0	0.2058	24.1718	0.1111	24.4887
7136702	3000.0	16	18000.0	0.3058	24.4887	0.1667	24.9612
7135649	2000.0	16	18000.0	0.2058	24.9612	0.1111	25.278100000000002
7135255	2000.0	16	18000.0	0.2058	25.2781	0.1111	25.595
7136287	2000.0	16	18000.0	0.2058	25.595	0.1111	25.9119
7135700	2000.0	16	18000.0	0.2058	25.9119	0.1111	26.2288
7136144	3000.0	16	18000.0	0.3058	26.2288	0.1667	26.7013
7135608	3000.0	16	18000.0	0.3058	26.7013	0.1667	27.1738
7136097	2000.0	16	18000.0	0.2058	27.1738	0.1111	27.4907
7136078	2000.0	16	18000.0	0.2058	27.4907	0.1111	27.8076
7141478	2000.0	16	18000.0	0.2058	27.8076	0.1111	28.1245
7141475	2000.0	16	18000.0	0.2058	28.1245	0.1111	28.4414
7136832	3000.0	16	18000.0	0.3058	28.4414	0.1667	28.9139
7140166	2000.0	16	18000.0	0.2058	28.9139	0.1111	29.230800000000002
7141563	3000.0	17	24000.0	0.3058	0	0.125	0.4308
7135126	3000.0	17	24000.0	0.3058	0.4308	0.125	0.8616
7139949	2000.0	17	24000.0	0.2058	0.8616	0.0833	1.1507
7135100	2000.0	17	24000.0	0.2058	1.1507	0.0833	1.4398
7134970	2000.0	17	24000.0	0.2058	1.4398	0.0833	1.7288999999999999
7134863	3000.0	17	24000.0	0.3058	1.7289	0.125	2.1597
7141777	3000.0	17	24000.0	0.3058	2.1597	0.125	2.5905
7139583	3000.0	17	24000.0	0.3058	2.5905	0.125	3.0213
7136957	2000.0	17	24000.0	0.2058	3.0213	0.0833	3.3104
7139530	3000.0	17	24000.0	0.3058	3.3104	0.125	3.7412
7141689	3000.0	17	24000.0	0.3058	3.7412	0.125	4.172
7141682	2000.0	17	24000.0	0.2058	4.172	0.0833	4.4611
7139744	3000.0	17	24000.0	0.3058	4.4611	0.125	4.8919
7141742	2000.0	17	24000.0	0.2058	4.8919	0.0833	5.181
7141734	2000.0	17	24000.0	0.2058	5.181	0.0833	5.4701
7141664	2000.0	17	24000.0	0.2058	5.4701	0.0833	5.759200000000001
7139463	2000.0	17	24000.0	0.2058	5.7592	0.0833	6.0483
7139475	2000.0	17	24000.0	0.2058	6.0483	0.0833	6.337400000000001
7135196	2000.0	17	24000.0	0.2058	6.3374	0.0833	6.6265
7141902	3000.0	17	24000.0	0.3058	6.6265	0.125	7.0573
7141998	3000.0	17	24000.0	0.3058	7.0573	0.125	7.488099999999999
7141981	3000.0	17	24000.0	0.3058	7.4881	0.125	7.9189
7139888	2000.0	17	24000.0	0.2058	7.9189	0.0833	8.208
7137148	3000.0	17	24000.0	0.3058	8.208	0.125	8.6388
7137159	3000.0	17	24000.0	0.3058	8.6388	0.125	9.0696
7137123	3000.0	17	24000.0	0.3058	9.0696	0.125	9.500399999999999
7138017	3000.0	17	24000.0	0.3058	9.5004	0.125	9.9312
7138387	3000.0	17	24000.0	0.3058	9.9312	0.125	10.362
7138322	3000.0	17	24000.0	0.3058	10.362	0.125	10.7928
7137499	3000.0	17	24000.0	0.3058	10.7928	0.125	11.2236
7137299	3000.0	17	24000.0	0.3058	11.2236	0.125	11.654399999999999
7137891	2000.0	17	24000.0	0.2058	11.6544	0.0833	11.9435
7137610	2000.0	17	24000.0	0.2058	11.9435	0.0833	12.2326
7137747	3000.0	17	24000.0	0.3058	12.2326	0.125	12.6634
7134452	2000.0	17	24000.0	0.2058	12.6634	0.0833	12.952499999999999
7134458	2000.0	17	24000.0	0.2058	12.9525	0.0833	13.2416
7139304	2000.0	17	24000.0	0.2058	13.2416	0.0833	13.5307
7134690	2000.0	17	24000.0	0.2058	13.5307	0.0833	13.819799999999999
7134739	3000.0	17	24000.0	0.3058	13.8198	0.125	14.2506
7134796	2000.0	17	24000.0	0.2058	14.2506	0.0833	14.5397
7139328	2000.0	17	24000.0	0.2058	14.5397	0.0833	14.8288
7139284	3000.0	17	24000.0	0.3058	14.8288	0.125	15.259599999999999
7138478	2000.0	17	24000.0	0.2058	15.2596	0.0833	15.5487
7138711	2000.0	17	24000.0	0.2058	15.5487	0.0833	15.8378
7138494	2000.0	17	24000.0	0.2058	15.8378	0.0833	16.126900000000003
7139090	2000.0	17	24000.0	0.2058	16.1269	0.0833	16.416
7138902	2000.0	17	24000.0	0.2058	16.416	0.0833	16.7051
7140251	3000.0	17	24000.0	0.3058	16.7051	0.125	17.135900000000003
7140654	3000.0	17	24000.0	0.3058	17.1359	0.125	17.5667
7135904	1000.0	17	24000.0	0.1058	17.5667	0.0417	17.714199999999998
7140596	2000.0	17	24000.0	0.2058	17.7142	0.0833	18.003300000000003
7141035	2000.0	17	24000.0	0.2058	18.0033	0.0833	18.2924
7140270	3000.0	17	24000.0	0.3058	18.2924	0.125	18.723200000000002
7141243	2000.0	17	24000.0	0.2058	18.7232	0.0833	19.0123
7141225	2000.0	17	24000.0	0.2058	19.0123	0.0833	19.3014
7135863	2000.0	17	24000.0	0.2058	19.3014	0.0833	19.590500000000002
7136388	2000.0	17	24000.0	0.2058	19.5905	0.0833	19.8796
7140215	3000.0	17	24000.0	0.3058	19.8796	0.125	20.3104
7136784	2000.0	17	24000.0	0.2058	20.3104	0.0833	20.599500000000003
7141157	3000.0	17	24000.0	0.3058	20.5995	0.125	21.0303
7135465	2000.0	17	24000.0	0.2058	21.0303	0.0833	21.3194
7136666	3000.0	17	24000.0	0.3058	21.3194	0.125	21.750200000000003
7135453	2000.0	17	24000.0	0.2058	21.7502	0.0833	22.0393
7135918	3000.0	17	24000.0	0.3058	22.0393	0.125	22.470100000000002
7140318	2000.0	17	24000.0	0.2058	22.4701	0.0833	22.7592
7140898	2000.0	17	24000.0	0.2058	22.7592	0.0833	23.0483
7140564	3000.0	17	24000.0	0.3058	23.0483	0.125	23.479100000000003
7140560	3000.0	17	24000.0	0.3058	23.4791	0.125	23.9099
7136237	2000.0	17	24000.0	0.2058	23.9099	0.0833	24.199
7136921	2000.0	17	24000.0	0.2058	24.199	0.0833	24.488100000000003
7136275	3000.0	17	24000.0	0.3058	24.4881	0.125	24.9189
7135334	2000.0	17	24000.0	0.2058	24.9189	0.0833	25.208000000000002
7140141	2000.0	17	24000.0	0.2058	25.208	0.0833	25.4971
7136068	3000.0	17	24000.0	0.3058	25.4971	0.125	25.9279
7141443	1000.0	17	24000.0	0.1058	25.9279	0.0417	26.0754
7135232	2000.0	17	24000.0	0.2058	26.0754	0.0833	26.3645
7136082	2000.0	17	24000.0	0.2058	26.3645	0.0833	26.6536
7136160	3000.0	17	24000.0	0.3058	26.6536	0.125	27.084400000000002
7141473	2000.0	17	24000.0	0.2058	27.0844	0.0833	27.3735
7140735	2000.0	17	24000.0	0.2058	27.3735	0.0833	27.6626
7135803	2000.0	17	24000.0	0.2058	27.6626	0.0833	27.951700000000002
7135764	1000.0	17	24000.0	0.1058	27.9517	0.0417	28.099199999999996
7136334	2000.0	17	24000.0	0.2058	28.0992	0.0833	28.3883
7135001	2000.0	18	30000.0	0.2058	0	0.0667	0.2725
7135105	2000.0	18	30000.0	0.2058	0.2725	0.0667	0.545
7134841	1000.0	18	30000.0	0.1058	0.545	0.0333	0.6841
7134843	2000.0	18	30000.0	0.2058	0.6841	0.0667	0.9566
7135102	3000.0	18	30000.0	0.3058	0.9566	0.1	1.3624
7135045	2000.0	18	30000.0	0.2058	1.3624	0.0667	1.6349
7139418	2000.0	18	30000.0	0.2058	1.6349	0.0667	1.9074
7139387	2000.0	18	30000.0	0.2058	1.9074	0.0667	2.1799
7135088	3000.0	18	30000.0	0.3058	2.1799	0.1	2.5857
7139393	2000.0	18	30000.0	0.2058	2.5857	0.0667	2.8582
7135082	2000.0	18	30000.0	0.2058	2.8582	0.0667	3.1307
7136956	3000.0	18	30000.0	0.3058	3.1307	0.1	3.5365
7141860	3000.0	18	30000.0	0.3058	3.5365	0.1	3.9423000000000004
7141831	2000.0	18	30000.0	0.2058	3.9423	0.0667	4.2148
7139728	3000.0	18	30000.0	0.3058	4.2148	0.1	4.6206
7139608	3000.0	18	30000.0	0.3058	4.6206	0.1	5.026399999999999
7139616	2000.0	18	30000.0	0.2058	5.0264	0.0667	5.2989
7139666	3000.0	18	30000.0	0.3058	5.2989	0.1	5.704699999999999
7139664	2000.0	18	30000.0	0.2058	5.7047	0.0667	5.9772
7139659	2000.0	18	30000.0	0.2058	5.9772	0.0667	6.2497
7135228	2000.0	18	30000.0	0.2058	6.2497	0.0667	6.5222
7142060	2000.0	18	30000.0	0.2058	6.5222	0.0667	6.7947
7141591	3000.0	18	30000.0	0.3058	6.7947	0.1	7.200499999999999
7139921	2000.0	18	30000.0	0.2058	7.2005	0.0667	7.473
7139907	2000.0	18	30000.0	0.2058	7.473	0.0667	7.7455
7137124	3000.0	18	30000.0	0.3058	7.7455	0.1	8.151299999999999
7137183	2000.0	18	30000.0	0.2058	8.1513	0.0667	8.423800000000002
7138376	2000.0	18	30000.0	0.2058	8.4238	0.0667	8.6963
7138370	2000.0	18	30000.0	0.2058	8.6963	0.0667	8.968800000000002
7138355	2000.0	18	30000.0	0.2058	8.9688	0.0667	9.2413
7138229	1000.0	18	30000.0	0.1058	9.2413	0.0333	9.380400000000002
7138270	3000.0	18	30000.0	0.3058	9.3804	0.1	9.7862
7137355	2000.0	18	30000.0	0.2058	9.7862	0.0667	10.0587
7137831	2000.0	18	30000.0	0.2058	10.0587	0.0667	10.3312
7137800	2000.0	18	30000.0	0.2058	10.3312	0.0667	10.603700000000002
7137774	3000.0	18	30000.0	0.3058	10.6037	0.1	11.0095
7134435	3000.0	18	30000.0	0.3058	11.0095	0.1	11.415299999999998
7134487	3000.0	18	30000.0	0.3058	11.4153	0.1	11.8211
7139219	1000.0	18	30000.0	0.1058	11.8211	0.0333	11.9602
7137054	3000.0	18	30000.0	0.3058	11.9602	0.1	12.366
7134794	3000.0	18	30000.0	0.3058	12.366	0.1	12.771799999999999
7134566	2000.0	18	30000.0	0.2058	12.7718	0.0667	13.044300000000002
7136986	3000.0	18	30000.0	0.3058	13.0443	0.1	13.450099999999999
7134623	2000.0	18	30000.0	0.2058	13.4501	0.0667	13.722600000000002
7138639	3000.0	18	30000.0	0.3058	13.7226	0.1	14.1284
7138785	3000.0	18	30000.0	0.3058	14.1284	0.1	14.534199999999998
7138767	2000.0	18	30000.0	0.2058	14.5342	0.0667	14.806700000000001
7138536	2000.0	18	30000.0	0.2058	14.8067	0.0667	15.0792
7138509	2000.0	18	30000.0	0.2058	15.0792	0.0667	15.351700000000001
7138556	2000.0	18	30000.0	0.2058	15.3517	0.0667	15.6242
7138592	2000.0	18	30000.0	0.2058	15.6242	0.0667	15.896700000000001
7138825	2000.0	18	30000.0	0.2058	15.8967	0.0667	16.1692
7138923	3000.0	18	30000.0	0.3058	16.1692	0.1	16.575000000000003
7138977	2000.0	18	30000.0	0.2058	16.575	0.0667	16.8475
7136114	2000.0	18	30000.0	0.2058	16.8475	0.0667	17.12
7136495	3000.0	18	30000.0	0.3058	17.12	0.1	17.525800000000004
7136761	3000.0	18	30000.0	0.3058	17.5258	0.1	17.931600000000003
7140623	3000.0	18	30000.0	0.3058	17.9316	0.1	18.337400000000002
7136769	2000.0	18	30000.0	0.2058	18.3374	0.0667	18.6099
7140639	1000.0	18	30000.0	0.1058	18.6099	0.0333	18.749
7140973	3000.0	18	30000.0	0.3058	18.749	0.1	19.1548
7136501	2000.0	18	30000.0	0.2058	19.1548	0.0667	19.427300000000002
7140269	2000.0	18	30000.0	0.2058	19.4273	0.0667	19.6998
7136510	3000.0	18	30000.0	0.3058	19.6998	0.1	20.105600000000003
7141249	2000.0	18	30000.0	0.2058	20.1056	0.0667	20.3781
7140195	2000.0	18	30000.0	0.2058	20.3781	0.0667	20.6506
7136806	2000.0	18	30000.0	0.2058	20.6506	0.0667	20.9231
7141273	2000.0	18	30000.0	0.2058	20.9231	0.0667	21.195600000000002
7140218	2000.0	18	30000.0	0.2058	21.1956	0.0667	21.4681
7141167	1000.0	18	30000.0	0.1058	21.4681	0.0333	21.6072
7141173	3000.0	18	30000.0	0.3058	21.6072	0.1	22.013
7140658	2000.0	18	30000.0	0.2058	22.013	0.0667	22.285500000000003
7136422	2000.0	18	30000.0	0.2058	22.2855	0.0667	22.558
7140437	1000.0	18	30000.0	0.1058	22.558	0.0333	22.6971
7136662	1000.0	18	30000.0	0.1058	22.6971	0.0333	22.836199999999998
7140535	2000.0	18	30000.0	0.2058	22.8362	0.0667	23.108700000000002
7135427	3000.0	18	30000.0	0.3058	23.1087	0.1	23.5145
7135451	2000.0	18	30000.0	0.2058	23.5145	0.0667	23.787000000000003
7140497	2000.0	18	30000.0	0.2058	23.787	0.0667	24.0595
7136561	3000.0	18	30000.0	0.3058	24.0595	0.1	24.465300000000003
7136714	2000.0	18	30000.0	0.2058	24.4653	0.0667	24.7378
7135919	3000.0	18	30000.0	0.3058	24.7378	0.1	25.143600000000003
7140907	2000.0	18	30000.0	0.2058	25.1436	0.0667	25.4161
7135988	3000.0	18	30000.0	0.3058	25.4161	0.1	25.821900000000003
7136541	2000.0	18	30000.0	0.2058	25.8219	0.0667	26.0944
7136591	2000.0	18	30000.0	0.2058	26.0944	0.0667	26.3669
7136579	2000.0	18	30000.0	0.2058	26.3669	0.0667	26.639400000000002
7136052	3000.0	18	30000.0	0.3058	26.6394	0.1	27.0452
7136220	3000.0	18	30000.0	0.3058	27.0452	0.1	27.451000000000004
7135662	3000.0	18	30000.0	0.3058	27.451	0.1	27.856800000000003
7135281	2000.0	18	30000.0	0.2058	27.8568	0.0667	28.1293
7135641	3000.0	18	30000.0	0.3058	28.1293	0.1	28.535100000000003
7136055	4000.0	18	30000.0	0.4058	28.5351	0.1333	29.074199999999998
7136054	2000.0	18	30000.0	0.2058	29.0742	0.0667	29.346700000000002
7135726	1000.0	18	30000.0	0.1058	29.3467	0.0333	29.485799999999998
7135314	3000.0	18	30000.0	0.3058	29.4858	0.1	29.891600000000004
7136880	2000.0	18	30000.0	0.2058	29.8916	0.0667	30.1641
7136141	3000.0	18	30000.0	0.3058	30.1641	0.1	30.569900000000004
7141501	2000.0	18	30000.0	0.2058	30.5699	0.0667	30.8424
7140034	2000.0	18	30000.0	0.2058	30.8424	0.0667	31.114900000000002
7140015	2000.0	18	30000.0	0.2058	31.1149	0.0667	31.3874
7135619	3000.0	18	30000.0	0.3058	31.3874	0.1	31.793200000000002
7141465	3000.0	18	30000.0	0.3058	31.7932	0.1	32.199
7141453	2000.0	18	30000.0	0.2058	32.199	0.0667	32.4715
7140112	3000.0	18	30000.0	0.3058	32.4715	0.1	32.8773
7140854	3000.0	18	30000.0	0.3058	32.8773	0.1	33.2831
7135392	3000.0	18	30000.0	0.3058	33.2831	0.1	33.6889
7140720	1000.0	18	30000.0	0.1058	33.6889	0.0333	33.827999999999996
7141396	2000.0	18	30000.0	0.2058	33.828	0.0667	34.100500000000004
7141299	1000.0	18	30000.0	0.1058	34.1005	0.0333	34.239599999999996
7136295	3000.0	18	30000.0	0.3058	34.2396	0.1	34.6454
7135375	3000.0	18	30000.0	0.3058	34.6454	0.1	35.0512
7134973	2000.0	19	30000.0	0.2058	0	0.0667	0.2725
7135040	3000.0	19	30000.0	0.3058	0.2725	0.1	0.6783
7139958	2000.0	19	30000.0	0.2058	0.6783	0.0667	0.9508
7139556	2000.0	19	30000.0	0.2058	0.9508	0.0667	1.2233
7141650	2000.0	19	30000.0	0.2058	1.2233	0.0667	1.4958
7139836	3000.0	19	30000.0	0.3058	1.4958	0.1	1.9016000000000002
7141846	2000.0	19	30000.0	0.2058	1.9016	0.0667	2.1741
7141849	1000.0	19	30000.0	0.1058	2.1741	0.0333	2.3132
7139764	3000.0	19	30000.0	0.3058	2.3132	0.1	2.7190000000000003
7139609	4000.0	19	30000.0	0.4058	2.719	0.1333	3.2581
7141723	2000.0	19	30000.0	0.2058	3.2581	0.0667	3.5306
7142055	2000.0	19	30000.0	0.2058	3.5306	0.0667	3.8031
7142054	2000.0	19	30000.0	0.2058	3.8031	0.0667	4.0756000000000006
7142051	2000.0	19	30000.0	0.2058	4.0756	0.0667	4.3481
7142034	3000.0	19	30000.0	0.3058	4.3481	0.1	4.753899999999999
7139449	2000.0	19	30000.0	0.2058	4.7539	0.0667	5.0264
7142001	2000.0	19	30000.0	0.2058	5.0264	0.0667	5.2989
7141948	3000.0	19	30000.0	0.3058	5.2989	0.1	5.704699999999999
7137220	3000.0	19	30000.0	0.3058	5.7047	0.1	6.110499999999999
7138127	3000.0	19	30000.0	0.3058	6.1105	0.1	6.516299999999999
7137192	1000.0	19	30000.0	0.1058	6.5163	0.0333	6.6554
7138122	3000.0	19	30000.0	0.3058	6.6554	0.1	7.0611999999999995
7137944	2000.0	19	30000.0	0.2058	7.0612	0.0667	7.3337
7138062	3000.0	19	30000.0	0.3058	7.3337	0.1	7.7395
7138459	3000.0	19	30000.0	0.3058	7.7395	0.1	8.145299999999999
7138428	3000.0	19	30000.0	0.3058	8.1453	0.1	8.5511
7138205	3000.0	19	30000.0	0.3058	8.5511	0.1	8.9569
7138146	2000.0	19	30000.0	0.2058	8.9569	0.0667	9.2294
7138276	3000.0	19	30000.0	0.3058	9.2294	0.1	9.6352
7138274	3000.0	19	30000.0	0.3058	9.6352	0.1	10.040999999999999
7138474	2000.0	19	30000.0	0.2058	10.041	0.0667	10.313500000000001
7137524	2000.0	19	30000.0	0.2058	10.3135	0.0667	10.586
7137396	3000.0	19	30000.0	0.3058	10.586	0.1	10.9918
7137394	2000.0	19	30000.0	0.2058	10.9918	0.0667	11.2643
7137254	2000.0	19	30000.0	0.2058	11.2643	0.0667	11.536800000000001
7137365	2000.0	19	30000.0	0.2058	11.5368	0.0667	11.8093
7137349	2000.0	19	30000.0	0.2058	11.8093	0.0667	12.081800000000001
7137872	2000.0	19	30000.0	0.2058	12.0818	0.0667	12.3543
7137599	2000.0	19	30000.0	0.2058	12.3543	0.0667	12.626800000000001
7137695	2000.0	19	30000.0	0.2058	12.6268	0.0667	12.8993
7137734	3000.0	19	30000.0	0.3058	12.8993	0.1	13.3051
7137716	2000.0	19	30000.0	0.2058	13.3051	0.0667	13.5776
7138480	3000.0	19	30000.0	0.3058	13.5776	0.1	13.9834
7134401	3000.0	19	30000.0	0.3058	13.9834	0.1	14.389199999999999
7134516	3000.0	19	30000.0	0.3058	14.3892	0.1	14.795
7134462	2000.0	19	30000.0	0.2058	14.795	0.0667	15.0675
7134393	2000.0	19	30000.0	0.2058	15.0675	0.0667	15.340000000000002
7139220	3000.0	19	30000.0	0.3058	15.34	0.1	15.7458
7137044	2000.0	19	30000.0	0.2058	15.7458	0.0667	16.0183
7139251	2000.0	19	30000.0	0.2058	16.0183	0.0667	16.2908
7139299	1000.0	19	30000.0	0.1058	16.2908	0.0333	16.4299
7134803	2000.0	19	30000.0	0.2058	16.4299	0.0667	16.7024
7134657	3000.0	19	30000.0	0.3058	16.7024	0.1	17.108200000000004
7134618	2000.0	19	30000.0	0.2058	17.1082	0.0667	17.3807
7138716	2000.0	19	30000.0	0.2058	17.3807	0.0667	17.653200000000002
7138753	3000.0	19	30000.0	0.3058	17.6532	0.1	18.059
7138613	3000.0	19	30000.0	0.3058	18.059	0.1	18.464800000000004
7138580	2000.0	19	30000.0	0.2058	18.4648	0.0667	18.7373
7138559	1000.0	19	30000.0	0.1058	18.7373	0.0333	18.8764
7139068	3000.0	19	30000.0	0.3058	18.8764	0.1	19.282200000000003
7139064	2000.0	19	30000.0	0.2058	19.2822	0.0667	19.5547
7139156	2000.0	19	30000.0	0.2058	19.5547	0.0667	19.8272
7139131	2000.0	19	30000.0	0.2058	19.8272	0.0667	20.099700000000002
7139105	2000.0	19	30000.0	0.2058	20.0997	0.0667	20.3722
7140633	2000.0	19	30000.0	0.2058	20.3722	0.0667	20.6447
7141081	2000.0	19	30000.0	0.2058	20.6447	0.0667	20.9172
7136483	2000.0	19	30000.0	0.2058	20.9172	0.0667	21.189700000000002
7136002	2000.0	19	30000.0	0.2058	21.1897	0.0667	21.4622
7141000	3000.0	19	30000.0	0.3058	21.4622	0.1	21.868000000000002
7140286	3000.0	19	30000.0	0.3058	21.868	0.1	22.2738
7140295	2000.0	19	30000.0	0.2058	22.2738	0.0667	22.546300000000002
7141024	2000.0	19	30000.0	0.2058	22.5463	0.0667	22.8188
7140169	3000.0	19	30000.0	0.3058	22.8188	0.1	23.224600000000002
7140175	2000.0	19	30000.0	0.2058	23.2246	0.0667	23.4971
7141259	2000.0	19	30000.0	0.2058	23.4971	0.0667	23.7696
7140425	2000.0	19	30000.0	0.2058	23.7696	0.0667	24.0421
7140541	2000.0	19	30000.0	0.2058	24.0421	0.0667	24.314600000000002
7136668	3000.0	19	30000.0	0.3058	24.3146	0.1	24.7204
7140394	2000.0	19	30000.0	0.2058	24.7204	0.0667	24.992900000000002
7135430	3000.0	19	30000.0	0.3058	24.9929	0.1	25.3987
7135931	2000.0	19	30000.0	0.2058	25.3987	0.0667	25.671200000000002
7140491	1000.0	19	30000.0	0.1058	25.6712	0.0333	25.810299999999998
7135497	2000.0	19	30000.0	0.2058	25.8103	0.0667	26.082800000000002
7136584	2000.0	19	30000.0	0.2058	26.0828	0.0667	26.3553
7140374	3000.0	19	30000.0	0.3058	26.3553	0.1	26.761100000000003
7140369	2000.0	19	30000.0	0.2058	26.7611	0.0667	27.0336
7140881	3000.0	19	30000.0	0.3058	27.0336	0.1	27.439400000000003
7140802	2000.0	19	30000.0	0.2058	27.4394	0.0667	27.7119
7135367	3000.0	19	30000.0	0.3058	27.7119	0.1	28.117700000000003
7136241	2000.0	19	30000.0	0.2058	28.1177	0.0667	28.3902
7140147	2000.0	19	30000.0	0.2058	28.3902	0.0667	28.6627
7140138	2000.0	19	30000.0	0.2058	28.6627	0.0667	28.935200000000002
7136152	3000.0	19	30000.0	0.3058	28.9352	0.1	29.341
7136057	3000.0	19	30000.0	0.3058	29.341	0.1	29.746800000000004
7136320	3000.0	19	30000.0	0.3058	29.7468	0.1	30.152600000000003
7135772	2000.0	19	30000.0	0.2058	30.1526	0.0667	30.4251
7135599	3000.0	19	30000.0	0.3058	30.4251	0.1	30.830900000000003
7135603	3000.0	19	30000.0	0.3058	30.8309	0.1	31.236700000000003
7136330	2000.0	19	30000.0	0.2058	31.2367	0.0667	31.5092
7136033	3000.0	19	30000.0	0.3058	31.5092	0.1	31.915000000000003
7141400	1000.0	19	30000.0	0.1058	31.915	0.0333	32.0541
7136830	1000.0	19	30000.0	0.1058	32.0541	0.0333	32.1932
7141325	2000.0	19	30000.0	0.2058	32.1932	0.0667	32.4657
7135757	2000.0	19	30000.0	0.2058	32.4657	0.0667	32.7382
