1681747	10000.0	0	500.0	1.0	0	20.0	21.0
1686509	10000.0	0	500.0	1.0	21.0	20.0	42.0
1644849	3000.0	0	500.0	0.3	42.0	6.0	48.3
1724753	26000.0	0	500.0	2.6	48.3	52.0	102.9
1681755	11000.0	0	500.0	1.1	102.9	22.0	126.0
1645645	11000.0	0	500.0	1.1	126.0	22.0	149.1
1795639	2000.0	0	500.0	0.2	149.1	4.0	153.29999999999998
1814013	9000.0	0	500.0	0.9	153.3	18.0	172.20000000000002
1789256	6000.0	0	500.0	0.6	172.2	12.0	184.79999999999998
1835186	4000.0	0	500.0	0.4	184.8	8.0	193.20000000000002
1734901	4000.0	0	500.0	0.4	193.2	8.0	201.6
1651117	2000.0	0	500.0	0.2	201.6	4.0	205.79999999999998
1789399	4000.0	0	500.0	0.4	205.8	8.0	214.20000000000002
1722833	9000.0	0	500.0	0.9	214.2	18.0	233.1
1847603	9000.0	0	500.0	0.9	233.1	18.0	252.0
1822576	11000.0	0	500.0	1.1	252.0	22.0	275.1
1673713	7000.0	0	500.0	0.7	275.1	14.0	289.8
1799963	8000.0	0	500.0	0.8	289.8	16.0	306.6
1782224	13000.0	0	500.0	1.3	306.6	26.0	333.90000000000003
1671734	10000.0	0	500.0	1.0	333.9	20.0	354.9
1833169	8000.0	0	500.0	0.8	354.9	16.0	371.7
1672453	5000.0	0	500.0	0.5	371.7	10.0	382.2
1782835	6000.0	0	500.0	0.6	382.2	12.0	394.8
1679512	8000.0	0	500.0	0.8	394.8	16.0	411.6
1783415	2000.0	0	500.0	0.2	411.6	4.0	415.8
1773027	8000.0	0	500.0	0.8	415.8	16.0	432.6
1850815	10000.0	0	500.0	1.0	432.6	20.0	453.6
1732613	10000.0	0	500.0	1.0	453.6	20.0	474.6
1785595	3000.0	0	500.0	0.3	474.6	6.0	480.90000000000003
1681158	3000.0	0	500.0	0.3	480.9	6.0	487.2
1641598	3000.0	1	500.0	0.3	0	6.0	6.3
1646193	9000.0	1	500.0	0.9	6.3	18.0	25.2
1727651	3000.0	1	500.0	0.3	25.2	6.0	31.5
1837382	10000.0	1	500.0	1.0	31.5	20.0	52.5
1757671	3000.0	1	500.0	0.3	52.5	6.0	58.8
1786511	13000.0	1	500.0	1.3	58.8	26.0	86.1
1754016	8000.0	1	500.0	0.8	86.1	16.0	102.89999999999999
1737255	5000.0	1	500.0	0.5	102.9	10.0	113.4
1752596	7000.0	1	500.0	0.7	113.4	14.0	128.10000000000002
1723853	15000.0	1	500.0	1.5	128.1	30.0	159.6
1663171	11000.0	1	500.0	1.1	159.6	22.0	182.7
1813851	9000.0	1	500.0	0.9	182.7	18.0	201.6
1690634	11000.0	1	500.0	1.1	201.6	22.0	224.7
1650363	5000.0	1	500.0	0.5	224.7	10.0	235.2
1646951	10000.0	1	500.0	1.0	235.2	20.0	256.2
1662093	9000.0	1	500.0	0.9	256.2	18.0	275.09999999999997
1754889	6000.0	1	500.0	0.6	275.1	12.0	287.70000000000005
1719142	3000.0	1	500.0	0.3	287.7	6.0	294.0
1679383	3000.0	1	500.0	0.3	294.0	6.0	300.3
1721012	11000.0	1	500.0	1.1	300.3	22.0	323.40000000000003
1720621	9000.0	1	500.0	0.9	323.4	18.0	342.29999999999995
1659328	5000.0	1	500.0	0.5	342.3	10.0	352.8
1799694	12000.0	1	500.0	1.2	352.8	24.0	378.0
1745597	7000.0	1	500.0	0.7	378.0	14.0	392.7
1693520	4000.0	1	500.0	0.4	392.7	8.0	401.09999999999997
1745651	9000.0	1	500.0	0.9	401.1	18.0	420.0
1778986	13000.0	1	500.0	1.3	420.0	26.0	447.3
1808715	10000.0	1	500.0	1.0	447.3	20.0	468.3
1679569	10000.0	1	500.0	1.0	468.3	20.0	489.3
1830877	11000.0	1	500.0	1.1	489.3	22.0	512.4000000000001
1744379	9000.0	1	500.0	0.9	512.4	18.0	531.3
1800894	4000.0	1	500.0	0.4	531.3	8.0	539.6999999999999
1831102	9000.0	1	500.0	0.9	539.7	18.0	558.6
1674641	9000.0	1	500.0	0.9	558.6	18.0	577.5
1681186	11000.0	1	500.0	1.1	577.5	22.0	600.6
1733871	11000.0	1	500.0	1.1	600.6	22.0	623.7
1692645	3000.0	1	500.0	0.3	623.7	6.0	630.0
1732683	4000.0	1	500.0	0.4	630.0	8.0	638.4
1752009	9000.0	2	1000.0	0.9	0	9.0	9.9
1644180	9000.0	2	1000.0	0.9	9.9	9.0	19.8
1818109	8000.0	2	1000.0	0.8	19.8	8.0	28.6
1792498	2000.0	2	1000.0	0.2	28.6	2.0	30.8
1750550	12000.0	2	1000.0	1.2	30.8	12.0	44.0
1645285	10000.0	2	1000.0	1.0	44.0	10.0	55.0
1642546	9000.0	2	1000.0	0.9	55.0	9.0	64.9
1719073	9000.0	2	1000.0	0.9	64.9	9.0	74.80000000000001
1707564	9000.0	2	1000.0	0.9	74.8	9.0	84.7
1668496	14000.0	2	1000.0	1.4	84.7	14.0	100.10000000000001
1663863	10000.0	2	1000.0	1.0	100.1	10.0	111.1
1749825	13000.0	2	1000.0	1.3	111.1	13.0	125.39999999999999
1642894	3000.0	2	1000.0	0.3	125.4	3.0	128.7
1789618	11000.0	2	1000.0	1.1	128.7	11.0	140.79999999999998
1680962	7000.0	2	1000.0	0.7	140.8	7.0	148.5
1716922	3000.0	2	1000.0	0.3	148.5	3.0	151.8
1677445	5000.0	2	1000.0	0.5	151.8	5.0	157.3
1743930	10000.0	2	1000.0	1.0	157.3	10.0	168.3
1775101	2000.0	2	1000.0	0.2	168.3	2.0	170.5
1800000	9000.0	2	1000.0	0.9	170.5	9.0	180.4
1840284	4000.0	2	1000.0	0.4	180.4	4.0	184.8
1679807	4000.0	2	1000.0	0.4	184.8	4.0	189.20000000000002
1744716	11000.0	2	1000.0	1.1	189.2	11.0	201.29999999999998
1664818	12000.0	2	1000.0	1.2	201.3	12.0	214.5
1804423	7000.0	2	1000.0	0.7	214.5	7.0	222.2
1719543	5000.0	2	1000.0	0.5	222.2	5.0	227.7
1730648	12000.0	2	1000.0	1.2	227.7	12.0	240.89999999999998
1832217	6000.0	2	1000.0	0.6	240.9	6.0	247.5
1751789	9000.0	2	1000.0	0.9	247.5	9.0	257.4
1675652	8000.0	2	1000.0	0.8	257.4	8.0	266.2
1758542	7000.0	3	1000.0	0.7	0	7.0	7.7
1711407	10000.0	3	1000.0	1.0	7.7	10.0	18.7
1749927	10000.0	3	1000.0	1.0	18.7	10.0	29.7
1747359	11000.0	3	1000.0	1.1	29.7	11.0	41.8
1747448	7000.0	3	1000.0	0.7	41.8	7.0	49.5
1710298	3000.0	3	1000.0	0.3	49.5	3.0	52.8
1686825	12000.0	3	1000.0	1.2	52.8	12.0	66.0
1668033	11000.0	3	1000.0	1.1	66.0	11.0	78.1
1684198	12000.0	3	1000.0	1.2	78.1	12.0	91.3
1748670	3000.0	3	1000.0	0.3	91.3	3.0	94.6
1682880	8000.0	3	1000.0	0.8	94.6	8.0	103.39999999999999
1723901	8000.0	3	1000.0	0.8	103.4	8.0	112.2
1649533	20000.0	3	1000.0	2.0	112.2	20.0	134.2
1706765	11000.0	3	1000.0	1.1	134.2	11.0	146.29999999999998
1759460	10000.0	3	1000.0	1.0	146.3	10.0	157.3
1661855	11000.0	3	1000.0	1.1	157.3	11.0	169.4
1725720	10000.0	3	1000.0	1.0	169.4	10.0	180.4
1834911	9000.0	3	1000.0	0.9	180.4	9.0	190.3
1842997	12000.0	3	1000.0	1.2	190.3	12.0	203.5
1801974	10000.0	3	1000.0	1.0	203.5	10.0	214.5
1844188	10000.0	3	1000.0	1.0	214.5	10.0	225.5
1669852	10000.0	3	1000.0	1.0	225.5	10.0	236.5
1640876	10000.0	3	1000.0	1.0	236.5	10.0	247.5
1824991	8000.0	3	1000.0	0.8	247.5	8.0	256.3
1640165	12000.0	3	1000.0	1.2	256.3	12.0	269.5
1676041	11000.0	3	1000.0	1.1	269.5	11.0	281.6
1803507	8000.0	3	1000.0	0.8	281.6	8.0	290.40000000000003
1773523	9000.0	3	1000.0	0.9	290.4	9.0	300.29999999999995
1819474	5000.0	3	1000.0	0.5	300.3	5.0	305.8
1820594	10000.0	3	1000.0	1.0	305.8	10.0	316.8
1850612	5000.0	3	1000.0	0.5	316.8	5.0	322.3
1841655	4000.0	3	1000.0	0.4	322.3	4.0	326.7
1821858	6000.0	3	1000.0	0.6	326.7	6.0	333.3
1639571	4000.0	3	1000.0	0.4	333.3	4.0	337.7
1847694	9000.0	3	1000.0	0.9	337.7	9.0	347.59999999999997
1675563	11000.0	3	1000.0	1.1	347.6	11.0	359.70000000000005
1705896	11000.0	3	1000.0	1.1	359.7	11.0	371.8
1742067	9000.0	3	1000.0	0.9	371.8	9.0	381.7
1766299	4000.0	3	1000.0	0.4	381.7	4.0	386.09999999999997
1840908	8000.0	3	1000.0	0.8	386.1	8.0	394.90000000000003
1820062	9000.0	3	1000.0	0.9	394.9	9.0	404.79999999999995
1720444	9000.0	3	1000.0	0.9	404.8	9.0	414.7
1766397	12000.0	3	1000.0	1.2	414.7	12.0	427.9
1757337	5000.0	4	4000.0	0.5038	0	1.25	1.7538
1787021	10000.0	4	4000.0	1.0038	1.7538	2.5	5.2576
1724943	8000.0	4	4000.0	0.8038	5.2576	2.0	8.061399999999999
1686769	8000.0	4	4000.0	0.8038	8.0614	2.0	10.865200000000002
1681885	8000.0	4	4000.0	0.8038	10.8652	2.0	13.669
1816041	9000.0	4	4000.0	0.9038	13.669	2.25	16.8228
1668307	12000.0	4	4000.0	1.2038	16.8228	3.0	21.026600000000002
1749048	11000.0	4	4000.0	1.1038	21.0266	2.75	24.880399999999998
1718791	3000.0	4	4000.0	0.3038	24.8804	0.75	25.9342
1668854	7000.0	4	4000.0	0.7038	25.9342	1.75	28.388
1683112	10000.0	4	4000.0	1.0038	28.388	2.5	31.891800000000003
1649670	13000.0	4	4000.0	1.3038	31.8918	3.25	36.4456
1709804	4000.0	4	4000.0	0.4038	36.4456	1.0	37.849399999999996
1661684	9000.0	4	4000.0	0.9038	37.8494	2.25	41.0032
1845983	10000.0	4	4000.0	1.0038	41.0032	2.5	44.507
1735961	4000.0	4	4000.0	0.4038	44.507	1.0	45.910799999999995
1651798	4000.0	4	4000.0	0.4038	45.9108	1.0	47.3146
1682466	11000.0	4	4000.0	1.1038	47.3146	2.75	51.1684
1760734	11000.0	4	4000.0	1.1038	51.1684	2.75	55.0222
1749196	15000.0	4	4000.0	1.5038	55.0222	3.75	60.275999999999996
1682441	10000.0	4	4000.0	1.0038	60.276	2.5	63.7798
1659170	13000.0	4	4000.0	1.3038	63.7798	3.25	68.3336
1733507	4000.0	4	4000.0	0.4038	68.3336	1.0	69.73740000000001
1676371	8000.0	4	4000.0	0.8038	69.7374	2.0	72.54119999999999
1676920	9000.0	4	4000.0	0.9038	72.5412	2.25	75.69500000000001
1701301	11000.0	4	4000.0	1.1038	75.695	2.75	79.5488
1820668	3000.0	4	4000.0	0.3038	79.5488	0.75	80.6026
1809879	10000.0	4	4000.0	1.0038	80.6026	2.5	84.1064
1676986	4000.0	4	4000.0	0.4038	84.1064	1.0	85.5102
1741175	4000.0	4	4000.0	0.4038	85.5102	1.0	86.914
1694266	9000.0	4	4000.0	0.9038	86.914	2.25	90.0678
1804217	10000.0	4	4000.0	1.0038	90.0678	2.5	93.5716
1823021	3000.0	4	4000.0	0.3038	93.5716	0.75	94.6254
1674241	9000.0	4	4000.0	0.9038	94.6254	2.25	97.7792
1698320	3000.0	4	4000.0	0.3038	97.7792	0.75	98.833
1641079	11000.0	4	4000.0	1.1038	98.833	2.75	102.6868
1845110	22000.0	4	4000.0	2.2038	102.6868	5.5	110.3906
1653249	11000.0	4	4000.0	1.1038	110.3906	2.75	114.24440000000001
1653262	8000.0	4	4000.0	0.8038	114.2444	2.0	117.0482
1775939	4000.0	4	4000.0	0.4038	117.0482	1.0	118.452
1819981	10000.0	4	4000.0	1.0038	118.452	2.5	121.9558
1851173	9000.0	4	4000.0	0.9038	121.9558	2.25	125.1096
1751745	4000.0	4	4000.0	0.4038	125.1096	1.0	126.5134
1671709	4000.0	4	4000.0	0.4038	126.5134	1.0	127.91720000000001
1678068	11000.0	4	4000.0	1.1038	127.9172	2.75	131.771
1839814	8000.0	4	4000.0	0.8038	131.771	2.0	134.57479999999998
1644656	9000.0	5	4000.0	0.9038	0	2.25	3.1538
1756420	4000.0	5	4000.0	0.4038	3.1538	1.0	4.5576
1763400	9000.0	5	4000.0	0.9038	4.5576	2.25	7.7114
1642063	9000.0	5	4000.0	0.9038	7.7114	2.25	10.8652
1708122	6000.0	5	4000.0	0.6038	10.8652	1.5	12.969
1764334	7000.0	5	4000.0	0.7038	12.969	1.75	15.422799999999999
1748044	3000.0	5	4000.0	0.3038	15.4228	0.75	16.4766
1691066	3000.0	5	4000.0	0.3038	16.4766	0.75	17.5304
1669006	3000.0	5	4000.0	0.3038	17.5304	0.75	18.5842
1691256	10000.0	5	4000.0	1.0038	18.5842	2.5	22.088
1685450	11000.0	5	4000.0	1.1038	22.088	2.75	25.9418
1661343	13000.0	5	4000.0	1.3038	25.9418	3.25	30.4956
1661367	11000.0	5	4000.0	1.1038	30.4956	2.75	34.3494
1793467	9000.0	5	4000.0	0.9038	34.3494	2.25	37.5032
1760478	6000.0	5	4000.0	0.6038	37.5032	1.5	39.607
1749326	12000.0	5	4000.0	1.2038	39.607	3.0	43.8108
1647974	9000.0	5	4000.0	0.9038	43.8108	2.25	46.9646
1826009	4000.0	5	4000.0	0.4038	46.9646	1.0	48.368399999999994
1731483	15000.0	5	4000.0	1.5038	48.3684	3.75	53.6222
1658211	10000.0	5	4000.0	1.0038	53.6222	2.5	57.126
1833842	5000.0	5	4000.0	0.5038	57.126	1.25	58.879799999999996
1742105	4000.0	5	4000.0	0.4038	58.8798	1.0	60.2836
1744987	7000.0	5	4000.0	0.7038	60.2836	1.75	62.7374
1799790	4000.0	5	4000.0	0.4038	62.7374	1.0	64.1412
1745970	8000.0	5	4000.0	0.8038	64.1412	2.0	66.945
1703771	5000.0	5	4000.0	0.5038	66.945	1.25	68.69879999999999
1834080	10000.0	5	4000.0	1.0038	68.6988	2.5	72.2026
1769255	10000.0	5	4000.0	1.0038	72.2026	2.5	75.7064
1845189	9000.0	5	4000.0	0.9038	75.7064	2.25	78.8602
1640550	8000.0	5	4000.0	0.8038	78.8602	2.0	81.664
1719925	11000.0	5	4000.0	1.1038	81.664	2.75	85.51780000000001
1664982	8000.0	5	4000.0	0.8038	85.5178	2.0	88.32159999999999
1804203	9000.0	5	4000.0	0.9038	88.3216	2.25	91.47540000000001
1777704	11000.0	5	4000.0	1.1038	91.4754	2.75	95.3292
1671464	13000.0	5	4000.0	1.3038	95.3292	3.25	99.883
1705689	11000.0	5	4000.0	1.1038	99.883	2.75	103.7368
1806539	8000.0	5	4000.0	0.8038	103.7368	2.0	106.5406
1636334	13000.0	5	4000.0	1.3038	106.5406	3.25	111.0944
1802428	10000.0	5	4000.0	1.0038	111.0944	2.5	114.59819999999999
1655391	9000.0	5	4000.0	0.9038	114.5982	2.25	117.75200000000001
1825334	4000.0	5	4000.0	0.4038	117.752	1.0	119.1558
1781040	9000.0	5	4000.0	0.9038	119.1558	2.25	122.3096
1801372	8000.0	5	4000.0	0.8038	122.3096	2.0	125.1134
1807278	8000.0	5	4000.0	0.8038	125.1134	2.0	127.9172
1705182	9000.0	5	4000.0	0.9038	127.9172	2.25	131.071
1750023	4000.0	6	5000.0	0.4038	0	0.8	1.2038
1687222	9000.0	6	5000.0	0.9038	1.2038	1.8	3.9076000000000004
1814908	29000.0	6	5000.0	2.9038	3.9076	5.8	12.6114
1687398	12000.0	6	5000.0	1.2038	12.6114	2.4	16.2152
1686286	8000.0	6	5000.0	0.8038	16.2152	1.6	18.619
1765721	3000.0	6	5000.0	0.3038	18.619	0.6	19.5228
1687622	4000.0	6	5000.0	0.4038	19.5228	0.8	20.7266
1645503	4000.0	6	5000.0	0.4038	20.7266	0.8	21.930400000000002
1643787	4000.0	6	5000.0	0.4038	21.9304	0.8	23.1342
1792646	12000.0	6	5000.0	1.2038	23.1342	2.4	26.738
1718560	11000.0	6	5000.0	1.1038	26.738	2.2	30.0418
1842505	10000.0	6	5000.0	1.0038	30.0418	2.0	33.0456
1762190	11000.0	6	5000.0	1.1038	33.0456	2.2	36.3494
1795297	13000.0	6	5000.0	1.3038	36.3494	2.6	40.25320000000001
1835589	9000.0	6	5000.0	0.9038	40.2532	1.8	42.956999999999994
1649762	12000.0	6	5000.0	1.2038	42.957	2.4	46.5608
1752746	10000.0	6	5000.0	1.0038	46.5608	2.0	49.5646
1846226	8000.0	6	5000.0	0.8038	49.5646	1.6	51.9684
1739033	8000.0	6	5000.0	0.8038	51.9684	1.6	54.37220000000001
1797170	11000.0	6	5000.0	1.1038	54.3722	2.2	57.676
1708051	3000.0	6	5000.0	0.3038	57.676	0.6	58.579800000000006
1663956	4000.0	6	5000.0	0.4038	58.5798	0.8	59.78359999999999
1712547	11000.0	6	5000.0	1.1038	59.7836	2.2	63.0874
1690820	3000.0	6	5000.0	0.3038	63.0874	0.6	63.991200000000006
1727277	4000.0	6	5000.0	0.4038	63.9912	0.8	65.195
1787623	9000.0	6	5000.0	0.9038	65.195	1.8	67.8988
1682126	9000.0	6	5000.0	0.9038	67.8988	1.8	70.6026
1726235	12000.0	6	5000.0	1.2038	70.6026	2.4	74.2064
1680484	3000.0	6	5000.0	0.3038	74.2064	0.6	75.11019999999999
1697026	11000.0	6	5000.0	1.1038	75.1102	2.2	78.41400000000002
1673118	6000.0	6	5000.0	0.6038	78.414	1.2	80.21780000000001
1751150	10000.0	6	5000.0	1.0038	80.2178	2.0	83.2216
1845042	7000.0	6	5000.0	0.7038	83.2216	1.4	85.3254
1802849	7000.0	6	5000.0	0.7038	85.3254	1.4	87.42920000000001
1768649	12000.0	6	5000.0	1.2038	87.4292	2.4	91.033
1808310	12000.0	6	5000.0	1.2038	91.033	2.4	94.63680000000001
1664922	3000.0	6	5000.0	0.3038	94.6368	0.6	95.54059999999998
1807969	3000.0	6	5000.0	0.3038	95.5406	0.6	96.44439999999999
1672610	11000.0	6	5000.0	1.1038	96.4444	2.2	99.74820000000001
1701719	4000.0	6	5000.0	0.4038	99.7482	0.8	100.952
1802371	5000.0	6	5000.0	0.5038	100.952	1.0	102.4558
1655227	9000.0	6	5000.0	0.9038	102.4558	1.8	105.1596
1771053	9000.0	6	5000.0	0.9038	105.1596	1.8	107.8634
1721294	10000.0	6	5000.0	1.0038	107.8634	2.0	110.8672
1697946	9000.0	6	5000.0	0.9038	110.8672	1.8	113.571
1825025	10000.0	6	5000.0	1.0038	113.571	2.0	116.5748
1801411	10000.0	6	5000.0	1.0038	116.5748	2.0	119.5786
1639836	11000.0	6	5000.0	1.1038	119.5786	2.2	122.8824
1818743	10000.0	6	5000.0	1.0038	122.8824	2.0	125.8862
1674941	4000.0	6	5000.0	0.4038	125.8862	0.8	127.09
1678375	12000.0	6	5000.0	1.2038	127.09	2.4	130.6938
1749944	9000.0	7	5000.0	0.9038	0	1.8	2.7038
1643543	3000.0	7	5000.0	0.3038	2.7038	0.6	3.6076
1791558	6000.0	7	5000.0	0.6038	3.6076	1.2	5.4114
1750485	3000.0	7	5000.0	0.3038	5.4114	0.6	6.3152
1756360	3000.0	7	5000.0	0.3038	6.3152	0.6	7.218999999999999
1786818	9000.0	7	5000.0	0.9038	7.219	1.8	9.9228
1740022	9000.0	7	5000.0	0.9038	9.9228	1.8	12.626600000000002
1645092	10000.0	7	5000.0	1.0038	12.6266	2.0	15.6304
1652326	4000.0	7	5000.0	0.4038	15.6304	0.8	16.8342
1826817	9000.0	7	5000.0	0.9038	16.8342	1.8	19.538
1752510	9000.0	7	5000.0	0.9038	19.538	1.8	22.2418
1793576	7000.0	7	5000.0	0.7038	22.2418	1.4	24.3456
1737512	10000.0	7	5000.0	1.0038	24.3456	2.0	27.349400000000003
1711934	10000.0	7	5000.0	1.0038	27.3494	2.0	30.3532
1648212	6000.0	7	5000.0	0.6038	30.3532	1.2	32.157000000000004
1647720	3000.0	7	5000.0	0.3038	32.157	0.6	33.0608
1738112	3000.0	7	5000.0	0.3038	33.0608	0.6	33.964600000000004
1666809	9000.0	7	5000.0	0.9038	33.9646	1.8	36.66839999999999
1737809	10000.0	7	5000.0	1.0038	36.6684	2.0	39.6722
1826010	11000.0	7	5000.0	1.1038	39.6722	2.2	42.976
1821097	13000.0	7	5000.0	1.3038	42.976	2.6	46.8798
1772934	10000.0	7	5000.0	1.0038	46.8798	2.0	49.8836
1722379	11000.0	7	5000.0	1.1038	49.8836	2.2	53.187400000000004
1721838	10000.0	7	5000.0	1.0038	53.1874	2.0	56.191199999999995
1740508	13000.0	7	5000.0	1.3038	56.1912	2.6	60.095000000000006
1778816	4000.0	7	5000.0	0.4038	60.095	0.8	61.29879999999999
1824535	14000.0	7	5000.0	1.4038	61.2988	2.8	65.5026
1731763	9000.0	7	5000.0	0.9038	65.5026	1.8	68.2064
1845182	12000.0	7	5000.0	1.2038	68.2064	2.4	71.81020000000001
1778846	8000.0	7	5000.0	0.8038	71.8102	1.6	74.21399999999998
1696561	9000.0	7	5000.0	0.9038	74.214	1.8	76.9178
1783026	11000.0	7	5000.0	1.1038	76.9178	2.2	80.22160000000001
1728310	9000.0	7	5000.0	0.9038	80.2216	1.8	82.9254
1696740	10000.0	7	5000.0	1.0038	82.9254	2.0	85.9292
1729877	10000.0	7	5000.0	1.0038	85.9292	2.0	88.93299999999999
1801798	26000.0	7	5000.0	2.6038	88.933	5.2	96.73680000000002
1751656	11000.0	7	5000.0	1.1038	96.7368	2.2	100.04060000000001
1805772	5000.0	7	5000.0	0.5038	100.0406	1.0	101.5444
1671474	12000.0	7	5000.0	1.2038	101.5444	2.4	105.1482
1831262	13000.0	7	5000.0	1.3038	105.1482	2.6	109.05199999999999
1671399	9000.0	7	5000.0	0.9038	109.052	1.8	111.75580000000001
1742955	8000.0	7	5000.0	0.8038	111.7558	1.6	114.15959999999998
1801599	10000.0	7	5000.0	1.0038	114.1596	2.0	117.1634
1638352	9000.0	7	5000.0	0.9038	117.1634	1.8	119.8672
1818727	4000.0	7	5000.0	0.4038	119.8672	0.8	121.071
1732319	10000.0	7	5000.0	1.0038	121.071	2.0	124.0748
1640945	4000.0	7	5000.0	0.4038	124.0748	0.8	125.2786
1777980	5000.0	7	5000.0	0.5038	125.2786	1.0	126.7824
1832362	8000.0	7	5000.0	0.8038	126.7824	1.6	129.18619999999999
1792242	9000.0	8	5000.0	0.9067	0	1.8	2.7067
1756295	11000.0	8	5000.0	1.1067	2.7067	2.2	6.013400000000001
1652301	9000.0	8	5000.0	0.9067	6.0134	1.8	8.7201
1762238	8000.0	8	5000.0	0.8067	8.7201	1.6	11.1268
1762331	10000.0	8	5000.0	1.0067	11.1268	2.0	14.1335
1845644	3000.0	8	5000.0	0.3067	14.1335	0.6	15.040199999999999
1690138	6000.0	8	5000.0	0.6067	15.0402	1.2	16.8469
1826959	7000.0	8	5000.0	0.7067	16.8469	1.4	18.9536
1734636	6000.0	8	5000.0	0.6067	18.9536	1.2	20.7603
1735828	7000.0	8	5000.0	0.7067	20.7603	1.4	22.867
1661945	6000.0	8	5000.0	0.6067	22.867	1.2	24.6737
1724579	9000.0	8	5000.0	0.9067	24.6737	1.8	27.3804
1724576	8000.0	8	5000.0	0.8067	27.3804	1.6	29.787100000000002
1829189	8000.0	8	5000.0	0.8067	29.7871	1.6	32.193799999999996
1794379	10000.0	8	5000.0	1.0067	32.1938	2.0	35.200500000000005
1682408	8000.0	8	5000.0	0.8067	35.2005	1.6	37.6072
1726083	3000.0	8	5000.0	0.3067	37.6072	0.6	38.5139
1682411	10000.0	8	5000.0	1.0067	38.5139	2.0	41.5206
1800037	11000.0	8	5000.0	1.1067	41.5206	2.2	44.82730000000001
1772939	8000.0	8	5000.0	0.8067	44.8273	1.6	47.234
1775027	10000.0	8	5000.0	1.0067	47.234	2.0	50.240700000000004
1731203	8000.0	8	5000.0	0.8067	50.2407	1.6	52.6474
1838292	5000.0	8	5000.0	0.5067	52.6474	1.0	54.1541
1742658	12000.0	8	5000.0	1.2067	54.1541	2.4	57.760799999999996
1769496	8000.0	8	5000.0	0.8067	57.7608	1.6	60.167500000000004
1831717	10000.0	8	5000.0	1.0067	60.1675	2.0	63.1742
1741081	6000.0	8	5000.0	0.6067	63.1742	1.2	64.9809
1722921	9000.0	8	5000.0	0.9067	64.9809	1.8	67.6876
1669949	13000.0	8	5000.0	1.3067	67.6876	2.6	71.5943
1664888	9000.0	8	5000.0	0.9067	71.5943	1.8	74.301
1704073	10000.0	8	5000.0	1.0067	74.301	2.0	77.3077
1703569	5000.0	8	5000.0	0.5067	77.3077	1.0	78.81439999999999
1746064	7000.0	8	5000.0	0.7067	78.8144	1.4	80.92110000000001
1783463	3000.0	8	5000.0	0.3067	80.9211	0.6	81.8278
1670090	4000.0	8	5000.0	0.4067	81.8278	0.8	83.0345
1675397	7000.0	8	5000.0	0.7067	83.0345	1.4	85.1412
1727832	4000.0	8	5000.0	0.4067	85.1412	0.8	86.3479
1639994	12000.0	8	5000.0	1.2067	86.3479	2.4	89.9546
1637759	9000.0	8	5000.0	0.9067	89.9546	1.8	92.6613
1772305	10000.0	8	5000.0	1.0067	92.6613	2.0	95.66799999999999
1839953	3000.0	8	5000.0	0.3067	95.668	0.6	96.5747
1825050	11000.0	8	5000.0	1.1067	96.5747	2.2	99.88140000000001
1653772	10000.0	8	5000.0	1.0067	99.8814	2.0	102.8881
1806587	12000.0	8	5000.0	1.2067	102.8881	2.4	106.4948
1675607	6000.0	8	5000.0	0.6067	106.4948	1.2	108.3015
1711121	5000.0	9	6000.0	0.5067	0	0.8333	1.34
1845860	4000.0	9	6000.0	0.4067	1.34	0.6667	2.4134
1757587	5000.0	9	6000.0	0.5067	2.4134	0.8333	3.7534
1686510	8000.0	9	6000.0	0.8067	3.7534	1.3333	5.8934
1815720	3000.0	9	6000.0	0.3067	5.8934	0.5	6.7001
1825535	9000.0	9	6000.0	0.9067	6.7001	1.5	9.1068
1648938	9000.0	9	6000.0	0.9067	9.1068	1.5	11.5135
1662798	10000.0	9	6000.0	1.0067	11.5135	1.6667	14.186900000000001
1668542	10000.0	9	6000.0	1.0067	14.1869	1.6667	16.8603
1668739	4000.0	9	6000.0	0.4067	16.8603	0.6667	17.933699999999998
1709983	12000.0	9	6000.0	1.2067	17.9337	2.0	21.140400000000003
1661417	6000.0	9	6000.0	0.6067	21.1404	1.0	22.7471
1641863	8000.0	9	6000.0	0.8067	22.7471	1.3333	24.8871
1676310	10000.0	9	6000.0	1.0067	24.8871	1.6667	27.560499999999998
1673241	10000.0	9	6000.0	1.0067	27.5605	1.6667	30.2339
1704217	11000.0	9	6000.0	1.1067	30.2339	1.8333	33.173899999999996
1728680	3000.0	9	6000.0	0.3067	33.1739	0.5	33.9806
1799666	15000.0	9	6000.0	1.5067	33.9806	2.5	37.987300000000005
1801264	9000.0	9	6000.0	0.9067	37.9873	1.5	40.394
1659000	10000.0	9	6000.0	1.0067	40.394	1.6667	43.0674
1824251	3000.0	9	6000.0	0.3067	43.0674	0.5	43.8741
1805021	4000.0	9	6000.0	0.4067	43.8741	0.6667	44.9475
1782903	12000.0	9	6000.0	1.2067	44.9475	2.0	48.154199999999996
1740933	13000.0	9	6000.0	1.3067	48.1542	2.1667	51.6276
1751564	10000.0	9	6000.0	1.0067	51.6276	1.6667	54.301
1777736	11000.0	9	6000.0	1.1067	54.301	1.8333	57.24100000000001
1742839	10000.0	9	6000.0	1.0067	57.241	1.6667	59.9144
1781156	2000.0	9	6000.0	0.2067	59.9144	0.3333	60.4544
1845099	11000.0	9	6000.0	1.1067	60.4544	1.8333	63.3944
1699119	4000.0	9	6000.0	0.4067	63.3944	0.6667	64.4678
1702379	3000.0	9	6000.0	0.3067	64.4678	0.5	65.2745
1747082	4000.0	9	6000.0	0.4067	65.2745	0.6667	66.34790000000001
1675802	11000.0	9	6000.0	1.1067	66.3479	1.8333	69.2879
1776722	8000.0	9	6000.0	0.8067	69.2879	1.3333	71.4279
1681448	10000.0	9	6000.0	1.0067	71.4279	1.6667	74.1013
1703159	9000.0	9	6000.0	0.9067	74.1013	1.5	76.508
1698830	3000.0	9	6000.0	0.3067	76.508	0.5	77.3147
1699882	8000.0	9	6000.0	0.8067	77.3147	1.3333	79.4547
1716308	8000.0	9	6000.0	0.8067	79.4547	1.3333	81.5947
1652170	11000.0	10	6000.0	1.1067	0	1.8333	2.94
1758584	11000.0	10	6000.0	1.1067	2.94	1.8333	5.879999999999999
1791263	7000.0	10	6000.0	0.7067	5.88	1.1667	7.753399999999999
1651950	12000.0	10	6000.0	1.2067	7.7534	2.0	10.9601
1736904	5000.0	10	6000.0	0.5067	10.9601	0.8333	12.3001
1666152	9000.0	10	6000.0	0.9067	12.3001	1.5	14.706800000000001
1725458	8000.0	10	6000.0	0.8067	14.7068	1.3333	16.846799999999998
1737154	3000.0	10	6000.0	0.3067	16.8468	0.5	17.6535
1681791	12000.0	10	6000.0	1.2067	17.6535	2.0	20.860200000000003
1708282	11000.0	10	6000.0	1.1067	20.8602	1.8333	23.8002
1761173	11000.0	10	6000.0	1.1067	23.8002	1.8333	26.7402
1789165	8000.0	10	6000.0	0.8067	26.7402	1.3333	28.880200000000002
1668752	10000.0	10	6000.0	1.0067	28.8802	1.6667	31.553599999999996
1682205	10000.0	10	6000.0	1.0067	31.5536	1.6667	34.227
1734260	8000.0	10	6000.0	0.8067	34.227	1.3333	36.367
1813283	2000.0	10	6000.0	0.2067	36.367	0.3333	36.907
1793285	7000.0	10	6000.0	0.7067	36.907	1.1667	38.78039999999999
1825875	9000.0	10	6000.0	0.9067	38.7804	1.5	41.1871
1798074	10000.0	10	6000.0	1.0067	41.1871	1.6667	43.8605
1682504	3000.0	10	6000.0	0.3067	43.8605	0.5	44.6672
1760075	12000.0	10	6000.0	1.2067	44.6672	2.0	47.8739
1673120	4000.0	10	6000.0	0.4067	47.8739	0.6667	48.9473
1665976	9000.0	10	6000.0	0.9067	48.9473	1.5	51.354
1658253	13000.0	10	6000.0	1.3067	51.354	2.1667	54.8274
1809175	13000.0	10	6000.0	1.3067	54.8274	2.1667	58.300799999999995
1837885	13000.0	10	6000.0	1.3067	58.3008	2.1667	61.7742
1743983	10000.0	10	6000.0	1.0067	61.7742	1.6667	64.44760000000001
1833193	10000.0	10	6000.0	1.0067	64.4476	1.6667	67.121
1670357	4000.0	10	6000.0	0.4067	67.121	0.6667	68.1944
1809669	4000.0	10	6000.0	0.4067	68.1944	0.6667	69.26780000000001
1819478	5000.0	10	6000.0	0.5067	69.2678	0.8333	70.60779999999998
1742298	12000.0	10	6000.0	1.2067	70.6078	2.0	73.8145
1730929	9000.0	10	6000.0	0.9067	73.8145	1.5	76.2212
1777095	3000.0	10	6000.0	0.3067	76.2212	0.5	77.0279
1805932	8000.0	10	6000.0	0.8067	77.0279	1.3333	79.1679
1719533	4000.0	10	6000.0	0.4067	79.1679	0.6667	80.24130000000001
1801582	12000.0	10	6000.0	1.2067	80.2413	2.0	83.448
1641152	7000.0	10	6000.0	0.7067	83.448	1.1667	85.3214
1825103	8000.0	10	6000.0	0.8067	85.3214	1.3333	87.4614
1699796	8000.0	10	6000.0	0.8067	87.4614	1.3333	89.6014
1732737	7000.0	10	6000.0	0.7067	89.6014	1.1667	91.4748
1699846	7000.0	10	6000.0	0.7067	91.4748	1.1667	93.3482
1851212	12000.0	10	6000.0	1.2067	93.3482	2.0	96.5549
1644192	8000.0	11	6000.0	0.8067	0	1.3333	2.1399999999999997
1644550	9000.0	11	6000.0	0.9067	2.14	1.5	4.5466999999999995
1789885	10000.0	11	6000.0	1.0067	4.5467	1.6667	7.2201
1719279	9000.0	11	6000.0	0.9067	7.2201	1.5	9.626800000000001
1757798	11000.0	11	6000.0	1.1067	9.6268	1.8333	12.566799999999999
1706280	3000.0	11	6000.0	0.3067	12.5668	0.5	13.3735
1749092	8000.0	11	6000.0	0.8067	13.3735	1.3333	15.513499999999999
1708390	10000.0	11	6000.0	1.0067	15.5135	1.6667	18.186899999999998
1842297	6000.0	11	6000.0	0.6067	18.1869	1.0	19.7936
1718684	12000.0	11	6000.0	1.2067	19.7936	2.0	23.000300000000003
1836901	9000.0	11	6000.0	0.9067	23.0003	1.5	25.407
1666602	9000.0	11	6000.0	0.9067	25.407	1.5	27.8137
1848999	4000.0	11	6000.0	0.4067	27.8137	0.6667	28.8871
1759205	9000.0	11	6000.0	0.9067	28.8871	1.5	31.2938
1682135	5000.0	11	6000.0	0.5067	31.2938	0.8333	32.6338
1647572	5000.0	11	6000.0	0.5067	32.6338	0.8333	33.973800000000004
1684690	3000.0	11	6000.0	0.3067	33.9738	0.5	34.780499999999996
1709002	11000.0	11	6000.0	1.1067	34.7805	1.8333	37.72050000000001
1826103	14000.0	11	6000.0	1.4067	37.7205	2.3333	41.4605
1651322	5000.0	11	6000.0	0.5067	41.4605	0.8333	42.80050000000001
1651196	5000.0	11	6000.0	0.5067	42.8005	0.8333	44.1405
1744144	11000.0	11	6000.0	1.1067	44.1405	1.8333	47.08050000000001
1658366	10000.0	11	6000.0	1.0067	47.0805	1.6667	49.7539
1768527	10000.0	11	6000.0	1.0067	49.7539	1.6667	52.4273
1831536	7000.0	11	6000.0	0.7067	52.4273	1.1667	54.3007
1773444	9000.0	11	6000.0	0.9067	54.3007	1.5	56.7074
1696006	10000.0	11	6000.0	1.0067	56.7074	1.6667	59.3808
1849742	13000.0	11	6000.0	1.3067	59.3808	2.1667	62.8542
1804079	3000.0	11	6000.0	0.3067	62.8542	0.5	63.6609
1713756	10000.0	11	6000.0	1.0067	63.6609	1.6667	66.3343
1720766	12000.0	11	6000.0	1.2067	66.3343	2.0	69.541
1845187	5000.0	11	6000.0	0.5067	69.541	0.8333	70.88099999999999
1672462	9000.0	11	6000.0	0.9067	70.881	1.5	73.2877
1823380	6000.0	11	6000.0	0.6067	73.2877	1.0	74.8944
1729949	7000.0	11	6000.0	0.7067	74.8944	1.1667	76.76780000000001
1812779	13000.0	11	6000.0	1.3067	76.7678	2.1667	80.2412
1780478	11000.0	11	6000.0	1.1067	80.2412	1.8333	83.1812
1698379	12000.0	11	6000.0	1.2067	83.1812	2.0	86.3879
1636206	9000.0	11	6000.0	0.9067	86.3879	1.5	88.7946
1695466	9000.0	11	6000.0	0.9067	88.7946	1.5	91.2013
1833742	12000.0	11	6000.0	1.2067	91.2013	2.0	94.408
1654241	4000.0	11	6000.0	0.4067	94.408	0.6667	95.48140000000001
1807297	3000.0	11	6000.0	0.3067	95.4814	0.5	96.2881
1775592	4000.0	11	6000.0	0.4067	96.2881	0.6667	97.3615
1671191	4000.0	11	6000.0	0.4067	97.3615	0.6667	98.43490000000001
1644312	8000.0	12	6000.0	0.8	0	1.3333	2.1333
1756967	3000.0	12	6000.0	0.3	2.1333	0.5	2.9333
1843329	10000.0	12	6000.0	1.0	2.9333	1.6667	5.6
1852017	8000.0	12	6000.0	0.8	5.6	1.3333	7.7333
1758289	4000.0	12	6000.0	0.4	7.7333	0.6667	8.8
1786869	10000.0	12	6000.0	1.0	8.8	1.6667	11.466700000000001
1735082	11000.0	12	6000.0	1.1	11.4667	1.8333	14.399999999999999
1649122	9000.0	12	6000.0	0.9	14.4	1.5	16.8
1650613	10000.0	12	6000.0	1.0	16.8	1.6667	19.4667
1795052	9000.0	12	6000.0	0.9	19.4667	1.5	21.866699999999998
1649285	10000.0	12	6000.0	1.0	21.8667	1.6667	24.5334
1797129	12000.0	12	6000.0	1.2	24.5334	2.0	27.7334
1763866	5000.0	12	6000.0	0.5	27.7334	0.8333	29.0667
1724076	7000.0	12	6000.0	0.7	29.0667	1.1667	30.9334
1798151	7000.0	12	6000.0	0.7	30.9334	1.1667	32.8001
1813217	4000.0	12	6000.0	0.4	32.8001	0.6667	33.8668
1759891	3000.0	12	6000.0	0.3	33.8668	0.5	34.666799999999995
1842081	9000.0	12	6000.0	0.9	34.6668	1.5	37.0668
1830074	13000.0	12	6000.0	1.3	37.0668	2.1667	40.5335
1747853	7000.0	12	6000.0	0.7	40.5335	1.1667	42.4002
1694719	8000.0	12	6000.0	0.8	42.4002	1.3333	44.5335
1742199	3000.0	12	6000.0	0.3	44.5335	0.5	45.333499999999994
1713542	27000.0	12	6000.0	2.7	45.3335	4.5	52.533500000000004
1658318	4000.0	12	6000.0	0.4	52.5335	0.6667	53.600199999999994
1677423	8000.0	12	6000.0	0.8	53.6002	1.3333	55.7335
1774648	3000.0	12	6000.0	0.3	55.7335	0.5	56.5335
1831456	11000.0	12	6000.0	1.1	56.5335	1.8333	59.4668
1723025	11000.0	12	6000.0	1.1	59.4668	1.8333	62.4001
1823133	11000.0	12	6000.0	1.1	62.4001	1.8333	65.3334
1808764	11000.0	12	6000.0	1.1	65.3334	1.8333	68.26669999999999
1745951	3000.0	12	6000.0	0.3	68.2667	0.5	69.0667
1744391	11000.0	12	6000.0	1.1	69.0667	1.8333	71.99999999999999
1639330	3000.0	12	6000.0	0.3	72.0	0.5	72.8
1741859	9000.0	12	6000.0	0.9	72.8	1.5	75.2
1841185	10000.0	12	6000.0	1.0	75.2	1.6667	77.86670000000001
1701280	4000.0	12	6000.0	0.4	77.8667	0.6667	78.9334
1732374	9000.0	12	6000.0	0.9	78.9334	1.5	81.33340000000001
1742887	7000.0	12	6000.0	0.7	81.3334	1.1667	83.2001
1777758	9000.0	12	6000.0	0.9	83.2001	1.5	85.60010000000001
1681249	8000.0	12	6000.0	0.8	85.6001	1.3333	87.73339999999999
1802174	5000.0	12	6000.0	0.5	87.7334	0.8333	89.0667
1766779	10000.0	12	6000.0	1.0	89.0667	1.6667	91.7334
1805499	4000.0	12	6000.0	0.4	91.7334	0.6667	92.80010000000001
1781946	8000.0	12	6000.0	0.8	92.8001	1.3333	94.93339999999999
1780352	9000.0	12	6000.0	0.9	94.9334	1.5	97.33340000000001
1706486	3000.0	13	8000.0	0.3	0	0.375	0.675
1790428	9000.0	13	8000.0	0.9	0.675	1.125	2.7
1756117	7000.0	13	8000.0	0.7	2.7	0.875	4.275
1750320	10000.0	13	8000.0	1.0	4.275	1.25	6.525
1688637	3000.0	13	8000.0	0.3	6.525	0.375	7.2
1642021	8000.0	13	8000.0	0.8	7.2	1.0	9.0
1690255	9000.0	13	8000.0	0.9	9.0	1.125	11.025
1749083	11000.0	13	8000.0	1.1	11.025	1.375	13.5
1712315	13000.0	13	8000.0	1.3	13.5	1.625	16.425
1709686	9000.0	13	8000.0	0.9	16.425	1.125	18.45
1666745	5000.0	13	8000.0	0.5	18.45	0.625	19.575
1813245	8000.0	13	8000.0	0.8	19.575	1.0	21.375
1738186	11000.0	13	8000.0	1.1	21.375	1.375	23.85
1640705	8000.0	13	8000.0	0.8	23.85	1.0	25.650000000000002
1830718	7000.0	13	8000.0	0.7	25.65	0.875	27.224999999999998
1722035	10000.0	13	8000.0	1.0	27.225	1.25	29.475
1831897	8000.0	13	8000.0	0.8	29.475	1.0	31.275000000000002
1832929	8000.0	13	8000.0	0.8	31.275	1.0	33.074999999999996
1772492	3000.0	13	8000.0	0.3	33.075	0.375	33.75
1767693	7000.0	13	8000.0	0.7	33.75	0.875	35.325
1703172	3000.0	13	8000.0	0.3	35.325	0.375	36.0
1833191	9000.0	13	8000.0	0.9	36.0	1.125	38.025
1703735	7000.0	13	8000.0	0.7	38.025	0.875	39.6
1722174	10000.0	13	8000.0	1.0	39.6	1.25	41.85
1809925	12000.0	13	8000.0	1.2	41.85	1.5	44.550000000000004
1728579	11000.0	13	8000.0	1.1	44.55	1.375	47.025
1746914	12000.0	13	8000.0	1.2	47.025	1.5	49.725
1825220	6000.0	13	8000.0	0.6	49.725	0.75	51.075
1821607	11000.0	13	8000.0	1.1	51.075	1.375	53.550000000000004
1674514	11000.0	13	8000.0	1.1	53.55	1.375	56.025
1681196	3000.0	13	8000.0	0.3	56.025	0.375	56.699999999999996
1822068	3000.0	13	8000.0	0.3	56.7	0.375	57.375
1771933	11000.0	13	8000.0	1.1	57.375	1.375	59.85
1775961	11000.0	13	8000.0	1.1	59.85	1.375	62.325
1753881	10000.0	13	8000.0	1.0	62.325	1.25	64.575
1802626	7000.0	13	8000.0	0.7	64.575	0.875	66.15
1671716	11000.0	13	8000.0	1.1	66.15	1.375	68.625
1750906	3000.0	13	8000.0	0.3	68.625	0.375	69.3
1849131	11000.0	14	12000.0	1.1	0	0.9167	2.0167
1644992	4000.0	14	12000.0	0.4	2.0167	0.3333	2.75
1765912	19000.0	14	12000.0	1.9	2.75	1.5833	6.2333
1790748	9000.0	14	12000.0	0.9	6.2333	0.75	7.8833
1725235	2000.0	14	12000.0	0.2	7.8833	0.1667	8.25
1690476	9000.0	14	12000.0	0.9	8.25	0.75	9.9
1684300	11000.0	14	12000.0	1.1	9.9	0.9167	11.9167
1763302	7000.0	14	12000.0	0.7	11.9167	0.5833	13.2
1734424	10000.0	14	12000.0	1.0	13.2	0.8333	15.033299999999999
1797968	5000.0	14	12000.0	0.5	15.0333	0.4167	15.950000000000001
1816465	10000.0	14	12000.0	1.0	15.95	0.8333	17.7833
1726250	11000.0	14	12000.0	1.1	17.7833	0.9167	19.8
1817901	8000.0	14	12000.0	0.8	19.8	0.6667	21.2667
1794189	8000.0	14	12000.0	0.8	21.2667	0.6667	22.7334
1768573	8000.0	14	12000.0	0.8	22.7334	0.6667	24.2001
1779782	8000.0	14	12000.0	0.8	24.2001	0.6667	25.6668
1803108	14000.0	14	12000.0	1.4	25.6668	1.1667	28.233499999999996
1715608	12000.0	14	12000.0	1.2	28.2335	1.0	30.4335
1782353	7000.0	14	12000.0	0.7	30.4335	0.5833	31.7168
1676004	10000.0	14	12000.0	1.0	31.7168	0.8333	33.5501
1716940	5000.0	14	12000.0	0.5	33.5501	0.4167	34.4668
1670715	9000.0	14	12000.0	0.9	34.4668	0.75	36.1168
1732786	11000.0	14	12000.0	1.1	36.1168	0.9167	38.1335
1770276	9000.0	14	12000.0	0.9	38.1335	0.75	39.7835
1809675	9000.0	14	12000.0	0.9	39.7835	0.75	41.433499999999995
1659515	5000.0	14	12000.0	0.5	41.4335	0.4167	42.3502
1679980	11000.0	14	12000.0	1.1	42.3502	0.9167	44.3669
1722920	4000.0	14	12000.0	0.4	44.3669	0.3333	45.1002
1751580	10000.0	14	12000.0	1.0	45.1002	0.8333	46.9335
1729311	13000.0	14	12000.0	1.3	46.9335	1.0833	49.3168
1716326	8000.0	14	12000.0	0.8	49.3168	0.6667	50.7835
1699199	8000.0	14	12000.0	0.8	50.7835	0.6667	52.25019999999999
1780587	6000.0	14	12000.0	0.6	52.2502	0.5	53.3502
1802232	10000.0	14	12000.0	1.0	53.3502	0.8333	55.1835
1807052	11000.0	14	12000.0	1.1	55.1835	0.9167	57.2002
1775247	6000.0	14	12000.0	0.6	57.2002	0.5	58.300200000000004
1653325	5000.0	14	12000.0	0.5	58.3002	0.4167	59.216899999999995
1755649	14000.0	15	16000.0	1.4	0	0.875	2.275
1757306	6000.0	15	16000.0	0.6	2.275	0.375	3.25
1725671	10000.0	15	16000.0	1.0	3.25	0.625	4.875
1757870	11000.0	15	16000.0	1.1	4.875	0.6875	6.6625
1736170	10000.0	15	16000.0	1.0	6.6625	0.625	8.2875
1755705	2000.0	15	16000.0	0.2	8.2875	0.125	8.612499999999999
1845743	3000.0	15	16000.0	0.3	8.6125	0.1875	9.100000000000001
1735239	11000.0	15	16000.0	1.1	9.1	0.6875	10.8875
1817391	3000.0	15	16000.0	0.3	10.8875	0.1875	11.375
1682940	11000.0	15	16000.0	1.1	11.375	0.6875	13.1625
1691073	10000.0	15	16000.0	1.0	13.1625	0.625	14.7875
1796726	9000.0	15	16000.0	0.9	14.7875	0.5625	16.25
1829892	10000.0	15	16000.0	1.0	16.25	0.625	17.875
1759016	7000.0	15	16000.0	0.7	17.875	0.4375	19.0125
1648125	12000.0	15	16000.0	1.2	19.0125	0.75	20.9625
1725890	7000.0	15	16000.0	0.7	20.9625	0.4375	22.099999999999998
1737708	13000.0	15	16000.0	1.3	22.1	0.8125	24.212500000000002
1666477	11000.0	15	16000.0	1.1	24.2125	0.6875	26.0
1759348	9000.0	15	16000.0	0.9	26.0	0.5625	27.4625
1642995	10000.0	15	16000.0	1.0	27.4625	0.625	29.0875
1760922	12000.0	15	16000.0	1.2	29.0875	0.75	31.037499999999998
1787674	10000.0	15	16000.0	1.0	31.0375	0.625	32.6625
1682347	8000.0	15	16000.0	0.8	32.6625	0.5	33.9625
1671921	8000.0	15	16000.0	0.8	33.9625	0.5	35.262499999999996
1832952	10000.0	15	16000.0	1.0	35.2625	0.625	36.8875
1820487	13000.0	15	16000.0	1.3	36.8875	0.8125	39.0
1680668	9000.0	15	16000.0	0.9	39.0	0.5625	40.4625
1799671	4000.0	15	16000.0	0.4	40.4625	0.25	41.1125
1802966	9000.0	15	16000.0	0.9	41.1125	0.5625	42.574999999999996
1730337	11000.0	15	16000.0	1.1	42.575	0.6875	44.362500000000004
1805010	9000.0	15	16000.0	0.9	44.3625	0.5625	45.824999999999996
1810026	3000.0	15	16000.0	0.3	45.825	0.1875	46.3125
1703726	11000.0	15	16000.0	1.1	46.3125	0.6875	48.1
1809476	10000.0	15	16000.0	1.0	48.1	0.625	49.725
1732110	11000.0	15	16000.0	1.1	49.725	0.6875	51.5125
1803290	9000.0	15	16000.0	0.9	51.5125	0.5625	52.975
1807966	11000.0	15	16000.0	1.1	52.975	0.6875	54.7625
1769717	4000.0	15	16000.0	0.4	54.7625	0.25	55.4125
1774194	11000.0	15	16000.0	1.1	55.4125	0.6875	57.2
1808701	3000.0	15	16000.0	0.3	57.2	0.1875	57.6875
1832758	8000.0	15	16000.0	0.8	57.6875	0.5	58.9875
1767122	4000.0	15	16000.0	0.4	58.9875	0.25	59.637499999999996
1746802	4000.0	15	16000.0	0.4	59.6375	0.25	60.2875
1807026	6000.0	15	16000.0	0.6	60.2875	0.375	61.2625
1692759	10000.0	15	16000.0	1.0	61.2625	0.625	62.8875
1806275	9000.0	15	16000.0	0.9	62.8875	0.5625	64.35
1639908	4000.0	15	16000.0	0.4	64.35	0.25	65.0
1653479	3000.0	15	16000.0	0.3	65.0	0.1875	65.4875
1654340	13000.0	15	16000.0	1.3	65.4875	0.8125	67.6
1704926	10000.0	15	16000.0	1.0	67.6	0.625	69.225
1767584	11000.0	15	16000.0	1.1	69.225	0.6875	71.01249999999999
1746598	10000.0	15	16000.0	1.0	71.0125	0.625	72.6375
1702526	4000.0	15	16000.0	0.4	72.6375	0.25	73.28750000000001
1811543	13000.0	15	16000.0	1.3	73.2875	0.8125	75.39999999999999
1751095	25000.0	15	16000.0	2.5	75.4	1.5625	79.4625
1698920	8000.0	15	16000.0	0.8	79.4625	0.5	80.7625
1841586	8000.0	15	16000.0	0.8	80.7625	0.5	82.0625
1671184	5000.0	15	16000.0	0.5	82.0625	0.3125	82.875
1844138	8000.0	15	16000.0	0.8	82.875	0.5	84.175
1686067	9000.0	16	18000.0	0.9058	0	0.5	1.4058000000000002
1710153	7000.0	16	18000.0	0.7058	1.4058	0.3889	2.5005
1793023	4000.0	16	18000.0	0.4058	2.5005	0.2222	3.1285000000000003
1812934	6000.0	16	18000.0	0.6058	3.1285	0.3333	4.0676
1811759	8000.0	16	18000.0	0.8058	4.0676	0.4444	5.317799999999999
1790257	11000.0	16	18000.0	1.1058	5.3178	0.6111	7.034700000000001
1737756	8000.0	16	18000.0	0.8058	7.0347	0.4444	8.2849
1663678	12000.0	16	18000.0	1.2058	8.2849	0.6667	10.1574
1846096	7000.0	16	18000.0	0.7058	10.1574	0.3889	11.2521
1724295	11000.0	16	18000.0	1.1058	11.2521	0.6111	12.969000000000001
1708383	9000.0	16	18000.0	0.9058	12.969	0.5	14.374799999999999
1788833	9000.0	16	18000.0	0.9058	14.3748	0.5	15.7806
1666401	12000.0	16	18000.0	1.2058	15.7806	0.6667	17.6531
1726123	6000.0	16	18000.0	0.6058	17.6531	0.3333	18.5922
1737913	9000.0	16	18000.0	0.9058	18.5922	0.5	19.997999999999998
1742198	9000.0	16	18000.0	0.9058	19.998	0.5	21.4038
1676325	9000.0	16	18000.0	0.9058	21.4038	0.5	22.8096
1811910	17000.0	16	18000.0	1.7058	22.8096	0.9444	25.4598
1770107	4000.0	16	18000.0	0.4058	25.4598	0.2222	26.0878
1849550	8000.0	16	18000.0	0.8058	26.0878	0.4444	27.338000000000005
1802953	2000.0	16	18000.0	0.2058	27.338	0.1111	27.6549
1831723	11000.0	16	18000.0	1.1058	27.6549	0.6111	29.3718
1679814	6000.0	16	18000.0	0.6058	29.3718	0.3333	30.3109
1728532	8000.0	16	18000.0	0.8058	30.3109	0.4444	31.561100000000003
1773585	9000.0	16	18000.0	0.9058	31.5611	0.5	32.9669
1744381	13000.0	16	18000.0	1.3058	32.9669	0.7222	34.9949
1768795	5000.0	16	18000.0	0.5058	34.9949	0.2778	35.7785
1800549	9000.0	16	18000.0	0.9058	35.7785	0.5	37.1843
1833081	12000.0	16	18000.0	1.2058	37.1843	0.6667	39.0568
1664675	12000.0	16	18000.0	1.2058	39.0568	0.6667	40.929300000000005
1656421	10000.0	16	18000.0	1.0058	40.9293	0.5556	42.4907
1677794	11000.0	16	18000.0	1.1058	42.4907	0.6111	44.2076
1699386	10000.0	16	18000.0	1.0058	44.2076	0.5556	45.769
1635758	10000.0	16	18000.0	1.0058	45.769	0.5556	47.3304
1721326	13000.0	16	18000.0	1.3058	47.3304	0.7222	49.358399999999996
1654847	10000.0	16	18000.0	1.0058	49.3584	0.5556	50.9198
1850852	4000.0	16	18000.0	0.4058	50.9198	0.2222	51.5478
1677883	4000.0	16	18000.0	0.4058	51.5478	0.2222	52.1758
1699830	4000.0	16	18000.0	0.4058	52.1758	0.2222	52.8038
1784894	10000.0	16	18000.0	1.0058	52.8038	0.5556	54.3652
1775222	3000.0	16	18000.0	0.3058	54.3652	0.1667	54.8377
1747095	10000.0	16	18000.0	1.0058	54.8377	0.5556	56.3991
1831374	4000.0	16	18000.0	0.4058	56.3991	0.2222	57.0271
1674964	9000.0	16	18000.0	0.9058	57.0271	0.5	58.4329
1850130	9000.0	16	18000.0	0.9058	58.4329	0.5	59.838699999999996
1733741	11000.0	16	18000.0	1.1058	59.8387	0.6111	61.555600000000005
1729193	17000.0	16	18000.0	1.7058	61.5556	0.9444	64.2058
1832418	2000.0	16	18000.0	0.2058	64.2058	0.1111	64.52269999999999
1847399	4000.0	16	18000.0	0.4058	64.5227	0.2222	65.1507
1752039	9000.0	17	24000.0	0.9058	0	0.375	1.2808000000000002
1825493	6000.0	17	24000.0	0.6058	1.2808	0.25	2.1366
1688084	11000.0	17	24000.0	1.1058	2.1366	0.4583	3.7007
1717918	26000.0	17	24000.0	2.6058	3.7007	1.0833	7.389799999999999
1828692	11000.0	17	24000.0	1.1058	7.3898	0.4583	8.953899999999999
1757707	11000.0	17	24000.0	1.1058	8.9539	0.4583	10.518
1717514	7000.0	17	24000.0	0.7058	10.518	0.2917	11.515500000000001
1643856	10000.0	17	24000.0	1.0058	11.5155	0.4167	12.938
1814145	4000.0	17	24000.0	0.4058	12.938	0.1667	13.5105
1707253	13000.0	17	24000.0	1.3058	13.5105	0.5417	15.358
1668028	9000.0	17	24000.0	0.9058	15.358	0.375	16.6388
1762851	9000.0	17	24000.0	0.9058	16.6388	0.375	17.9196
1826460	10000.0	17	24000.0	1.0058	17.9196	0.4167	19.3421
1795962	10000.0	17	24000.0	1.0058	19.3421	0.4167	20.764599999999998
1826640	9000.0	17	24000.0	0.9058	20.7646	0.375	22.0454
1646496	8000.0	17	24000.0	0.8058	22.0454	0.3333	23.184500000000003
1739665	11000.0	17	24000.0	1.1058	23.1845	0.4583	24.7486
1787872	8000.0	17	24000.0	0.8058	24.7486	0.3333	25.887700000000002
1764829	11000.0	17	24000.0	1.1058	25.8877	0.4583	27.4518
1827396	10000.0	17	24000.0	1.0058	27.4518	0.4167	28.874299999999998
1797762	7000.0	17	24000.0	0.7058	28.8743	0.2917	29.8718
1830063	10000.0	17	24000.0	1.0058	29.8718	0.4167	31.2943
1656750	11000.0	17	24000.0	1.1058	31.2943	0.4583	32.8584
1675965	10000.0	17	24000.0	1.0058	32.8584	0.4167	34.2809
1721103	4000.0	17	24000.0	0.4058	34.2809	0.1667	34.8534
1781978	5000.0	17	24000.0	0.5058	34.8534	0.2083	35.5675
1780052	11000.0	17	24000.0	1.1058	35.5675	0.4583	37.131600000000006
1697407	4000.0	17	24000.0	0.4058	37.1316	0.1667	37.7041
1740557	5000.0	17	24000.0	0.5058	37.7041	0.2083	38.4182
1824383	5000.0	17	24000.0	0.5058	38.4182	0.2083	39.1323
1694286	5000.0	17	24000.0	0.5058	39.1323	0.2083	39.8464
1744542	10000.0	17	24000.0	1.0058	39.8464	0.4167	41.2689
1722138	8000.0	17	24000.0	0.8058	41.2689	0.3333	42.408
1785494	9000.0	17	24000.0	0.9058	42.408	0.375	43.6888
1785512	5000.0	17	24000.0	0.5058	43.6888	0.2083	44.4029
1831282	10000.0	17	24000.0	1.0058	44.4029	0.4167	45.8254
1816117	8000.0	18	30000.0	0.8058	0	0.2667	1.0725
1836046	11000.0	18	30000.0	1.1058	1.0725	0.3667	2.545
1661134	11000.0	18	30000.0	1.1058	2.545	0.3667	4.0175
1751882	9000.0	18	30000.0	0.9058	4.0175	0.3	5.2233
1692219	10000.0	18	30000.0	1.0058	5.2233	0.3333	6.5624
1747385	4000.0	18	30000.0	0.4058	6.5624	0.1333	7.101500000000001
1845776	9000.0	18	30000.0	0.9058	7.1015	0.3	8.3073
1688249	9000.0	18	30000.0	0.9058	8.3073	0.3	9.5131
1736453	2000.0	18	30000.0	0.2058	9.5131	0.0667	9.7856
1666214	8000.0	18	30000.0	0.8058	9.7856	0.2667	10.8581
1707335	4000.0	18	30000.0	0.4058	10.8581	0.1333	11.3972
1738517	3000.0	18	30000.0	0.3058	11.3972	0.1	11.802999999999999
1752732	4000.0	18	30000.0	0.4058	11.803	0.1333	12.3421
1748331	10000.0	18	30000.0	1.0058	12.3421	0.3333	13.6812
1814657	4000.0	18	30000.0	0.4058	13.6812	0.1333	14.2203
1723719	7000.0	18	30000.0	0.7058	14.2203	0.2333	15.1594
1794563	5000.0	18	30000.0	0.5058	15.1594	0.1667	15.831900000000001
1708984	10000.0	18	30000.0	1.0058	15.8319	0.3333	17.171
1743130	11000.0	18	30000.0	1.1058	17.171	0.3667	18.6435
1812441	10000.0	18	30000.0	1.0058	18.6435	0.3333	19.9826
1728293	10000.0	18	30000.0	1.0058	19.9826	0.3333	21.321700000000003
1672101	11000.0	18	30000.0	1.1058	21.3217	0.3667	22.7942
1772804	10000.0	18	30000.0	1.0058	22.7942	0.3333	24.133300000000002
1769783	14000.0	18	30000.0	1.4058	24.1333	0.4667	26.005799999999997
1822660	9000.0	18	30000.0	0.9058	26.0058	0.3	27.2116
1772580	13000.0	18	30000.0	1.3058	27.2116	0.4333	28.9507
1778866	10000.0	18	30000.0	1.0058	28.9507	0.3333	30.289800000000003
1636661	7000.0	18	30000.0	0.7058	30.2898	0.2333	31.2289
1723010	10000.0	18	30000.0	1.0058	31.2289	0.3333	32.568
1731966	4000.0	18	30000.0	0.4058	32.568	0.1333	33.107099999999996
1810457	3000.0	18	30000.0	0.3058	33.1071	0.1	33.5129
1773920	13000.0	18	30000.0	1.3058	33.5129	0.4333	35.252
1703570	10000.0	18	30000.0	1.0058	35.252	0.3333	36.591100000000004
1636975	2000.0	18	30000.0	0.2058	36.5911	0.0667	36.8636
1722674	3000.0	18	30000.0	0.3058	36.8636	0.1	37.2694
1753802	2000.0	18	30000.0	0.2058	37.2694	0.0667	37.5419
1639877	11000.0	18	30000.0	1.1058	37.5419	0.3667	39.0144
1638140	15000.0	18	30000.0	1.5058	39.0144	0.5	41.0202
1674327	8000.0	18	30000.0	0.8058	41.0202	0.2667	42.0927
1807511	8000.0	18	30000.0	0.8058	42.0927	0.2667	43.1652
1847089	10000.0	18	30000.0	1.0058	43.1652	0.3333	44.5043
1701953	11000.0	18	30000.0	1.1058	44.5043	0.3667	45.976800000000004
1671658	11000.0	18	30000.0	1.1058	45.9768	0.3667	47.4493
1717078	12000.0	18	30000.0	1.2058	47.4493	0.4	49.0551
1766441	10000.0	18	30000.0	1.0058	49.0551	0.3333	50.394200000000005
1830317	6000.0	19	30000.0	0.6058	0	0.2	0.8058000000000001
1652591	3000.0	19	30000.0	0.3058	0.8058	0.1	1.2116
1681873	6000.0	19	30000.0	0.6058	1.2116	0.2	2.0174000000000003
1645471	3000.0	19	30000.0	0.3058	2.0174	0.1	2.4232
1791942	10000.0	19	30000.0	1.0058	2.4232	0.3333	3.7623
1648872	4000.0	19	30000.0	0.4058	3.7623	0.1333	4.3014
1817129	4000.0	19	30000.0	0.4058	4.3014	0.1333	4.8405000000000005
1648768	8000.0	19	30000.0	0.8058	4.8405	0.2667	5.912999999999999
1748766	7000.0	19	30000.0	0.7058	5.913	0.2333	6.8521
1762156	12000.0	19	30000.0	1.2058	6.8521	0.4	8.4579
1683443	8000.0	19	30000.0	0.8058	8.4579	0.2667	9.5304
1813767	10000.0	19	30000.0	1.0058	9.5304	0.3333	10.8695
1763248	5000.0	19	30000.0	0.5058	10.8695	0.1667	11.542000000000002
1707492	14000.0	19	30000.0	1.4058	11.542	0.4667	13.414499999999999
1762706	8000.0	19	30000.0	0.8058	13.4145	0.2667	14.487
1646881	11000.0	19	30000.0	1.1058	14.487	0.3667	15.9595
1845465	5000.0	19	30000.0	0.5058	15.9595	0.1667	16.631999999999998
1754649	10000.0	19	30000.0	1.0058	16.632	0.3333	17.971100000000003
1760519	3000.0	19	30000.0	0.3058	17.9711	0.1	18.376900000000003
1794704	3000.0	19	30000.0	0.3058	18.3769	0.1	18.782700000000002
1700625	8000.0	19	30000.0	0.8058	18.7827	0.2667	19.8552
1746304	9000.0	19	30000.0	0.9058	19.8552	0.3	21.061
1740857	11000.0	19	30000.0	1.1058	21.061	0.3667	22.5335
1822833	9000.0	19	30000.0	0.9058	22.5335	0.3	23.7393
1768563	8000.0	19	30000.0	0.8058	23.7393	0.2667	24.8118
1780073	4000.0	19	30000.0	0.4058	24.8118	0.1333	25.3509
1802826	4000.0	19	30000.0	0.4058	25.3509	0.1333	25.889999999999997
1838073	10000.0	19	30000.0	1.0058	25.89	0.3333	27.229100000000003
1714695	8000.0	19	30000.0	0.8058	27.2291	0.2667	28.3016
1733217	10000.0	19	30000.0	1.0058	28.3016	0.3333	29.640700000000002
1838008	10000.0	19	30000.0	1.0058	29.6407	0.3333	30.9798
1713348	10000.0	19	30000.0	1.0058	30.9798	0.3333	32.3189
1775697	8000.0	19	30000.0	0.8058	32.3189	0.2667	33.3914
1653402	6000.0	19	30000.0	0.6058	33.3914	0.2	34.1972
1785045	3000.0	19	30000.0	0.3058	34.1972	0.1	34.603
1640984	10000.0	19	30000.0	1.0058	34.603	0.3333	35.9421
1733707	9000.0	19	30000.0	0.9058	35.9421	0.3	37.1479
1832415	4000.0	19	30000.0	0.4058	37.1479	0.1333	37.687
