1797629	8000.0	0	500.0	0.8	0	16.0	16.8
1669837	10000.0	0	500.0	1.0	16.8	20.0	37.8
1708650	9000.0	0	500.0	0.9	37.8	18.0	56.699999999999996
1645279	8000.0	0	500.0	0.8	56.7	16.0	73.5
1708193	13000.0	0	500.0	1.3	73.5	26.0	100.8
1811513	6000.0	0	500.0	0.6	100.8	12.0	113.39999999999999
1812910	8000.0	0	500.0	0.8	113.4	16.0	130.2
1706532	10000.0	0	500.0	1.0	130.2	20.0	151.2
1739904	11000.0	0	500.0	1.1	151.2	22.0	174.29999999999998
1832922	9000.0	0	500.0	0.9	174.3	18.0	193.20000000000002
1735157	10000.0	0	500.0	1.0	193.2	20.0	214.2
1815210	12000.0	0	500.0	1.2	214.2	24.0	239.39999999999998
1791728	11000.0	0	500.0	1.1	239.4	22.0	262.5
1736260	10000.0	0	500.0	1.0	262.5	20.0	283.5
1687584	12000.0	0	500.0	1.2	283.5	24.0	308.7
1715674	8000.0	0	500.0	0.8	308.7	16.0	325.5
1738737	7000.0	0	500.0	0.7	325.5	14.0	340.2
1646991	10000.0	0	500.0	1.0	340.2	20.0	361.2
1787030	12000.0	0	500.0	1.2	361.2	24.0	386.4
1719552	11000.0	0	500.0	1.1	386.4	22.0	409.5
1749081	12000.0	0	500.0	1.2	409.5	24.0	434.7
1834464	9000.0	0	500.0	0.9	434.7	18.0	453.59999999999997
1679916	6000.0	0	500.0	0.6	453.6	12.0	466.20000000000005
1802786	7000.0	0	500.0	0.7	466.2	14.0	480.9
1820399	8000.0	0	500.0	0.8	480.9	16.0	497.7
1825893	9000.0	0	500.0	0.9	497.7	18.0	516.5999999999999
1829566	10000.0	0	500.0	1.0	516.6	20.0	537.6
1827779	14000.0	0	500.0	1.4	537.6	28.0	567.0
1778501	11000.0	0	500.0	1.1	567.0	22.0	590.1
1757944	9000.0	0	500.0	0.9	590.1	18.0	609.0
1809631	12000.0	0	500.0	1.2	609.0	24.0	634.2
1810097	6000.0	0	500.0	0.6	634.2	12.0	646.8000000000001
1726912	13000.0	0	500.0	1.3	646.8	26.0	674.0999999999999
1827328	9000.0	0	500.0	0.9	674.1	18.0	693.0
1777617	10000.0	0	500.0	1.0	693.0	20.0	714.0
1769231	10000.0	0	500.0	1.0	714.0	20.0	735.0
1780810	12000.0	0	500.0	1.2	735.0	24.0	760.2
1673321	9000.0	1	500.0	0.9	0	18.0	18.9
1714582	7000.0	1	500.0	0.7	18.9	14.0	33.599999999999994
1738803	13000.0	1	500.0	1.3	33.6	26.0	60.9
1653079	9000.0	1	500.0	0.9	60.9	18.0	79.8
1714050	9000.0	1	500.0	0.9	79.8	18.0	98.7
1749832	11000.0	1	500.0	1.1	98.7	22.0	121.8
1723091	10000.0	1	500.0	1.0	121.8	20.0	142.8
1644196	13000.0	1	500.0	1.3	142.8	26.0	170.10000000000002
1710555	12000.0	1	500.0	1.2	170.1	24.0	195.29999999999998
1709615	13000.0	1	500.0	1.3	195.3	26.0	222.60000000000002
1812733	16000.0	1	500.0	1.6	222.6	32.0	256.2
1722204	10000.0	1	500.0	1.0	256.2	20.0	277.2
1842376	7000.0	1	500.0	0.7	277.2	14.0	291.9
1664328	9000.0	1	500.0	0.9	291.9	18.0	310.79999999999995
1692094	13000.0	1	500.0	1.3	310.8	26.0	338.1
1684054	13000.0	1	500.0	1.3	338.1	26.0	365.40000000000003
1684102	7000.0	1	500.0	0.7	365.4	14.0	380.09999999999997
1736649	8000.0	1	500.0	0.8	380.1	16.0	396.90000000000003
1692145	12000.0	1	500.0	1.2	396.9	24.0	422.09999999999997
1837487	7000.0	1	500.0	0.7	422.1	14.0	436.8
1636655	11000.0	1	500.0	1.1	436.8	22.0	459.90000000000003
1688911	8000.0	1	500.0	0.8	459.9	16.0	476.7
1687181	11000.0	1	500.0	1.1	476.7	22.0	499.8
1690718	10000.0	1	500.0	1.0	499.8	20.0	520.8
1836526	7000.0	1	500.0	0.7	520.8	14.0	535.5
1689961	12000.0	1	500.0	1.2	535.5	24.0	560.7
1660615	12000.0	1	500.0	1.2	560.7	24.0	585.9000000000001
1794905	13000.0	1	500.0	1.3	585.9	26.0	613.1999999999999
1814374	11000.0	1	500.0	1.1	613.2	22.0	636.3000000000001
1817791	16000.0	1	500.0	1.6	636.3	32.0	669.9
1700749	9000.0	1	500.0	0.9	669.9	18.0	688.8
1699018	6000.0	1	500.0	0.6	688.8	12.0	701.4
1742257	9000.0	1	500.0	0.9	701.4	18.0	720.3
1664247	14000.0	1	500.0	1.4	720.3	28.0	749.6999999999999
1793365	13000.0	1	500.0	1.3	749.7	26.0	777.0
1680366	8000.0	1	500.0	0.8	777.0	16.0	793.8
1696752	10000.0	1	500.0	1.0	793.8	20.0	814.8
1794388	10000.0	1	500.0	1.0	814.8	20.0	835.8
1834114	13000.0	1	500.0	1.3	835.8	26.0	863.0999999999999
1648118	8000.0	1	500.0	0.8	863.1	16.0	879.9
1829325	14000.0	1	500.0	1.4	879.9	28.0	909.3
1727496	11000.0	1	500.0	1.1	909.3	22.0	932.4
1825448	6000.0	1	500.0	0.6	932.4	12.0	945.0
1655658	11000.0	1	500.0	1.1	945.0	22.0	968.1
1849005	10000.0	1	500.0	1.0	968.1	20.0	989.1
1729957	10000.0	1	500.0	1.0	989.1	20.0	1010.1
1847909	13000.0	1	500.0	1.3	1010.1	26.0	1037.4
1725825	5000.0	1	500.0	0.5	1037.4	10.0	1047.9
1809650	9000.0	1	500.0	0.9	1047.9	18.0	1066.8000000000002
1807043	10000.0	1	500.0	1.0	1066.8	20.0	1087.8
1813151	12000.0	2	1000.0	1.2	0	12.0	13.2
1801584	4000.0	2	1000.0	0.4	13.2	4.0	17.6
1795922	11000.0	2	1000.0	1.1	17.6	11.0	29.700000000000003
1701079	10000.0	2	1000.0	1.0	29.7	10.0	40.7
1676304	18000.0	2	1000.0	1.8	40.7	18.0	60.5
1643388	8000.0	2	1000.0	0.8	60.5	8.0	69.3
1702818	11000.0	2	1000.0	1.1	69.3	11.0	81.39999999999999
1714313	9000.0	2	1000.0	0.9	81.4	9.0	91.30000000000001
1741892	12000.0	2	1000.0	1.2	91.3	12.0	104.5
1712108	11000.0	2	1000.0	1.1	104.5	11.0	116.6
1842429	10000.0	2	1000.0	1.0	116.6	10.0	127.6
1709898	8000.0	2	1000.0	0.8	127.6	8.0	136.4
1751638	9000.0	2	1000.0	0.9	136.4	9.0	146.3
1798483	12000.0	2	1000.0	1.2	146.3	12.0	159.5
1741567	7000.0	2	1000.0	0.7	159.5	7.0	167.2
1707343	8000.0	2	1000.0	0.8	167.2	8.0	176.0
1818323	14000.0	2	1000.0	1.4	176.0	14.0	191.4
1692082	9000.0	2	1000.0	0.9	191.4	9.0	201.3
1816717	9000.0	2	1000.0	0.9	201.3	9.0	211.20000000000002
1682827	10000.0	2	1000.0	1.0	211.2	10.0	222.2
1792514	8000.0	2	1000.0	0.8	222.2	8.0	231.0
1692659	15000.0	2	1000.0	1.5	231.0	15.0	247.5
1717524	14000.0	2	1000.0	1.4	247.5	14.0	262.9
1718115	10000.0	2	1000.0	1.0	262.9	10.0	273.9
1790865	10000.0	2	1000.0	1.0	273.9	10.0	284.9
1836892	12000.0	2	1000.0	1.2	284.9	12.0	298.09999999999997
1802984	11000.0	2	1000.0	1.1	298.1	11.0	310.20000000000005
1834899	9000.0	2	1000.0	0.9	310.2	9.0	320.09999999999997
1694814	9000.0	2	1000.0	0.9	320.1	9.0	330.0
1846504	9000.0	2	1000.0	0.9	330.0	9.0	339.9
1638429	6000.0	2	1000.0	0.6	339.9	6.0	346.5
1764021	11000.0	2	1000.0	1.1	346.5	11.0	358.6
1774617	11000.0	2	1000.0	1.1	358.6	11.0	370.70000000000005
1640170	9000.0	2	1000.0	0.9	370.7	9.0	380.59999999999997
1759071	10000.0	2	1000.0	1.0	380.6	10.0	391.6
1638187	8000.0	2	1000.0	0.8	391.6	8.0	400.40000000000003
1656861	7000.0	2	1000.0	0.7	400.4	7.0	408.09999999999997
1772864	12000.0	2	1000.0	1.2	408.1	12.0	421.3
1723792	7000.0	2	1000.0	0.7	421.3	7.0	429.0
1721875	8000.0	3	1000.0	0.8	0	8.0	8.8
1704086	12000.0	3	1000.0	1.2	8.8	12.0	22.0
1673062	17000.0	3	1000.0	1.7	22.0	17.0	40.7
1701935	7000.0	3	1000.0	0.7	40.7	7.0	48.400000000000006
1844330	13000.0	3	1000.0	1.3	48.4	13.0	62.699999999999996
1702359	7000.0	3	1000.0	0.7	62.7	7.0	70.4
1750610	11000.0	3	1000.0	1.1	70.4	11.0	82.5
1799623	9000.0	3	1000.0	0.9	82.5	9.0	92.4
1708244	7000.0	3	1000.0	0.7	92.4	7.0	100.10000000000001
1742905	10000.0	3	1000.0	1.0	100.1	10.0	111.1
1781589	15000.0	3	1000.0	1.5	111.1	15.0	127.6
1670536	9000.0	3	1000.0	0.9	127.6	9.0	137.5
1811525	9000.0	3	1000.0	0.9	137.5	9.0	147.4
1635978	9000.0	3	1000.0	0.9	147.4	9.0	157.3
1750237	11000.0	3	1000.0	1.1	157.3	11.0	169.4
1713128	9000.0	3	1000.0	0.9	169.4	9.0	179.3
1635912	9000.0	3	1000.0	0.9	179.3	9.0	189.20000000000002
1722634	9000.0	3	1000.0	0.9	189.2	9.0	199.1
1691558	9000.0	3	1000.0	0.9	199.1	9.0	209.0
1642495	10000.0	3	1000.0	1.0	209.0	10.0	220.0
1835122	11000.0	3	1000.0	1.1	220.0	11.0	232.1
1694134	8000.0	3	1000.0	0.8	232.1	8.0	240.9
1688945	11000.0	3	1000.0	1.1	240.9	11.0	253.0
1748461	8000.0	3	1000.0	0.8	253.0	8.0	261.8
1661028	9000.0	3	1000.0	0.9	261.8	9.0	271.7
1690583	9000.0	3	1000.0	0.9	271.7	9.0	281.59999999999997
1752659	10000.0	3	1000.0	1.0	281.6	10.0	292.6
1751614	12000.0	3	1000.0	1.2	292.6	12.0	305.8
1686092	11000.0	3	1000.0	1.1	305.8	11.0	317.90000000000003
1698558	9000.0	3	1000.0	0.9	317.9	9.0	327.79999999999995
1788117	9000.0	3	1000.0	0.9	327.8	9.0	337.7
1720924	11000.0	3	1000.0	1.1	337.7	11.0	349.8
1720682	8000.0	3	1000.0	0.8	349.8	8.0	358.6
1734204	12000.0	3	1000.0	1.2	358.6	12.0	371.8
1805299	7000.0	3	1000.0	0.7	371.8	7.0	379.5
1814174	5000.0	3	1000.0	0.5	379.5	5.0	385.0
1793352	7000.0	3	1000.0	0.7	385.0	7.0	392.7
1695160	10000.0	3	1000.0	1.0	392.7	10.0	403.7
1749017	9000.0	3	1000.0	0.9	403.7	9.0	413.59999999999997
1716501	11000.0	3	1000.0	1.1	413.6	11.0	425.70000000000005
1680579	12000.0	3	1000.0	1.2	425.7	12.0	438.9
1696776	11000.0	3	1000.0	1.1	438.9	11.0	451.0
1667668	12000.0	3	1000.0	1.2	451.0	12.0	464.2
1667778	11000.0	3	1000.0	1.1	464.2	11.0	476.3
1666706	11000.0	3	1000.0	1.1	476.3	11.0	488.40000000000003
1847945	9000.0	3	1000.0	0.9	488.4	9.0	498.29999999999995
1829593	10000.0	3	1000.0	1.0	498.3	10.0	509.3
1822865	11000.0	3	1000.0	1.1	509.3	11.0	521.4000000000001
1664831	11000.0	3	1000.0	1.1	521.4	11.0	533.5
1809394	27000.0	3	1000.0	2.7	533.5	27.0	563.2
1809501	12000.0	3	1000.0	1.2	563.2	12.0	576.4000000000001
1820649	8000.0	3	1000.0	0.8	576.4	8.0	585.1999999999999
1756071	9000.0	3	1000.0	0.9	585.2	9.0	595.1
1828669	8000.0	3	1000.0	0.8	595.1	8.0	603.9
1780367	10000.0	3	1000.0	1.0	603.9	10.0	614.9
1797556	9000.0	4	4000.0	0.9038	0	2.25	3.1538
1832739	10000.0	4	4000.0	1.0038	3.1538	2.5	6.6576
1785325	12000.0	4	4000.0	1.2038	6.6576	3.0	10.8614
1675232	10000.0	4	4000.0	1.0038	10.8614	2.5	14.3652
1714349	11000.0	4	4000.0	1.1038	14.3652	2.75	18.219
1645301	10000.0	4	4000.0	1.0038	18.219	2.5	21.7228
1750724	10000.0	4	4000.0	1.0038	21.7228	2.5	25.226599999999998
1709854	10000.0	4	4000.0	1.0038	25.2266	2.5	28.730400000000003
1843951	10000.0	4	4000.0	1.0038	28.7304	2.5	32.2342
1847478	12000.0	4	4000.0	1.2038	32.2342	3.0	36.438
1746774	11000.0	4	4000.0	1.1038	36.438	2.75	40.2918
1791492	11000.0	4	4000.0	1.1038	40.2918	2.75	44.1456
1837153	11000.0	4	4000.0	1.1038	44.1456	2.75	47.9994
1650374	4000.0	4	4000.0	0.4038	47.9994	1.0	49.4032
1649611	10000.0	4	4000.0	1.0038	49.4032	2.5	52.907
1678098	14000.0	4	4000.0	1.4038	52.907	3.5	57.81079999999999
1652080	12000.0	4	4000.0	1.2038	57.8108	3.0	62.0146
1698821	9000.0	4	4000.0	0.9038	62.0146	2.25	65.16839999999999
1696959	17000.0	4	4000.0	1.7038	65.1684	4.25	71.1222
1825836	13000.0	4	4000.0	1.3038	71.1222	3.25	75.676
1808695	10000.0	4	4000.0	1.0038	75.676	2.5	79.1798
1820760	13000.0	4	4000.0	1.3038	79.1798	3.25	83.7336
1823400	10000.0	4	4000.0	1.0038	83.7336	2.5	87.2374
1830221	13000.0	4	4000.0	1.3038	87.2374	3.25	91.79119999999999
1721815	6000.0	5	4000.0	0.6038	0	1.5	2.1038
1711060	8000.0	5	4000.0	0.8038	2.1038	2.0	4.9076
1843004	15000.0	5	4000.0	1.5038	4.9076	3.75	10.1614
1811881	12000.0	5	4000.0	1.2038	10.1614	3.0	14.3652
1643765	15000.0	5	4000.0	1.5038	14.3652	3.75	19.619
1740181	13000.0	5	4000.0	1.3038	19.619	3.25	24.1728
1672198	12000.0	5	4000.0	1.2038	24.1728	3.0	28.3766
1812932	12000.0	5	4000.0	1.2038	28.3766	3.0	32.5804
1707449	10000.0	5	4000.0	1.0038	32.5804	2.5	36.084199999999996
1658490	9000.0	5	4000.0	0.9038	36.0842	2.25	39.238
1748995	13000.0	5	4000.0	1.3038	39.238	3.25	43.7918
1688692	8000.0	5	4000.0	0.8038	43.7918	2.0	46.595600000000005
1748403	8000.0	5	4000.0	0.8038	46.5956	2.0	49.3994
1845665	11000.0	5	4000.0	1.1038	49.3994	2.75	53.2532
1698595	10000.0	5	4000.0	1.0038	53.2532	2.5	56.757
1833098	12000.0	5	4000.0	1.2038	56.757	3.0	60.9608
1747362	13000.0	5	4000.0	1.3038	60.9608	3.25	65.5146
1795326	10000.0	5	4000.0	1.0038	65.5146	2.5	69.0184
1834959	9000.0	5	4000.0	0.9038	69.0184	2.25	72.1722
1737743	19000.0	5	4000.0	1.9038	72.1722	4.75	78.82600000000001
1649447	12000.0	5	4000.0	1.2038	78.826	3.0	83.0298
1772282	12000.0	5	4000.0	1.2038	83.0298	3.0	87.2336
1810605	8000.0	5	4000.0	0.8038	87.2336	2.0	90.03739999999999
1666667	10000.0	5	4000.0	1.0038	90.0374	2.5	93.5412
1730613	14000.0	5	4000.0	1.4038	93.5412	3.5	98.44500000000001
1766968	13000.0	5	4000.0	1.3038	98.445	3.25	102.99879999999999
1731578	10000.0	5	4000.0	1.0038	102.9988	2.5	106.5026
1820822	9000.0	5	4000.0	0.9038	106.5026	2.25	109.6564
1756689	9000.0	5	4000.0	0.9038	109.6564	2.25	112.81020000000001
1808330	8000.0	5	4000.0	0.8038	112.8102	2.0	115.61399999999999
1772131	14000.0	5	4000.0	1.4038	115.614	3.5	120.51780000000001
1721117	9000.0	6	5000.0	0.9038	0	1.8	2.7038
1805425	14000.0	6	5000.0	1.4038	2.7038	2.8	6.9075999999999995
1721057	8000.0	6	5000.0	0.8038	6.9076	1.6	9.3114
1676140	10000.0	6	5000.0	1.0038	9.3114	2.0	12.3152
1786360	11000.0	6	5000.0	1.1038	12.3152	2.2	15.619
1741842	8000.0	6	5000.0	0.8038	15.619	1.6	18.0228
1732837	7000.0	6	5000.0	0.7038	18.0228	1.4	20.1266
1637669	9000.0	6	5000.0	0.9038	20.1266	1.8	22.8304
1670919	11000.0	6	5000.0	1.1038	22.8304	2.2	26.1342
1746690	8000.0	6	5000.0	0.8038	26.1342	1.6	28.538
1733175	8000.0	6	5000.0	0.8038	28.538	1.6	30.9418
1691852	13000.0	6	5000.0	1.3038	30.9418	2.6	34.845600000000005
1752734	11000.0	6	5000.0	1.1038	34.8456	2.2	38.1494
1692674	9000.0	6	5000.0	0.9038	38.1494	1.8	40.853199999999994
1661172	7000.0	6	5000.0	0.7038	40.8532	1.4	42.957
1688064	12000.0	6	5000.0	1.2038	42.957	2.4	46.5608
1790166	14000.0	6	5000.0	1.4038	46.5608	2.8	50.764599999999994
1685556	9000.0	6	5000.0	0.9038	50.7646	1.8	53.468399999999995
1792791	9000.0	6	5000.0	0.9038	53.4684	1.8	56.1722
1694585	10000.0	6	5000.0	1.0038	56.1722	2.0	59.175999999999995
1655808	10000.0	6	5000.0	1.0038	59.176	2.0	62.1798
1764750	9000.0	6	5000.0	0.9038	62.1798	1.8	64.8836
1727288	11000.0	6	5000.0	1.1038	64.8836	2.2	68.18740000000001
1822952	10000.0	6	5000.0	1.0038	68.1874	2.0	71.1912
1639160	6000.0	6	5000.0	0.6038	71.1912	1.2	72.995
1768222	8000.0	6	5000.0	0.8038	72.995	1.6	75.3988
1849288	15000.0	6	5000.0	1.5038	75.3988	3.0	79.90259999999999
1727822	6000.0	6	5000.0	0.6038	79.9026	1.2	81.70640000000002
1822759	8000.0	6	5000.0	0.8038	81.7064	1.6	84.11019999999999
1666514	10000.0	6	5000.0	1.0038	84.1102	2.0	87.114
1763598	10000.0	6	5000.0	1.0038	87.114	2.0	90.1178
1778320	10000.0	6	5000.0	1.0038	90.1178	2.0	93.1216
1665201	12000.0	6	5000.0	1.2038	93.1216	2.4	96.72540000000001
1763479	9000.0	6	5000.0	0.9038	96.7254	1.8	99.4292
1848623	9000.0	6	5000.0	0.9038	99.4292	1.8	102.133
1762020	8000.0	6	5000.0	0.8038	102.133	1.6	104.53679999999999
1810990	7000.0	6	5000.0	0.7038	104.5368	1.4	106.6406
1770626	8000.0	6	5000.0	0.8038	106.6406	1.6	109.0444
1823051	12000.0	6	5000.0	1.2038	109.0444	2.4	112.6482
1832035	8000.0	7	5000.0	0.8038	0	1.6	2.4038
1841133	7000.0	7	5000.0	0.7038	2.4038	1.4	4.5076
1796590	11000.0	7	5000.0	1.1038	4.5076	2.2	7.8114
1840364	9000.0	7	5000.0	0.9038	7.8114	1.8	10.5152
1646527	9000.0	7	5000.0	0.9038	10.5152	1.8	13.219000000000001
1674701	10000.0	7	5000.0	1.0038	13.219	2.0	16.2228
1645142	10000.0	7	5000.0	1.0038	16.2228	2.0	19.226599999999998
1670124	8000.0	7	5000.0	0.8038	19.2266	1.6	21.6304
1709866	9000.0	7	5000.0	0.9038	21.6304	1.8	24.334200000000003
1672052	9000.0	7	5000.0	0.9038	24.3342	1.8	27.038
1659624	9000.0	7	5000.0	0.9038	27.038	1.8	29.7418
1722410	12000.0	7	5000.0	1.2038	29.7418	2.4	33.345600000000005
1811713	10000.0	7	5000.0	1.0038	33.3456	2.0	36.349399999999996
1847387	10000.0	7	5000.0	1.0038	36.3494	2.0	39.3532
1799436	11000.0	7	5000.0	1.1038	39.3532	2.2	42.657000000000004
1816532	9000.0	7	5000.0	0.9038	42.657	1.8	45.36079999999999
1718912	8000.0	7	5000.0	0.8038	45.3608	1.6	47.7646
1649702	13000.0	7	5000.0	1.3038	47.7646	2.6	51.668400000000005
1816161	11000.0	7	5000.0	1.1038	51.6684	2.2	54.9722
1661325	10000.0	7	5000.0	1.0038	54.9722	2.0	57.976
1643109	10000.0	7	5000.0	1.0038	57.976	2.0	60.9798
1738691	13000.0	7	5000.0	1.3038	60.9798	2.6	64.8836
1719481	13000.0	7	5000.0	1.3038	64.8836	2.6	68.78739999999999
1737468	9000.0	7	5000.0	0.9038	68.7874	1.8	71.4912
1838310	11000.0	7	5000.0	1.1038	71.4912	2.2	74.79500000000002
1838304	12000.0	7	5000.0	1.2038	74.795	2.4	78.39880000000001
1696961	7000.0	7	5000.0	0.7038	78.3988	1.4	80.5026
1716125	14000.0	7	5000.0	1.4038	80.5026	2.8	84.7064
1775156	10000.0	7	5000.0	1.0038	84.7064	2.0	87.7102
1763827	7000.0	7	5000.0	0.7038	87.7102	1.4	89.81400000000001
1779420	8000.0	7	5000.0	0.8038	89.814	1.6	92.21779999999998
1667000	10000.0	7	5000.0	1.0038	92.2178	2.0	95.2216
1729992	18000.0	7	5000.0	1.8038	95.2216	3.6	100.62539999999998
1766773	7000.0	7	5000.0	0.7038	100.6254	1.4	102.7292
1821044	7000.0	7	5000.0	0.7038	102.7292	1.4	104.83300000000001
1762551	10000.0	7	5000.0	1.0038	104.833	2.0	107.8368
1772535	12000.0	7	5000.0	1.2038	107.8368	2.4	111.4406
1772014	11000.0	7	5000.0	1.1038	111.4406	2.2	114.74440000000001
1755294	15000.0	7	5000.0	1.5038	114.7444	3.0	119.2482
1646247	12000.0	8	5000.0	1.2067	0	2.4	3.6067
1785238	9000.0	8	5000.0	0.9067	3.6067	1.8	6.3134
1721162	11000.0	8	5000.0	1.1067	6.3134	2.2	9.6201
1753634	11000.0	8	5000.0	1.1067	9.6201	2.2	12.9268
1781594	9000.0	8	5000.0	0.9067	12.9268	1.8	15.633500000000002
1644134	7000.0	8	5000.0	0.7067	15.6335	1.4	17.740199999999998
1672932	10000.0	8	5000.0	1.0067	17.7402	2.0	20.7469
1645929	10000.0	8	5000.0	1.0067	20.7469	2.0	23.7536
1671801	8000.0	8	5000.0	0.8067	23.7536	1.6	26.1603
1803560	14000.0	8	5000.0	1.4067	26.1603	2.8	30.367
1845421	9000.0	8	5000.0	0.9067	30.367	1.8	33.0737
1692643	8000.0	8	5000.0	0.8067	33.0737	1.6	35.4804
1748895	9000.0	8	5000.0	0.9067	35.4804	1.8	38.1871
1690841	10000.0	8	5000.0	1.0067	38.1871	2.0	41.1938
1678212	11000.0	8	5000.0	1.1067	41.1938	2.2	44.5005
1839237	14000.0	8	5000.0	1.4067	44.5005	2.8	48.7072
1838564	9000.0	8	5000.0	0.9067	48.7072	1.8	51.4139
1807800	8000.0	8	5000.0	0.8067	51.4139	1.6	53.8206
1764320	12000.0	8	5000.0	1.2067	53.8206	2.4	57.427299999999995
1767893	11000.0	8	5000.0	1.1067	57.4273	2.2	60.73400000000001
1774415	12000.0	8	5000.0	1.2067	60.734	2.4	64.3407
1822747	14000.0	8	5000.0	1.4067	64.3407	2.8	68.5474
1668233	10000.0	8	5000.0	1.0067	68.5474	2.0	71.55409999999999
1725636	12000.0	8	5000.0	1.2067	71.5541	2.4	75.16080000000001
1828068	10000.0	8	5000.0	1.0067	75.1608	2.0	78.16749999999999
1725612	10000.0	8	5000.0	1.0067	78.1675	2.0	81.1742
1639827	9000.0	8	5000.0	0.9067	81.1742	1.8	83.8809
1806714	11000.0	8	5000.0	1.1067	83.8809	2.2	87.1876
1769159	9000.0	8	5000.0	0.9067	87.1876	1.8	89.8943
1744298	8000.0	8	5000.0	0.8067	89.8943	1.6	92.301
1771586	9000.0	8	5000.0	0.9067	92.301	1.8	95.0077
1784575	11000.0	9	6000.0	1.1067	0	1.8333	2.94
1643632	13000.0	9	6000.0	1.3067	2.94	2.1667	6.413399999999999
1675957	9000.0	9	6000.0	0.9067	6.4134	1.5	8.8201
1702154	12000.0	9	6000.0	1.2067	8.8201	2.0	12.0268
1723129	8000.0	9	6000.0	0.8067	12.0268	1.3333	14.166799999999999
1843321	9000.0	9	6000.0	0.9067	14.1668	1.5	16.573500000000003
1800334	9000.0	9	6000.0	0.9067	16.5735	1.5	18.9802
1811685	9000.0	9	6000.0	0.9067	18.9802	1.5	21.3869
1684964	12000.0	9	6000.0	1.2067	21.3869	2.0	24.593600000000002
1684415	12000.0	9	6000.0	1.2067	24.5936	2.0	27.8003
1718975	13000.0	9	6000.0	1.3067	27.8003	2.1667	31.273699999999998
1719053	13000.0	9	6000.0	1.3067	31.2737	2.1667	34.7471
1693142	12000.0	9	6000.0	1.2067	34.7471	2.0	37.9538
1816948	11000.0	9	6000.0	1.1067	37.9538	1.8333	40.893800000000006
1694168	9000.0	9	6000.0	0.9067	40.8938	1.5	43.3005
1790935	7000.0	9	6000.0	0.7067	43.3005	1.1667	45.173899999999996
1790925	10000.0	9	6000.0	1.0067	45.1739	1.6667	47.847300000000004
1736458	10000.0	9	6000.0	1.0067	47.8473	1.6667	50.5207
1689862	11000.0	9	6000.0	1.1067	50.5207	1.8333	53.460699999999996
1690212	7000.0	9	6000.0	0.7067	53.4607	1.1667	55.3341
1720590	9000.0	9	6000.0	0.9067	55.3341	1.5	57.7408
1794665	15000.0	9	6000.0	1.5067	57.7408	2.5	61.7475
1697569	7000.0	9	6000.0	0.7067	61.7475	1.1667	63.6209
1687742	10000.0	9	6000.0	1.0067	63.6209	1.6667	66.2943
1699970	14000.0	9	6000.0	1.4067	66.2943	2.3333	70.0343
1699394	7000.0	9	6000.0	0.7067	70.0343	1.1667	71.9077
1818077	7000.0	9	6000.0	0.7067	71.9077	1.1667	73.78110000000001
1695975	9000.0	9	6000.0	0.9067	73.7811	1.5	76.1878
1761608	10000.0	9	6000.0	1.0067	76.1878	1.6667	78.8612
1822367	12000.0	9	6000.0	1.2067	78.8612	2.0	82.0679
1665932	8000.0	9	6000.0	0.8067	82.0679	1.3333	84.2079
1763613	12000.0	9	6000.0	1.2067	84.2079	2.0	87.4146
1725110	10000.0	9	6000.0	1.0067	87.4146	1.6667	90.088
1778663	10000.0	9	6000.0	1.0067	90.088	1.6667	92.7614
1731574	7000.0	9	6000.0	0.7067	92.7614	1.1667	94.6348
1758438	12000.0	9	6000.0	1.2067	94.6348	2.0	97.8415
1826705	8000.0	9	6000.0	0.8067	97.8415	1.3333	99.9815
1762871	9000.0	9	6000.0	0.9067	99.9815	1.5	102.3882
1810263	10000.0	9	6000.0	1.0067	102.3882	1.6667	105.0616
1724886	11000.0	9	6000.0	1.1067	105.0616	1.8333	108.0016
1827215	7000.0	9	6000.0	0.7067	108.0016	1.1667	109.875
1769083	11000.0	9	6000.0	1.1067	109.875	1.8333	112.815
1703519	22000.0	10	6000.0	2.2067	0	3.6667	5.8734
1653153	6000.0	10	6000.0	0.6067	5.8734	1.0	7.4801
1687761	12000.0	10	6000.0	1.2067	7.4801	2.0	10.6868
1636214	13000.0	10	6000.0	1.3067	10.6868	2.1667	14.1602
1675909	6000.0	10	6000.0	0.6067	14.1602	1.0	15.7669
1641244	11000.0	10	6000.0	1.1067	15.7669	1.8333	18.7069
1818694	9000.0	10	6000.0	0.9067	18.7069	1.5	21.1136
1819738	10000.0	10	6000.0	1.0067	21.1136	1.6667	23.787
1712239	14000.0	10	6000.0	1.4067	23.787	2.3333	27.527
1670472	7000.0	10	6000.0	0.7067	27.527	1.1667	29.4004
1842141	12000.0	10	6000.0	1.2067	29.4004	2.0	32.6071
1691504	9000.0	10	6000.0	0.9067	32.6071	1.5	35.0138
1648992	10000.0	10	6000.0	1.0067	35.0138	1.6667	37.687200000000004
1835956	13000.0	10	6000.0	1.3067	37.6872	2.1667	41.160599999999995
1636750	10000.0	10	6000.0	1.0067	41.1606	1.6667	43.834
1716651	9000.0	10	6000.0	0.9067	43.834	1.5	46.240700000000004
1747427	8000.0	10	6000.0	0.8067	46.2407	1.3333	48.3807
1663659	10000.0	10	6000.0	1.0067	48.3807	1.6667	51.0541
1825736	7000.0	10	6000.0	0.7067	51.0541	1.1667	52.927499999999995
1639693	14000.0	10	6000.0	1.4067	52.9275	2.3333	56.667500000000004
1827794	8000.0	10	6000.0	0.8067	56.6675	1.3333	58.8075
1725126	11000.0	10	6000.0	1.1067	58.8075	1.8333	61.747499999999995
1725579	9000.0	10	6000.0	0.9067	61.7475	1.5	64.1542
1758412	9000.0	10	6000.0	0.9067	64.1542	1.5	66.5609
1726671	10000.0	10	6000.0	1.0067	66.5609	1.6667	69.2343
1829019	11000.0	10	6000.0	1.1067	69.2343	1.8333	72.1743
1810228	13000.0	10	6000.0	1.3067	72.1743	2.1667	75.64770000000001
1848687	12000.0	10	6000.0	1.2067	75.6477	2.0	78.8544
1771375	10000.0	10	6000.0	1.0067	78.8544	1.6667	81.5278
1784915	10000.0	11	6000.0	1.0067	0	1.6667	2.6734
1713563	11000.0	11	6000.0	1.1067	2.6734	1.8333	5.6134
1673816	16000.0	11	6000.0	1.6067	5.6134	2.6667	9.886800000000001
1832072	11000.0	11	6000.0	1.1067	9.8868	1.8333	12.826799999999999
1701030	9000.0	11	6000.0	0.9067	12.8268	1.5	15.233500000000001
1812045	10000.0	11	6000.0	1.0067	15.2335	1.6667	17.906899999999997
1819845	10000.0	11	6000.0	1.0067	17.9069	1.6667	20.580299999999998
1659595	9000.0	11	6000.0	0.9067	20.5803	1.5	22.987000000000002
1706215	9000.0	11	6000.0	0.9067	22.987	1.5	25.3937
1691951	8000.0	11	6000.0	0.8067	25.3937	1.3333	27.5337
1662494	10000.0	11	6000.0	1.0067	27.5337	1.6667	30.207099999999997
1815592	11000.0	11	6000.0	1.1067	30.2071	1.8333	33.1471
1684375	12000.0	11	6000.0	1.2067	33.1471	2.0	36.3538
1748962	11000.0	11	6000.0	1.1067	36.3538	1.8333	39.2938
1689156	7000.0	11	6000.0	0.7067	39.2938	1.1667	41.167199999999994
1751965	11000.0	11	6000.0	1.1067	41.1672	1.8333	44.1072
1649293	9000.0	11	6000.0	0.9067	44.1072	1.5	46.5139
1838507	11000.0	11	6000.0	1.1067	46.5139	1.8333	49.4539
1789251	10000.0	11	6000.0	1.0067	49.4539	1.6667	52.1273
1737487	11000.0	11	6000.0	1.1067	52.1273	1.8333	55.067299999999996
1753397	10000.0	11	6000.0	1.0067	55.0673	1.6667	57.740700000000004
1663773	12000.0	11	6000.0	1.2067	57.7407	2.0	60.947399999999995
1696322	11000.0	11	6000.0	1.1067	60.9474	1.8333	63.88740000000001
1850062	7000.0	11	6000.0	0.7067	63.8874	1.1667	65.7608
1666583	9000.0	11	6000.0	0.9067	65.7608	1.5	68.1675
1657434	10000.0	11	6000.0	1.0067	68.1675	1.6667	70.8409
1668397	10000.0	11	6000.0	1.0067	70.8409	1.6667	73.5143
1810814	10000.0	11	6000.0	1.0067	73.5143	1.6667	76.1877
1808512	14000.0	11	6000.0	1.4067	76.1877	2.3333	79.9277
1824758	3000.0	11	6000.0	0.3067	79.9277	0.5	80.73440000000001
1668167	11000.0	11	6000.0	1.1067	80.7344	1.8333	83.67439999999999
1665195	10000.0	11	6000.0	1.0067	83.6744	1.6667	86.3478
1809163	11000.0	11	6000.0	1.1067	86.3478	1.8333	89.2878
1810217	10000.0	11	6000.0	1.0067	89.2878	1.6667	91.9612
1826792	15000.0	11	6000.0	1.5067	91.9612	2.5	95.9679
1658077	9000.0	11	6000.0	0.9067	95.9679	1.5	98.3746
1669052	10000.0	11	6000.0	1.0067	98.3746	1.6667	101.048
1780921	12000.0	11	6000.0	1.2067	101.048	2.0	104.2547
1770412	9000.0	11	6000.0	0.9067	104.2547	1.5	106.6614
1773528	10000.0	11	6000.0	1.0067	106.6614	1.6667	109.3348
1772920	8000.0	11	6000.0	0.8067	109.3348	1.3333	111.4748
1780704	12000.0	11	6000.0	1.2067	111.4748	2.0	114.6815
1818840	12000.0	12	6000.0	1.2	0	2.0	3.2
1705013	10000.0	12	6000.0	1.0	3.2	1.6667	5.8667
1714463	9000.0	12	6000.0	0.9	5.8667	1.5	8.2667
1701951	9000.0	12	6000.0	0.9	8.2667	1.5	10.6667
1799767	10000.0	12	6000.0	1.0	10.6667	1.6667	13.333400000000001
1708569	12000.0	12	6000.0	1.2	13.3334	2.0	16.5334
1659136	9000.0	12	6000.0	0.9	16.5334	1.5	18.9334
1706886	10000.0	12	6000.0	1.0	18.9334	1.6667	21.600099999999998
1831075	12000.0	12	6000.0	1.2	21.6001	2.0	24.8001
1803659	7000.0	12	6000.0	0.7	24.8001	1.1667	26.6668
1693528	11000.0	12	6000.0	1.1	26.6668	1.8333	29.6001
1692498	10000.0	12	6000.0	1.0	29.6001	1.6667	32.2668
1660908	12000.0	12	6000.0	1.2	32.2668	2.0	35.466800000000006
1815687	8000.0	12	6000.0	0.8	35.4668	1.3333	37.6001
1649321	13000.0	12	6000.0	1.3	37.6001	2.1667	41.06679999999999
1753270	9000.0	12	6000.0	0.9	41.0668	1.5	43.4668
1677613	11000.0	12	6000.0	1.1	43.4668	1.8333	46.4001
1678200	9000.0	12	6000.0	0.9	46.4001	1.5	48.8001
1787853	14000.0	12	6000.0	1.4	48.8001	2.3333	52.5334
1647609	8000.0	12	6000.0	0.8	52.5334	1.3333	54.6667
1700608	5000.0	12	6000.0	0.5	54.6667	0.8333	56.0
1681416	14000.0	12	6000.0	1.4	56.0	2.3333	59.7333
1651380	8000.0	12	6000.0	0.8	59.7333	1.3333	61.8666
1680567	8000.0	12	6000.0	0.8	61.8666	1.3333	63.9999
1779727	7000.0	12	6000.0	0.7	63.9999	1.1667	65.8666
1779635	11000.0	12	6000.0	1.1	65.8666	1.8333	68.7999
1806957	8000.0	12	6000.0	0.8	68.7999	1.3333	70.93319999999999
1779460	9000.0	12	6000.0	0.9	70.9332	1.5	73.3332
1808687	8000.0	12	6000.0	0.8	73.3332	1.3333	75.4665
1768268	33000.0	12	6000.0	3.3	75.4665	5.5	84.2665
1849918	8000.0	12	6000.0	0.8	84.2665	1.3333	86.39979999999998
1822768	12000.0	12	6000.0	1.2	86.3998	2.0	89.5998
1774773	10000.0	12	6000.0	1.0	89.5998	1.6667	92.26650000000001
1668280	8000.0	12	6000.0	0.8	92.2665	1.3333	94.39979999999998
1654056	9000.0	12	6000.0	0.9	94.3998	1.5	96.7998
1827700	10000.0	12	6000.0	1.0	96.7998	1.6667	99.46650000000001
1808423	13000.0	12	6000.0	1.3	99.4665	2.1667	102.9332
1760270	13000.0	12	6000.0	1.3	102.9332	2.1667	106.3999
1760426	11000.0	12	6000.0	1.1	106.3999	1.8333	109.33319999999999
1773981	9000.0	12	6000.0	0.9	109.3332	1.5	111.73320000000001
1755131	12000.0	12	6000.0	1.2	111.7332	2.0	114.9332
1656883	9000.0	12	6000.0	0.9	114.9332	1.5	117.3332
1849729	8000.0	12	6000.0	0.8	117.3332	1.3333	119.4665
1813181	12000.0	13	8000.0	1.2	0	1.5	2.7
1818631	11000.0	13	8000.0	1.1	2.7	1.375	5.175000000000001
1799590	9000.0	13	8000.0	0.9	5.175	1.125	7.2
1722803	11000.0	13	8000.0	1.1	7.2	1.375	9.675
1683908	9000.0	13	8000.0	0.9	9.675	1.125	11.700000000000001
1718469	11000.0	13	8000.0	1.1	11.7	1.375	14.174999999999999
1736672	11000.0	13	8000.0	1.1	14.175	1.375	16.65
1792558	11000.0	13	8000.0	1.1	16.65	1.375	19.125
1748278	13000.0	13	8000.0	1.3	19.125	1.625	22.05
1816115	10000.0	13	8000.0	1.0	22.05	1.25	24.3
1687291	8000.0	13	8000.0	0.8	24.3	1.0	26.1
1690591	11000.0	13	8000.0	1.1	26.1	1.375	28.575000000000003
1835933	9000.0	13	8000.0	0.9	28.575	1.125	30.599999999999998
1661386	10000.0	13	8000.0	1.0	30.6	1.25	32.85
1698658	13000.0	13	8000.0	1.3	32.85	1.625	35.775
1814382	14000.0	13	8000.0	1.4	35.775	1.75	38.925
1844593	8000.0	13	8000.0	0.8	38.925	1.0	40.724999999999994
1700441	8000.0	13	8000.0	0.8	40.725	1.0	42.525
1697359	10000.0	13	8000.0	1.0	42.525	1.25	44.775
1647395	8000.0	13	8000.0	0.8	44.775	1.0	46.574999999999996
1699415	10000.0	13	8000.0	1.0	46.575	1.25	48.825
1679883	9000.0	13	8000.0	0.9	48.825	1.125	50.85
1789161	7000.0	13	8000.0	0.7	50.85	0.875	52.425000000000004
1753407	13000.0	13	8000.0	1.3	52.425	1.625	55.349999999999994
1789073	9000.0	13	8000.0	0.9	55.35	1.125	57.375
1834151	9000.0	13	8000.0	0.9	57.375	1.125	59.4
1814615	13000.0	13	8000.0	1.3	59.4	1.625	62.324999999999996
1651687	13000.0	13	8000.0	1.3	62.325	1.625	65.25
1775210	11000.0	13	8000.0	1.1	65.25	1.375	67.725
1727679	12000.0	13	8000.0	1.2	67.725	1.5	70.425
1763708	9000.0	13	8000.0	0.9	70.425	1.125	72.45
1808485	8000.0	13	8000.0	0.8	72.45	1.0	74.25
1809088	11000.0	13	8000.0	1.1	74.25	1.375	76.725
1778608	12000.0	13	8000.0	1.2	76.725	1.5	79.425
1850468	9000.0	13	8000.0	0.9	79.425	1.125	81.45
1821003	10000.0	13	8000.0	1.0	81.45	1.25	83.7
1743669	11000.0	13	8000.0	1.1	83.7	1.375	86.175
1754953	9000.0	13	8000.0	0.9	86.175	1.125	88.2
1780621	8000.0	13	8000.0	0.8	88.2	1.0	90.0
1741900	14000.0	14	12000.0	1.4	0	1.1667	2.5667
1653371	12000.0	14	12000.0	1.2	2.5667	1.0	4.7667
1832367	10000.0	14	12000.0	1.0	4.7667	0.8333	6.6000000000000005
1674963	9000.0	14	12000.0	0.9	6.6	0.75	8.25
1709193	9000.0	14	12000.0	0.9	8.25	0.75	9.9
1782006	13000.0	14	12000.0	1.3	9.9	1.0833	12.2833
1781508	6000.0	14	12000.0	0.6	12.2833	0.5	13.3833
1710175	10000.0	14	12000.0	1.0	13.3833	0.8333	15.2166
1637837	8000.0	14	12000.0	0.8	15.2166	0.6667	16.6833
1707620	12000.0	14	12000.0	1.2	16.6833	1.0	18.8833
1671121	11000.0	14	12000.0	1.1	18.8833	0.9167	20.9
1707235	9000.0	14	12000.0	0.9	20.9	0.75	22.549999999999997
1831346	11000.0	14	12000.0	1.1	22.55	0.9167	24.5667
1799007	10000.0	14	12000.0	1.0	24.5667	0.8333	26.400000000000002
1692870	8000.0	14	12000.0	0.8	26.4	0.6667	27.866699999999998
1748564	8000.0	14	12000.0	0.8	27.8667	0.6667	29.3334
1832920	12000.0	14	12000.0	1.2	29.3334	1.0	31.5334
1794545	14000.0	14	12000.0	1.4	31.5334	1.1667	34.1001
1749349	9000.0	14	12000.0	0.9	34.1001	0.75	35.750099999999996
1751050	9000.0	14	12000.0	0.9	35.7501	0.75	37.4001
1794142	12000.0	14	12000.0	1.2	37.4001	1.0	39.600100000000005
1848000	10000.0	14	12000.0	1.0	39.6001	0.8333	41.4334
1666989	10000.0	14	12000.0	1.0	41.4334	0.8333	43.2667
1829446	8000.0	14	12000.0	0.8	43.2667	0.6667	44.733399999999996
1653897	14000.0	14	12000.0	1.4	44.7334	1.1667	47.3001
1656097	12000.0	14	12000.0	1.2	47.3001	1.0	49.5001
1728029	14000.0	14	12000.0	1.4	49.5001	1.1667	52.0668
1664816	13000.0	14	12000.0	1.3	52.0668	1.0833	54.4501
1758068	16000.0	14	12000.0	1.6	54.4501	1.3333	57.3834
1746041	11000.0	14	12000.0	1.1	57.3834	0.9167	59.4001
1777821	10000.0	14	12000.0	1.0	59.4001	0.8333	61.2334
1728569	8000.0	14	12000.0	0.8	61.2334	0.6667	62.7001
1656521	9000.0	14	12000.0	0.9	62.7001	0.75	64.3501
1656505	25000.0	14	12000.0	2.5	64.3501	2.0833	68.93339999999999
1780338	9000.0	14	12000.0	0.9	68.9334	0.75	70.58340000000001
1841534	4000.0	15	16000.0	0.4	0	0.25	0.65
1749941	15000.0	15	16000.0	1.5	0.65	0.9375	3.0875
1704471	11000.0	15	16000.0	1.1	3.0875	0.6875	4.875
1703818	7000.0	15	16000.0	0.7	4.875	0.4375	6.0125
1673718	8000.0	15	16000.0	0.8	6.0125	0.5	7.3125
1844529	8000.0	15	16000.0	0.8	7.3125	0.5	8.6125
1702232	11000.0	15	16000.0	1.1	8.6125	0.6875	10.4
1706312	9000.0	15	16000.0	0.9	10.4	0.5625	11.8625
1637772	9000.0	15	16000.0	0.9	11.8625	0.5625	13.325000000000001
1830859	14000.0	15	16000.0	1.4	13.325	0.875	15.6
1670319	9000.0	15	16000.0	0.9	15.6	0.5625	17.0625
1781294	8000.0	15	16000.0	0.8	17.0625	0.5	18.3625
1644201	10000.0	15	16000.0	1.0	18.3625	0.625	19.9875
1659094	12000.0	15	16000.0	1.2	19.9875	0.75	21.9375
1700771	8000.0	15	16000.0	0.8	21.9375	0.5	23.2375
1798592	12000.0	15	16000.0	1.2	23.2375	0.75	25.1875
1811710	9000.0	15	16000.0	0.9	25.1875	0.5625	26.65
1684700	9000.0	15	16000.0	0.9	26.65	0.5625	28.112499999999997
1684571	11000.0	15	16000.0	1.1	28.1125	0.6875	29.900000000000002
1648908	10000.0	15	16000.0	1.0	29.9	0.625	31.525
1803984	8000.0	15	16000.0	0.8	31.525	0.5	32.824999999999996
1790280	11000.0	15	16000.0	1.1	32.825	0.6875	34.612500000000004
1688465	11000.0	15	16000.0	1.1	34.6125	0.6875	36.4
1816176	10000.0	15	16000.0	1.0	36.4	0.625	38.025
1815664	15000.0	15	16000.0	1.5	38.025	0.9375	40.4625
1846779	13000.0	15	16000.0	1.3	40.4625	0.8125	42.574999999999996
1814282	10000.0	15	16000.0	1.0	42.575	0.625	44.2
1700084	9000.0	15	16000.0	0.9	44.2	0.5625	45.6625
1737532	7000.0	15	16000.0	0.7	45.6625	0.4375	46.800000000000004
1734783	10000.0	15	16000.0	1.0	46.8	0.625	48.425
1846492	9000.0	15	16000.0	0.9	48.425	0.5625	49.887499999999996
1826058	14000.0	15	16000.0	1.4	49.8875	0.875	52.1625
1829670	9000.0	15	16000.0	0.9	52.1625	0.5625	53.625
1767509	6000.0	15	16000.0	0.6	53.625	0.375	54.6
1767348	9000.0	15	16000.0	0.9	54.6	0.5625	56.0625
1763610	7000.0	15	16000.0	0.7	56.0625	0.4375	57.2
1758460	8000.0	15	16000.0	0.8	57.2	0.5	58.5
1809944	10000.0	15	16000.0	1.0	58.5	0.625	60.125
1654885	14000.0	15	16000.0	1.4	60.125	0.875	62.4
1760858	12000.0	15	16000.0	1.2	62.4	0.75	64.35
1828790	10000.0	15	16000.0	1.0	64.35	0.625	65.975
1823458	8000.0	15	16000.0	0.8	65.975	0.5	67.27499999999999
1771179	10000.0	15	16000.0	1.0	67.275	0.625	68.9
1638960	9000.0	15	16000.0	0.9	68.9	0.5625	70.36250000000001
1830059	8000.0	15	16000.0	0.8	70.3625	0.5	71.6625
1823360	9000.0	15	16000.0	0.9	71.6625	0.5625	73.125
1773484	11000.0	15	16000.0	1.1	73.125	0.6875	74.9125
1733701	7000.0	16	18000.0	0.7058	0	0.3889	1.0947
1643355	11000.0	16	18000.0	1.1058	1.0947	0.6111	2.8116
1796137	8000.0	16	18000.0	0.8058	2.8116	0.4444	4.0618
1781852	10000.0	16	18000.0	1.0058	4.0618	0.5556	5.6232
1723504	9000.0	16	18000.0	0.9058	5.6232	0.5	7.029
1753823	11000.0	16	18000.0	1.1058	7.029	0.6111	8.7459
1644153	10000.0	16	18000.0	1.0058	8.7459	0.5556	10.307300000000001
1831035	9000.0	16	18000.0	0.9058	10.3073	0.5	11.713099999999999
1705857	10000.0	16	18000.0	1.0058	11.7131	0.5556	13.274500000000002
1798612	13000.0	16	18000.0	1.3058	13.2745	0.7222	15.302499999999998
1672346	11000.0	16	18000.0	1.1058	15.3025	0.6111	17.0194
1847449	12000.0	16	18000.0	1.2058	17.0194	0.6667	18.8919
1837122	16000.0	16	18000.0	1.6058	18.8919	0.8889	21.386599999999998
1851780	10000.0	16	18000.0	1.0058	21.3866	0.5556	22.948
1691219	10000.0	16	18000.0	1.0058	22.948	0.5556	24.5094
1835132	10000.0	16	18000.0	1.0058	24.5094	0.5556	26.0708
1748003	13000.0	16	18000.0	1.3058	26.0708	0.7222	28.0988
1648889	10000.0	16	18000.0	1.0058	28.0988	0.5556	29.6602
1686534	11000.0	16	18000.0	1.1058	29.6602	0.6111	31.3771
1815996	8000.0	16	18000.0	0.8058	31.3771	0.4444	32.6273
1835856	9000.0	16	18000.0	0.9058	32.6273	0.5	34.0331
1679535	10000.0	16	18000.0	1.0058	34.0331	0.5556	35.5945
1788096	9000.0	16	18000.0	0.9058	35.5945	0.5	37.000299999999996
1696532	13000.0	16	18000.0	1.3058	37.0003	0.7222	39.0283
1814513	7000.0	16	18000.0	0.7058	39.0283	0.3889	40.123
1697178	9000.0	16	18000.0	0.9058	40.123	0.5	41.5288
1834407	9000.0	16	18000.0	0.9058	41.5288	0.5	42.934599999999996
1743809	14000.0	16	18000.0	1.4058	42.9346	0.7778	45.1182
1758803	11000.0	16	18000.0	1.1058	45.1182	0.6111	46.835100000000004
1821160	9000.0	16	18000.0	0.9058	46.8351	0.5	48.240899999999996
1827037	10000.0	16	18000.0	1.0058	48.2409	0.5556	49.8023
1657528	8000.0	16	18000.0	0.8058	49.8023	0.4444	51.0525
1780824	8000.0	16	18000.0	0.8058	51.0525	0.4444	52.3027
1849903	11000.0	16	18000.0	1.1058	52.3027	0.6111	54.019600000000004
1771465	10000.0	16	18000.0	1.0058	54.0196	0.5556	55.580999999999996
1721549	16000.0	17	24000.0	1.6058	0	0.6667	2.2725
1637557	12000.0	17	24000.0	1.2058	2.2725	0.5	3.9783
1813806	9000.0	17	24000.0	0.9058	3.9783	0.375	5.2591
1844507	8000.0	17	24000.0	0.8058	5.2591	0.3333	6.3982
1702589	12000.0	17	24000.0	1.2058	6.3982	0.5	8.104
1802096	10000.0	17	24000.0	1.0058	8.104	0.4167	9.5265
1652884	8000.0	17	24000.0	0.8058	9.5265	0.3333	10.6656
1669584	9000.0	17	24000.0	0.9058	10.6656	0.375	11.946399999999999
1709157	8000.0	17	24000.0	0.8058	11.9464	0.3333	13.0855
1830591	9000.0	17	24000.0	0.9058	13.0855	0.375	14.366299999999999
1659652	9000.0	17	24000.0	0.9058	14.3663	0.375	15.6471
1784053	8000.0	17	24000.0	0.8058	15.6471	0.3333	16.7862
1831728	9000.0	17	24000.0	0.9058	16.7862	0.375	18.067
1707562	9000.0	17	24000.0	0.9058	18.067	0.375	19.3478
1645682	9000.0	17	24000.0	0.9058	19.3478	0.375	20.6286
1786906	13000.0	17	24000.0	1.3058	20.6286	0.5417	22.4761
1816713	8000.0	17	24000.0	0.8058	22.4761	0.3333	23.6152
1716894	8000.0	17	24000.0	0.8058	23.6152	0.3333	24.754300000000004
1736512	9000.0	17	24000.0	0.9058	24.7543	0.375	26.0351
1794872	11000.0	17	24000.0	1.1058	26.0351	0.4583	27.5992
1788003	7000.0	17	24000.0	0.7058	27.5992	0.2917	28.5967
1678759	8000.0	17	24000.0	0.8058	28.5967	0.3333	29.7358
1814130	9000.0	17	24000.0	0.9058	29.7358	0.375	31.0166
1787295	20000.0	17	24000.0	2.0058	31.0166	0.8333	33.8557
1699273	12000.0	17	24000.0	1.2058	33.8557	0.5	35.561499999999995
1681735	9000.0	17	24000.0	0.9058	35.5615	0.375	36.8423
1788795	11000.0	17	24000.0	1.1058	36.8423	0.4583	38.406400000000005
1695866	11000.0	17	24000.0	1.1058	38.4064	0.4583	39.9705
1680798	9000.0	17	24000.0	0.9058	39.9705	0.375	41.2513
1727771	9000.0	17	24000.0	0.9058	41.2513	0.375	42.5321
1724079	9000.0	17	24000.0	0.9058	42.5321	0.375	43.8129
1657325	11000.0	17	24000.0	1.1058	43.8129	0.4583	45.377
1657571	10000.0	17	24000.0	1.0058	45.377	0.4167	46.7995
1809947	8000.0	17	24000.0	0.8058	46.7995	0.3333	47.9386
1654400	11000.0	17	24000.0	1.1058	47.9386	0.4583	49.502700000000004
1778843	10000.0	17	24000.0	1.0058	49.5027	0.4167	50.9252
1731777	12000.0	17	24000.0	1.2058	50.9252	0.5	52.631
1744420	9000.0	17	24000.0	0.9058	52.631	0.375	53.9118
1808308	9000.0	17	24000.0	0.9058	53.9118	0.375	55.1926
1797657	9000.0	18	30000.0	0.9058	0	0.3	1.2058
1844442	8000.0	18	30000.0	0.8058	1.2058	0.2667	2.2783
1646436	8000.0	18	30000.0	0.8058	2.2783	0.2667	3.3508000000000004
1702803	10000.0	18	30000.0	1.0058	3.3508	0.3333	4.689900000000001
1785914	12000.0	18	30000.0	1.2058	4.6899	0.4	6.2957
1705332	9000.0	18	30000.0	0.9058	6.2957	0.3	7.5015
1637766	10000.0	18	30000.0	1.0058	7.5015	0.3333	8.8406
1847627	16000.0	18	30000.0	1.6058	8.8406	0.5333	10.979700000000001
1709534	8000.0	18	30000.0	0.8058	10.9797	0.2667	12.0522
1711433	12000.0	18	30000.0	1.2058	12.0522	0.4	13.658
1711465	10000.0	18	30000.0	1.0058	13.658	0.3333	14.9971
1706127	9000.0	18	30000.0	0.9058	14.9971	0.3	16.2029
1707090	9000.0	18	30000.0	0.9058	16.2029	0.3	17.4087
1835642	11000.0	18	30000.0	1.1058	17.4087	0.3667	18.8812
1804695	12000.0	18	30000.0	1.2058	18.8812	0.4	20.487
1650030	11000.0	18	30000.0	1.1058	20.487	0.3667	21.9595
1689563	10000.0	18	30000.0	1.0058	21.9595	0.3333	23.2986
1661485	11000.0	18	30000.0	1.1058	23.2986	0.3667	24.7711
1803751	13000.0	18	30000.0	1.3058	24.7711	0.4333	26.5102
1677800	12000.0	18	30000.0	1.2058	26.5102	0.4	28.116
1794910	10000.0	18	30000.0	1.0058	28.116	0.3333	29.4551
1694693	11000.0	18	30000.0	1.1058	29.4551	0.3667	30.9276
1719728	13000.0	18	30000.0	1.3058	30.9276	0.4333	32.666700000000006
1820471	13000.0	18	30000.0	1.3058	32.6667	0.4333	34.4058
1667384	9000.0	18	30000.0	0.9058	34.4058	0.3	35.611599999999996
1765841	13000.0	18	30000.0	1.3058	35.6116	0.4333	37.3507
1668591	11000.0	18	30000.0	1.1058	37.3507	0.3667	38.82320000000001
1808462	9000.0	18	30000.0	0.9058	38.8232	0.3	40.028999999999996
1767097	7000.0	18	30000.0	0.7058	40.029	0.2333	40.96810000000001
1658023	8000.0	18	30000.0	0.8058	40.9681	0.2667	42.0406
1848878	5000.0	18	30000.0	0.5058	42.0406	0.1667	42.7131
1657495	14000.0	18	30000.0	1.4058	42.7131	0.4667	44.5856
1826816	10000.0	18	30000.0	1.0058	44.5856	0.3333	45.9247
1656626	11000.0	18	30000.0	1.1058	45.9247	0.3667	47.397200000000005
1770561	11000.0	18	30000.0	1.1058	47.3972	0.3667	48.8697
1724006	8000.0	18	30000.0	0.8058	48.8697	0.2667	49.9422
1807952	7000.0	18	30000.0	0.7058	49.9422	0.2333	50.881299999999996
1824436	10000.0	18	30000.0	1.0058	50.8813	0.3333	52.220400000000005
1733706	13000.0	19	30000.0	1.3058	0	0.4333	1.7391
1784746	10000.0	19	30000.0	1.0058	1.7391	0.3333	3.0782000000000003
1797292	11000.0	19	30000.0	1.1058	3.0782	0.3667	4.550699999999999
1786005	11000.0	19	30000.0	1.1058	4.5507	0.3667	6.023199999999999
1832808	11000.0	19	30000.0	1.1058	6.0232	0.3667	7.495699999999999
1721056	9000.0	19	30000.0	0.9058	7.4957	0.3	8.701500000000001
1785461	13000.0	19	30000.0	1.3058	8.7015	0.4333	10.4406
1674871	8000.0	19	30000.0	0.8058	10.4406	0.2667	11.5131
1636180	9000.0	19	30000.0	0.9058	11.5131	0.3	12.7189
1831854	8000.0	19	30000.0	0.8058	12.7189	0.2667	13.7914
1801359	8000.0	19	30000.0	0.8058	13.7914	0.2667	14.8639
1801327	8000.0	19	30000.0	0.8058	14.8639	0.2667	15.936399999999999
1671744	9000.0	19	30000.0	0.9058	15.9364	0.3	17.142200000000003
1643820	11000.0	19	30000.0	1.1058	17.1422	0.3667	18.6147
1683192	11000.0	19	30000.0	1.1058	18.6147	0.3667	20.0872
1692462	10000.0	19	30000.0	1.0058	20.0872	0.3333	21.4263
1686462	8000.0	19	30000.0	0.8058	21.4263	0.2667	22.498800000000003
1688663	16000.0	19	30000.0	1.6058	22.4988	0.5333	24.6379
1816072	10000.0	19	30000.0	1.0058	24.6379	0.3333	25.977
1789734	11000.0	19	30000.0	1.1058	25.977	0.3667	27.4495
1697950	9000.0	19	30000.0	0.9058	27.4495	0.3	28.6553
1699942	8000.0	19	30000.0	0.8058	28.6553	0.2667	29.727800000000002
1700451	11000.0	19	30000.0	1.1058	29.7278	0.3667	31.2003
1699006	9000.0	19	30000.0	0.9058	31.2003	0.3	32.406099999999995
1652432	9000.0	19	30000.0	0.9058	32.4061	0.3	33.6119
1794416	10000.0	19	30000.0	1.0058	33.6119	0.3333	34.951
1737451	13000.0	19	30000.0	1.3058	34.951	0.4333	36.6901
1793248	10000.0	19	30000.0	1.0058	36.6901	0.3333	38.0292
1696980	14000.0	19	30000.0	1.4058	38.0292	0.4667	39.901700000000005
1696525	10000.0	19	30000.0	1.0058	39.9017	0.3333	41.2408
1825722	20000.0	19	30000.0	2.0058	41.2408	0.6667	43.9133
1758878	9000.0	19	30000.0	0.9058	43.9133	0.3	45.119099999999996
1848486	10000.0	19	30000.0	1.0058	45.1191	0.3333	46.458200000000005
1653956	8000.0	19	30000.0	0.8058	46.4582	0.2667	47.530699999999996
1778489	10000.0	19	30000.0	1.0058	47.5307	0.3333	48.869800000000005
1820720	11000.0	19	30000.0	1.1058	48.8698	0.3667	50.3423
1822022	9000.0	19	30000.0	0.9058	50.3423	0.3	51.5481
1655204	10000.0	19	30000.0	1.0058	51.5481	0.3333	52.8872
1806614	9000.0	19	30000.0	0.9058	52.8872	0.3	54.092999999999996
1780526	11000.0	19	30000.0	1.1058	54.093	0.3667	55.56550000000001
1638733	9000.0	19	30000.0	0.9058	55.5655	0.3	56.7713
1820082	12000.0	19	30000.0	1.2058	56.7713	0.4	58.37709999999999
1656828	13000.0	19	30000.0	1.3058	58.3771	0.4333	60.1162
