1655897	13000.0	3	1000.0	1.3	0	13.0	14.3
1766055	12000.0	3	1000.0	1.2	14.3	12.0	27.5
1766032	11000.0	3	1000.0	1.1	27.5	11.0	39.6
1765366	11000.0	3	1000.0	1.1	39.6	11.0	51.7
1765345	11000.0	3	1000.0	1.1	51.7	11.0	63.800000000000004
1765176	12000.0	3	1000.0	1.2	63.8	12.0	77.0
1639436	11000.0	3	1000.0	1.1	77.0	11.0	89.1
1766437	15000.0	3	1000.0	1.5	89.1	15.0	105.6
1825090	11000.0	3	1000.0	1.1	105.6	11.0	117.69999999999999
1767218	11000.0	3	1000.0	1.1	117.7	11.0	129.8
1767182	12000.0	3	1000.0	1.2	129.8	12.0	143.0
1639321	11000.0	3	1000.0	1.1	143.0	11.0	155.1
1766613	13000.0	3	1000.0	1.3	155.1	13.0	169.4
1766500	11000.0	3	1000.0	1.1	169.4	11.0	181.5
1766975	12000.0	3	1000.0	1.2	181.5	12.0	194.7
1727176	13000.0	3	1000.0	1.3	194.7	13.0	209.0
1826958	13000.0	3	1000.0	1.3	209.0	13.0	223.3
1761620	11000.0	3	1000.0	1.1	223.3	11.0	235.4
1654705	11000.0	3	1000.0	1.1	235.4	11.0	247.5
1848695	13000.0	3	1000.0	1.3	247.5	13.0	261.8
1654463	16000.0	3	1000.0	1.6	261.8	16.0	279.40000000000003
1639989	11000.0	3	1000.0	1.1	279.4	11.0	291.5
1760542	11000.0	3	1000.0	1.1	291.5	11.0	303.6
1827314	11000.0	3	1000.0	1.1	303.6	11.0	315.70000000000005
1726142	13000.0	3	1000.0	1.3	315.7	13.0	330.0
1762493	16000.0	3	1000.0	1.6	330.0	16.0	347.6
1763428	13000.0	3	1000.0	1.3	347.6	13.0	361.90000000000003
1762263	12000.0	3	1000.0	1.2	361.9	12.0	375.09999999999997
1655062	12000.0	3	1000.0	1.2	375.1	12.0	388.3
1744812	12000.0	3	1000.0	1.2	388.3	12.0	401.5
1825032	13000.0	3	1000.0	1.3	401.5	13.0	415.8
1639252	12000.0	3	1000.0	1.2	415.8	12.0	429.0
1772525	11000.0	3	1000.0	1.1	429.0	11.0	441.1
1656761	12000.0	3	1000.0	1.2	441.1	12.0	454.3
1823556	11000.0	3	1000.0	1.1	454.3	11.0	466.40000000000003
1772376	11000.0	3	1000.0	1.1	466.4	11.0	478.5
1772083	11000.0	3	1000.0	1.1	478.5	11.0	490.6
1771964	12000.0	3	1000.0	1.2	490.6	12.0	503.8
1730127	12000.0	3	1000.0	1.2	503.8	12.0	517.0
1657141	11000.0	3	1000.0	1.1	517.0	11.0	529.1
1773303	15000.0	3	1000.0	1.5	529.1	15.0	545.6
1773670	13000.0	3	1000.0	1.3	545.6	13.0	559.9
1760286	17000.0	3	1000.0	1.7	559.9	17.0	578.6
1729207	11000.0	3	1000.0	1.1	578.6	11.0	590.7
1771618	13000.0	3	1000.0	1.3	590.7	13.0	605.0
1808189	15000.0	3	1000.0	1.5	605.0	15.0	621.5
1768921	16000.0	3	1000.0	1.6	621.5	16.0	639.1
1808414	11000.0	3	1000.0	1.1	639.1	11.0	651.2
1808420	12000.0	3	1000.0	1.2	651.2	12.0	664.4000000000001
1768585	13000.0	3	1000.0	1.3	664.4	13.0	678.6999999999999
1768553	11000.0	3	1000.0	1.1	678.7	11.0	690.8000000000001
1768209	15000.0	3	1000.0	1.5	690.8	15.0	707.3
1808067	12000.0	3	1000.0	1.2	707.3	12.0	720.5
1771606	12000.0	3	1000.0	1.2	720.5	12.0	733.7
1770670	12000.0	3	1000.0	1.2	733.7	12.0	746.9000000000001
1769724	13000.0	3	1000.0	1.3	746.9	13.0	761.1999999999999
1728528	12000.0	3	1000.0	1.2	761.2	12.0	774.4000000000001
1730236	15000.0	3	1000.0	1.5	774.4	15.0	790.9
1753472	16000.0	3	1000.0	1.6	790.9	16.0	808.5
1669743	15000.0	3	1000.0	1.5	808.5	15.0	825.0
1670147	12000.0	3	1000.0	1.2	825.0	12.0	838.2
1669231	11000.0	3	1000.0	1.1	838.2	11.0	850.3000000000001
1830519	14000.0	3	1000.0	1.4	850.3	14.0	865.6999999999999
1810964	11000.0	3	1000.0	1.1	865.7	11.0	877.8000000000001
1754896	15000.0	3	1000.0	1.5	877.8	15.0	894.3
1722846	11000.0	3	1000.0	1.1	894.3	11.0	906.4
1754172	13000.0	3	1000.0	1.3	906.4	13.0	920.6999999999999
1847705	12000.0	3	1000.0	1.2	920.7	12.0	933.9000000000001
1753617	11000.0	3	1000.0	1.1	933.9	11.0	946.0
1754220	13000.0	3	1000.0	1.3	946.0	13.0	960.3
1811570	11000.0	3	1000.0	1.1	960.3	11.0	972.4
1722256	11000.0	3	1000.0	1.1	972.4	11.0	984.5
1672593	14000.0	3	1000.0	1.4	984.5	14.0	999.9
1722162	12000.0	3	1000.0	1.2	999.9	12.0	1013.1
1672964	11000.0	3	1000.0	1.1	1013.1	11.0	1025.2
1847316	11000.0	3	1000.0	1.1	1025.2	11.0	1037.3
1673910	11000.0	3	1000.0	1.1	1037.3	11.0	1049.3999999999999
1746996	11000.0	3	1000.0	1.1	1049.4	11.0	1061.5
1653516	13000.0	3	1000.0	1.3	1061.5	13.0	1075.8
1670623	13000.0	3	1000.0	1.3	1075.8	13.0	1090.1
1722712	12000.0	3	1000.0	1.2	1090.1	12.0	1103.3
1672137	16000.0	3	1000.0	1.6	1103.3	16.0	1120.8999999999999
1671217	13000.0	3	1000.0	1.3	1120.9	13.0	1135.2
1722577	11000.0	3	1000.0	1.1	1135.2	11.0	1147.3
1641041	13000.0	3	1000.0	1.3	1147.3	13.0	1161.6
1847400	12000.0	3	1000.0	1.2	1161.6	12.0	1174.8
1669163	13000.0	3	1000.0	1.3	1174.8	13.0	1189.1
1757983	11000.0	3	1000.0	1.1	1189.1	11.0	1201.1999999999998
1757728	11000.0	3	1000.0	1.1	1201.2	11.0	1213.3
1757677	11000.0	3	1000.0	1.1	1213.3	11.0	1225.3999999999999
1757260	14000.0	3	1000.0	1.4	1225.4	14.0	1240.8000000000002
1828445	11000.0	3	1000.0	1.1	1240.8	11.0	1252.8999999999999
1757064	14000.0	3	1000.0	1.4	1252.9	14.0	1268.3000000000002
1759495	16000.0	3	1000.0	1.6	1268.3	16.0	1285.8999999999999
1725863	11000.0	3	1000.0	1.1	1285.9	11.0	1298.0
1827680	11000.0	3	1000.0	1.1	1298.0	11.0	1310.1
1758763	13000.0	3	1000.0	1.3	1310.1	13.0	1324.3999999999999
1809142	12000.0	3	1000.0	1.2	1324.4	12.0	1337.6000000000001
1758390	14000.0	3	1000.0	1.4	1337.6	14.0	1353.0
1741202	13000.0	3	1000.0	1.3	1353.0	13.0	1367.3
1758288	11000.0	3	1000.0	1.1	1367.3	11.0	1379.3999999999999
1809269	12000.0	3	1000.0	1.2	1379.4	12.0	1392.6000000000001
1758250	14000.0	3	1000.0	1.4	1392.6	14.0	1408.0
1667243	14000.0	3	1000.0	1.4	1408.0	14.0	1423.4
1848047	11000.0	3	1000.0	1.1	1423.4	11.0	1435.5
1667620	14000.0	3	1000.0	1.4	1435.5	14.0	1450.9
1667853	13000.0	3	1000.0	1.3	1450.9	13.0	1465.2
1724462	11000.0	3	1000.0	1.1	1465.2	11.0	1477.3
1829625	12000.0	3	1000.0	1.2	1477.3	12.0	1490.5
1724130	11000.0	3	1000.0	1.1	1490.5	11.0	1502.6
1723975	12000.0	3	1000.0	1.2	1502.6	12.0	1515.8
1829547	11000.0	3	1000.0	1.1	1515.8	11.0	1527.8999999999999
1756933	12000.0	3	1000.0	1.2	1527.9	12.0	1541.1000000000001
1756462	14000.0	3	1000.0	1.4	1541.1	14.0	1556.5
1828914	13000.0	3	1000.0	1.3	1556.5	13.0	1570.8
1755503	12000.0	3	1000.0	1.2	1570.8	12.0	1584.0
1755413	11000.0	3	1000.0	1.1	1584.0	11.0	1596.1
1810322	11000.0	3	1000.0	1.1	1596.1	11.0	1608.1999999999998
1666547	12000.0	3	1000.0	1.2	1608.2	12.0	1621.4
1665882	11000.0	3	1000.0	1.1	1621.4	11.0	1633.5
1791619	11000.0	3	1000.0	1.1	1633.5	11.0	1645.6
1791103	12000.0	3	1000.0	1.2	1645.6	12.0	1658.8
1660793	17000.0	3	1000.0	1.7	1658.8	17.0	1677.5
1816259	11000.0	3	1000.0	1.1	1677.5	11.0	1689.6
1815289	12000.0	3	1000.0	1.2	1689.6	12.0	1702.8
1791937	14000.0	3	1000.0	1.4	1702.8	14.0	1718.2
1814723	11000.0	3	1000.0	1.1	1718.2	11.0	1730.3
1737632	13000.0	3	1000.0	1.3	1730.3	13.0	1744.6
1636506	11000.0	3	1000.0	1.1	1744.6	11.0	1756.6999999999998
1814836	11000.0	3	1000.0	1.1	1756.7	11.0	1768.8
1792772	11000.0	3	1000.0	1.1	1768.8	11.0	1780.8999999999999
1803234	12000.0	3	1000.0	1.2	1780.9	12.0	1794.1000000000001
1792743	12000.0	3	1000.0	1.2	1794.1	12.0	1807.3
1661451	11000.0	3	1000.0	1.1	1807.3	11.0	1819.3999999999999
1637103	14000.0	3	1000.0	1.4	1819.4	14.0	1834.8000000000002
1662835	13000.0	3	1000.0	1.3	1834.8	13.0	1849.1
1662991	12000.0	3	1000.0	1.2	1849.1	12.0	1862.3
1735200	11000.0	3	1000.0	1.1	1862.3	11.0	1874.3999999999999
1735301	12000.0	3	1000.0	1.2	1874.4	12.0	1887.6000000000001
1789359	12000.0	3	1000.0	1.2	1887.6	12.0	1900.8
1789302	12000.0	3	1000.0	1.2	1900.8	12.0	1914.0
1662560	12000.0	3	1000.0	1.2	1914.0	12.0	1927.2
1735437	12000.0	3	1000.0	1.2	1927.2	12.0	1940.4
1804518	11000.0	3	1000.0	1.1	1940.4	11.0	1952.5
1793861	12000.0	3	1000.0	1.2	1952.5	12.0	1965.7
1659778	11000.0	3	1000.0	1.1	1965.7	11.0	1977.8
1812919	11000.0	3	1000.0	1.1	1977.8	11.0	1989.8999999999999
1660299	11000.0	3	1000.0	1.1	1989.9	11.0	2002.0
1660340	11000.0	3	1000.0	1.1	2002.0	11.0	2014.1
1801515	12000.0	3	1000.0	1.2	2014.1	12.0	2027.3
1799069	11000.0	3	1000.0	1.1	2027.3	11.0	2039.3999999999999
1739599	11000.0	3	1000.0	1.1	2039.4	11.0	2051.5
1741763	11000.0	3	1000.0	1.1	2051.5	11.0	2063.6
1799372	11000.0	3	1000.0	1.1	2063.6	11.0	2075.7
1659390	13000.0	3	1000.0	1.3	2075.7	13.0	2090.0
1740855	11000.0	3	1000.0	1.1	2090.0	11.0	2102.1
1800161	11000.0	3	1000.0	1.1	2102.1	11.0	2114.2
1741485	12000.0	3	1000.0	1.2	2114.2	12.0	2127.3999999999996
1663918	11000.0	3	1000.0	1.1	2127.4	11.0	2139.5
1797427	13000.0	3	1000.0	1.3	2139.5	13.0	2153.8
1795531	12000.0	3	1000.0	1.2	2153.8	12.0	2167.0
1738579	16000.0	3	1000.0	1.6	2167.0	16.0	2184.6
1795205	15000.0	3	1000.0	1.5	2184.6	15.0	2201.1
1802586	12000.0	3	1000.0	1.2	2201.1	12.0	2214.2999999999997
1802615	11000.0	3	1000.0	1.1	2214.3	11.0	2226.4
1797397	12000.0	3	1000.0	1.2	2226.4	12.0	2239.6
1797025	11000.0	3	1000.0	1.1	2239.6	11.0	2251.7
1636163	13000.0	3	1000.0	1.3	2251.7	13.0	2266.0
1796183	11000.0	3	1000.0	1.1	2266.0	11.0	2278.1
1739109	14000.0	3	1000.0	1.4	2278.1	14.0	2293.5
1796478	13000.0	3	1000.0	1.3	2293.5	13.0	2307.8
1802168	11000.0	3	1000.0	1.1	2307.8	11.0	2319.9
1739102	11000.0	3	1000.0	1.1	2319.9	11.0	2332.0
1779215	12000.0	3	1000.0	1.2	2332.0	12.0	2345.2
1778969	11000.0	3	1000.0	1.1	2345.2	11.0	2357.2999999999997
1664356	11000.0	3	1000.0	1.1	2357.3	11.0	2369.4
1664610	16000.0	3	1000.0	1.6	2369.4	16.0	2387.0
1820893	11000.0	3	1000.0	1.1	2387.0	11.0	2399.1
1779219	11000.0	3	1000.0	1.1	2399.1	11.0	2411.2
1779293	12000.0	3	1000.0	1.2	2411.2	12.0	2424.3999999999996
1780291	11000.0	3	1000.0	1.1	2424.4	11.0	2436.5
1780272	13000.0	3	1000.0	1.3	2436.5	13.0	2450.8
1779991	11000.0	3	1000.0	1.1	2450.8	11.0	2462.9
1779930	13000.0	3	1000.0	1.3	2462.9	13.0	2477.2000000000003
1779388	12000.0	3	1000.0	1.2	2477.2	12.0	2490.3999999999996
1665352	12000.0	3	1000.0	1.2	2490.4	12.0	2503.6
1665371	12000.0	3	1000.0	1.2	2503.6	12.0	2516.7999999999997
1776041	12000.0	3	1000.0	1.2	2516.8	12.0	2530.0
1775823	11000.0	3	1000.0	1.1	2530.0	11.0	2542.1
1822371	14000.0	3	1000.0	1.4	2542.1	14.0	2557.5
1657453	14000.0	3	1000.0	1.4	2557.5	14.0	2572.9
1807666	12000.0	3	1000.0	1.2	2572.9	12.0	2586.1
1776371	11000.0	3	1000.0	1.1	2586.1	11.0	2598.2
1778298	12000.0	3	1000.0	1.2	2598.2	12.0	2611.3999999999996
1821458	12000.0	3	1000.0	1.2	2611.4	12.0	2624.6
1778024	11000.0	3	1000.0	1.1	2624.6	11.0	2636.7
1777689	12000.0	3	1000.0	1.2	2636.7	12.0	2649.8999999999996
1777428	11000.0	3	1000.0	1.1	2649.9	11.0	2662.0
1730834	13000.0	3	1000.0	1.3	2662.0	13.0	2676.3
1657574	12000.0	3	1000.0	1.2	2676.3	12.0	2689.5
1786946	14000.0	3	1000.0	1.4	2689.5	14.0	2704.9
1786629	11000.0	3	1000.0	1.1	2704.9	11.0	2717.0
1786521	14000.0	3	1000.0	1.4	2717.0	14.0	2732.4
1637519	16000.0	3	1000.0	1.6	2732.4	16.0	2750.0
1786271	11000.0	3	1000.0	1.1	2750.0	11.0	2762.1
1786002	11000.0	3	1000.0	1.1	2762.1	11.0	2774.2
1805351	12000.0	3	1000.0	1.2	2774.2	12.0	2787.3999999999996
1804853	12000.0	3	1000.0	1.2	2787.4	12.0	2800.6
1788526	11000.0	3	1000.0	1.1	2800.6	11.0	2812.7
1851454	11000.0	3	1000.0	1.1	2812.7	11.0	2824.7999999999997
1805097	11000.0	3	1000.0	1.1	2824.8	11.0	2836.9
1788126	11000.0	3	1000.0	1.1	2836.9	11.0	2849.0
1805158	11000.0	3	1000.0	1.1	2849.0	11.0	2861.1
1806103	11000.0	3	1000.0	1.1	2861.1	11.0	2873.2
1782388	13000.0	3	1000.0	1.3	2873.2	13.0	2887.5
1819561	15000.0	3	1000.0	1.5	2887.5	15.0	2904.0
1781740	12000.0	3	1000.0	1.2	2904.0	12.0	2917.2
1781186	17000.0	3	1000.0	1.7	2917.2	17.0	2935.8999999999996
1782009	14000.0	3	1000.0	1.4	2935.9	14.0	2951.3
1782692	11000.0	3	1000.0	1.1	2951.3	11.0	2963.4
1782781	14000.0	3	1000.0	1.4	2963.4	14.0	2978.8
1805856	12000.0	3	1000.0	1.2	2978.8	12.0	2992.0
1733528	16000.0	3	1000.0	1.6	2992.0	16.0	3009.6
1784243	13000.0	3	1000.0	1.3	3009.6	13.0	3023.9
1782956	13000.0	3	1000.0	1.3	3023.9	13.0	3038.2000000000003
1783926	12000.0	3	1000.0	1.2	3038.2	12.0	3051.3999999999996
1809234	15000.0	3	1000.0	1.5	3051.4	15.0	3067.9
1693769	16000.0	3	1000.0	1.6	3067.9	16.0	3085.5
1837915	11000.0	3	1000.0	1.1	3085.5	11.0	3097.6
1693480	14000.0	3	1000.0	1.4	3097.6	14.0	3113.0
1692508	12000.0	3	1000.0	1.2	3113.0	12.0	3126.2
1748793	11000.0	3	1000.0	1.1	3126.2	11.0	3138.2999999999997
1717381	12000.0	3	1000.0	1.2	3138.3	12.0	3151.5
1691451	11000.0	3	1000.0	1.1	3151.5	11.0	3163.6
1691087	12000.0	3	1000.0	1.2	3163.6	12.0	3176.7999999999997
1691022	12000.0	3	1000.0	1.2	3176.8	12.0	3190.0
1690993	11000.0	3	1000.0	1.1	3190.0	11.0	3202.1
1692160	11000.0	3	1000.0	1.1	3202.1	11.0	3214.2
1838018	15000.0	3	1000.0	1.5	3214.2	15.0	3230.7
1694491	14000.0	3	1000.0	1.4	3230.7	14.0	3246.1
1839143	11000.0	3	1000.0	1.1	3246.1	11.0	3258.2
1647924	11000.0	3	1000.0	1.1	3258.2	11.0	3270.2999999999997
1647945	12000.0	3	1000.0	1.2	3270.3	12.0	3283.5
1844954	15000.0	3	1000.0	1.5	3283.5	15.0	3300.0
1696122	12000.0	3	1000.0	1.2	3300.0	12.0	3313.2
1696094	12000.0	3	1000.0	1.2	3313.2	12.0	3326.3999999999996
1716282	12000.0	3	1000.0	1.2	3326.4	12.0	3339.6
1838348	14000.0	3	1000.0	1.4	3339.6	14.0	3355.0
1838181	11000.0	3	1000.0	1.1	3355.0	11.0	3367.1
1690773	12000.0	3	1000.0	1.2	3367.1	12.0	3380.2999999999997
1748256	12000.0	3	1000.0	1.2	3380.3	12.0	3393.5
1748253	13000.0	3	1000.0	1.3	3393.5	13.0	3407.8
1650241	14000.0	3	1000.0	1.4	3407.8	14.0	3423.2000000000003
1686029	11000.0	3	1000.0	1.1	3423.2	11.0	3435.2999999999997
1718181	16000.0	3	1000.0	1.6	3435.3	16.0	3452.9
1685075	13000.0	3	1000.0	1.3	3452.9	13.0	3467.2000000000003
1685015	14000.0	3	1000.0	1.4	3467.2	14.0	3482.6
1684945	12000.0	3	1000.0	1.2	3482.6	12.0	3495.7999999999997
1718471	12000.0	3	1000.0	1.2	3495.8	12.0	3509.0
1846102	11000.0	3	1000.0	1.1	3509.0	11.0	3521.1
1650577	12000.0	3	1000.0	1.2	3521.1	12.0	3534.2999999999997
1650651	12000.0	3	1000.0	1.2	3534.3	12.0	3547.5
1686722	11000.0	3	1000.0	1.1	3547.5	11.0	3559.6
1690319	13000.0	3	1000.0	1.3	3559.6	13.0	3573.9
1649479	13000.0	3	1000.0	1.3	3573.9	13.0	3588.2000000000003
1690157	12000.0	3	1000.0	1.2	3588.2	12.0	3601.3999999999996
1689836	11000.0	3	1000.0	1.1	3601.4	11.0	3613.5
1689331	11000.0	3	1000.0	1.1	3613.5	11.0	3625.6
1689178	11000.0	3	1000.0	1.1	3625.6	11.0	3637.7
1748359	12000.0	3	1000.0	1.2	3637.7	12.0	3650.8999999999996
1687923	11000.0	3	1000.0	1.1	3650.9	11.0	3663.0
1844822	12000.0	3	1000.0	1.2	3663.0	12.0	3676.2
1843923	11000.0	3	1000.0	1.1	3676.2	11.0	3688.2999999999997
1706501	11000.0	3	1000.0	1.1	3688.3	11.0	3700.4
1713102	11000.0	3	1000.0	1.1	3700.4	11.0	3712.5
1705423	11000.0	3	1000.0	1.1	3712.5	11.0	3724.6
1643915	14000.0	3	1000.0	1.4	3724.6	14.0	3740.0
1710888	11000.0	3	1000.0	1.1	3740.0	11.0	3752.1
1710290	13000.0	3	1000.0	1.3	3752.1	13.0	3766.4
1644768	12000.0	3	1000.0	1.2	3766.4	12.0	3779.6
1644787	11000.0	3	1000.0	1.1	3779.6	11.0	3791.7
1708971	11000.0	3	1000.0	1.1	3791.7	11.0	3803.7999999999997
1708818	11000.0	3	1000.0	1.1	3803.8	11.0	3815.9
1841452	12000.0	3	1000.0	1.2	3815.9	12.0	3829.1
1840323	11000.0	3	1000.0	1.1	3829.1	11.0	3841.2
1714577	11000.0	3	1000.0	1.1	3841.2	11.0	3853.2999999999997
1844574	11000.0	3	1000.0	1.1	3853.3	11.0	3865.4
1700548	12000.0	3	1000.0	1.2	3865.4	12.0	3878.6
1647085	13000.0	3	1000.0	1.3	3878.6	13.0	3892.9
1753089	11000.0	3	1000.0	1.1	3892.9	11.0	3905.0
1699460	11000.0	3	1000.0	1.1	3905.0	11.0	3917.1
1699382	14000.0	3	1000.0	1.4	3917.1	14.0	3932.5
1699330	11000.0	3	1000.0	1.1	3932.5	11.0	3944.6
1647318	12000.0	3	1000.0	1.2	3944.6	12.0	3957.7999999999997
1839620	14000.0	3	1000.0	1.4	3957.8	14.0	3973.2000000000003
1715275	12000.0	3	1000.0	1.2	3973.2	12.0	3986.3999999999996
1698542	11000.0	3	1000.0	1.1	3986.4	11.0	3998.5
1701678	14000.0	3	1000.0	1.4	3998.5	14.0	4013.9
1704770	11000.0	3	1000.0	1.1	4013.9	11.0	4026.0
1701682	12000.0	3	1000.0	1.2	4026.0	12.0	4039.2
1704190	11000.0	3	1000.0	1.1	4039.2	11.0	4051.2999999999997
1646293	13000.0	3	1000.0	1.3	4051.3	13.0	4065.6000000000004
1703974	12000.0	3	1000.0	1.2	4065.6	12.0	4078.7999999999997
1703768	11000.0	3	1000.0	1.1	4078.8	11.0	4090.9
1841102	11000.0	3	1000.0	1.1	4090.9	11.0	4103.0
1703576	12000.0	3	1000.0	1.2	4103.0	12.0	4116.2
1703349	12000.0	3	1000.0	1.2	4116.2	12.0	4129.4
1703317	12000.0	3	1000.0	1.2	4129.4	12.0	4142.599999999999
1703244	14000.0	3	1000.0	1.4	4142.6	14.0	4158.0
1702963	11000.0	3	1000.0	1.1	4158.0	11.0	4170.1
1749867	12000.0	3	1000.0	1.2	4170.1	12.0	4183.3
1702940	12000.0	3	1000.0	1.2	4183.3	12.0	4196.5
1840594	13000.0	3	1000.0	1.3	4196.5	13.0	4210.8
1702186	12000.0	3	1000.0	1.2	4210.8	12.0	4224.0
1641903	12000.0	3	1000.0	1.2	4224.0	12.0	4237.2
1652860	13000.0	3	1000.0	1.3	4237.2	13.0	4251.5
1846771	12000.0	3	1000.0	1.2	4251.5	12.0	4264.7
1834736	12000.0	3	1000.0	1.2	4264.7	12.0	4277.9
1680070	11000.0	3	1000.0	1.1	4277.9	11.0	4290.0
1681587	11000.0	3	1000.0	1.1	4290.0	11.0	4302.1
1720035	12000.0	3	1000.0	1.2	4302.1	12.0	4315.3
1846490	13000.0	3	1000.0	1.3	4315.3	13.0	4329.6
1753403	15000.0	3	1000.0	1.5	4329.6	15.0	4346.1
1747555	13000.0	3	1000.0	1.3	4346.1	13.0	4360.400000000001
1681548	11000.0	3	1000.0	1.1	4360.4	11.0	4372.5
1834740	12000.0	3	1000.0	1.2	4372.5	12.0	4385.7
1833145	12000.0	3	1000.0	1.2	4385.7	12.0	4398.9
1811791	12000.0	3	1000.0	1.2	4398.9	12.0	4412.099999999999
1641373	15000.0	3	1000.0	1.5	4412.1	15.0	4428.6
1682156	12000.0	3	1000.0	1.2	4428.6	12.0	4441.8
1834387	12000.0	3	1000.0	1.2	4441.8	12.0	4455.0
1720732	11000.0	3	1000.0	1.1	4455.0	11.0	4467.1
1846726	11000.0	3	1000.0	1.1	4467.1	11.0	4479.200000000001
1682226	16000.0	3	1000.0	1.6	4479.2	16.0	4496.8
1652792	11000.0	3	1000.0	1.1	4496.8	11.0	4508.900000000001
1682259	12000.0	3	1000.0	1.2	4508.9	12.0	4522.099999999999
1652497	12000.0	3	1000.0	1.2	4522.1	12.0	4535.3
1834261	11000.0	3	1000.0	1.1	4535.3	11.0	4547.400000000001
1676843	11000.0	3	1000.0	1.1	4547.4	11.0	4559.5
1682382	11000.0	3	1000.0	1.1	4559.5	11.0	4571.6
1747141	11000.0	3	1000.0	1.1	4571.6	11.0	4583.700000000001
1747896	14000.0	3	1000.0	1.4	4583.7	14.0	4599.099999999999
1678363	11000.0	3	1000.0	1.1	4599.1	11.0	4611.200000000001
1835298	11000.0	3	1000.0	1.1	4611.2	11.0	4623.3
1675082	14000.0	3	1000.0	1.4	4623.3	14.0	4638.7
1835539	11000.0	3	1000.0	1.1	4638.7	11.0	4650.8
1720170	12000.0	3	1000.0	1.2	4650.8	12.0	4664.0
1683813	12000.0	3	1000.0	1.2	4664.0	12.0	4677.2
1679394	12000.0	3	1000.0	1.2	4677.2	12.0	4690.4
1747503	15000.0	3	1000.0	1.5	4690.4	15.0	4706.9
1846649	11000.0	3	1000.0	1.1	4706.9	11.0	4719.0
1835430	11000.0	3	1000.0	1.1	4719.0	11.0	4731.1
1681368	12000.0	3	1000.0	1.2	4731.1	12.0	4744.3
1676777	13000.0	3	1000.0	1.3	4744.3	13.0	4758.6
1846906	12000.0	3	1000.0	1.2	4758.6	12.0	4771.8
1755267	4000.0	6	5000.0	0.4038	0	0.8	1.2038
1796868	4000.0	6	5000.0	0.4038	1.2038	0.8	2.4076
1820141	4000.0	6	5000.0	0.4038	2.4076	0.8	3.6113999999999997
1734137	4000.0	6	5000.0	0.4038	3.6114	0.8	4.8152
1697609	4000.0	6	5000.0	0.4038	4.8152	0.8	6.019
1685859	4000.0	6	5000.0	0.4038	6.019	0.8	7.2228
1703441	4000.0	6	5000.0	0.4038	7.2228	0.8	8.4266
1681194	4000.0	6	5000.0	0.4038	8.4266	0.8	9.630400000000002
1679165	9000.0	9	6000.0	0.9067	0	1.5	2.4067
1770785	7000.0	9	6000.0	0.7067	2.4067	1.1667	4.2801
1825487	8000.0	9	6000.0	0.8067	4.2801	1.3333	6.4201
1849125	8000.0	9	6000.0	0.8067	6.4201	1.3333	8.5601
1766012	8000.0	9	6000.0	0.8067	8.5601	1.3333	10.700099999999999
1745053	8000.0	9	6000.0	0.8067	10.7001	1.3333	12.8401
1765976	7000.0	9	6000.0	0.7067	12.8401	1.1667	14.7135
1825674	6000.0	9	6000.0	0.6067	14.7135	1.0	16.3202
1765397	10000.0	9	6000.0	1.0067	16.3202	1.6667	18.993599999999997
1765059	8000.0	9	6000.0	0.8067	18.9936	1.3333	21.1336
1655588	10000.0	9	6000.0	1.0067	21.1336	1.6667	23.807
1766434	9000.0	9	6000.0	0.9067	23.807	1.5	26.2137
1825396	6000.0	9	6000.0	0.6067	26.2137	1.0	27.8204
1744831	9000.0	9	6000.0	0.9067	27.8204	1.5	30.2271
1727923	8000.0	9	6000.0	0.8067	30.2271	1.3333	32.3671
1727912	8000.0	9	6000.0	0.8067	32.3671	1.3333	34.5071
1655566	9000.0	9	6000.0	0.9067	34.5071	1.5	36.9138
1849224	9000.0	9	6000.0	0.9067	36.9138	1.5	39.3205
1766949	5000.0	9	6000.0	0.5067	39.3205	0.8333	40.660500000000006
1849210	10000.0	9	6000.0	1.0067	40.6605	1.6667	43.3339
1766703	6000.0	9	6000.0	0.6067	43.3339	1.0	44.9406
1766509	6000.0	9	6000.0	0.6067	44.9406	1.0	46.54730000000001
1766458	10000.0	9	6000.0	1.0067	46.5473	1.6667	49.2207
1727243	8000.0	9	6000.0	0.8067	49.2207	1.3333	51.3607
1764719	8000.0	9	6000.0	0.8067	51.3607	1.3333	53.5007
1761530	9000.0	9	6000.0	0.9067	53.5007	1.5	55.9074
1726392	5000.0	9	6000.0	0.5067	55.9074	0.8333	57.247400000000006
1827059	10000.0	9	6000.0	1.0067	57.2474	1.6667	59.9208
1826861	9000.0	9	6000.0	0.9067	59.9208	1.5	62.3275
1761222	10000.0	9	6000.0	1.0067	62.3275	1.6667	65.0009
1760462	9000.0	9	6000.0	0.9067	65.0009	1.5	67.4076
1827374	7000.0	9	6000.0	0.7067	67.4076	1.1667	69.281
1760703	9000.0	9	6000.0	0.9067	69.281	1.5	71.6877
1728050	9000.0	9	6000.0	0.9067	71.6877	1.5	74.09440000000001
1726527	9000.0	9	6000.0	0.9067	74.0944	1.5	76.5011
1727110	10000.0	9	6000.0	1.0067	76.5011	1.6667	79.1745
1727105	9000.0	9	6000.0	0.9067	79.1745	1.5	81.5812
1639725	8000.0	9	6000.0	0.8067	81.5812	1.3333	83.7212
1763842	5000.0	9	6000.0	0.5067	83.7212	0.8333	85.06119999999999
1726926	9000.0	9	6000.0	0.9067	85.0612	1.5	87.4679
1745272	10000.0	9	6000.0	1.0067	87.4679	1.6667	90.1413
1763175	9000.0	9	6000.0	0.9067	90.1413	1.5	92.548
1763109	7000.0	9	6000.0	0.7067	92.548	1.1667	94.4214
1763045	5000.0	9	6000.0	0.5067	94.4214	0.8333	95.7614
1762715	6000.0	9	6000.0	0.6067	95.7614	1.0	97.3681
1726654	7000.0	9	6000.0	0.7067	97.3681	1.1667	99.2415
1762630	9000.0	9	6000.0	0.9067	99.2415	1.5	101.6482
1726600	9000.0	9	6000.0	0.9067	101.6482	1.5	104.0549
1763157	10000.0	9	6000.0	1.0067	104.0549	1.6667	106.7283
1773054	10000.0	9	6000.0	1.0067	106.7283	1.6667	109.4017
1772961	8000.0	9	6000.0	0.8067	109.4017	1.3333	111.5417
1772710	8000.0	9	6000.0	0.8067	111.5417	1.3333	113.6817
1823350	7000.0	9	6000.0	0.7067	113.6817	1.1667	115.55510000000001
1772300	7000.0	9	6000.0	0.7067	115.5551	1.1667	117.4285
1656704	7000.0	9	6000.0	0.7067	117.4285	1.1667	119.3019
1638851	10000.0	9	6000.0	1.0067	119.3019	1.6667	121.9753
1823737	10000.0	9	6000.0	1.0067	121.9753	1.6667	124.6487
1729272	8000.0	9	6000.0	0.8067	124.6487	1.3333	126.7887
1771722	6000.0	9	6000.0	0.6067	126.7887	1.0	128.3954
1729332	9000.0	9	6000.0	0.9067	128.3954	1.5	130.8021
1729224	10000.0	9	6000.0	1.0067	130.8021	1.6667	133.47549999999998
1729597	5000.0	9	6000.0	0.5067	133.4755	0.8333	134.81550000000001
1849824	9000.0	9	6000.0	0.9067	134.8155	1.5	137.2222
1665945	8000.0	9	6000.0	0.8067	137.2222	1.3333	139.3622
1730068	8000.0	9	6000.0	0.8067	139.3622	1.3333	141.50220000000002
1774529	8000.0	9	6000.0	0.8067	141.5022	1.3333	143.6422
1730015	10000.0	9	6000.0	1.0067	143.6422	1.6667	146.3156
1773811	8000.0	9	6000.0	0.8067	146.3156	1.3333	148.4556
1823330	9000.0	9	6000.0	0.9067	148.4556	1.5	150.8623
1744041	7000.0	9	6000.0	0.7067	150.8623	1.1667	152.7357
1729767	7000.0	9	6000.0	0.7067	152.7357	1.1667	154.6091
1823259	10000.0	9	6000.0	1.0067	154.6091	1.6667	157.2825
1729691	10000.0	9	6000.0	1.0067	157.2825	1.6667	159.95589999999999
1773397	9000.0	9	6000.0	0.9067	159.9559	1.5	162.36260000000001
1656871	8000.0	9	6000.0	0.8067	162.3626	1.3333	164.5026
1773346	7000.0	9	6000.0	0.7067	164.5026	1.1667	166.376
1744609	7000.0	9	6000.0	0.7067	166.376	1.1667	168.2494
1769115	10000.0	9	6000.0	1.0067	168.2494	1.6667	170.9228
1768807	9000.0	9	6000.0	0.9067	170.9228	1.5	173.3295
1808379	9000.0	9	6000.0	0.9067	173.3295	1.5	175.7362
1824563	9000.0	9	6000.0	0.9067	175.7362	1.5	178.1429
1808675	10000.0	9	6000.0	1.0067	178.1429	1.6667	180.81629999999998
1768167	8000.0	9	6000.0	0.8067	180.8163	1.3333	182.95630000000003
1768098	3000.0	9	6000.0	0.3067	182.9563	0.5	183.763
1767894	8000.0	9	6000.0	0.8067	183.763	1.3333	185.90300000000002
1768662	9000.0	9	6000.0	0.9067	185.903	1.5	188.3097
1744299	8000.0	9	6000.0	0.8067	188.3097	1.3333	190.4497
1769276	8000.0	9	6000.0	0.8067	190.4497	1.3333	192.58970000000002
1849651	10000.0	9	6000.0	1.0067	192.5897	1.6667	195.26309999999998
1729124	7000.0	9	6000.0	0.7067	195.2631	1.1667	197.1365
1823905	10000.0	9	6000.0	1.0067	197.1365	1.6667	199.8099
1771267	10000.0	9	6000.0	1.0067	199.8099	1.6667	202.48329999999999
1729052	8000.0	9	6000.0	0.8067	202.4833	1.3333	204.62330000000003
1824017	10000.0	9	6000.0	1.0067	204.6233	1.6667	207.2967
1744586	10000.0	9	6000.0	1.0067	207.2967	1.6667	209.97009999999997
1824214	9000.0	9	6000.0	0.9067	209.9701	1.5	212.3768
1849523	9000.0	9	6000.0	0.9067	212.3768	1.5	214.7835
1770138	9000.0	9	6000.0	0.9067	214.7835	1.5	217.1902
1638985	9000.0	9	6000.0	0.9067	217.1902	1.5	219.5969
1769857	10000.0	9	6000.0	1.0067	219.5969	1.6667	222.2703
1770465	10000.0	9	6000.0	1.0067	222.2703	1.6667	224.94369999999998
1848599	9000.0	9	6000.0	0.9067	224.9437	1.5	227.3504
1725977	9000.0	9	6000.0	0.9067	227.3504	1.5	229.7571
1640860	8000.0	9	6000.0	0.8067	229.7571	1.3333	231.89710000000002
1669325	6000.0	9	6000.0	0.6067	231.8971	1.0	233.50379999999998
1811283	9000.0	9	6000.0	0.9067	233.5038	1.5	235.9105
1669574	5000.0	9	6000.0	0.5067	235.9105	0.8333	237.25050000000002
1669678	7000.0	9	6000.0	0.7067	237.2505	1.1667	239.1239
1746543	8000.0	9	6000.0	0.8067	239.1239	1.3333	241.2639
1669752	9000.0	9	6000.0	0.9067	241.2639	1.5	243.6706
1640899	10000.0	9	6000.0	1.0067	243.6706	1.6667	246.344
1670266	7000.0	9	6000.0	0.7067	246.344	1.1667	248.2174
1830886	6000.0	9	6000.0	0.6067	248.2174	1.0	249.8241
1847534	8000.0	9	6000.0	0.8067	249.8241	1.3333	251.9641
1722860	10000.0	9	6000.0	1.0067	251.9641	1.6667	254.6375
1723303	10000.0	9	6000.0	1.0067	254.6375	1.6667	257.3109
1753613	9000.0	9	6000.0	0.9067	257.3109	1.5	259.7176
1755143	6000.0	9	6000.0	0.6067	259.7176	1.0	261.3243
1755006	8000.0	9	6000.0	0.8067	261.3243	1.3333	263.4643
1754882	8000.0	9	6000.0	0.8067	263.4643	1.3333	265.60429999999997
1754648	9000.0	9	6000.0	0.9067	265.6043	1.5	268.011
1754547	8000.0	9	6000.0	0.8067	268.011	1.3333	270.151
1811105	9000.0	9	6000.0	0.9067	270.151	1.5	272.5577
1753800	7000.0	9	6000.0	0.7067	272.5577	1.1667	274.4311
1753722	9000.0	9	6000.0	0.9067	274.4311	1.5	276.8378
1753714	6000.0	9	6000.0	0.6067	276.8378	1.0	278.4445
1811532	9000.0	9	6000.0	0.9067	278.4445	1.5	280.8512
1670587	10000.0	9	6000.0	1.0067	280.8512	1.6667	283.5246
1672569	5000.0	9	6000.0	0.5067	283.5246	0.8333	284.86460000000005
1831889	9000.0	9	6000.0	0.9067	284.8646	1.5	287.2713
1673178	10000.0	9	6000.0	1.0067	287.2713	1.6667	289.9447
1653317	10000.0	9	6000.0	1.0067	289.9447	1.6667	292.6181
1721695	8000.0	9	6000.0	0.8067	292.6181	1.3333	294.7581
1832200	9000.0	9	6000.0	0.9067	294.7581	1.5	297.1648
1721540	10000.0	9	6000.0	1.0067	297.1648	1.6667	299.83820000000003
1674516	9000.0	9	6000.0	0.9067	299.8382	1.5	302.2449
1674534	8000.0	9	6000.0	0.8067	302.2449	1.3333	304.38489999999996
1673859	9000.0	9	6000.0	0.9067	304.3849	1.5	306.7916
1847859	6000.0	9	6000.0	0.6067	306.7916	1.0	308.3983
1672100	8000.0	9	6000.0	0.8067	308.3983	1.3333	310.5383
1670691	10000.0	9	6000.0	1.0067	310.5383	1.6667	313.2117
1831049	9000.0	9	6000.0	0.9067	313.2117	1.5	315.6184
1831114	9000.0	9	6000.0	0.9067	315.6184	1.5	318.0251
1722735	9000.0	9	6000.0	0.9067	318.0251	1.5	320.4318
1671200	8000.0	9	6000.0	0.8067	320.4318	1.3333	322.5718
1641043	7000.0	9	6000.0	0.7067	322.5718	1.1667	324.4452
1671445	8000.0	9	6000.0	0.8067	324.4452	1.3333	326.5852
1671795	9000.0	9	6000.0	0.9067	326.5852	1.5	328.9919
1722360	10000.0	9	6000.0	1.0067	328.9919	1.6667	331.6653
1722585	8000.0	9	6000.0	0.8067	331.6653	1.3333	333.8053
1810875	7000.0	9	6000.0	0.7067	333.8053	1.1667	335.6787
1755319	10000.0	9	6000.0	1.0067	335.6787	1.6667	338.3521
1757975	8000.0	9	6000.0	0.8067	338.3521	1.3333	340.4921
1725366	7000.0	9	6000.0	0.7067	340.4921	1.1667	342.3655
1725309	8000.0	9	6000.0	0.8067	342.3655	1.3333	344.5055
1745841	8000.0	9	6000.0	0.8067	344.5055	1.3333	346.64549999999997
1809370	10000.0	9	6000.0	1.0067	346.6455	1.6667	349.31890000000004
1757624	9000.0	9	6000.0	0.9067	349.3189	1.5	351.7256
1725286	10000.0	9	6000.0	1.0067	351.7256	1.6667	354.399
1725230	10000.0	9	6000.0	1.0067	354.399	1.6667	357.0724
1757312	10000.0	9	6000.0	1.0067	357.0724	1.6667	359.74580000000003
1809757	10000.0	9	6000.0	1.0067	359.7458	1.6667	362.4192
1757234	9000.0	9	6000.0	0.9067	362.4192	1.5	364.8259
1809589	9000.0	9	6000.0	0.9067	364.8259	1.5	367.2326
1758093	6000.0	9	6000.0	0.6067	367.2326	1.0	368.8393
1758150	7000.0	9	6000.0	0.7067	368.8393	1.1667	370.7127
1725945	10000.0	9	6000.0	1.0067	370.7127	1.6667	373.3861
1809143	10000.0	9	6000.0	1.0067	373.3861	1.6667	376.0595
1809332	10000.0	9	6000.0	1.0067	376.0595	1.6667	378.73290000000003
1758717	7000.0	9	6000.0	0.7067	378.7329	1.1667	380.6063
1666193	6000.0	9	6000.0	0.6067	380.6063	1.0	382.21299999999997
1666212	10000.0	9	6000.0	1.0067	382.213	1.6667	384.88640000000004
1758522	9000.0	9	6000.0	0.9067	384.8864	1.5	387.2931
1759956	9000.0	9	6000.0	0.9067	387.2931	1.5	389.6998
1756983	7000.0	9	6000.0	0.7067	389.6998	1.1667	391.5732
1756932	10000.0	9	6000.0	1.0067	391.5732	1.6667	394.2466
1667106	9000.0	9	6000.0	0.9067	394.2466	1.5	396.6533
1829292	6000.0	9	6000.0	0.6067	396.6533	1.0	398.26
1829369	10000.0	9	6000.0	1.0067	398.26	1.6667	400.9334
1724279	9000.0	9	6000.0	0.9067	400.9334	1.5	403.3401
1668316	8000.0	9	6000.0	0.8067	403.3401	1.3333	405.4801
1668507	8000.0	9	6000.0	0.8067	405.4801	1.3333	407.6201
1829715	10000.0	9	6000.0	1.0067	407.6201	1.6667	410.2935
1724035	7000.0	9	6000.0	0.7067	410.2935	1.1667	412.1669
1829221	10000.0	9	6000.0	1.0067	412.1669	1.6667	414.8403
1810459	6000.0	9	6000.0	0.6067	414.8403	1.0	416.447
1848248	5000.0	9	6000.0	0.5067	416.447	0.8333	417.78700000000003
1756617	7000.0	9	6000.0	0.7067	417.787	1.1667	419.6604
1756332	10000.0	9	6000.0	1.0067	419.6604	1.6667	422.3338
1756329	10000.0	9	6000.0	1.0067	422.3338	1.6667	425.0072
1724920	10000.0	9	6000.0	1.0067	425.0072	1.6667	427.6806
1756277	9000.0	9	6000.0	0.9067	427.6806	1.5	430.0873
1810468	7000.0	9	6000.0	0.7067	430.0873	1.1667	431.96070000000003
1828899	7000.0	9	6000.0	0.7067	431.9607	1.1667	433.8341
1755590	7000.0	9	6000.0	0.7067	433.8341	1.1667	435.7075
1640532	9000.0	9	6000.0	0.9067	435.7075	1.5	438.1142
1828901	7000.0	9	6000.0	0.7067	438.1142	1.1667	439.9876
1832350	7000.0	9	6000.0	0.7067	439.9876	1.1667	441.861
1822646	10000.0	9	6000.0	1.0067	441.861	1.6667	444.5344
1660514	9000.0	9	6000.0	0.9067	444.5344	1.5	446.9411
1815516	8000.0	9	6000.0	0.8067	446.9411	1.3333	449.0811
1736638	8000.0	9	6000.0	0.8067	449.0811	1.3333	451.2211
1803654	8000.0	9	6000.0	0.8067	451.2211	1.3333	453.36109999999996
1815682	5000.0	9	6000.0	0.5067	453.3611	0.8333	454.70110000000005
1790817	9000.0	9	6000.0	0.9067	454.7011	1.5	457.1078
1815858	8000.0	9	6000.0	0.8067	457.1078	1.3333	459.2478
1851966	10000.0	9	6000.0	1.0067	459.2478	1.6667	461.9212
1661217	7000.0	9	6000.0	0.7067	461.9212	1.1667	463.7946
1735936	10000.0	9	6000.0	1.0067	463.7946	1.6667	466.468
1661369	8000.0	9	6000.0	0.8067	466.468	1.3333	468.608
1791934	7000.0	9	6000.0	0.7067	468.608	1.1667	470.4814
1636634	6000.0	9	6000.0	0.6067	470.4814	1.0	472.0881
1737644	8000.0	9	6000.0	0.8067	472.0881	1.3333	474.2281
1737528	10000.0	9	6000.0	1.0067	474.2281	1.6667	476.9015
1793304	7000.0	9	6000.0	0.7067	476.9015	1.1667	478.7749
1661413	10000.0	9	6000.0	1.0067	478.7749	1.6667	481.4483
1742200	10000.0	9	6000.0	1.0067	481.4483	1.6667	484.12170000000003
1792241	7000.0	9	6000.0	0.7067	484.1217	1.1667	485.9951
1658754	10000.0	9	6000.0	1.0067	485.9951	1.6667	488.6685
1737015	10000.0	9	6000.0	1.0067	488.6685	1.6667	491.3419
1737000	10000.0	9	6000.0	1.0067	491.3419	1.6667	494.0153
1814960	10000.0	9	6000.0	1.0067	494.0153	1.6667	496.68870000000004
1742661	8000.0	9	6000.0	0.8067	496.6887	1.3333	498.82869999999997
1816385	10000.0	9	6000.0	1.0067	498.8287	1.6667	501.50210000000004
1662973	10000.0	9	6000.0	1.0067	501.5021	1.6667	504.1755
1662974	9000.0	9	6000.0	0.9067	504.1755	1.5	506.5822
1663085	7000.0	9	6000.0	0.7067	506.5822	1.1667	508.4556
1662833	10000.0	9	6000.0	1.0067	508.4556	1.6667	511.129
1663151	10000.0	9	6000.0	1.0067	511.129	1.6667	513.8024
1663419	10000.0	9	6000.0	1.0067	513.8024	1.6667	516.4758
1751387	10000.0	9	6000.0	1.0067	516.4758	1.6667	519.1492000000001
1663497	7000.0	9	6000.0	0.7067	519.1492	1.1667	521.0225999999999
1735075	10000.0	9	6000.0	1.0067	521.0226	1.6667	523.696
1658452	9000.0	9	6000.0	0.9067	523.696	1.5	526.1027
1658448	8000.0	9	6000.0	0.8067	526.1027	1.3333	528.2427
1734945	9000.0	9	6000.0	0.9067	528.2427	1.5	530.6494
1663368	9000.0	9	6000.0	0.9067	530.6494	1.5	533.0561
1660405	8000.0	9	6000.0	0.8067	533.0561	1.3333	535.1961
1662827	10000.0	9	6000.0	1.0067	535.1961	1.6667	537.8695
1742686	7000.0	9	6000.0	0.7067	537.8695	1.1667	539.7429
1804201	7000.0	9	6000.0	0.7067	539.7429	1.1667	541.6162999999999
1661938	8000.0	9	6000.0	0.8067	541.6163	1.3333	543.7563
1735726	7000.0	9	6000.0	0.7067	543.7563	1.1667	545.6297
1851791	7000.0	9	6000.0	0.7067	545.6297	1.1667	547.5030999999999
1637080	5000.0	9	6000.0	0.5067	547.5031	0.8333	548.8431
1789296	7000.0	9	6000.0	0.7067	548.8431	1.1667	550.7165
1662409	7000.0	9	6000.0	0.7067	550.7165	1.1667	552.5899
1662410	9000.0	9	6000.0	0.9067	552.5899	1.5	554.9966
1662661	7000.0	9	6000.0	0.7067	554.9966	1.1667	556.8699999999999
1851682	10000.0	9	6000.0	1.0067	556.87	1.6667	559.5434
1851741	9000.0	9	6000.0	0.9067	559.5434	1.5	561.9501
1737699	9000.0	9	6000.0	0.9067	561.9501	1.5	564.3568
1793923	8000.0	9	6000.0	0.8067	564.3568	1.3333	566.4968
1801382	7000.0	9	6000.0	0.7067	566.4968	1.1667	568.3702
1740006	7000.0	9	6000.0	0.7067	568.3702	1.1667	570.2435999999999
1813048	9000.0	9	6000.0	0.9067	570.2436	1.5	572.6503
1798278	9000.0	9	6000.0	0.9067	572.6503	1.5	575.057
1813158	10000.0	9	6000.0	1.0067	575.057	1.6667	577.7304
1801630	7000.0	9	6000.0	0.7067	577.7304	1.1667	579.6038
1797704	9000.0	9	6000.0	0.9067	579.6038	1.5	582.0105
1636070	7000.0	9	6000.0	0.7067	582.0105	1.1667	583.8838999999999
1798634	8000.0	9	6000.0	0.8067	583.8839	1.3333	586.0239
1739522	7000.0	9	6000.0	0.7067	586.0239	1.1667	587.8973
1799464	10000.0	9	6000.0	1.0067	587.8973	1.6667	590.5707
1812000	6000.0	9	6000.0	0.6067	590.5707	1.0	592.1774
1811938	9000.0	9	6000.0	0.9067	592.1774	1.5	594.5841
1741094	8000.0	9	6000.0	0.8067	594.5841	1.3333	596.7241
1800991	10000.0	9	6000.0	1.0067	596.7241	1.6667	599.3975
1811895	9000.0	9	6000.0	0.9067	599.3975	1.5	601.8042
1800936	10000.0	9	6000.0	1.0067	601.8042	1.6667	604.4776
1799444	7000.0	9	6000.0	0.7067	604.4776	1.1667	606.351
1741337	8000.0	9	6000.0	0.8067	606.351	1.3333	608.491
1658969	10000.0	9	6000.0	1.0067	608.491	1.6667	611.1644
1740837	7000.0	9	6000.0	0.7067	611.1644	1.1667	613.0378
1800114	7000.0	9	6000.0	0.7067	613.0378	1.1667	614.9111999999999
1740492	10000.0	9	6000.0	1.0067	614.9112	1.6667	617.5846
1800444	7000.0	9	6000.0	0.7067	617.5846	1.1667	619.458
1801961	9000.0	9	6000.0	0.9067	619.458	1.5	621.8647
1802414	10000.0	9	6000.0	1.0067	621.8647	1.6667	624.5381
1795459	8000.0	9	6000.0	0.8067	624.5381	1.3333	626.6781
1738339	7000.0	9	6000.0	0.7067	626.6781	1.1667	628.5514999999999
1814075	10000.0	9	6000.0	1.0067	628.5515	1.6667	631.2249
1738147	10000.0	9	6000.0	1.0067	631.2249	1.6667	633.8983000000001
1794317	8000.0	9	6000.0	0.8067	633.8983	1.3333	636.0382999999999
1794297	10000.0	9	6000.0	1.0067	636.0383	1.6667	638.7117000000001
1737842	10000.0	9	6000.0	1.0067	638.7117	1.6667	641.3851
1737832	9000.0	9	6000.0	0.9067	641.3851	1.5	643.7918
1793995	9000.0	9	6000.0	0.9067	643.7918	1.5	646.1985
1814607	8000.0	9	6000.0	0.8067	646.1985	1.3333	648.3385
1793985	9000.0	9	6000.0	0.9067	648.3385	1.5	650.7452
1795706	10000.0	9	6000.0	1.0067	650.7452	1.6667	653.4186
1738896	10000.0	9	6000.0	1.0067	653.4186	1.6667	656.092
1797020	9000.0	9	6000.0	0.9067	656.092	1.5	658.4987
1741858	8000.0	9	6000.0	0.8067	658.4987	1.3333	660.6387
1797003	10000.0	9	6000.0	1.0067	660.6387	1.6667	663.3121
1802070	10000.0	9	6000.0	1.0067	663.3121	1.6667	665.9855
1739009	8000.0	9	6000.0	0.8067	665.9855	1.3333	668.1255
1796289	7000.0	9	6000.0	0.7067	668.1255	1.1667	669.9988999999999
1796277	10000.0	9	6000.0	1.0067	669.9989	1.6667	672.6723000000001
1738925	10000.0	9	6000.0	1.0067	672.6723	1.6667	675.3457
1741930	10000.0	9	6000.0	1.0067	675.3457	1.6667	678.0191
1665683	9000.0	9	6000.0	0.9067	678.0191	1.5	680.4258
1658175	8000.0	9	6000.0	0.8067	680.4258	1.3333	682.5658
1664147	9000.0	9	6000.0	0.9067	682.5658	1.5	684.9725
1638100	9000.0	9	6000.0	0.9067	684.9725	1.5	687.3792
1779144	7000.0	9	6000.0	0.7067	687.3792	1.1667	689.2525999999999
1807126	8000.0	9	6000.0	0.8067	689.2526	1.3333	691.3926
1820748	9000.0	9	6000.0	0.9067	691.3926	1.5	693.7993
1820750	6000.0	9	6000.0	0.6067	693.7993	1.0	695.4060000000001
1807213	6000.0	9	6000.0	0.6067	695.406	1.0	697.0127
1820844	10000.0	9	6000.0	1.0067	697.0127	1.6667	699.6861
1664913	10000.0	9	6000.0	1.0067	699.6861	1.6667	702.3595
1731491	10000.0	9	6000.0	1.0067	702.3595	1.6667	705.0329
1638158	7000.0	9	6000.0	0.7067	705.0329	1.1667	706.9063
1807048	10000.0	9	6000.0	1.0067	706.9063	1.6667	709.5797
1820622	10000.0	9	6000.0	1.0067	709.5797	1.6667	712.2531
1780576	7000.0	9	6000.0	0.7067	712.2531	1.1667	714.1265
1732378	8000.0	9	6000.0	0.8067	714.1265	1.3333	716.2665
1780207	10000.0	9	6000.0	1.0067	716.2665	1.6667	718.9399
1732226	10000.0	9	6000.0	1.0067	718.9399	1.6667	721.6133
1665223	8000.0	9	6000.0	0.8067	721.6133	1.3333	723.7533
1638012	10000.0	9	6000.0	1.0067	723.7533	1.6667	726.4267
1779712	7000.0	9	6000.0	0.7067	726.4267	1.1667	728.3000999999999
1779653	10000.0	9	6000.0	1.0067	728.3001	1.6667	730.9735000000001
1732082	7000.0	9	6000.0	0.7067	730.9735	1.1667	732.8468999999999
1850607	8000.0	9	6000.0	0.8067	732.8469	1.3333	734.9869
1820597	10000.0	9	6000.0	1.0067	734.9869	1.6667	737.6603
1779859	9000.0	9	6000.0	0.9067	737.6603	1.5	740.067
1638193	5000.0	9	6000.0	0.5067	740.067	0.8333	741.407
1776018	8000.0	9	6000.0	0.8067	741.407	1.3333	743.547
1822203	7000.0	9	6000.0	0.7067	743.547	1.1667	745.4204
1807590	7000.0	9	6000.0	0.7067	745.4204	1.1667	747.2937999999999
1807632	8000.0	9	6000.0	0.8067	747.2938	1.3333	749.4338
1775769	10000.0	9	6000.0	1.0067	749.4338	1.6667	752.1072
1822152	8000.0	9	6000.0	0.8067	752.1072	1.3333	754.2472
1775744	10000.0	9	6000.0	1.0067	754.2472	1.6667	756.9206
1822421	9000.0	9	6000.0	0.9067	756.9206	1.5	759.3273
1775167	10000.0	9	6000.0	1.0067	759.3273	1.6667	762.0007
1822537	8000.0	9	6000.0	0.8067	762.0007	1.3333	764.1407
1775136	9000.0	9	6000.0	0.9067	764.1407	1.5	766.5474
1730389	10000.0	9	6000.0	1.0067	766.5474	1.6667	769.2208
1780692	7000.0	9	6000.0	0.7067	769.2208	1.1667	771.0942
1776825	7000.0	9	6000.0	0.7067	771.0942	1.1667	772.9676
1665539	10000.0	9	6000.0	1.0067	772.9676	1.6667	775.641
1638242	9000.0	9	6000.0	0.9067	775.641	1.5	778.0477
1665606	10000.0	9	6000.0	1.0067	778.0477	1.6667	780.7211
1850429	10000.0	9	6000.0	1.0067	780.7211	1.6667	783.3945
1731263	10000.0	9	6000.0	1.0067	783.3945	1.6667	786.0679
1778557	6000.0	9	6000.0	0.6067	786.0679	1.0	787.6746
1776410	9000.0	9	6000.0	0.9067	787.6746	1.5	790.0813
1807258	10000.0	9	6000.0	1.0067	790.0813	1.6667	792.7547000000001
1807279	8000.0	9	6000.0	0.8067	792.7547	1.3333	794.8947
1730764	8000.0	9	6000.0	0.8067	794.8947	1.3333	797.0346999999999
1780807	8000.0	9	6000.0	0.8067	797.0347	1.3333	799.1747
1780889	7000.0	9	6000.0	0.7067	799.1747	1.1667	801.0481
1786785	5000.0	9	6000.0	0.5067	801.0481	0.8333	802.3881
1637473	7000.0	9	6000.0	0.7067	802.3881	1.1667	804.2615
1805314	8000.0	9	6000.0	0.8067	804.2615	1.3333	806.4014999999999
1751037	8000.0	9	6000.0	0.8067	806.4015	1.3333	808.5415
1787406	7000.0	9	6000.0	0.7067	808.5415	1.1667	810.4149
1818421	8000.0	9	6000.0	0.8067	810.4149	1.3333	812.5549
1786260	10000.0	9	6000.0	1.0067	812.5549	1.6667	815.2283
1786154	9000.0	9	6000.0	0.9067	815.2283	1.5	817.635
1733822	5000.0	9	6000.0	0.5067	817.635	0.8333	818.975
1805638	7000.0	9	6000.0	0.7067	818.975	1.1667	820.8484
1805235	8000.0	9	6000.0	0.8067	820.8484	1.3333	822.9884
1817956	7000.0	9	6000.0	0.7067	822.9884	1.1667	824.8617999999999
1789245	10000.0	9	6000.0	1.0067	824.8618	1.6667	827.5352
1817501	9000.0	9	6000.0	0.9067	827.5352	1.5	829.9419
1788445	7000.0	9	6000.0	0.7067	829.9419	1.1667	831.8153
1734639	9000.0	9	6000.0	0.9067	831.8153	1.5	834.222
1637423	6000.0	9	6000.0	0.6067	834.222	1.0	835.8287
1788245	10000.0	9	6000.0	1.0067	835.8287	1.6667	838.5021
1751194	6000.0	9	6000.0	0.6067	838.5021	1.0	840.1088000000001
1788087	8000.0	9	6000.0	0.8067	840.1088	1.3333	842.2488
1817804	8000.0	9	6000.0	0.8067	842.2488	1.3333	844.3888
1734357	10000.0	9	6000.0	1.0067	844.3888	1.6667	847.0622
1817705	9000.0	9	6000.0	0.9067	847.0622	1.5	849.4689
1751266	8000.0	9	6000.0	0.8067	849.4689	1.3333	851.6089
1805674	9000.0	9	6000.0	0.9067	851.6089	1.5	854.0156
1733564	9000.0	9	6000.0	0.9067	854.0156	1.5	856.4223
1806069	9000.0	9	6000.0	0.9067	856.4223	1.5	858.829
1806132	9000.0	9	6000.0	0.9067	858.829	1.5	861.2357
1782183	10000.0	9	6000.0	1.0067	861.2357	1.6667	863.9091
1806214	10000.0	9	6000.0	1.0067	863.9091	1.6667	866.5825
1637807	10000.0	9	6000.0	1.0067	866.5825	1.6667	869.2559
1782079	8000.0	9	6000.0	0.8067	869.2559	1.3333	871.3959
1781834	9000.0	9	6000.0	0.9067	871.3959	1.5	873.8026
1781699	7000.0	9	6000.0	0.7067	873.8026	1.1667	875.6759999999999
1781591	8000.0	9	6000.0	0.8067	875.676	1.3333	877.816
1781474	6000.0	9	6000.0	0.6067	877.816	1.0	879.4227000000001
1781220	8000.0	9	6000.0	0.8067	879.4227	1.3333	881.5627
1805731	10000.0	9	6000.0	1.0067	881.5627	1.6667	884.2361
1805814	6000.0	9	6000.0	0.6067	884.2361	1.0	885.8428
1784323	10000.0	9	6000.0	1.0067	885.8428	1.6667	888.5162
1819100	10000.0	9	6000.0	1.0067	888.5162	1.6667	891.1896
1851019	9000.0	9	6000.0	0.9067	891.1896	1.5	893.5963
1782729	8000.0	9	6000.0	0.8067	893.5963	1.3333	895.7363
1784013	9000.0	9	6000.0	0.9067	895.7363	1.5	898.143
1783462	10000.0	9	6000.0	1.0067	898.143	1.6667	900.8164
1783225	9000.0	9	6000.0	0.9067	900.8164	1.5	903.2231
1733101	10000.0	9	6000.0	1.0067	903.2231	1.6667	905.8965000000001
1664319	8000.0	9	6000.0	0.8067	905.8965	1.3333	908.0364999999999
1819441	9000.0	9	6000.0	0.9067	908.0365	1.5	910.4432
1819516	9000.0	9	6000.0	0.9067	910.4432	1.5	912.8499
1721449	7000.0	9	6000.0	0.7067	912.8499	1.1667	914.7233
1674911	8000.0	9	6000.0	0.8067	914.7233	1.3333	916.8633
1716810	8000.0	9	6000.0	0.8067	916.8633	1.3333	919.0033
1693660	7000.0	9	6000.0	0.7067	919.0033	1.1667	920.8766999999999
1716966	9000.0	9	6000.0	0.9067	920.8767	1.5	923.2834
1693313	9000.0	9	6000.0	0.9067	923.2834	1.5	925.6901
1837640	10000.0	9	6000.0	1.0067	925.6901	1.6667	928.3635
1692424	9000.0	9	6000.0	0.9067	928.3635	1.5	930.7702
1692311	8000.0	9	6000.0	0.8067	930.7702	1.3333	932.9102
1692253	8000.0	9	6000.0	0.8067	932.9102	1.3333	935.0502
1692208	8000.0	9	6000.0	0.8067	935.0502	1.3333	937.1902
1648619	8000.0	9	6000.0	0.8067	937.1902	1.3333	939.3302
1837408	9000.0	9	6000.0	0.9067	939.3302	1.5	941.7369
1837383	10000.0	9	6000.0	1.0067	941.7369	1.6667	944.4103
1649068	9000.0	9	6000.0	0.9067	944.4103	1.5	946.817
1692000	8000.0	9	6000.0	0.8067	946.817	1.3333	948.957
1691491	10000.0	9	6000.0	1.0067	948.957	1.6667	951.6304
1691472	9000.0	9	6000.0	0.9067	951.6304	1.5	954.0371
1649260	10000.0	9	6000.0	1.0067	954.0371	1.6667	956.7105
1836950	8000.0	9	6000.0	0.8067	956.7105	1.3333	958.8505
1838162	6000.0	9	6000.0	0.6067	958.8505	1.0	960.4572000000001
1715636	10000.0	9	6000.0	1.0067	960.4572	1.6667	963.1306
1647789	10000.0	9	6000.0	1.0067	963.1306	1.6667	965.804
1697490	6000.0	9	6000.0	0.6067	965.804	1.0	967.4107
1715730	10000.0	9	6000.0	1.0067	967.4107	1.6667	970.0841
1647808	10000.0	9	6000.0	1.0067	970.0841	1.6667	972.7575
1697324	10000.0	9	6000.0	1.0067	972.7575	1.6667	975.4309000000001
1715799	9000.0	9	6000.0	0.9067	975.4309	1.5	977.8376
1844938	9000.0	9	6000.0	0.9067	977.8376	1.5	980.2443
1715915	10000.0	9	6000.0	1.0067	980.2443	1.6667	982.9177
1696836	8000.0	9	6000.0	0.8067	982.9177	1.3333	985.0577
1838864	10000.0	9	6000.0	1.0067	985.0577	1.6667	987.7311
1838613	10000.0	9	6000.0	1.0067	987.7311	1.6667	990.4045
1695125	9000.0	9	6000.0	0.9067	990.4045	1.5	992.8112
1695114	8000.0	9	6000.0	0.8067	992.8112	1.3333	994.9512
1838287	10000.0	9	6000.0	1.0067	994.9512	1.6667	997.6246
1694900	10000.0	9	6000.0	1.0067	997.6246	1.6667	1000.298
1716455	5000.0	9	6000.0	0.5067	1000.298	0.8333	1001.638
1845156	7000.0	9	6000.0	0.7067	1001.638	1.1667	1003.5114
1648519	10000.0	9	6000.0	1.0067	1003.5114	1.6667	1006.1848
1690791	9000.0	9	6000.0	0.9067	1006.1848	1.5	1008.5915
1649299	10000.0	9	6000.0	1.0067	1008.5915	1.6667	1011.2649
1690728	10000.0	9	6000.0	1.0067	1011.2649	1.6667	1013.9383
1686088	10000.0	9	6000.0	1.0067	1013.9383	1.6667	1016.6117
1686063	9000.0	9	6000.0	0.9067	1016.6117	1.5	1019.0184
1685708	10000.0	9	6000.0	1.0067	1019.0184	1.6667	1021.6918000000001
1685459	8000.0	9	6000.0	0.8067	1021.6918	1.3333	1023.8317999999999
1685381	10000.0	9	6000.0	1.0067	1023.8318	1.6667	1026.5052
1650324	6000.0	9	6000.0	0.6067	1026.5052	1.0	1028.1119
1685285	5000.0	9	6000.0	0.5067	1028.1119	0.8333	1029.4519
1685206	9000.0	9	6000.0	0.9067	1029.4519	1.5	1031.8586
1718272	9000.0	9	6000.0	0.9067	1031.8586	1.5	1034.2653
1718320	10000.0	9	6000.0	1.0067	1034.2653	1.6667	1036.9387
1650441	9000.0	9	6000.0	0.9067	1036.9387	1.5	1039.3454
1684757	9000.0	9	6000.0	0.9067	1039.3454	1.5	1041.7521
1642088	7000.0	9	6000.0	0.7067	1041.7521	1.1667	1043.6254999999999
1650551	8000.0	9	6000.0	0.8067	1043.6255	1.3333	1045.7655000000002
1642066	8000.0	9	6000.0	0.8067	1045.7655	1.3333	1047.9055
1684002	10000.0	9	6000.0	1.0067	1047.9055	1.6667	1050.5789
1686567	9000.0	9	6000.0	0.9067	1050.5789	1.5	1052.9856
1839153	9000.0	9	6000.0	0.9067	1052.9856	1.5	1055.3923
1687144	9000.0	9	6000.0	0.9067	1055.3923	1.5	1057.799
1690676	9000.0	9	6000.0	0.9067	1057.799	1.5	1060.2057
1690644	9000.0	9	6000.0	0.9067	1060.2057	1.5	1062.6124
1690191	9000.0	9	6000.0	0.9067	1062.6124	1.5	1065.0191
1649502	10000.0	9	6000.0	1.0067	1065.0191	1.6667	1067.6924999999999
1642427	5000.0	9	6000.0	0.5067	1067.6925	0.8333	1069.0325
1845669	8000.0	9	6000.0	0.8067	1069.0325	1.3333	1071.1725000000001
1836628	9000.0	9	6000.0	0.9067	1071.1725	1.5	1073.5792
1689617	8000.0	9	6000.0	0.8067	1073.5792	1.3333	1075.7192
1689316	10000.0	9	6000.0	1.0067	1075.7192	1.6667	1078.3926
1689066	9000.0	9	6000.0	0.9067	1078.3926	1.5	1080.7993
1688745	10000.0	9	6000.0	1.0067	1080.7993	1.6667	1083.4726999999998
1649649	9000.0	9	6000.0	0.9067	1083.4727	1.5	1085.8794
1649707	10000.0	9	6000.0	1.0067	1085.8794	1.6667	1088.5528
1688654	10000.0	9	6000.0	1.0067	1088.5528	1.6667	1091.2261999999998
1688463	10000.0	9	6000.0	1.0067	1091.2262	1.6667	1093.8996
1688298	7000.0	9	6000.0	0.7067	1093.8996	1.1667	1095.773
1688270	5000.0	9	6000.0	0.5067	1095.773	0.8333	1097.1129999999998
1688020	8000.0	9	6000.0	0.8067	1097.113	1.3333	1099.2530000000002
1687816	10000.0	9	6000.0	1.0067	1099.253	1.6667	1101.9263999999998
1687380	8000.0	9	6000.0	0.8067	1101.9264	1.3333	1104.0664000000002
1687306	8000.0	9	6000.0	0.8067	1104.0664	1.3333	1106.2064
1687026	8000.0	9	6000.0	0.8067	1106.2064	1.3333	1108.3464000000001
1697877	6000.0	9	6000.0	0.6067	1108.3464	1.0	1109.9531
1839368	9000.0	9	6000.0	0.9067	1109.9531	1.5	1112.3598
1842414	10000.0	9	6000.0	1.0067	1112.3598	1.6667	1115.0331999999999
1712536	10000.0	9	6000.0	1.0067	1115.0332	1.6667	1117.7066
1842354	6000.0	9	6000.0	0.6067	1117.7066	1.0	1119.3133
1842294	9000.0	9	6000.0	0.9067	1119.3133	1.5	1121.72
1645436	9000.0	9	6000.0	0.9067	1121.72	1.5	1124.1267
1645474	10000.0	9	6000.0	1.0067	1124.1267	1.6667	1126.8001
1707549	8000.0	9	6000.0	0.8067	1126.8001	1.3333	1128.9401
1645557	7000.0	9	6000.0	0.7067	1128.9401	1.1667	1130.8135
1645590	10000.0	9	6000.0	1.0067	1130.8135	1.6667	1133.4868999999999
1643780	6000.0	9	6000.0	0.6067	1133.4869	1.0	1135.0936000000002
1842058	6000.0	9	6000.0	0.6067	1135.0936	1.0	1136.7003
1645704	10000.0	9	6000.0	1.0067	1136.7003	1.6667	1139.3736999999999
1706911	9000.0	9	6000.0	0.9067	1139.3737	1.5	1141.7804
1706879	8000.0	9	6000.0	0.8067	1141.7804	1.3333	1143.9204000000002
1706726	10000.0	9	6000.0	1.0067	1143.9204	1.6667	1146.5937999999999
1706496	9000.0	9	6000.0	0.9067	1146.5938	1.5	1149.0005
1712924	8000.0	9	6000.0	0.8067	1149.0005	1.3333	1151.1405000000002
1645814	10000.0	9	6000.0	1.0067	1151.1405	1.6667	1153.8138999999999
1706199	7000.0	9	6000.0	0.7067	1153.8139	1.1667	1155.6873
1841827	8000.0	9	6000.0	0.8067	1155.6873	1.3333	1157.8273000000002
1705957	10000.0	9	6000.0	1.0067	1157.8273	1.6667	1160.5006999999998
1705426	9000.0	9	6000.0	0.9067	1160.5007	1.5	1162.9074
1713237	9000.0	9	6000.0	0.9067	1162.9074	1.5	1165.3141
1705258	9000.0	9	6000.0	0.9067	1165.3141	1.5	1167.7208
1705050	6000.0	9	6000.0	0.6067	1167.7208	1.0	1169.3275
1708135	10000.0	9	6000.0	1.0067	1169.3275	1.6667	1172.0009
1844165	10000.0	9	6000.0	1.0067	1172.0009	1.6667	1174.6743
1708737	7000.0	9	6000.0	0.7067	1174.6743	1.1667	1176.5476999999998
1711412	9000.0	9	6000.0	0.9067	1176.5477	1.5	1178.9544
1843455	9000.0	9	6000.0	0.9067	1178.9544	1.5	1181.3611
1750857	10000.0	9	6000.0	1.0067	1181.3611	1.6667	1184.0345
1644457	8000.0	9	6000.0	0.8067	1184.0345	1.3333	1186.1745
1843400	6000.0	9	6000.0	0.6067	1186.1745	1.0	1187.7812000000001
1710850	8000.0	9	6000.0	0.8067	1187.7812	1.3333	1189.9212
1710705	9000.0	9	6000.0	0.9067	1189.9212	1.5	1192.3279
1710309	6000.0	9	6000.0	0.6067	1192.3279	1.0	1193.9346
1644542	8000.0	9	6000.0	0.8067	1193.9346	1.3333	1196.0746000000001
1711817	10000.0	9	6000.0	1.0067	1196.0746	1.6667	1198.7479999999998
1710234	10000.0	9	6000.0	1.0067	1198.748	1.6667	1201.4214
1843102	10000.0	9	6000.0	1.0067	1201.4214	1.6667	1204.0947999999999
1709888	8000.0	9	6000.0	0.8067	1204.0948	1.3333	1206.2348000000002
1711936	8000.0	9	6000.0	0.8067	1206.2348	1.3333	1208.3748
1709565	10000.0	9	6000.0	1.0067	1208.3748	1.6667	1211.0482
1644824	9000.0	9	6000.0	0.9067	1211.0482	1.5	1213.4549
1750607	6000.0	9	6000.0	0.6067	1213.4549	1.0	1215.0616
1709210	8000.0	9	6000.0	0.8067	1215.0616	1.3333	1217.2016
1644843	5000.0	9	6000.0	0.5067	1217.2016	0.8333	1218.5416
1709019	10000.0	9	6000.0	1.0067	1218.5416	1.6667	1221.215
1708951	9000.0	9	6000.0	0.9067	1221.215	1.5	1223.6217
1708752	9000.0	9	6000.0	0.9067	1223.6217	1.5	1226.0284
1645010	8000.0	9	6000.0	0.8067	1226.0284	1.3333	1228.1684
1842584	8000.0	9	6000.0	0.8067	1228.1684	1.3333	1230.3084000000001
1684000	9000.0	9	6000.0	0.9067	1230.3084	1.5	1232.7151
1704818	9000.0	9	6000.0	0.9067	1232.7151	1.5	1235.1218
1701579	5000.0	9	6000.0	0.5067	1235.1218	0.8333	1236.4617999999998
1700695	6000.0	9	6000.0	0.6067	1236.4618	1.0	1238.0685
1714936	8000.0	9	6000.0	0.8067	1238.0685	1.3333	1240.2085000000002
1699737	7000.0	9	6000.0	0.7067	1240.2085	1.1667	1242.0819
1699695	8000.0	9	6000.0	0.8067	1242.0819	1.3333	1244.2219
1714979	7000.0	9	6000.0	0.7067	1244.2219	1.1667	1246.0953
1715051	8000.0	9	6000.0	0.8067	1246.0953	1.3333	1248.2353
1699496	10000.0	9	6000.0	1.0067	1248.2353	1.6667	1250.9087
1647261	10000.0	9	6000.0	1.0067	1250.9087	1.6667	1253.5820999999999
1699378	10000.0	9	6000.0	1.0067	1253.5821	1.6667	1256.2555
1839729	9000.0	9	6000.0	0.9067	1256.2555	1.5	1258.6622
1647314	8000.0	9	6000.0	0.8067	1258.6622	1.3333	1260.8022
1839709	8000.0	9	6000.0	0.8067	1260.8022	1.3333	1262.9422000000002
1698338	9000.0	9	6000.0	0.9067	1262.9422	1.5	1265.3489
1715464	9000.0	9	6000.0	0.9067	1265.3489	1.5	1267.7556
1647515	9000.0	9	6000.0	0.9067	1267.7556	1.5	1270.1623
1840488	9000.0	9	6000.0	0.9067	1270.1623	1.5	1272.569
1703949	9000.0	9	6000.0	0.9067	1272.569	1.5	1274.9757
1646320	10000.0	9	6000.0	1.0067	1274.9757	1.6667	1277.6490999999999
1703325	8000.0	9	6000.0	0.8067	1277.6491	1.3333	1279.7891000000002
1714058	8000.0	9	6000.0	0.8067	1279.7891	1.3333	1281.9291
1703099	9000.0	9	6000.0	0.9067	1281.9291	1.5	1284.3358
1749835	8000.0	9	6000.0	0.8067	1284.3358	1.3333	1286.4758000000002
1844387	10000.0	9	6000.0	1.0067	1286.4758	1.6667	1289.1491999999998
1840750	8000.0	9	6000.0	0.8067	1289.1492	1.3333	1291.2892000000002
1702455	9000.0	9	6000.0	0.9067	1291.2892	1.5	1293.6959
1702453	8000.0	9	6000.0	0.8067	1293.6959	1.3333	1295.8359
1702230	7000.0	9	6000.0	0.7067	1295.8359	1.1667	1297.7093
1702075	9000.0	9	6000.0	0.9067	1297.7093	1.5	1300.116
1714424	8000.0	9	6000.0	0.8067	1300.116	1.3333	1302.256
1840490	8000.0	9	6000.0	0.8067	1302.256	1.3333	1304.3960000000002
1840475	10000.0	9	6000.0	1.0067	1304.396	1.6667	1307.0693999999999
1718563	9000.0	9	6000.0	0.9067	1307.0694	1.5	1309.4761
1648535	8000.0	9	6000.0	0.8067	1309.4761	1.3333	1311.6161000000002
1834178	5000.0	9	6000.0	0.5067	1311.6161	0.8333	1312.9560999999999
1651106	9000.0	9	6000.0	0.9067	1312.9561	1.5	1315.3628
1682425	10000.0	9	6000.0	1.0067	1315.3628	1.6667	1318.0362
1680788	10000.0	9	6000.0	1.0067	1318.0362	1.6667	1320.7096
1846950	10000.0	9	6000.0	1.0067	1320.7096	1.6667	1323.3829999999998
1681599	10000.0	9	6000.0	1.0067	1323.383	1.6667	1326.0564
1747952	6000.0	9	6000.0	0.6067	1326.0564	1.0	1327.6631
1677925	5000.0	9	6000.0	0.5067	1327.6631	0.8333	1329.0031
1719981	9000.0	9	6000.0	0.9067	1329.0031	1.5	1331.4098
1747394	9000.0	9	6000.0	0.9067	1331.4098	1.5	1333.8165
1720125	8000.0	9	6000.0	0.8067	1333.8165	1.3333	1335.9565
1721256	7000.0	9	6000.0	0.7067	1335.9565	1.1667	1337.8299
1678131	8000.0	9	6000.0	0.8067	1337.8299	1.3333	1339.9699
1676107	9000.0	9	6000.0	0.9067	1339.9699	1.5	1342.3766
1652286	7000.0	9	6000.0	0.7067	1342.3766	1.1667	1344.25
1676218	7000.0	9	6000.0	0.7067	1344.25	1.1667	1346.1234
1675366	10000.0	9	6000.0	1.0067	1346.1234	1.6667	1348.7967999999998
1833085	8000.0	9	6000.0	0.8067	1348.7968	1.3333	1350.9368000000002
1834215	5000.0	9	6000.0	0.5067	1350.9368	0.8333	1352.2767999999999
1721222	8000.0	9	6000.0	0.8067	1352.2768	1.3333	1354.4168000000002
1651185	9000.0	9	6000.0	0.9067	1354.4168	1.5	1356.8235
1811809	10000.0	9	6000.0	1.0067	1356.8235	1.6667	1359.4968999999999
1846517	7000.0	9	6000.0	0.7067	1359.4969	1.1667	1361.3703
1677091	8000.0	9	6000.0	0.8067	1361.3703	1.3333	1363.5103000000001
1846509	8000.0	9	6000.0	0.8067	1363.5103	1.3333	1365.6503
1721121	10000.0	9	6000.0	1.0067	1365.6503	1.6667	1368.3237
1675785	7000.0	9	6000.0	0.7067	1368.3237	1.1667	1370.1970999999999
1846822	10000.0	9	6000.0	1.0067	1370.1971	1.6667	1372.8705
1846506	6000.0	9	6000.0	0.6067	1372.8705	1.0	1374.4772
1652444	10000.0	9	6000.0	1.0067	1374.4772	1.6667	1377.1506
1681698	9000.0	9	6000.0	0.9067	1377.1506	1.5	1379.5573
1677722	9000.0	9	6000.0	0.9067	1379.5573	1.5	1381.964
1846382	7000.0	9	6000.0	0.7067	1381.964	1.1667	1383.8374
1676980	9000.0	9	6000.0	0.9067	1383.8374	1.5	1386.2441
1641576	8000.0	9	6000.0	0.8067	1386.2441	1.3333	1388.3841
1834698	3000.0	9	6000.0	0.3067	1388.3841	0.5	1389.1908
1719435	9000.0	9	6000.0	0.9067	1389.1908	1.5	1391.5975
1678782	6000.0	9	6000.0	0.6067	1391.5975	1.0	1393.2042000000001
1835387	10000.0	9	6000.0	1.0067	1393.2042	1.6667	1395.8775999999998
1832455	7000.0	9	6000.0	0.7067	1395.8776	1.1667	1397.751
1679613	9000.0	9	6000.0	0.9067	1397.751	1.5	1400.1577
1683588	8000.0	9	6000.0	0.8067	1400.1577	1.3333	1402.2977
1747724	8000.0	9	6000.0	0.8067	1402.2977	1.3333	1404.4377000000002
1678422	9000.0	9	6000.0	0.9067	1404.4377	1.5	1406.8444
1720908	9000.0	9	6000.0	0.9067	1406.8444	1.5	1409.2511
1834587	10000.0	9	6000.0	1.0067	1409.2511	1.6667	1411.9244999999999
1747090	8000.0	9	6000.0	0.8067	1411.9245	1.3333	1414.0645000000002
1679505	10000.0	9	6000.0	1.0067	1414.0645	1.6667	1416.7378999999999
1683751	5000.0	9	6000.0	0.5067	1416.7379	0.8333	1418.0779
1674950	7000.0	9	6000.0	0.7067	1418.0779	1.1667	1419.9513
1846404	7000.0	9	6000.0	0.7067	1419.9513	1.1667	1421.8247
1834524	9000.0	9	6000.0	0.9067	1421.8247	1.5	1424.2314
1683246	10000.0	9	6000.0	1.0067	1424.2314	1.6667	1426.9047999999998
1680915	7000.0	9	6000.0	0.7067	1426.9048	1.1667	1428.7782
1652002	8000.0	9	6000.0	0.8067	1428.7782	1.3333	1430.9182
1679632	7000.0	9	6000.0	0.7067	1430.9182	1.1667	1432.7916
1678389	10000.0	9	6000.0	1.0067	1432.7916	1.6667	1435.465
