1681710	8000.0	0	500.0	0.8	0	16.0	16.8
1761878	10000.0	0	500.0	1.0	16.8	20.0	37.8
1666658	11000.0	0	500.0	1.1	37.8	22.0	60.9
1751272	8000.0	0	500.0	0.8	60.9	16.0	77.69999999999999
1686411	10000.0	0	500.0	1.0	77.7	20.0	98.7
1712948	10000.0	0	500.0	1.0	98.7	20.0	119.7
1784238	7000.0	0	500.0	0.7	119.7	14.0	134.4
1685062	7000.0	0	500.0	0.7	134.4	14.0	149.1
1681143	8000.0	0	500.0	0.8	149.1	16.0	165.9
1844402	8000.0	0	500.0	0.8	165.9	16.0	182.70000000000002
1807950	4000.0	0	500.0	0.4	182.7	8.0	191.1
1681259	11000.0	0	500.0	1.1	191.1	22.0	214.2
1699577	8000.0	0	500.0	0.8	214.2	16.0	231.0
1768095	9000.0	0	500.0	0.9	231.0	18.0	249.9
1817574	7000.0	0	500.0	0.7	249.9	14.0	264.6
1804841	7000.0	0	500.0	0.7	264.6	14.0	279.3
1716979	7000.0	0	500.0	0.7	279.3	14.0	294.0
1737376	7000.0	0	500.0	0.7	294.0	14.0	308.7
1823119	6000.0	0	500.0	0.6	308.7	12.0	321.3
1833908	6000.0	0	500.0	0.6	321.3	12.0	333.90000000000003
1772231	4000.0	0	500.0	0.4	333.9	8.0	342.29999999999995
1757473	9000.0	0	500.0	0.9	342.3	18.0	361.2
1753281	11000.0	0	500.0	1.1	361.2	22.0	384.3
1775377	6000.0	0	500.0	0.6	384.3	12.0	396.90000000000003
1744441	10000.0	0	500.0	1.0	396.9	20.0	417.9
1777113	9000.0	0	500.0	0.9	417.9	18.0	436.79999999999995
1766895	7000.0	0	500.0	0.7	436.8	14.0	451.5
1763149	6000.0	0	500.0	0.6	451.5	12.0	464.1
1775383	9000.0	0	500.0	0.9	464.1	18.0	483.0
1646545	7000.0	0	500.0	0.7	483.0	14.0	497.7
1749800	7000.0	0	500.0	0.7	497.7	14.0	512.4
1795764	4000.0	0	500.0	0.4	512.4	8.0	520.8
1636437	8000.0	0	500.0	0.8	520.8	16.0	537.5999999999999
1842004	6000.0	0	500.0	0.6	537.6	12.0	550.2
1820428	7000.0	0	500.0	0.7	550.2	14.0	564.9000000000001
1639498	9000.0	0	500.0	0.9	564.9	18.0	583.8
1676889	9000.0	0	500.0	0.9	583.8	18.0	602.6999999999999
1648690	12000.0	0	500.0	1.2	602.7	24.0	627.9000000000001
1805989	10000.0	0	500.0	1.0	627.9	20.0	648.9
1740672	6000.0	0	500.0	0.6	648.9	12.0	661.5
1722382	5000.0	0	500.0	0.5	661.5	10.0	672.0
1849842	10000.0	0	500.0	1.0	672.0	20.0	693.0
1690244	8000.0	0	500.0	0.8	693.0	16.0	709.8
1657809	7000.0	0	500.0	0.7	709.8	14.0	724.5
1716194	6000.0	0	500.0	0.6	724.5	12.0	737.1
1708406	6000.0	0	500.0	0.6	737.1	12.0	749.7
1719694	8000.0	0	500.0	0.8	749.7	16.0	766.5
1743314	5000.0	0	500.0	0.5	766.5	10.0	777.0
1851045	9000.0	0	500.0	0.9	777.0	18.0	795.9
1823253	9000.0	0	500.0	0.9	795.9	18.0	814.8
1745288	8000.0	0	500.0	0.8	814.8	16.0	831.5999999999999
1784099	8000.0	1	500.0	0.8	0	16.0	16.8
1667281	8000.0	1	500.0	0.8	16.8	16.0	33.6
1725661	12000.0	1	500.0	1.2	33.6	24.0	58.800000000000004
1828960	8000.0	1	500.0	0.8	58.8	16.0	75.6
1714590	9000.0	1	500.0	0.9	75.6	18.0	94.5
1743002	7000.0	1	500.0	0.7	94.5	14.0	109.2
1791502	9000.0	1	500.0	0.9	109.2	18.0	128.10000000000002
1761462	12000.0	1	500.0	1.2	128.1	24.0	153.29999999999998
1790544	8000.0	1	500.0	0.8	153.3	16.0	170.10000000000002
1829885	9000.0	1	500.0	0.9	170.1	18.0	189.0
1713315	10000.0	1	500.0	1.0	189.0	20.0	210.0
1817545	9000.0	1	500.0	0.9	210.0	18.0	228.9
1747447	7000.0	1	500.0	0.7	228.9	14.0	243.6
1671507	7000.0	1	500.0	0.7	243.6	14.0	258.29999999999995
1835318	8000.0	1	500.0	0.8	258.3	16.0	275.1
1743844	9000.0	1	500.0	0.9	275.1	18.0	294.0
1754417	9000.0	1	500.0	0.9	294.0	18.0	312.9
1798718	8000.0	1	500.0	0.8	312.9	16.0	329.7
1757920	7000.0	1	500.0	0.7	329.7	14.0	344.4
1802228	8000.0	1	500.0	0.8	344.4	16.0	361.2
1667035	7000.0	1	500.0	0.7	361.2	14.0	375.9
1672867	8000.0	1	500.0	0.8	375.9	16.0	392.7
1824555	4000.0	1	500.0	0.4	392.7	8.0	401.09999999999997
1815680	4000.0	1	500.0	0.4	401.1	8.0	409.5
1662855	9000.0	1	500.0	0.9	409.5	18.0	428.4
1780726	9000.0	1	500.0	0.9	428.4	18.0	447.29999999999995
1662923	6000.0	1	500.0	0.6	447.3	12.0	459.90000000000003
1780910	7000.0	1	500.0	0.7	459.9	14.0	474.59999999999997
1649474	12000.0	1	500.0	1.2	474.6	24.0	499.8
1795026	8000.0	1	500.0	0.8	499.8	16.0	516.6
1814155	8000.0	1	500.0	0.8	516.6	16.0	533.4
1837113	4000.0	1	500.0	0.4	533.4	8.0	541.8
1673830	9000.0	1	500.0	0.9	541.8	18.0	560.6999999999999
1717614	9000.0	1	500.0	0.9	560.7	18.0	579.6
1691148	9000.0	1	500.0	0.9	579.6	18.0	598.5
1691404	8000.0	1	500.0	0.8	598.5	16.0	615.3
1691424	7000.0	1	500.0	0.7	615.3	14.0	630.0
1721935	4000.0	1	500.0	0.4	630.0	8.0	638.4
1823332	11000.0	1	500.0	1.1	638.4	22.0	661.5
1805774	8000.0	1	500.0	0.8	661.5	16.0	678.3
1820635	9000.0	1	500.0	0.9	678.3	18.0	697.1999999999999
1823607	8000.0	1	500.0	0.8	697.2	16.0	714.0
1723427	9000.0	1	500.0	0.9	714.0	18.0	732.9
1819405	8000.0	1	500.0	0.8	732.9	16.0	749.6999999999999
1797957	9000.0	1	500.0	0.9	749.7	18.0	768.6
1758328	7000.0	1	500.0	0.7	768.6	14.0	783.3000000000001
1670029	10000.0	1	500.0	1.0	783.3	20.0	804.3
1764616	11000.0	1	500.0	1.1	804.3	22.0	827.4
1685492	9000.0	2	1000.0	0.9	0	9.0	9.9
1808777	7000.0	2	1000.0	0.7	9.9	7.0	17.6
1742324	7000.0	2	1000.0	0.7	17.6	7.0	25.3
1747325	7000.0	2	1000.0	0.7	25.3	7.0	33.0
1799896	12000.0	2	1000.0	1.2	33.0	12.0	46.2
1834850	9000.0	2	1000.0	0.9	46.2	9.0	56.1
1767865	8000.0	2	1000.0	0.8	56.1	8.0	64.9
1804779	10000.0	2	1000.0	1.0	64.9	10.0	75.9
1700746	7000.0	2	1000.0	0.7	75.9	7.0	83.60000000000001
1790973	7000.0	2	1000.0	0.7	83.6	7.0	91.3
1805292	8000.0	2	1000.0	0.8	91.3	8.0	100.1
1782983	6000.0	2	1000.0	0.6	100.1	6.0	106.69999999999999
1827926	9000.0	2	1000.0	0.9	106.7	9.0	116.60000000000001
1816347	8000.0	2	1000.0	0.8	116.6	8.0	125.39999999999999
1735325	8000.0	2	1000.0	0.8	125.4	8.0	134.2
1735670	5000.0	2	1000.0	0.5	134.2	5.0	139.7
1766436	9000.0	2	1000.0	0.9	139.7	9.0	149.6
1661099	8000.0	2	1000.0	0.8	149.6	8.0	158.4
1847528	8000.0	2	1000.0	0.8	158.4	8.0	167.20000000000002
1780580	7000.0	2	1000.0	0.7	167.2	7.0	174.89999999999998
1807655	9000.0	2	1000.0	0.9	174.9	9.0	184.8
1638827	9000.0	2	1000.0	0.9	184.8	9.0	194.70000000000002
1805875	8000.0	2	1000.0	0.8	194.7	8.0	203.5
1638762	6000.0	2	1000.0	0.6	203.5	6.0	210.1
1648337	9000.0	2	1000.0	0.9	210.1	9.0	220.0
1820425	9000.0	2	1000.0	0.9	220.0	9.0	229.9
1796545	8000.0	2	1000.0	0.8	229.9	8.0	238.70000000000002
1830147	6000.0	2	1000.0	0.6	238.7	6.0	245.29999999999998
1676705	8000.0	2	1000.0	0.8	245.3	8.0	254.10000000000002
1648682	9000.0	2	1000.0	0.9	254.1	9.0	264.0
1737762	7000.0	2	1000.0	0.7	264.0	7.0	271.7
1638097	6000.0	2	1000.0	0.6	271.7	6.0	278.3
1851674	10000.0	2	1000.0	1.0	278.3	10.0	289.3
1840374	8000.0	2	1000.0	0.8	289.3	8.0	298.1
1764594	8000.0	2	1000.0	0.8	298.1	8.0	306.90000000000003
1658944	9000.0	2	1000.0	0.9	306.9	9.0	316.79999999999995
1825863	11000.0	3	1000.0	1.1	0	11.0	12.1
1742777	9000.0	3	1000.0	0.9	12.1	9.0	22.0
1742764	6000.0	3	1000.0	0.6	22.0	6.0	28.6
1843111	8000.0	3	1000.0	0.8	28.6	8.0	37.400000000000006
1727957	8000.0	3	1000.0	0.8	37.4	8.0	46.199999999999996
1682469	7000.0	3	1000.0	0.7	46.2	7.0	53.900000000000006
1753949	6000.0	3	1000.0	0.6	53.9	6.0	60.5
1664005	8000.0	3	1000.0	0.8	60.5	8.0	69.3
1847906	7000.0	3	1000.0	0.7	69.3	7.0	77.0
1794551	7000.0	3	1000.0	0.7	77.0	7.0	84.7
1646674	8000.0	3	1000.0	0.8	84.7	8.0	93.5
1793937	11000.0	3	1000.0	1.1	93.5	11.0	105.6
1655291	13000.0	3	1000.0	1.3	105.6	13.0	119.89999999999999
1802348	9000.0	3	1000.0	0.9	119.9	9.0	129.8
1776940	10000.0	3	1000.0	1.0	129.8	10.0	140.8
1778839	5000.0	3	1000.0	0.5	140.8	5.0	146.3
1778639	9000.0	3	1000.0	0.9	146.3	9.0	156.20000000000002
1801392	8000.0	3	1000.0	0.8	156.2	8.0	165.0
1733191	8000.0	3	1000.0	0.8	165.0	8.0	173.8
1750042	9000.0	3	1000.0	0.9	173.8	9.0	183.70000000000002
1734138	6000.0	3	1000.0	0.6	183.7	6.0	190.29999999999998
1637735	9000.0	3	1000.0	0.9	190.3	9.0	200.20000000000002
1691195	7000.0	3	1000.0	0.7	200.2	7.0	207.89999999999998
1669617	5000.0	3	1000.0	0.5	207.9	5.0	213.4
1796395	7000.0	3	1000.0	0.7	213.4	7.0	221.1
1840771	8000.0	3	1000.0	0.8	221.1	8.0	229.9
1841540	7000.0	3	1000.0	0.7	229.9	7.0	237.6
1739213	9000.0	3	1000.0	0.9	237.6	9.0	247.5
1722234	7000.0	3	1000.0	0.7	247.5	7.0	255.2
1715158	9000.0	3	1000.0	0.9	255.2	9.0	265.09999999999997
1748623	7000.0	3	1000.0	0.7	265.1	7.0	272.8
1851441	8000.0	3	1000.0	0.8	272.8	8.0	281.6
1758626	10000.0	3	1000.0	1.0	281.6	10.0	292.6
1839027	11000.0	3	1000.0	1.1	292.6	11.0	304.70000000000005
1839986	7000.0	3	1000.0	0.7	304.7	7.0	312.4
1698466	8000.0	3	1000.0	0.8	312.4	8.0	321.2
1737983	7000.0	3	1000.0	0.7	321.2	7.0	328.9
1824288	9000.0	3	1000.0	0.9	328.9	9.0	338.79999999999995
1764559	9000.0	3	1000.0	0.9	338.8	9.0	348.7
1758999	9000.0	3	1000.0	0.9	348.7	9.0	358.59999999999997
1809005	7000.0	4	4000.0	0.7038	0	1.75	2.4538
1679381	6000.0	4	4000.0	0.6038	2.4538	1.5	4.557600000000001
1823906	8000.0	4	4000.0	0.8038	4.5576	2.0	7.3614
1849461	11000.0	4	4000.0	1.1038	7.3614	2.75	11.2152
1683591	7000.0	4	4000.0	0.7038	11.2152	1.75	13.668999999999999
1811116	8000.0	4	4000.0	0.8038	13.669	2.0	16.4728
1682166	8000.0	4	4000.0	0.8038	16.4728	2.0	19.2766
1844629	7000.0	4	4000.0	0.7038	19.2766	1.75	21.7304
1744995	9000.0	4	4000.0	0.9038	21.7304	2.25	24.8842
1642858	9000.0	4	4000.0	0.9038	24.8842	2.25	28.038
1699866	7000.0	4	4000.0	0.7038	28.038	1.75	30.4918
1837390	8000.0	4	4000.0	0.8038	30.4918	2.0	33.2956
1731449	7000.0	4	4000.0	0.7038	33.2956	1.75	35.7494
1638316	9000.0	4	4000.0	0.9038	35.7494	2.25	38.9032
1656767	7000.0	4	4000.0	0.7038	38.9032	1.75	41.357
1752795	10000.0	4	4000.0	1.0038	41.357	2.5	44.8608
1773924	12000.0	4	4000.0	1.2038	44.8608	3.0	49.0646
1837853	10000.0	4	4000.0	1.0038	49.0646	2.5	52.5684
1700455	7000.0	4	4000.0	0.7038	52.5684	1.75	55.0222
1717886	7000.0	4	4000.0	0.7038	55.0222	1.75	57.476
1763579	8000.0	4	4000.0	0.8038	57.476	2.0	60.2798
1778239	7000.0	4	4000.0	0.7038	60.2798	1.75	62.7336
1749920	4000.0	4	4000.0	0.4038	62.7336	1.0	64.1374
1732305	8000.0	4	4000.0	0.8038	64.1374	2.0	66.9412
1732596	8000.0	4	4000.0	0.8038	66.9412	2.0	69.74499999999999
1767006	9000.0	4	4000.0	0.9038	69.745	2.25	72.89880000000001
1734556	6000.0	4	4000.0	0.6038	72.8988	1.5	75.0026
1721791	8000.0	4	4000.0	0.8038	75.0026	2.0	77.8064
1846082	6000.0	4	4000.0	0.6038	77.8064	1.5	79.9102
1665118	8000.0	4	4000.0	0.8038	79.9102	2.0	82.714
1848654	8000.0	4	4000.0	0.8038	82.714	2.0	85.5178
1715424	7000.0	4	4000.0	0.7038	85.5178	1.75	87.9716
1810947	9000.0	4	4000.0	0.9038	87.9716	2.25	91.1254
1729212	8000.0	4	4000.0	0.8038	91.1254	2.0	93.9292
1812107	9000.0	4	4000.0	0.9038	93.9292	2.25	97.083
1761285	8000.0	4	4000.0	0.8038	97.083	2.0	99.8868
1808630	4000.0	4	4000.0	0.4038	99.8868	1.0	101.2906
1741149	9000.0	4	4000.0	0.9038	101.2906	2.25	104.4444
1690723	9000.0	4	4000.0	0.9038	104.4444	2.25	107.5982
1690799	9000.0	4	4000.0	0.9038	107.5982	2.25	110.75200000000001
1720342	11000.0	4	4000.0	1.1038	110.752	2.75	114.6058
1716330	8000.0	4	4000.0	0.8038	114.6058	2.0	117.4096
1828130	6000.0	4	4000.0	0.6038	117.4096	1.5	119.5134
1716332	8000.0	4	4000.0	0.8038	119.5134	2.0	122.3172
1819161	7000.0	4	4000.0	0.7038	122.3172	1.75	124.771
1788350	7000.0	4	4000.0	0.7038	124.771	1.75	127.2248
1748159	7000.0	4	4000.0	0.7038	127.2248	1.75	129.67860000000002
1811420	7000.0	5	4000.0	0.7038	0	1.75	2.4538
1791337	10000.0	5	4000.0	1.0038	2.4538	2.5	5.9576
1653099	7000.0	5	4000.0	0.7038	5.9576	1.75	8.4114
1714704	10000.0	5	4000.0	1.0038	8.4114	2.5	11.9152
1683546	9000.0	5	4000.0	0.9038	11.9152	2.25	15.069
1712358	9000.0	5	4000.0	0.9038	15.069	2.25	18.2228
1680194	8000.0	5	4000.0	0.8038	18.2228	2.0	21.0266
1714283	8000.0	5	4000.0	0.8038	21.0266	2.0	23.830399999999997
1727962	7000.0	5	4000.0	0.7038	23.8304	1.75	26.284200000000002
1681294	10000.0	5	4000.0	1.0038	26.2842	2.5	29.787999999999997
1799910	8000.0	5	4000.0	0.8038	29.788	2.0	32.5918
1708812	9000.0	5	4000.0	0.9038	32.5918	2.25	35.745599999999996
1774458	10000.0	5	4000.0	1.0038	35.7456	2.5	39.2494
1671447	5000.0	5	4000.0	0.5038	39.2494	1.25	41.0032
1817344	6000.0	5	4000.0	0.6038	41.0032	1.5	43.107
1695101	8000.0	5	4000.0	0.8038	43.107	2.0	45.9108
1737086	11000.0	5	4000.0	1.1038	45.9108	2.75	49.7646
1754428	6000.0	5	4000.0	0.6038	49.7646	1.5	51.8684
1731002	8000.0	5	4000.0	0.8038	51.8684	2.0	54.672200000000004
1710493	7000.0	5	4000.0	0.7038	54.6722	1.75	57.126
1805345	8000.0	5	4000.0	0.8038	57.126	2.0	59.9298
1675398	8000.0	5	4000.0	0.8038	59.9298	2.0	62.7336
1827233	9000.0	5	4000.0	0.9038	62.7336	2.25	65.8874
1824801	9000.0	5	4000.0	0.9038	65.8874	2.25	69.0412
1673448	5000.0	5	4000.0	0.5038	69.0412	1.25	70.795
1756578	7000.0	5	4000.0	0.7038	70.795	1.75	73.2488
1763635	11000.0	5	4000.0	1.1038	73.2488	2.75	77.10260000000001
1668723	10000.0	5	4000.0	1.0038	77.1026	2.5	80.6064
1656334	11000.0	5	4000.0	1.1038	80.6064	2.75	84.4602
1810469	6000.0	5	4000.0	0.6038	84.4602	1.5	86.56400000000001
1801023	10000.0	5	4000.0	1.0038	86.564	2.5	90.06779999999999
1644246	9000.0	5	4000.0	0.9038	90.0678	2.25	93.22160000000001
1662149	4000.0	5	4000.0	0.4038	93.2216	1.0	94.6254
1650671	6000.0	5	4000.0	0.6038	94.6254	1.5	96.7292
1788863	7000.0	5	4000.0	0.7038	96.7292	1.75	99.183
1759536	9000.0	5	4000.0	0.9038	99.183	2.25	102.33680000000001
1691303	8000.0	5	4000.0	0.8038	102.3368	2.0	105.14059999999999
1648205	10000.0	5	4000.0	1.0038	105.1406	2.5	108.6444
1690977	7000.0	5	4000.0	0.7038	108.6444	1.75	111.0982
1771237	11000.0	5	4000.0	1.1038	111.0982	2.75	114.95200000000001
1729701	11000.0	5	4000.0	1.1038	114.952	2.75	118.8058
1678928	7000.0	5	4000.0	0.7038	118.8058	1.75	121.2596
1652362	9000.0	5	4000.0	0.9038	121.2596	2.25	124.41340000000001
1809116	9000.0	5	4000.0	0.9038	124.4134	2.25	127.5672
1760742	7000.0	5	4000.0	0.7038	127.5672	1.75	130.021
1689109	8000.0	5	4000.0	0.8038	130.021	2.0	132.82479999999998
1840653	7000.0	5	4000.0	0.7038	132.8248	1.75	135.2786
1788648	10000.0	5	4000.0	1.0038	135.2786	2.5	138.78240000000002
1685663	8000.0	6	5000.0	0.8038	0	1.6	2.4038
1806295	8000.0	6	5000.0	0.8038	2.4038	1.6	4.8076
1762838	8000.0	6	5000.0	0.8038	4.8076	1.6	7.211399999999999
1713865	10000.0	6	5000.0	1.0038	7.2114	2.0	10.2152
1649111	8000.0	6	5000.0	0.8038	10.2152	1.6	12.619
1637320	9000.0	6	5000.0	0.9038	12.619	1.8	15.3228
1789684	6000.0	6	5000.0	0.6038	15.3228	1.2	17.1266
1791438	9000.0	6	5000.0	0.9038	17.1266	1.8	19.8304
1784133	8000.0	6	5000.0	0.8038	19.8304	1.6	22.2342
1727340	6000.0	6	5000.0	0.6038	22.2342	1.2	24.038
1768240	9000.0	6	5000.0	0.9038	24.038	1.8	26.7418
1671455	9000.0	6	5000.0	0.9038	26.7418	1.8	29.445600000000002
1663440	10000.0	6	5000.0	1.0038	29.4456	2.0	32.4494
1800344	10000.0	6	5000.0	1.0038	32.4494	2.0	35.453199999999995
1848228	7000.0	6	5000.0	0.7038	35.4532	1.4	37.557
1753741	4000.0	6	5000.0	0.4038	37.557	0.8	38.760799999999996
1749116	8000.0	6	5000.0	0.8038	38.7608	1.6	41.16460000000001
1786688	10000.0	6	5000.0	1.0038	41.1646	2.0	44.1684
1816302	6000.0	6	5000.0	0.6038	44.1684	1.2	45.9722
1650545	7000.0	6	5000.0	0.7038	45.9722	1.4	48.076
1662882	11000.0	6	5000.0	1.1038	48.076	2.2	51.3798
1780659	10000.0	6	5000.0	1.0038	51.3798	2.0	54.3836
1749233	6000.0	6	5000.0	0.6038	54.3836	1.2	56.187400000000004
1766120	9000.0	6	5000.0	0.9038	56.1874	1.8	58.89119999999999
1659387	7000.0	6	5000.0	0.7038	58.8912	1.4	60.995
1826244	8000.0	6	5000.0	0.8038	60.995	1.6	63.3988
1750640	7000.0	6	5000.0	0.7038	63.3988	1.4	65.5026
1791146	8000.0	6	5000.0	0.8038	65.5026	1.6	67.90639999999999
1841204	10000.0	6	5000.0	1.0038	67.9064	2.0	70.9102
1841483	8000.0	6	5000.0	0.8038	70.9102	1.6	73.314
1654861	9000.0	6	5000.0	0.9038	73.314	1.8	76.0178
1832115	10000.0	6	5000.0	1.0038	76.0178	2.0	79.02159999999999
1720377	7000.0	6	5000.0	0.7038	79.0216	1.4	81.12540000000001
1664805	12000.0	6	5000.0	1.2038	81.1254	2.4	84.7292
1764962	12000.0	6	5000.0	1.2038	84.7292	2.4	88.33300000000001
1828323	9000.0	6	5000.0	0.9038	88.333	1.8	91.0368
1640039	9000.0	6	5000.0	0.9038	91.0368	1.8	93.7406
1831172	6000.0	6	5000.0	0.6038	93.7406	1.2	95.54440000000001
1811466	8000.0	7	5000.0	0.8038	0	1.6	2.4038
1742724	8000.0	7	5000.0	0.8038	2.4038	1.6	4.8076
1726627	4000.0	7	5000.0	0.4038	4.8076	0.8	6.0114
1706741	9000.0	7	5000.0	0.9038	6.0114	1.8	8.715200000000001
1704339	8000.0	7	5000.0	0.8038	8.7152	1.6	11.119
1782200	8000.0	7	5000.0	0.8038	11.119	1.6	13.5228
1671384	7000.0	7	5000.0	0.7038	13.5228	1.4	15.6266
1693589	10000.0	7	5000.0	1.0038	15.6266	2.0	18.6304
1699390	9000.0	7	5000.0	0.9038	18.6304	1.8	21.334200000000003
1818965	9000.0	7	5000.0	0.9038	21.3342	1.8	24.038
1833711	13000.0	7	5000.0	1.3038	24.038	2.6	27.9418
1805128	9000.0	7	5000.0	0.9038	27.9418	1.8	30.6456
1655737	8000.0	7	5000.0	0.8038	30.6456	1.6	33.0494
1661214	8000.0	7	5000.0	0.8038	33.0494	1.6	35.4532
1755747	8000.0	7	5000.0	0.8038	35.4532	1.6	37.857000000000006
1645454	7000.0	7	5000.0	0.7038	37.857	1.4	39.9608
1746707	8000.0	7	5000.0	0.8038	39.9608	1.6	42.3646
1658512	7000.0	7	5000.0	0.7038	42.3646	1.4	44.4684
1663042	6000.0	7	5000.0	0.6038	44.4684	1.2	46.272200000000005
1757049	6000.0	7	5000.0	0.6038	46.2722	1.2	48.076
1662029	10000.0	7	5000.0	1.0038	48.076	2.0	51.0798
1693963	10000.0	7	5000.0	1.0038	51.0798	2.0	54.0836
1814481	4000.0	7	5000.0	0.4038	54.0836	0.8	55.28739999999999
1734224	9000.0	7	5000.0	0.9038	55.2874	1.8	57.99119999999999
1818713	9000.0	7	5000.0	0.9038	57.9912	1.8	60.69499999999999
1665191	8000.0	7	5000.0	0.8038	60.695	1.6	63.098800000000004
1760021	9000.0	7	5000.0	0.9038	63.0988	1.8	65.8026
1696139	9000.0	7	5000.0	0.9038	65.8026	1.8	68.5064
1654243	8000.0	7	5000.0	0.8038	68.5064	1.6	70.91019999999999
1806072	7000.0	7	5000.0	0.7038	70.9102	1.4	73.01400000000001
1677820	9000.0	7	5000.0	0.9038	73.014	1.8	75.7178
1648462	10000.0	7	5000.0	1.0038	75.7178	2.0	78.7216
1690129	6000.0	7	5000.0	0.6038	78.7216	1.2	80.5254
1688475	8000.0	7	5000.0	0.8038	80.5254	1.6	82.9292
1828226	8000.0	7	5000.0	0.8038	82.9292	1.6	85.33299999999998
1637988	8000.0	7	5000.0	0.8038	85.333	1.6	87.73679999999999
1743309	10000.0	7	5000.0	1.0038	87.7368	2.0	90.7406
1660307	8000.0	8	5000.0	0.8067	0	1.6	2.4067
1762534	7000.0	8	5000.0	0.7067	2.4067	1.4	4.5134
1824062	7000.0	8	5000.0	0.7067	4.5134	1.4	6.620099999999999
1686805	9000.0	8	5000.0	0.9067	6.6201	1.8	9.3268
1701913	7000.0	8	5000.0	0.7067	9.3268	1.4	11.4335
1713456	8000.0	8	5000.0	0.8067	11.4335	1.6	13.8402
1679828	5000.0	8	5000.0	0.5067	13.8402	1.0	15.3469
1750094	10000.0	8	5000.0	1.0067	15.3469	2.0	18.3536
1794209	7000.0	8	5000.0	0.7067	18.3536	1.4	20.4603
1705582	10000.0	8	5000.0	1.0067	20.4603	2.0	23.467
1765645	9000.0	8	5000.0	0.9067	23.467	1.8	26.1737
1731044	7000.0	8	5000.0	0.7067	26.1737	1.4	28.2804
1834685	9000.0	8	5000.0	0.9067	28.2804	1.8	30.9871
1757622	8000.0	8	5000.0	0.8067	30.9871	1.6	33.3938
1700685	8000.0	8	5000.0	0.8067	33.3938	1.6	35.8005
1824846	7000.0	8	5000.0	0.7067	35.8005	1.4	37.907199999999996
1816444	4000.0	8	5000.0	0.4067	37.9072	0.8	39.1139
1660750	6000.0	8	5000.0	0.6067	39.1139	1.2	40.92060000000001
1804004	5000.0	8	5000.0	0.5067	40.9206	1.0	42.4273
1718540	10000.0	8	5000.0	1.0067	42.4273	2.0	45.434000000000005
1762855	9000.0	8	5000.0	0.9067	45.434	1.8	48.140699999999995
1803274	9000.0	8	5000.0	0.9067	48.1407	1.8	50.8474
1636978	7000.0	8	5000.0	0.7067	50.8474	1.4	52.9541
1655922	6000.0	8	5000.0	0.6067	52.9541	1.2	54.7608
1814554	8000.0	8	5000.0	0.8067	54.7608	1.6	57.167500000000004
1736634	8000.0	8	5000.0	0.8067	57.1675	1.6	59.5742
1644332	7000.0	8	5000.0	0.7067	59.5742	1.4	61.680899999999994
1766302	10000.0	8	5000.0	1.0067	61.6809	2.0	64.6876
1718962	9000.0	8	5000.0	0.9067	64.6876	1.8	67.3943
1814231	8000.0	8	5000.0	0.8067	67.3943	1.6	69.801
1816849	6000.0	8	5000.0	0.6067	69.801	1.2	71.60770000000001
1717613	8000.0	8	5000.0	0.8067	71.6077	1.6	74.0144
1833327	6000.0	8	5000.0	0.6067	74.0144	1.2	75.8211
1759529	9000.0	8	5000.0	0.9067	75.8211	1.8	78.5278
1691166	6000.0	8	5000.0	0.6067	78.5278	1.2	80.3345
1840976	6000.0	8	5000.0	0.6067	80.3345	1.2	82.14120000000001
1759316	7000.0	8	5000.0	0.7067	82.1412	1.4	84.2479
1692126	5000.0	8	5000.0	0.5067	84.2479	1.0	85.7546
1729210	7000.0	8	5000.0	0.7067	85.7546	1.4	87.8613
1760997	8000.0	8	5000.0	0.8067	87.8613	1.6	90.268
1729031	7000.0	8	5000.0	0.7067	90.268	1.4	92.3747
1741522	7000.0	8	5000.0	0.7067	92.3747	1.4	94.48140000000001
1848909	4000.0	8	5000.0	0.4067	94.4814	0.8	95.68809999999999
1688292	6000.0	8	5000.0	0.6067	95.6881	1.2	97.49480000000001
1710778	15000.0	8	5000.0	1.5067	97.4948	3.0	102.0015
1839910	10000.0	8	5000.0	1.0067	102.0015	2.0	105.00819999999999
1653756	8000.0	8	5000.0	0.8067	105.0082	1.6	107.4149
1851835	7000.0	8	5000.0	0.7067	107.4149	1.4	109.5216
1771735	7000.0	8	5000.0	0.7067	109.5216	1.4	111.62830000000001
1639951	7000.0	8	5000.0	0.7067	111.6283	1.4	113.735
1703030	8000.0	9	6000.0	0.8067	0	1.3333	2.1399999999999997
1651141	9000.0	9	6000.0	0.9067	2.14	1.5	4.5466999999999995
1724820	7000.0	9	6000.0	0.7067	4.5467	1.1667	6.4201
1681207	7000.0	9	6000.0	0.7067	6.4201	1.1667	8.2935
1754028	7000.0	9	6000.0	0.7067	8.2935	1.1667	10.1669
1765427	8000.0	9	6000.0	0.8067	10.1669	1.3333	12.306899999999999
1663439	7000.0	9	6000.0	0.7067	12.3069	1.1667	14.1803
1643373	10000.0	9	6000.0	1.0067	14.1803	1.6667	16.8537
1772619	9000.0	9	6000.0	0.9067	16.8537	1.5	19.2604
1751618	11000.0	9	6000.0	1.1067	19.2604	1.8333	22.200400000000002
1834000	13000.0	9	6000.0	1.3067	22.2004	2.1667	25.673799999999996
1655089	14000.0	9	6000.0	1.4067	25.6738	2.3333	29.413800000000002
1798490	8000.0	9	6000.0	0.8067	29.4138	1.3333	31.5538
1802367	5000.0	9	6000.0	0.5067	31.5538	0.8333	32.8938
1645768	8000.0	9	6000.0	0.8067	32.8938	1.3333	35.0338
1660842	5000.0	9	6000.0	0.5067	35.0338	0.8333	36.3738
1735160	8000.0	9	6000.0	0.8067	36.3738	1.3333	38.5138
1755108	8000.0	9	6000.0	0.8067	38.5138	1.3333	40.653800000000004
1763640	6000.0	9	6000.0	0.6067	40.6538	1.0	42.26049999999999
1786478	8000.0	9	6000.0	0.8067	42.2605	1.3333	44.4005
1780053	7000.0	9	6000.0	0.7067	44.4005	1.1667	46.2739
1691798	10000.0	9	6000.0	1.0067	46.2739	1.6667	48.9473
1711052	12000.0	9	6000.0	1.2067	48.9473	2.0	52.153999999999996
1841717	7000.0	9	6000.0	0.7067	52.154	1.1667	54.0274
1721051	6000.0	9	6000.0	0.6067	54.0274	1.0	55.634100000000004
1788759	6000.0	9	6000.0	0.6067	55.6341	1.0	57.24079999999999
1769819	7000.0	9	6000.0	0.7067	57.2408	1.1667	59.1142
1845911	7000.0	9	6000.0	0.7067	59.1142	1.1667	60.98759999999999
1640414	9000.0	9	6000.0	0.9067	60.9876	1.5	63.3943
1769114	6000.0	9	6000.0	0.6067	63.3943	1.0	65.001
1664728	8000.0	9	6000.0	0.8067	65.001	1.3333	67.141
1788568	11000.0	9	6000.0	1.1067	67.141	1.8333	70.081
1705213	6000.0	9	6000.0	0.6067	70.081	1.0	71.6877
1828904	8000.0	10	6000.0	0.8067	0	1.3333	2.1399999999999997
1844373	9000.0	10	6000.0	0.9067	2.14	1.5	4.5466999999999995
1680157	10000.0	10	6000.0	1.0067	4.5467	1.6667	7.2201
1811820	7000.0	10	6000.0	0.7067	7.2201	1.1667	9.0935
1724038	9000.0	10	6000.0	0.9067	9.0935	1.5	11.500200000000001
1792238	10000.0	10	6000.0	1.0067	11.5002	1.6667	14.1736
1754128	6000.0	10	6000.0	0.6067	14.1736	1.0	15.7803
1643048	8000.0	10	6000.0	0.8067	15.7803	1.3333	17.9203
1719041	9000.0	10	6000.0	0.9067	17.9203	1.5	20.327
1643395	7000.0	10	6000.0	0.7067	20.327	1.1667	22.200400000000002
1754426	7000.0	10	6000.0	0.7067	22.2004	1.1667	24.0738
1670585	3000.0	10	6000.0	0.3067	24.0738	0.5	24.880499999999998
1670630	8000.0	10	6000.0	0.8067	24.8805	1.3333	27.020500000000002
1810656	8000.0	10	6000.0	0.8067	27.0205	1.3333	29.1605
1785586	9000.0	10	6000.0	0.9067	29.1605	1.5	31.5672
1818156	9000.0	10	6000.0	0.9067	31.5672	1.5	33.9739
1753256	9000.0	10	6000.0	0.9067	33.9739	1.5	36.3806
1809344	9000.0	10	6000.0	0.9067	36.3806	1.5	38.7873
1650605	6000.0	10	6000.0	0.6067	38.7873	1.0	40.394000000000005
1824911	4000.0	10	6000.0	0.4067	40.394	0.6667	41.4674
1816510	8000.0	10	6000.0	0.8067	41.4674	1.3333	43.6074
1645452	11000.0	10	6000.0	1.1067	43.6074	1.8333	46.5474
1736077	10000.0	10	6000.0	1.0067	46.5474	1.6667	49.220800000000004
1735211	5000.0	10	6000.0	0.5067	49.2208	0.8333	50.5608
1763017	9000.0	10	6000.0	0.9067	50.5608	1.5	52.9675
1764386	7000.0	10	6000.0	0.7067	52.9675	1.1667	54.8409
1837176	8000.0	10	6000.0	0.8067	54.8409	1.3333	56.9809
1732186	7000.0	10	6000.0	0.7067	56.9809	1.1667	58.854299999999995
1665749	6000.0	10	6000.0	0.6067	58.8543	1.0	60.461
1775510	9000.0	10	6000.0	0.9067	60.461	1.5	62.8677
1674565	9000.0	10	6000.0	0.9067	62.8677	1.5	65.2744
1693989	9000.0	10	6000.0	0.9067	65.2744	1.5	67.6811
1672319	8000.0	10	6000.0	0.8067	67.6811	1.3333	69.8211
1801296	6000.0	10	6000.0	0.6067	69.8211	1.0	71.4278
1693870	8000.0	10	6000.0	0.8067	71.4278	1.3333	73.5678
1665678	7000.0	10	6000.0	0.7067	73.5678	1.1667	75.44120000000001
1638882	8000.0	10	6000.0	0.8067	75.4412	1.3333	77.5812
1784789	10000.0	10	6000.0	1.0067	77.5812	1.6667	80.2546
1841130	9000.0	10	6000.0	0.9067	80.2546	1.5	82.6613
1705084	8000.0	10	6000.0	0.8067	82.6613	1.3333	84.8013
1692191	9000.0	10	6000.0	0.9067	84.8013	1.5	87.208
1678172	11000.0	10	6000.0	1.1067	87.208	1.8333	90.148
1676349	6000.0	10	6000.0	0.6067	90.148	1.0	91.7547
1839183	9000.0	10	6000.0	0.9067	91.7547	1.5	94.1614
1695694	9000.0	10	6000.0	0.9067	94.1614	1.5	96.5681
1793274	7000.0	10	6000.0	0.7067	96.5681	1.1667	98.4415
1812716	3000.0	10	6000.0	0.3067	98.4415	0.5	99.24820000000001
1720478	9000.0	10	6000.0	0.9067	99.2482	1.5	101.6549
1840123	9000.0	10	6000.0	0.9067	101.6549	1.5	104.0616
1720469	7000.0	10	6000.0	0.7067	104.0616	1.1667	105.935
1707600	6000.0	10	6000.0	0.6067	105.935	1.0	107.5417
1648970	10000.0	11	6000.0	1.0067	0	1.6667	2.6734
1789790	5000.0	11	6000.0	0.5067	2.6734	0.8333	4.0134
1680895	7000.0	11	6000.0	0.7067	4.0134	1.1667	5.886799999999999
1681068	3000.0	11	6000.0	0.3067	5.8868	0.5	6.6935
1829405	7000.0	11	6000.0	0.7067	6.6935	1.1667	8.5669
1704386	9000.0	11	6000.0	0.9067	8.5669	1.5	10.973600000000001
1682734	5000.0	11	6000.0	0.5067	10.9736	0.8333	12.3136
1727604	8000.0	11	6000.0	0.8067	12.3136	1.3333	14.453599999999998
1753858	4000.0	11	6000.0	0.4067	14.4536	0.6667	15.527000000000001
1638310	6000.0	11	6000.0	0.6067	15.527	1.0	17.133699999999997
1835100	10000.0	11	6000.0	1.0067	17.1337	1.6667	19.8071
1719106	8000.0	11	6000.0	0.8067	19.8071	1.3333	21.9471
1641744	9000.0	11	6000.0	0.9067	21.9471	1.5	24.3538
1708546	10000.0	11	6000.0	1.0067	24.3538	1.6667	27.027199999999997
1700981	7000.0	11	6000.0	0.7067	27.0272	1.1667	28.9006
1799006	6000.0	11	6000.0	0.6067	28.9006	1.0	30.5073
1719477	10000.0	11	6000.0	1.0067	30.5073	1.6667	33.1807
1805182	10000.0	11	6000.0	1.0067	33.1807	1.6667	35.8541
1803985	9000.0	11	6000.0	0.9067	35.8541	1.5	38.2608
1734933	5000.0	11	6000.0	0.5067	38.2608	0.8333	39.60080000000001
1847369	11000.0	11	6000.0	1.1067	39.6008	1.8333	42.5408
1816280	8000.0	11	6000.0	0.8067	42.5408	1.3333	44.6808
1800596	8000.0	11	6000.0	0.8067	44.6808	1.3333	46.8208
1776280	8000.0	11	6000.0	0.8067	46.8208	1.3333	48.9608
1759765	8000.0	11	6000.0	0.8067	48.9608	1.3333	51.1008
1844712	8000.0	11	6000.0	0.8067	51.1008	1.3333	53.2408
1711608	9000.0	11	6000.0	0.9067	53.2408	1.5	55.6475
1760960	5000.0	11	6000.0	0.5067	55.6475	0.8333	56.987500000000004
1677840	8000.0	11	6000.0	0.8067	56.9875	1.3333	59.1275
1677401	9000.0	11	6000.0	0.9067	59.1275	1.5	61.5342
1830261	7000.0	11	6000.0	0.7067	61.5342	1.1667	63.407599999999995
1740453	9000.0	11	6000.0	0.9067	63.4076	1.5	65.8143
1689716	8000.0	11	6000.0	0.8067	65.8143	1.3333	67.9543
1689531	8000.0	11	6000.0	0.8067	67.9543	1.3333	70.0943
1708044	9000.0	11	6000.0	0.9067	70.0943	1.5	72.501
1774493	12000.0	11	6000.0	1.2067	72.501	2.0	75.7077
1725439	8000.0	12	6000.0	0.8	0	1.3333	2.1333
1684310	9000.0	12	6000.0	0.9	2.1333	1.5	4.5333000000000006
1666766	7000.0	12	6000.0	0.7	4.5333	1.1667	6.4
1726554	10000.0	12	6000.0	1.0	6.4	1.6667	9.0667
1762076	6000.0	12	6000.0	0.6	9.0667	1.0	10.6667
1687976	9000.0	12	6000.0	0.9	10.6667	1.5	13.0667
1723885	12000.0	12	6000.0	1.2	13.0667	2.0	16.2667
1723857	6000.0	12	6000.0	0.6	16.2667	1.0	17.8667
1790006	7000.0	12	6000.0	0.7	17.8667	1.1667	19.7334
1679499	9000.0	12	6000.0	0.9	19.7334	1.5	22.133399999999998
1811856	9000.0	12	6000.0	0.9	22.1334	1.5	24.5334
1754079	10000.0	12	6000.0	1.0	24.5334	1.6667	27.2001
1750085	9000.0	12	6000.0	0.9	27.2001	1.5	29.600099999999998
1656676	9000.0	12	6000.0	0.9	29.6001	1.5	32.0001
1705735	10000.0	12	6000.0	1.0	32.0001	1.6667	34.6668
1670546	8000.0	12	6000.0	0.8	34.6668	1.3333	36.8001
1695480	6000.0	12	6000.0	0.6	36.8001	1.0	38.4001
1788205	9000.0	12	6000.0	0.9	38.4001	1.5	40.8001
1768664	8000.0	12	6000.0	0.8	40.8001	1.3333	42.9334
1652834	8000.0	12	6000.0	0.8	42.9334	1.3333	45.0667
1671270	11000.0	12	6000.0	1.1	45.0667	1.8333	48.0
1642620	8000.0	12	6000.0	0.8	48.0	1.3333	50.1333
1799167	7000.0	12	6000.0	0.7	50.1333	1.1667	52.0
1744440	6000.0	12	6000.0	0.6	52.0	1.0	53.6
1746546	7000.0	12	6000.0	0.7	53.6	1.1667	55.4667
1836534	9000.0	12	6000.0	0.9	55.4667	1.5	57.8667
1674015	6000.0	12	6000.0	0.6	57.8667	1.0	59.4667
1668074	8000.0	12	6000.0	0.8	59.4667	1.3333	61.6
1709516	8000.0	12	6000.0	0.8	61.6	1.3333	63.7333
1647584	7000.0	12	6000.0	0.7	63.7333	1.1667	65.60000000000001
1795560	8000.0	12	6000.0	0.8	65.6	1.3333	67.73329999999999
1821676	6000.0	12	6000.0	0.6	67.7333	1.0	69.3333
1715289	10000.0	12	6000.0	1.0	69.3333	1.6667	72.0
1739845	8000.0	12	6000.0	0.8	72.0	1.3333	74.13329999999999
1676009	6000.0	12	6000.0	0.6	74.1333	1.0	75.7333
1669816	9000.0	12	6000.0	0.9	75.7333	1.5	78.1333
1828409	9000.0	12	6000.0	0.9	78.1333	1.5	80.53330000000001
1805802	8000.0	12	6000.0	0.8	80.5333	1.3333	82.66659999999999
1769514	5000.0	12	6000.0	0.5	82.6666	0.8333	83.9999
1653949	7000.0	12	6000.0	0.7	83.9999	1.1667	85.8666
1711283	6000.0	12	6000.0	0.6	85.8666	1.0	87.4666
1659574	5000.0	12	6000.0	0.5	87.4666	0.8333	88.7999
1688667	6000.0	12	6000.0	0.6	88.7999	1.0	90.39989999999999
1667535	10000.0	12	6000.0	1.0	90.3999	1.6667	93.06660000000001
1703431	7000.0	12	6000.0	0.7	93.0666	1.1667	94.9333
1851250	12000.0	12	6000.0	1.2	94.9333	2.0	98.1333
1657954	11000.0	12	6000.0	1.1	98.1333	1.8333	101.0666
1675508	10000.0	12	6000.0	1.0	101.0666	1.6667	103.7333
1838871	10000.0	12	6000.0	1.0	103.7333	1.6667	106.4
1675783	5000.0	12	6000.0	0.5	106.4	0.8333	107.7333
1742363	10000.0	13	8000.0	1.0	0	1.25	2.25
1714100	8000.0	13	8000.0	0.8	2.25	1.0	4.05
1726546	10000.0	13	8000.0	1.0	4.05	1.25	6.3
1829377	7000.0	13	8000.0	0.7	6.3	0.875	7.875
1791536	9000.0	13	8000.0	0.9	7.875	1.125	9.9
1828728	10000.0	13	8000.0	1.0	9.9	1.25	12.15
1784164	6000.0	13	8000.0	0.6	12.15	0.75	13.5
1742649	10000.0	13	8000.0	1.0	13.5	1.25	15.75
1794576	8000.0	13	8000.0	0.8	15.75	1.0	17.55
1835104	9000.0	13	8000.0	0.9	17.55	1.125	19.575
1737328	8000.0	13	8000.0	0.8	19.575	1.0	21.375
1754373	5000.0	13	8000.0	0.5	21.375	0.625	22.5
1834287	7000.0	13	8000.0	0.7	22.5	0.875	24.075
1782849	8000.0	13	8000.0	0.8	24.075	1.0	25.875
1699937	8000.0	13	8000.0	0.8	25.875	1.0	27.675
1817866	5000.0	13	8000.0	0.5	27.675	0.625	28.8
1785902	11000.0	13	8000.0	1.1	28.8	1.375	31.275000000000002
1637037	4000.0	13	8000.0	0.4	31.275	0.5	32.175
1785832	8000.0	13	8000.0	0.8	32.175	1.0	33.974999999999994
1692644	6000.0	13	8000.0	0.6	33.975	0.75	35.325
1816522	8000.0	13	8000.0	0.8	35.325	1.0	37.125
1754712	7000.0	13	8000.0	0.7	37.125	0.875	38.7
1850038	4000.0	13	8000.0	0.4	38.7	0.5	39.6
1784944	7000.0	13	8000.0	0.7	39.6	0.875	41.175000000000004
1721099	10000.0	13	8000.0	1.0	41.175	1.25	43.425
1666559	9000.0	13	8000.0	0.9	43.425	1.125	45.449999999999996
1654247	9000.0	13	8000.0	0.9	45.45	1.125	47.475
1648449	5000.0	13	8000.0	0.5	47.475	0.625	48.6
1740466	9000.0	13	8000.0	0.9	48.6	1.125	50.625
1722826	8000.0	13	8000.0	0.8	50.625	1.0	52.425
1702344	7000.0	13	8000.0	0.7	52.425	0.875	54.0
1689344	6000.0	13	8000.0	0.6	54.0	0.75	55.35
1654891	10000.0	13	8000.0	1.0	55.35	1.25	57.6
1654821	4000.0	13	8000.0	0.4	57.6	0.5	58.5
1831611	8000.0	13	8000.0	0.8	58.5	1.0	60.3
1833213	7000.0	13	8000.0	0.7	60.3	0.875	61.875
1785407	8000.0	13	8000.0	0.8	61.875	1.0	63.675
1707401	8000.0	13	8000.0	0.8	63.675	1.0	65.475
1725803	7000.0	14	12000.0	0.7	0	0.5833	1.2833
1828789	7000.0	14	12000.0	0.7	1.2833	0.5833	2.5666
1742606	4000.0	14	12000.0	0.4	2.5666	0.3333	3.2999
1742272	11000.0	14	12000.0	1.1	3.2999	0.9167	5.3166
1811211	5000.0	14	12000.0	0.5	5.3166	0.4167	6.2333
1807900	9000.0	14	12000.0	0.9	6.2333	0.75	7.8833
1687526	7000.0	14	12000.0	0.7	7.8833	0.5833	9.166599999999999
1636068	7000.0	14	12000.0	0.7	9.1666	0.5833	10.4499
1698692	9000.0	14	12000.0	0.9	10.4499	0.75	12.0999
1745018	6000.0	14	12000.0	0.6	12.0999	0.5	13.1999
1838170	7000.0	14	12000.0	0.7	13.1999	0.5833	14.483199999999998
1818725	8000.0	14	12000.0	0.8	14.4832	0.6667	15.949900000000001
1772801	6000.0	14	12000.0	0.6	15.9499	0.5	17.0499
1793598	9000.0	14	12000.0	0.9	17.0499	0.75	18.6999
1833715	10000.0	14	12000.0	1.0	18.6999	0.8333	20.5332
1782830	13000.0	14	12000.0	1.3	20.5332	1.0833	22.916500000000003
1799643	7000.0	14	12000.0	0.7	22.9165	0.5833	24.1998
1801512	11000.0	14	12000.0	1.1	24.1998	0.9167	26.2165
1661864	9000.0	14	12000.0	0.9	26.2165	0.75	27.8665
1801805	18000.0	14	12000.0	1.8	27.8665	1.5	31.1665
1803239	9000.0	14	12000.0	0.9	31.1665	0.75	32.8165
1778324	10000.0	14	12000.0	1.0	32.8165	0.8333	34.6498
1673074	12000.0	14	12000.0	1.2	34.6498	1.0	36.8498
1836524	11000.0	14	12000.0	1.1	36.8498	0.9167	38.8665
1815495	8000.0	14	12000.0	0.8	38.8665	0.6667	40.3332
1776775	5000.0	14	12000.0	0.5	40.3332	0.4167	41.2499
1846968	9000.0	14	12000.0	0.9	41.2499	0.75	42.899899999999995
1780645	7000.0	14	12000.0	0.7	42.8999	0.5833	44.18320000000001
1662670	6000.0	14	12000.0	0.6	44.1832	0.5	45.2832
1699304	6000.0	14	12000.0	0.6	45.2832	0.5	46.3832
1754797	6000.0	14	12000.0	0.6	46.3832	0.5	47.483200000000004
1717673	7000.0	14	12000.0	0.7	47.4832	0.5833	48.7665
1715365	7000.0	14	12000.0	0.7	48.7665	0.5833	50.049800000000005
1822095	7000.0	14	12000.0	0.7	50.0498	0.5833	51.3331
1748429	7000.0	14	12000.0	0.7	51.3331	0.5833	52.616400000000006
1650253	11000.0	14	12000.0	1.1	52.6164	0.9167	54.6331
1648136	4000.0	14	12000.0	0.4	54.6331	0.3333	55.3664
1653965	8000.0	14	12000.0	0.8	55.3664	0.6667	56.833099999999995
1823673	8000.0	14	12000.0	0.8	56.8331	0.6667	58.2998
1702523	7000.0	14	12000.0	0.7	58.2998	0.5833	59.5831
1790763	5000.0	14	12000.0	0.5	59.5831	0.4167	60.4998
1678876	8000.0	14	12000.0	0.8	60.4998	0.6667	61.966499999999996
1653400	9000.0	14	12000.0	0.9	61.9665	0.75	63.6165
1797471	7000.0	14	12000.0	0.7	63.6165	0.5833	64.8998
1640605	12000.0	14	12000.0	1.2	64.8998	1.0	67.0998
1640580	6000.0	14	12000.0	0.6	67.0998	0.5	68.1998
1793387	7000.0	14	12000.0	0.7	68.1998	0.5833	69.4831
1846577	6000.0	14	12000.0	0.6	69.4831	0.5	70.58309999999999
1752573	7000.0	14	12000.0	0.7	70.5831	0.5833	71.8664
1823928	8000.0	15	16000.0	0.8	0	0.5	1.3
1681961	5000.0	15	16000.0	0.5	1.3	0.3125	2.1125
1725767	9000.0	15	16000.0	0.9	2.1125	0.5625	3.5749999999999997
1811183	9000.0	15	16000.0	0.9	3.575	0.5625	5.0375000000000005
1701892	5000.0	15	16000.0	0.5	5.0375	0.3125	5.85
1742982	11000.0	15	16000.0	1.1	5.85	0.6875	7.637499999999999
1696844	7000.0	15	16000.0	0.7	7.6375	0.4375	8.775
1706856	7000.0	15	16000.0	0.7	8.775	0.4375	9.9125
1811043	7000.0	15	16000.0	0.7	9.9125	0.4375	11.049999999999999
1711996	9000.0	15	16000.0	0.9	11.05	0.5625	12.512500000000001
1761807	7000.0	15	16000.0	0.7	12.5125	0.4375	13.649999999999999
1750125	5000.0	15	16000.0	0.5	13.65	0.3125	14.4625
1638269	11000.0	15	16000.0	1.1	14.4625	0.6875	16.25
1800057	9000.0	15	16000.0	0.9	16.25	0.5625	17.7125
1768193	3000.0	15	16000.0	0.3	17.7125	0.1875	18.2
1775243	5000.0	15	16000.0	0.5	18.2	0.3125	19.0125
1822887	9000.0	15	16000.0	0.9	19.0125	0.5625	20.474999999999998
1781648	6000.0	15	16000.0	0.6	20.475	0.375	21.450000000000003
1692321	6000.0	15	16000.0	0.6	21.45	0.375	22.425
1752808	12000.0	15	16000.0	1.2	22.425	0.75	24.375
1716432	5000.0	15	16000.0	0.5	24.375	0.3125	25.1875
1749034	8000.0	15	16000.0	0.8	25.1875	0.5	26.4875
1773117	5000.0	15	16000.0	0.5	26.4875	0.3125	27.3
1805290	9000.0	15	16000.0	0.9	27.3	0.5625	28.7625
1647260	9000.0	15	16000.0	0.9	28.7625	0.5625	30.224999999999998
1674783	8000.0	15	16000.0	0.8	30.225	0.5	31.525000000000002
1802167	7000.0	15	16000.0	0.7	31.525	0.4375	32.6625
1747109	7000.0	15	16000.0	0.7	32.6625	0.4375	33.800000000000004
1706044	7000.0	15	16000.0	0.7	33.8	0.4375	34.9375
1661998	9000.0	15	16000.0	0.9	34.9375	0.5625	36.4
1805925	7000.0	15	16000.0	0.7	36.4	0.4375	37.5375
1721973	5000.0	15	16000.0	0.5	37.5375	0.3125	38.35
1841415	12000.0	15	16000.0	1.2	38.35	0.75	40.300000000000004
1636075	7000.0	15	16000.0	0.7	40.3	0.4375	41.4375
1653389	7000.0	15	16000.0	0.7	41.4375	0.4375	42.575
1665326	8000.0	15	16000.0	0.8	42.575	0.5	43.875
1760477	10000.0	15	16000.0	1.0	43.875	0.625	45.5
1825652	8000.0	15	16000.0	0.8	45.5	0.5	46.8
1689340	8000.0	15	16000.0	0.8	46.8	0.5	48.099999999999994
1788248	7000.0	15	16000.0	0.7	48.1	0.4375	49.237500000000004
1768821	8000.0	15	16000.0	0.8	49.2375	0.5	50.537499999999994
1764608	4000.0	15	16000.0	0.4	50.5375	0.25	51.1875
1710901	7000.0	15	16000.0	0.7	51.1875	0.4375	52.325
1789371	8000.0	16	18000.0	0.8058	0	0.4444	1.2502
1714053	8000.0	16	18000.0	0.8058	1.2502	0.4444	2.5004
1665632	8000.0	16	18000.0	0.8058	2.5004	0.4444	3.7506
1712446	6000.0	16	18000.0	0.6058	3.7506	0.3333	4.6897
1635969	7000.0	16	18000.0	0.7058	4.6897	0.3889	5.7844
1713148	8000.0	16	18000.0	0.8058	5.7844	0.4444	7.034599999999999
1770503	6000.0	16	18000.0	0.6058	7.0346	0.3333	7.973700000000001
1702912	4000.0	16	18000.0	0.4058	7.9737	0.2222	8.601700000000001
1844010	9000.0	16	18000.0	0.9058	8.6017	0.5	10.007499999999999
1713462	6000.0	16	18000.0	0.6058	10.0075	0.3333	10.9466
1713394	10000.0	16	18000.0	1.0058	10.9466	0.5556	12.508000000000001
1671594	11000.0	16	18000.0	1.1058	12.508	0.6111	14.2249
1731781	5000.0	16	18000.0	0.5058	14.2249	0.2778	15.0085
1641549	8000.0	16	18000.0	0.8058	15.0085	0.4444	16.2587
1745948	8000.0	16	18000.0	0.8058	16.2587	0.4444	17.508900000000004
1700006	8000.0	16	18000.0	0.8058	17.5089	0.4444	18.759100000000004
1824439	7000.0	16	18000.0	0.7058	18.7591	0.3889	19.8538
1768424	8000.0	16	18000.0	0.8058	19.8538	0.4444	21.104000000000003
1765337	5000.0	16	18000.0	0.5058	21.104	0.2778	21.8876
1804080	11000.0	16	18000.0	1.1058	21.8876	0.6111	23.604499999999998
1644517	9000.0	16	18000.0	0.9058	23.6045	0.5	25.0103
1816194	11000.0	16	18000.0	1.1058	25.0103	0.6111	26.7272
1824653	7000.0	16	18000.0	0.7058	26.7272	0.3889	27.8219
1794712	13000.0	16	18000.0	1.3058	27.8219	0.7222	29.8499
1736859	9000.0	16	18000.0	0.9058	29.8499	0.5	31.2557
1744308	7000.0	16	18000.0	0.7058	31.2557	0.3889	32.3504
1655621	7000.0	16	18000.0	0.7058	32.3504	0.3889	33.445100000000004
1769426	7000.0	16	18000.0	0.7058	33.4451	0.3889	34.53979999999999
1826351	7000.0	16	18000.0	0.7058	34.5398	0.3889	35.634499999999996
1703502	4000.0	16	18000.0	0.4058	35.6345	0.2222	36.2625
1668007	9000.0	16	18000.0	0.9058	36.2625	0.5	37.6683
1637412	8000.0	16	18000.0	0.8058	37.6683	0.4444	38.9185
1823613	8000.0	16	18000.0	0.8058	38.9185	0.4444	40.1687
1702763	12000.0	16	18000.0	1.2058	40.1687	0.6667	42.041199999999996
1811930	7000.0	16	18000.0	0.7058	42.0412	0.3889	43.1359
1677447	7000.0	16	18000.0	0.7058	43.1359	0.3889	44.2306
1690208	8000.0	16	18000.0	0.8058	44.2306	0.4444	45.4808
1769730	5000.0	16	18000.0	0.5058	45.4808	0.2778	46.2644
1740961	7000.0	16	18000.0	0.7058	46.2644	0.3889	47.359100000000005
1730277	7000.0	16	18000.0	0.7058	47.3591	0.3889	48.453799999999994
1730357	10000.0	16	18000.0	1.0058	48.4538	0.5556	50.0152
1785112	8000.0	16	18000.0	0.8058	50.0152	0.4444	51.2654
1707823	4000.0	16	18000.0	0.4058	51.2654	0.2222	51.8934
1708439	5000.0	16	18000.0	0.5058	51.8934	0.2778	52.677
1747796	9000.0	16	18000.0	0.9058	52.677	0.5	54.0828
1738497	7000.0	16	18000.0	0.7058	54.0828	0.3889	55.1775
1685645	8000.0	17	24000.0	0.8058	0	0.3333	1.1391
1843508	7000.0	17	24000.0	0.7058	1.1391	0.2917	2.1366
1706906	6000.0	17	24000.0	0.6058	2.1366	0.25	2.9924
1681125	5000.0	17	24000.0	0.5058	2.9924	0.2083	3.7064999999999997
1635891	9000.0	17	24000.0	0.9058	3.7065	0.375	4.9873
1657041	7000.0	17	24000.0	0.7058	4.9873	0.2917	5.9848
1827726	7000.0	17	24000.0	0.7058	5.9848	0.2917	6.9822999999999995
1737420	5000.0	17	24000.0	0.5058	6.9823	0.2083	7.696400000000001
1781494	7000.0	17	24000.0	0.7058	7.6964	0.2917	8.693900000000001
1754571	6000.0	17	24000.0	0.6058	8.6939	0.25	9.5497
1731464	7000.0	17	24000.0	0.7058	9.5497	0.2917	10.5472
1798697	9000.0	17	24000.0	0.9058	10.5472	0.375	11.828
1670912	9000.0	17	24000.0	0.9058	11.828	0.375	13.108799999999999
1834200	7000.0	17	24000.0	0.7058	13.1088	0.2917	14.106300000000001
1692381	9000.0	17	24000.0	0.9058	14.1063	0.375	15.387099999999998
1813192	10000.0	17	24000.0	1.0058	15.3871	0.4167	16.8096
1787963	8000.0	17	24000.0	0.8058	16.8096	0.3333	17.948700000000002
1756297	9000.0	17	24000.0	0.9058	17.9487	0.375	19.229499999999998
1763398	9000.0	17	24000.0	0.9058	19.2295	0.375	20.5103
1822820	5000.0	17	24000.0	0.5058	20.5103	0.2083	21.224400000000003
1646394	7000.0	17	24000.0	0.7058	21.2244	0.2917	22.221899999999998
1674682	8000.0	17	24000.0	0.8058	22.2219	0.3333	23.361000000000004
1754824	6000.0	17	24000.0	0.6058	23.361	0.25	24.2168
1744149	5000.0	17	24000.0	0.5058	24.2168	0.2083	24.9309
1835988	7000.0	17	24000.0	0.7058	24.9309	0.2917	25.9284
1749388	7000.0	17	24000.0	0.7058	25.9284	0.2917	26.9259
1837115	11000.0	17	24000.0	1.1058	26.9259	0.4583	28.49
1821895	7000.0	17	24000.0	0.7058	28.49	0.2917	29.487499999999997
1830357	6000.0	17	24000.0	0.6058	29.4875	0.25	30.3433
1637822	9000.0	17	24000.0	0.9058	30.3433	0.375	31.6241
1696298	7000.0	17	24000.0	0.7058	31.6241	0.2917	32.621599999999994
1654429	8000.0	17	24000.0	0.8058	32.6216	0.3333	33.7607
1761203	8000.0	17	24000.0	0.8058	33.7607	0.3333	34.8998
1740463	12000.0	17	24000.0	1.2058	34.8998	0.5	36.605599999999995
1740848	7000.0	17	24000.0	0.7058	36.6056	0.2917	37.603100000000005
1760599	10000.0	17	24000.0	1.0058	37.6031	0.4167	39.0256
1653437	9000.0	17	24000.0	0.9058	39.0256	0.375	40.3064
1828253	7000.0	17	24000.0	0.7058	40.3064	0.2917	41.30389999999999
1735524	7000.0	17	24000.0	0.7058	41.3039	0.2917	42.301399999999994
1851757	12000.0	17	24000.0	1.2058	42.3014	0.5	44.0072
1647982	5000.0	17	24000.0	0.5058	44.0072	0.2083	44.7213
1680056	7000.0	18	30000.0	0.7058	0	0.2333	0.9391
1762497	9000.0	18	30000.0	0.9058	0.9391	0.3	2.1449
1726423	12000.0	18	30000.0	1.2058	2.1449	0.4	3.7506999999999997
1653077	8000.0	18	30000.0	0.8058	3.7507	0.2667	4.8232
1713010	8000.0	18	30000.0	0.8058	4.8232	0.2667	5.8957
1842780	10000.0	18	30000.0	1.0058	5.8957	0.3333	7.2348
1713463	7000.0	18	30000.0	0.7058	7.2348	0.2333	8.1739
1813592	7000.0	18	30000.0	0.7058	8.1739	0.2333	9.113
1775288	10000.0	18	30000.0	1.0058	9.113	0.3333	10.4521
1757210	7000.0	18	30000.0	0.7058	10.4521	0.2333	11.3912
1656753	9000.0	18	30000.0	0.9058	11.3912	0.3	12.597
1708675	8000.0	18	30000.0	0.8058	12.597	0.2667	13.6695
1817922	8000.0	18	30000.0	0.8058	13.6695	0.2667	14.741999999999999
1802298	6000.0	18	30000.0	0.6058	14.742	0.2	15.5478
1777200	7000.0	18	30000.0	0.7058	15.5478	0.2333	16.4869
1801643	8000.0	18	30000.0	0.8058	16.4869	0.2667	17.5594
1718575	11000.0	18	30000.0	1.1058	17.5594	0.3667	19.0319
1803272	11000.0	18	30000.0	1.1058	19.0319	0.3667	20.5044
1645295	4000.0	18	30000.0	0.4058	20.5044	0.1333	21.043499999999998
1668617	6000.0	18	30000.0	0.6058	21.0435	0.2	21.8493
1803053	7000.0	18	30000.0	0.7058	21.8493	0.2333	22.7884
1802843	9000.0	18	30000.0	0.9058	22.7884	0.3	23.9942
1733087	8000.0	18	30000.0	0.8058	23.9942	0.2667	25.0667
1673605	4000.0	18	30000.0	0.4058	25.0667	0.1333	25.6058
1830492	6000.0	18	30000.0	0.6058	25.6058	0.2	26.411599999999996
1667610	8000.0	18	30000.0	0.8058	26.4116	0.2667	27.4841
1788779	7000.0	18	30000.0	0.7058	27.4841	0.2333	28.4232
1833294	8000.0	18	30000.0	0.8058	28.4232	0.2667	29.495700000000003
1677286	5000.0	18	30000.0	0.5058	29.4957	0.1667	30.1682
1715220	9000.0	18	30000.0	0.9058	30.1682	0.3	31.374
1666507	6000.0	18	30000.0	0.6058	31.374	0.2	32.1798
1841446	7000.0	18	30000.0	0.7058	32.1798	0.2333	33.1189
1797478	5000.0	18	30000.0	0.5058	33.1189	0.1667	33.791399999999996
1788406	8000.0	18	30000.0	0.8058	33.7914	0.2667	34.8639
1831473	13000.0	18	30000.0	1.3058	34.8639	0.4333	36.603
1792884	4000.0	18	30000.0	0.4058	36.603	0.1333	37.1421
1785167	8000.0	18	30000.0	0.8058	37.1421	0.2667	38.2146
1819167	6000.0	18	30000.0	0.6058	38.2146	0.2	39.0204
1820223	10000.0	18	30000.0	1.0058	39.0204	0.3333	40.359500000000004
1707434	10000.0	18	30000.0	1.0058	40.3595	0.3333	41.6986
1796830	8000.0	18	30000.0	0.8058	41.6986	0.2667	42.7711
1751028	10000.0	19	30000.0	1.0058	0	0.3333	1.3391
1742850	11000.0	19	30000.0	1.1058	1.3391	0.3667	2.8115999999999994
1683680	8000.0	19	30000.0	0.8058	2.8116	0.2667	3.8841
1712960	7000.0	19	30000.0	0.7058	3.8841	0.2333	4.8232
1825934	7000.0	19	30000.0	0.7058	4.8232	0.2333	5.7623
1713285	5000.0	19	30000.0	0.5058	5.7623	0.1667	6.434799999999999
1716043	7000.0	19	30000.0	0.7058	6.4348	0.2333	7.3739
1693315	8000.0	19	30000.0	0.8058	7.3739	0.2667	8.4464
1698660	9000.0	19	30000.0	0.9058	8.4464	0.3	9.6522
1817339	8000.0	19	30000.0	0.8058	9.6522	0.2667	10.7247
1638359	9000.0	19	30000.0	0.9058	10.7247	0.3	11.9305
1651826	7000.0	19	30000.0	0.7058	11.9305	0.2333	12.8696
1671380	7000.0	19	30000.0	0.7058	12.8696	0.2333	13.8087
1731058	9000.0	19	30000.0	0.9058	13.8087	0.3	15.0145
1812930	6000.0	19	30000.0	0.6058	15.0145	0.2	15.8203
1818138	7000.0	19	30000.0	0.7058	15.8203	0.2333	16.7594
1794133	8000.0	19	30000.0	0.8058	16.7594	0.2667	17.8319
1718445	9000.0	19	30000.0	0.9058	17.8319	0.3	19.0377
1804221	9000.0	19	30000.0	0.9058	19.0377	0.3	20.2435
1815713	10000.0	19	30000.0	1.0058	20.2435	0.3333	21.582600000000003
1755616	9000.0	19	30000.0	0.9058	21.5826	0.3	22.7884
1672523	6000.0	19	30000.0	0.6058	22.7884	0.2	23.594199999999997
1826966	4000.0	19	30000.0	0.4058	23.5942	0.1333	24.1333
1674322	7000.0	19	30000.0	0.7058	24.1333	0.2333	25.0724
1663000	7000.0	19	30000.0	0.7058	25.0724	0.2333	26.011499999999998
1808481	6000.0	19	30000.0	0.6058	26.0115	0.2	26.8173
1787415	9000.0	19	30000.0	0.9058	26.8173	0.3	28.0231
1756736	8000.0	19	30000.0	0.8058	28.0231	0.2667	29.0956
1721377	7000.0	19	30000.0	0.7058	29.0956	0.2333	30.0347
1702437	8000.0	19	30000.0	0.8058	30.0347	0.2667	31.107200000000002
1829988	6000.0	19	30000.0	0.6058	31.1072	0.2	31.912999999999997
1723554	4000.0	19	30000.0	0.4058	31.913	0.1333	32.4521
1664960	6000.0	19	30000.0	0.6058	32.4521	0.2	33.25790000000001
1703433	7000.0	19	30000.0	0.7058	33.2579	0.2333	34.197
1758432	6000.0	19	30000.0	0.6058	34.197	0.2	35.00280000000001
1851022	4000.0	19	30000.0	0.4058	35.0028	0.1333	35.5419
1705196	10000.0	19	30000.0	1.0058	35.5419	0.3333	36.881
