1683350	12000.0	0	500.0	1.2	0	24.0	25.2
1846216	9000.0	0	500.0	0.9	25.2	18.0	44.099999999999994
1838867	6000.0	0	500.0	0.6	44.1	12.0	56.7
1667324	12000.0	0	500.0	1.2	56.7	24.0	81.9
1681650	7000.0	0	500.0	0.7	81.9	14.0	96.60000000000001
1715412	14000.0	0	500.0	1.4	96.6	28.0	126.0
1747398	10000.0	0	500.0	1.0	126.0	20.0	147.0
1839427	6000.0	0	500.0	0.6	147.0	12.0	159.6
1707930	9000.0	0	500.0	0.9	159.6	18.0	178.5
1639401	9000.0	0	500.0	0.9	178.5	18.0	197.4
1839542	8000.0	0	500.0	0.8	197.4	16.0	214.20000000000002
1695226	7000.0	0	500.0	0.7	214.2	14.0	228.89999999999998
1719935	11000.0	0	500.0	1.1	228.9	22.0	252.0
1748344	6000.0	0	500.0	0.6	252.0	12.0	264.6
1658829	8000.0	0	500.0	0.8	264.6	16.0	281.40000000000003
1784945	12000.0	0	500.0	1.2	281.4	24.0	306.59999999999997
1681222	7000.0	0	500.0	0.7	306.6	14.0	321.3
1698324	8000.0	0	500.0	0.8	321.3	16.0	338.1
1840781	7000.0	0	500.0	0.7	338.1	14.0	352.8
1833540	12000.0	0	500.0	1.2	352.8	24.0	378.0
1666902	8000.0	0	500.0	0.8	378.0	16.0	394.8
1820378	6000.0	0	500.0	0.6	394.8	12.0	407.40000000000003
1705324	11000.0	0	500.0	1.1	407.4	22.0	430.5
1681083	8000.0	0	500.0	0.8	430.5	16.0	447.3
1825942	7000.0	0	500.0	0.7	447.3	14.0	462.0
1707192	8000.0	0	500.0	0.8	462.0	16.0	478.8
1768766	8000.0	0	500.0	0.8	478.8	16.0	495.6
1716603	11000.0	0	500.0	1.1	495.6	22.0	518.7
1757483	7000.0	0	500.0	0.7	518.7	14.0	533.4000000000001
1671190	5000.0	0	500.0	0.5	533.4	10.0	543.9
1746349	6000.0	0	500.0	0.6	543.9	12.0	556.5
1804528	11000.0	0	500.0	1.1	556.5	22.0	579.6
1713534	9000.0	0	500.0	0.9	579.6	18.0	598.5
1673740	8000.0	0	500.0	0.8	598.5	16.0	615.3
1723146	7000.0	0	500.0	0.7	615.3	14.0	630.0
1655805	8000.0	0	500.0	0.8	630.0	16.0	646.8
1812085	11000.0	0	500.0	1.1	646.8	22.0	669.9
1736051	13000.0	0	500.0	1.3	669.9	26.0	697.1999999999999
1808084	7000.0	0	500.0	0.7	697.2	14.0	711.9000000000001
1709443	9000.0	0	500.0	0.9	711.9	18.0	730.8
1684466	10000.0	0	500.0	1.0	730.8	20.0	751.8
1651711	13000.0	0	500.0	1.3	751.8	26.0	779.0999999999999
1665660	13000.0	0	500.0	1.3	779.1	26.0	806.4
1652562	13000.0	0	500.0	1.3	806.4	26.0	833.6999999999999
1766927	13000.0	0	500.0	1.3	833.7	26.0	861.0
1684831	7000.0	0	500.0	0.7	861.0	14.0	875.7
1679715	8000.0	0	500.0	0.8	875.7	16.0	892.5
1728577	9000.0	0	500.0	0.9	892.5	18.0	911.4
1696862	7000.0	0	500.0	0.7	911.4	14.0	926.1
1762457	8000.0	0	500.0	0.8	926.1	16.0	942.9
1778145	8000.0	0	500.0	0.8	942.9	16.0	959.6999999999999
1663305	8000.0	0	500.0	0.8	959.7	16.0	976.5
1660384	10000.0	0	500.0	1.0	976.5	20.0	997.5
1743165	8000.0	0	500.0	0.8	997.5	16.0	1014.3
1662884	13000.0	0	500.0	1.3	1014.3	26.0	1041.6
1755378	9000.0	0	500.0	0.9	1041.6	18.0	1060.5
1652711	13000.0	0	500.0	1.3	1060.5	26.0	1087.8
1731532	8000.0	0	500.0	0.8	1087.8	16.0	1104.6
1804881	6000.0	1	500.0	0.6	0	12.0	12.6
1638905	7000.0	1	500.0	0.7	12.6	14.0	27.299999999999997
1838932	7000.0	1	500.0	0.7	27.3	14.0	42.0
1765541	8000.0	1	500.0	0.8	42.0	16.0	58.8
1669562	8000.0	1	500.0	0.8	58.8	16.0	75.6
1667889	8000.0	1	500.0	0.8	75.6	16.0	92.39999999999999
1808943	8000.0	1	500.0	0.8	92.4	16.0	109.2
1637740	4000.0	1	500.0	0.4	109.2	8.0	117.60000000000001
1759425	8000.0	1	500.0	0.8	117.6	16.0	134.39999999999998
1822138	9000.0	1	500.0	0.9	134.4	18.0	153.3
1834110	8000.0	1	500.0	0.8	153.3	16.0	170.10000000000002
1639743	8000.0	1	500.0	0.8	170.1	16.0	186.9
1838075	7000.0	1	500.0	0.7	186.9	14.0	201.6
1790292	8000.0	1	500.0	0.8	201.6	16.0	218.4
1692414	9000.0	1	500.0	0.9	218.4	18.0	237.3
1731101	12000.0	1	500.0	1.2	237.3	24.0	262.5
1840755	8000.0	1	500.0	0.8	262.5	16.0	279.3
1825251	9000.0	1	500.0	0.9	279.3	18.0	298.2
1841387	8000.0	1	500.0	0.8	298.2	16.0	315.0
1799423	9000.0	1	500.0	0.9	315.0	18.0	333.9
1680582	6000.0	1	500.0	0.6	333.9	12.0	346.5
1680569	7000.0	1	500.0	0.7	346.5	14.0	361.2
1680534	9000.0	1	500.0	0.9	361.2	18.0	380.09999999999997
1750642	9000.0	1	500.0	0.9	380.1	18.0	399.0
1692649	9000.0	1	500.0	0.9	399.0	18.0	417.9
1766083	9000.0	1	500.0	0.9	417.9	18.0	436.79999999999995
1655913	9000.0	1	500.0	0.9	436.8	18.0	455.7
1677596	7000.0	1	500.0	0.7	455.7	14.0	470.4
1765920	8000.0	1	500.0	0.8	470.4	16.0	487.2
1699123	8000.0	1	500.0	0.8	487.2	16.0	504.0
1847756	7000.0	1	500.0	0.7	504.0	14.0	518.7
1802755	9000.0	1	500.0	0.9	518.7	18.0	537.6
1729570	7000.0	1	500.0	0.7	537.6	14.0	552.3000000000001
1827205	8000.0	1	500.0	0.8	552.3	16.0	569.0999999999999
1644616	7000.0	1	500.0	0.7	569.1	14.0	583.8000000000001
1713370	10000.0	1	500.0	1.0	583.8	20.0	604.8
1653129	7000.0	1	500.0	0.7	604.8	14.0	619.5
1705971	13000.0	1	500.0	1.3	619.5	26.0	646.8
1701343	9000.0	1	500.0	0.9	646.8	18.0	665.6999999999999
1721444	7000.0	1	500.0	0.7	665.7	14.0	680.4000000000001
1643467	7000.0	1	500.0	0.7	680.4	14.0	695.1
1663115	12000.0	1	500.0	1.2	695.1	24.0	720.3000000000001
1828819	10000.0	1	500.0	1.0	720.3	20.0	741.3
1728648	11000.0	1	500.0	1.1	741.3	22.0	764.4
1721873	10000.0	1	500.0	1.0	764.4	20.0	785.4
1684091	9000.0	1	500.0	0.9	785.4	18.0	804.3
1726525	9000.0	1	500.0	0.9	804.3	18.0	823.1999999999999
1780765	10000.0	1	500.0	1.0	823.2	20.0	844.2
1667312	8000.0	1	500.0	0.8	844.2	16.0	861.0
1656069	7000.0	1	500.0	0.7	861.0	14.0	875.7
1685658	8000.0	1	500.0	0.8	875.7	16.0	892.5
1792691	7000.0	2	1000.0	0.7	0	7.0	7.7
1764760	10000.0	2	1000.0	1.0	7.7	10.0	18.7
1835049	9000.0	2	1000.0	0.9	18.7	9.0	28.599999999999998
1813571	6000.0	2	1000.0	0.6	28.6	6.0	35.2
1751768	10000.0	2	1000.0	1.0	35.2	10.0	46.2
1654837	7000.0	2	1000.0	0.7	46.2	7.0	53.900000000000006
1657913	6000.0	2	1000.0	0.6	53.9	6.0	60.5
1774561	11000.0	2	1000.0	1.1	60.5	11.0	72.6
1671632	7000.0	2	1000.0	0.7	72.6	7.0	80.3
1747361	9000.0	2	1000.0	0.9	80.3	9.0	90.2
1839337	8000.0	2	1000.0	0.8	90.2	8.0	99.0
1751815	7000.0	2	1000.0	0.7	99.0	7.0	106.7
1774413	7000.0	2	1000.0	0.7	106.7	7.0	114.4
1841773	12000.0	2	1000.0	1.2	114.4	12.0	127.60000000000001
1840277	12000.0	2	1000.0	1.2	127.6	12.0	140.79999999999998
1785770	10000.0	2	1000.0	1.0	140.8	10.0	151.8
1639729	8000.0	2	1000.0	0.8	151.8	8.0	160.60000000000002
1681352	9000.0	2	1000.0	0.9	160.6	9.0	170.5
1820187	11000.0	2	1000.0	1.1	170.5	11.0	182.6
1772324	7000.0	2	1000.0	0.7	182.6	7.0	190.29999999999998
1750305	9000.0	2	1000.0	0.9	190.3	9.0	200.20000000000002
1675878	6000.0	2	1000.0	0.6	200.2	6.0	206.79999999999998
1807725	11000.0	2	1000.0	1.1	206.8	11.0	218.9
1842934	10000.0	2	1000.0	1.0	218.9	10.0	229.9
1647155	9000.0	2	1000.0	0.9	229.9	9.0	239.8
1792589	7000.0	2	1000.0	0.7	239.8	7.0	247.5
1782618	9000.0	2	1000.0	0.9	247.5	9.0	257.4
1838821	7000.0	2	1000.0	0.7	257.4	7.0	265.09999999999997
1782978	17000.0	2	1000.0	1.7	265.1	17.0	283.8
1762051	11000.0	2	1000.0	1.1	283.8	11.0	295.90000000000003
1659958	6000.0	2	1000.0	0.6	295.9	6.0	302.5
1789464	6000.0	2	1000.0	0.6	302.5	6.0	309.1
1657556	7000.0	2	1000.0	0.7	309.1	7.0	316.8
1747863	5000.0	2	1000.0	0.5	316.8	5.0	322.3
1793329	12000.0	2	1000.0	1.2	322.3	12.0	335.5
1702250	7000.0	2	1000.0	0.7	335.5	7.0	343.2
1767291	9000.0	2	1000.0	0.9	343.2	9.0	353.09999999999997
1766081	6000.0	2	1000.0	0.6	353.1	6.0	359.70000000000005
1743134	6000.0	2	1000.0	0.6	359.7	6.0	366.3
1761637	8000.0	2	1000.0	0.8	366.3	8.0	375.1
1698146	10000.0	2	1000.0	1.0	375.1	10.0	386.1
1674256	8000.0	2	1000.0	0.8	386.1	8.0	394.90000000000003
1723589	11000.0	2	1000.0	1.1	394.9	11.0	407.0
1734701	9000.0	2	1000.0	0.9	407.0	9.0	416.9
1717847	9000.0	2	1000.0	0.9	416.9	9.0	426.79999999999995
1779701	18000.0	2	1000.0	1.8	426.8	18.0	446.6
1645863	8000.0	2	1000.0	0.8	446.6	8.0	455.40000000000003
1807087	8000.0	2	1000.0	0.8	455.4	8.0	464.2
1836007	8000.0	2	1000.0	0.8	464.2	8.0	473.0
1744422	7000.0	2	1000.0	0.7	473.0	7.0	480.7
1698225	10000.0	2	1000.0	1.0	480.7	10.0	491.7
1781717	8000.0	2	1000.0	0.8	491.7	8.0	500.5
1747225	7000.0	2	1000.0	0.7	500.5	7.0	508.2
1659391	10000.0	2	1000.0	1.0	508.2	10.0	519.2
1762464	7000.0	2	1000.0	0.7	519.2	7.0	526.9000000000001
1807566	9000.0	2	1000.0	0.9	526.9	9.0	536.8
1732427	10000.0	2	1000.0	1.0	536.8	10.0	547.8
1769611	8000.0	2	1000.0	0.8	547.8	8.0	556.5999999999999
1726449	10000.0	2	1000.0	1.0	556.6	10.0	567.6
1732966	7000.0	2	1000.0	0.7	567.6	7.0	575.3000000000001
1680242	4000.0	2	1000.0	0.4	575.3	4.0	579.6999999999999
1737347	7000.0	2	1000.0	0.7	579.7	7.0	587.4000000000001
1847837	13000.0	2	1000.0	1.3	587.4	13.0	601.6999999999999
1747258	7000.0	3	1000.0	0.7	0	7.0	7.7
1725329	12000.0	3	1000.0	1.2	7.7	12.0	20.9
1782559	11000.0	3	1000.0	1.1	20.9	11.0	33.0
1701736	8000.0	3	1000.0	0.8	33.0	8.0	41.8
1704071	6000.0	3	1000.0	0.6	41.8	6.0	48.4
1704185	6000.0	3	1000.0	0.6	48.4	6.0	55.0
1696224	9000.0	3	1000.0	0.9	55.0	9.0	64.9
1794336	7000.0	3	1000.0	0.7	64.9	7.0	72.60000000000001
1726200	7000.0	3	1000.0	0.7	72.6	7.0	80.3
1806313	8000.0	3	1000.0	0.8	80.3	8.0	89.1
1840888	10000.0	3	1000.0	1.0	89.1	10.0	100.1
1769285	8000.0	3	1000.0	0.8	100.1	8.0	108.89999999999999
1788142	8000.0	3	1000.0	0.8	108.9	8.0	117.7
1796258	9000.0	3	1000.0	0.9	117.7	9.0	127.60000000000001
1641832	11000.0	3	1000.0	1.1	127.6	11.0	139.7
1751316	12000.0	3	1000.0	1.2	139.7	12.0	152.89999999999998
1745704	6000.0	3	1000.0	0.6	152.9	6.0	159.5
1747520	8000.0	3	1000.0	0.8	159.5	8.0	168.3
1823374	11000.0	3	1000.0	1.1	168.3	11.0	180.4
1700112	7000.0	3	1000.0	0.7	180.4	7.0	188.1
1704258	7000.0	3	1000.0	0.7	188.1	7.0	195.79999999999998
1848377	7000.0	3	1000.0	0.7	195.8	7.0	203.5
1844394	7000.0	3	1000.0	0.7	203.5	7.0	211.2
1659150	9000.0	3	1000.0	0.9	211.2	9.0	221.1
1704310	10000.0	3	1000.0	1.0	221.1	10.0	232.1
1716491	6000.0	3	1000.0	0.6	232.1	6.0	238.7
1716528	12000.0	3	1000.0	1.2	238.7	12.0	251.89999999999998
1708424	7000.0	3	1000.0	0.7	251.9	7.0	259.6
1773388	8000.0	3	1000.0	0.8	259.6	8.0	268.40000000000003
1768344	13000.0	3	1000.0	1.3	268.4	13.0	282.7
1642324	7000.0	3	1000.0	0.7	282.7	7.0	290.4
1642278	7000.0	3	1000.0	0.7	290.4	7.0	298.09999999999997
1644135	7000.0	3	1000.0	0.7	298.1	7.0	305.8
1651394	9000.0	3	1000.0	0.9	305.8	9.0	315.7
1733920	9000.0	3	1000.0	0.9	315.7	9.0	325.59999999999997
1756256	13000.0	3	1000.0	1.3	325.6	13.0	339.90000000000003
1662143	9000.0	3	1000.0	0.9	339.9	9.0	349.79999999999995
1729084	12000.0	3	1000.0	1.2	349.8	12.0	363.0
1646423	13000.0	3	1000.0	1.3	363.0	13.0	377.3
1784102	10000.0	3	1000.0	1.0	377.3	10.0	388.3
1684384	6000.0	3	1000.0	0.6	388.3	6.0	394.90000000000003
1636141	8000.0	3	1000.0	0.8	394.9	8.0	403.7
1733841	4000.0	3	1000.0	0.4	403.7	4.0	408.09999999999997
1808538	10000.0	3	1000.0	1.0	408.1	10.0	419.1
1713140	6000.0	3	1000.0	0.6	419.1	6.0	425.70000000000005
1845286	6000.0	3	1000.0	0.6	425.7	6.0	432.3
1729347	6000.0	3	1000.0	0.6	432.3	6.0	438.90000000000003
1636805	9000.0	3	1000.0	0.9	438.9	9.0	448.79999999999995
1801391	9000.0	3	1000.0	0.9	448.8	9.0	458.7
1676938	8000.0	3	1000.0	0.8	458.7	8.0	467.5
1779827	8000.0	3	1000.0	0.8	467.5	8.0	476.3
1815945	8000.0	3	1000.0	0.8	476.3	8.0	485.1
1691563	6000.0	3	1000.0	0.6	485.1	6.0	491.70000000000005
1752425	12000.0	3	1000.0	1.2	491.7	12.0	504.9
1643585	11000.0	3	1000.0	1.1	504.9	11.0	517.0
1697467	12000.0	3	1000.0	1.2	517.0	12.0	530.2
1781725	8000.0	3	1000.0	0.8	530.2	8.0	539.0
1709275	10000.0	3	1000.0	1.0	539.0	10.0	550.0
1835128	10000.0	3	1000.0	1.0	550.0	10.0	561.0
1733046	9000.0	3	1000.0	0.9	561.0	9.0	570.9
1835034	14000.0	4	4000.0	1.4038	0	3.5	4.9038
1804789	9000.0	4	4000.0	0.9038	4.9038	2.25	8.0576
1781868	8000.0	4	4000.0	0.8038	8.0576	2.0	10.861400000000001
1704070	7000.0	4	4000.0	0.7038	10.8614	1.75	13.315199999999999
1742173	8000.0	4	4000.0	0.8038	13.3152	2.0	16.119
1831674	6000.0	4	4000.0	0.6038	16.119	1.5	18.2228
1774392	8000.0	4	4000.0	0.8038	18.2228	2.0	21.0266
1648007	8000.0	4	4000.0	0.8038	21.0266	2.0	23.830399999999997
1659088	8000.0	4	4000.0	0.8038	23.8304	2.0	26.6342
1805400	8000.0	4	4000.0	0.8038	26.6342	2.0	29.438
1701611	9000.0	4	4000.0	0.9038	29.438	2.25	32.5918
1715677	7000.0	4	4000.0	0.7038	32.5918	1.75	35.0456
1796711	6000.0	4	4000.0	0.6038	35.0456	1.5	37.1494
1812713	7000.0	4	4000.0	0.7038	37.1494	1.75	39.6032
1742351	8000.0	4	4000.0	0.8038	39.6032	2.0	42.407000000000004
1850538	8000.0	4	4000.0	0.8038	42.407	2.0	45.2108
1776083	10000.0	4	4000.0	1.0038	45.2108	2.5	48.7146
1729195	9000.0	4	4000.0	0.9038	48.7146	2.25	51.868399999999994
1677106	10000.0	4	4000.0	1.0038	51.8684	2.5	55.3722
1677346	9000.0	4	4000.0	0.9038	55.3722	2.25	58.525999999999996
1665320	10000.0	4	4000.0	1.0038	58.526	2.5	62.0298
1761487	8000.0	4	4000.0	0.8038	62.0298	2.0	64.8336
1806817	6000.0	4	4000.0	0.6038	64.8336	1.5	66.93740000000001
1688971	14000.0	4	4000.0	1.4038	66.9374	3.5	71.8412
1787326	7000.0	4	4000.0	0.7038	71.8412	1.75	74.295
1667454	7000.0	4	4000.0	0.7038	74.295	1.75	76.7488
1824590	8000.0	4	4000.0	0.8038	76.7488	2.0	79.5526
1685745	9000.0	4	4000.0	0.9038	79.5526	2.25	82.7064
1823730	8000.0	4	4000.0	0.8038	82.7064	2.0	85.5102
1778912	8000.0	4	4000.0	0.8038	85.5102	2.0	88.314
1735998	8000.0	4	4000.0	0.8038	88.314	2.0	91.11779999999999
1732647	9000.0	4	4000.0	0.9038	91.1178	2.25	94.2716
1762382	6000.0	4	4000.0	0.6038	94.2716	1.5	96.37540000000001
1744062	7000.0	4	4000.0	0.7038	96.3754	1.75	98.8292
1817516	8000.0	5	4000.0	0.8038	0	2.0	2.8038
1846462	6000.0	5	4000.0	0.6038	2.8038	1.5	4.9076
1754332	6000.0	5	4000.0	0.6038	4.9076	1.5	7.0114
1647010	4000.0	5	4000.0	0.4038	7.0114	1.0	8.4152
1742463	10000.0	5	4000.0	1.0038	8.4152	2.5	11.919
1714140	7000.0	5	4000.0	0.7038	11.919	1.75	14.3728
1793040	11000.0	5	4000.0	1.1038	14.3728	2.75	18.226599999999998
1657173	9000.0	5	4000.0	0.9038	18.2266	2.25	21.3804
1671628	4000.0	5	4000.0	0.4038	21.3804	1.0	22.784200000000002
1797269	8000.0	5	4000.0	0.8038	22.7842	2.0	25.587999999999997
1804796	7000.0	5	4000.0	0.7038	25.588	1.75	28.041800000000002
1774468	8000.0	5	4000.0	0.8038	28.0418	2.0	30.845599999999997
1824382	10000.0	5	4000.0	1.0038	30.8456	2.5	34.3494
1651261	15000.0	5	4000.0	1.5038	34.3494	3.75	39.6032
1834121	11000.0	5	4000.0	1.1038	39.6032	2.75	43.457
1788608	7000.0	5	4000.0	0.7038	43.457	1.75	45.9108
1772995	8000.0	5	4000.0	0.8038	45.9108	2.0	48.714600000000004
1785517	10000.0	5	4000.0	1.0038	48.7146	2.5	52.218399999999995
1710547	7000.0	5	4000.0	0.7038	52.2184	1.75	54.672200000000004
1651168	5000.0	5	4000.0	0.5038	54.6722	1.25	56.425999999999995
1737903	6000.0	5	4000.0	0.6038	56.426	1.5	58.5298
1637020	8000.0	5	4000.0	0.8038	58.5298	2.0	61.333600000000004
1693094	12000.0	5	4000.0	1.2038	61.3336	3.0	65.53739999999999
1840115	6000.0	5	4000.0	0.6038	65.5374	1.5	67.64120000000001
1646258	8000.0	5	4000.0	0.8038	67.6412	2.0	70.445
1689375	8000.0	5	4000.0	0.8038	70.445	2.0	73.24879999999999
1644948	6000.0	5	4000.0	0.6038	73.2488	1.5	75.35260000000001
1684805	8000.0	5	4000.0	0.8038	75.3526	2.0	78.15639999999999
1650044	10000.0	5	4000.0	1.0038	78.1564	2.5	81.6602
1685541	6000.0	5	4000.0	0.6038	81.6602	1.5	83.76400000000001
1825616	5000.0	5	4000.0	0.5038	83.764	1.25	85.5178
1757071	9000.0	5	4000.0	0.9038	85.5178	2.25	88.6716
1724288	11000.0	5	4000.0	1.1038	88.6716	2.75	92.5254
1644604	14000.0	5	4000.0	1.4038	92.5254	3.5	97.42920000000001
1668345	8000.0	5	4000.0	0.8038	97.4292	2.0	100.23299999999999
1844260	13000.0	5	4000.0	1.3038	100.233	3.25	104.7868
1786624	8000.0	5	4000.0	0.8038	104.7868	2.0	107.5906
1723753	6000.0	5	4000.0	0.6038	107.5906	1.5	109.6944
1801406	7000.0	5	4000.0	0.7038	109.6944	1.75	112.1482
1697139	8000.0	5	4000.0	0.8038	112.1482	2.0	114.952
1815222	11000.0	5	4000.0	1.1038	114.952	2.75	118.8058
1727428	6000.0	5	4000.0	0.6038	118.8058	1.5	120.90960000000001
1727981	8000.0	5	4000.0	0.8038	120.9096	2.0	123.7134
1636262	10000.0	5	4000.0	1.0038	123.7134	2.5	127.21719999999999
1694158	8000.0	5	4000.0	0.8038	127.2172	2.0	130.02100000000002
1660696	8000.0	5	4000.0	0.8038	130.021	2.0	132.82479999999998
1723542	16000.0	5	4000.0	1.6038	132.8248	4.0	138.42860000000002
1756213	8000.0	5	4000.0	0.8038	138.4286	2.0	141.23239999999998
1789040	10000.0	5	4000.0	1.0038	141.2324	2.5	144.73620000000003
1691580	11000.0	5	4000.0	1.1038	144.7362	2.75	148.59
1810470	10000.0	5	4000.0	1.0038	148.59	2.5	152.09380000000002
1637673	8000.0	5	4000.0	0.8038	152.0938	2.0	154.89759999999998
1726737	6000.0	5	4000.0	0.6038	154.8976	1.5	157.00140000000002
1653378	7000.0	5	4000.0	0.7038	157.0014	1.75	159.4552
1775334	7000.0	5	4000.0	0.7038	159.4552	1.75	161.909
1791353	13000.0	5	4000.0	1.3038	161.909	3.25	166.4628
1745174	14000.0	5	4000.0	1.4038	166.4628	3.5	171.36659999999998
1671903	7000.0	5	4000.0	0.7038	171.3666	1.75	173.8204
1658286	7000.0	5	4000.0	0.7038	173.8204	1.75	176.2742
1717981	8000.0	5	4000.0	0.8038	176.2742	2.0	179.078
1679971	7000.0	5	4000.0	0.7038	179.078	1.75	181.5318
1845547	10000.0	5	4000.0	1.0038	181.5318	2.5	185.03560000000002
1656345	10000.0	5	4000.0	1.0038	185.0356	2.5	188.5394
1679398	10000.0	5	4000.0	1.0038	188.5394	2.5	192.0432
1803778	6000.0	5	4000.0	0.6038	192.0432	1.5	194.14700000000002
1672045	6000.0	5	4000.0	0.6038	194.147	1.5	196.2508
1744030	12000.0	5	4000.0	1.2038	196.2508	3.0	200.4546
1757345	8000.0	6	5000.0	0.8038	0	1.6	2.4038
1693293	8000.0	6	5000.0	0.8038	2.4038	1.6	4.8076
1716047	6000.0	6	5000.0	0.6038	4.8076	1.2	6.6114
1640539	10000.0	6	5000.0	1.0038	6.6114	2.0	9.6152
1747389	9000.0	6	5000.0	0.9038	9.6152	1.8	12.319
1652194	10000.0	6	5000.0	1.0038	12.319	2.0	15.3228
1731240	10000.0	6	5000.0	1.0038	15.3228	2.0	18.3266
1663963	8000.0	6	5000.0	0.8038	18.3266	1.6	20.7304
1753822	8000.0	6	5000.0	0.8038	20.7304	1.6	23.1342
1715554	9000.0	6	5000.0	0.9038	23.1342	1.8	25.838
1764626	7000.0	6	5000.0	0.7038	25.838	1.4	27.9418
1752719	11000.0	6	5000.0	1.1038	27.9418	2.2	31.2456
1758210	10000.0	6	5000.0	1.0038	31.2456	2.0	34.2494
1798225	8000.0	6	5000.0	0.8038	34.2494	1.6	36.653200000000005
1829712	9000.0	6	5000.0	0.9038	36.6532	1.8	39.35699999999999
1650279	11000.0	6	5000.0	1.1038	39.357	2.2	42.6608
1714270	8000.0	6	5000.0	0.8038	42.6608	1.6	45.064600000000006
1687503	6000.0	6	5000.0	0.6038	45.0646	1.2	46.8684
1716631	12000.0	6	5000.0	1.2038	46.8684	2.4	50.4722
1657449	9000.0	6	5000.0	0.9038	50.4722	1.8	53.175999999999995
1785819	8000.0	6	5000.0	0.8038	53.176	1.6	55.579800000000006
1675594	13000.0	6	5000.0	1.3038	55.5798	2.6	59.4836
1738413	10000.0	6	5000.0	1.0038	59.4836	2.0	62.4874
1752682	9000.0	6	5000.0	0.9038	62.4874	1.8	65.1912
1768834	9000.0	6	5000.0	0.9038	65.1912	1.8	67.895
1658432	10000.0	6	5000.0	1.0038	67.895	2.0	70.8988
1736749	11000.0	6	5000.0	1.1038	70.8988	2.2	74.2026
1684335	8000.0	6	5000.0	0.8038	74.2026	1.6	76.6064
1650896	8000.0	6	5000.0	0.8038	76.6064	1.6	79.01019999999998
1790744	7000.0	6	5000.0	0.7038	79.0102	1.4	81.114
1729694	8000.0	6	5000.0	0.8038	81.114	1.6	83.5178
1816655	6000.0	6	5000.0	0.6038	83.5178	1.2	85.3216
1770499	4000.0	6	5000.0	0.4038	85.3216	0.8	86.5254
1676781	9000.0	6	5000.0	0.9038	86.5254	1.8	89.2292
1734452	9000.0	6	5000.0	0.9038	89.2292	1.8	91.933
1673626	7000.0	6	5000.0	0.7038	91.933	1.4	94.03680000000001
1727922	7000.0	6	5000.0	0.7038	94.0368	1.4	96.1406
1705988	10000.0	6	5000.0	1.0038	96.1406	2.0	99.1444
1718147	14000.0	6	5000.0	1.4038	99.1444	2.8	103.3482
1846864	8000.0	6	5000.0	0.8038	103.3482	1.6	105.752
1825465	9000.0	6	5000.0	0.9038	105.752	1.8	108.4558
1752040	12000.0	6	5000.0	1.2038	108.4558	2.4	112.0596
1672746	7000.0	6	5000.0	0.7038	112.0596	1.4	114.16340000000001
1789945	6000.0	6	5000.0	0.6038	114.1634	1.2	115.9672
1746752	8000.0	6	5000.0	0.8038	115.9672	1.6	118.371
1721883	5000.0	6	5000.0	0.5038	118.371	1.0	119.8748
1653191	9000.0	6	5000.0	0.9038	119.8748	1.8	122.5786
1677643	4000.0	6	5000.0	0.4038	122.5786	0.8	123.7824
1750147	7000.0	7	5000.0	0.7038	0	1.4	2.1037999999999997
1749118	9000.0	7	5000.0	0.9038	2.1038	1.8	4.8076
1708048	8000.0	7	5000.0	0.8038	4.8076	1.6	7.211399999999999
1742804	8000.0	7	5000.0	0.8038	7.2114	1.6	9.6152
1787798	10000.0	7	5000.0	1.0038	9.6152	2.0	12.619
1739349	8000.0	7	5000.0	0.8038	12.619	1.6	15.0228
1759469	13000.0	7	5000.0	1.3038	15.0228	2.6	18.9266
1646910	8000.0	7	5000.0	0.8038	18.9266	1.6	21.3304
1695165	9000.0	7	5000.0	0.9038	21.3304	1.8	24.034200000000002
1851370	6000.0	7	5000.0	0.6038	24.0342	1.2	25.837999999999997
1751645	12000.0	7	5000.0	1.2038	25.838	2.4	29.4418
1738690	6000.0	7	5000.0	0.6038	29.4418	1.2	31.2456
1820713	12000.0	7	5000.0	1.2038	31.2456	2.4	34.849399999999996
1768696	6000.0	7	5000.0	0.6038	34.8494	1.2	36.653200000000005
1845583	7000.0	7	5000.0	0.7038	36.6532	1.4	38.757
1845153	9000.0	7	5000.0	0.9038	38.757	1.8	41.46079999999999
1654958	10000.0	7	5000.0	1.0038	41.4608	2.0	44.4646
1784202	7000.0	7	5000.0	0.7038	44.4646	1.4	46.5684
1710323	6000.0	7	5000.0	0.6038	46.5684	1.2	48.3722
1797136	9000.0	7	5000.0	0.9038	48.3722	1.8	51.07599999999999
1788767	8000.0	7	5000.0	0.8038	51.076	1.6	53.479800000000004
1700098	7000.0	7	5000.0	0.7038	53.4798	1.4	55.5836
1771342	13000.0	7	5000.0	1.3038	55.5836	2.6	59.4874
1773773	9000.0	7	5000.0	0.9038	59.4874	1.8	62.191199999999995
1700505	10000.0	7	5000.0	1.0038	62.1912	2.0	65.195
1695370	9000.0	7	5000.0	0.9038	65.195	1.8	67.8988
1701433	6000.0	7	5000.0	0.6038	67.8988	1.2	69.7026
1752172	8000.0	7	5000.0	0.8038	69.7026	1.6	72.1064
1715487	7000.0	7	5000.0	0.7038	72.1064	1.4	74.2102
1757499	7000.0	7	5000.0	0.7038	74.2102	1.4	76.31400000000001
1740733	7000.0	7	5000.0	0.7038	76.314	1.4	78.4178
1638619	8000.0	7	5000.0	0.8038	78.4178	1.6	80.82159999999999
1662250	8000.0	7	5000.0	0.8038	80.8216	1.6	83.2254
1646225	7000.0	7	5000.0	0.7038	83.2254	1.4	85.3292
1814432	6000.0	7	5000.0	0.6038	85.3292	1.2	87.13300000000001
1724387	13000.0	7	5000.0	1.3038	87.133	2.6	91.03679999999999
1743195	8000.0	7	5000.0	0.8038	91.0368	1.6	93.44059999999999
1673674	8000.0	7	5000.0	0.8038	93.4406	1.6	95.8444
1847332	4000.0	7	5000.0	0.4038	95.8444	0.8	97.0482
1661942	8000.0	7	5000.0	0.8038	97.0482	1.6	99.45199999999998
1802143	7000.0	7	5000.0	0.7038	99.452	1.4	101.5558
1649191	8000.0	7	5000.0	0.8038	101.5558	1.6	103.9596
1668301	7000.0	7	5000.0	0.7038	103.9596	1.4	106.0634
1654318	6000.0	7	5000.0	0.6038	106.0634	1.2	107.86720000000001
1646126	8000.0	7	5000.0	0.8038	107.8672	1.6	110.27099999999999
1696383	6000.0	7	5000.0	0.6038	110.271	1.2	112.07480000000001
1767146	7000.0	7	5000.0	0.7038	112.0748	1.4	114.1786
1734604	8000.0	7	5000.0	0.8038	114.1786	1.6	116.58239999999999
1750855	9000.0	7	5000.0	0.9038	116.5824	1.8	119.28620000000001
1757149	6000.0	7	5000.0	0.6038	119.2862	1.2	121.09
1683738	10000.0	7	5000.0	1.0038	121.09	2.0	124.0938
1698890	9000.0	7	5000.0	0.9038	124.0938	1.8	126.7976
1664308	8000.0	7	5000.0	0.8038	126.7976	1.6	129.2014
1829835	6000.0	7	5000.0	0.6038	129.2014	1.2	131.0052
1835280	7000.0	7	5000.0	0.7038	131.0052	1.4	133.109
1668597	6000.0	7	5000.0	0.6038	133.109	1.2	134.9128
1649652	13000.0	7	5000.0	1.3038	134.9128	2.6	138.8166
1672635	10000.0	7	5000.0	1.0038	138.8166	2.0	141.8204
1816177	8000.0	7	5000.0	0.8038	141.8204	1.6	144.2242
1686215	9000.0	7	5000.0	0.9038	144.2242	1.8	146.928
1780941	10000.0	7	5000.0	1.0038	146.928	2.0	149.9318
1839700	7000.0	8	5000.0	0.7067	0	1.4	2.1067
1720059	9000.0	8	5000.0	0.9067	2.1067	1.8	4.8134
1648161	9000.0	8	5000.0	0.9067	4.8134	1.8	7.520099999999999
1657899	8000.0	8	5000.0	0.8067	7.5201	1.6	9.9268
1821682	7000.0	8	5000.0	0.7067	9.9268	1.4	12.0335
1703146	10000.0	8	5000.0	1.0067	12.0335	2.0	15.0402
1692106	12000.0	8	5000.0	1.2067	15.0402	2.4	18.6469
1699521	11000.0	8	5000.0	1.1067	18.6469	2.2	21.953599999999998
1759689	10000.0	8	5000.0	1.0067	21.9536	2.0	24.9603
1747793	7000.0	8	5000.0	0.7067	24.9603	1.4	27.067
1785788	8000.0	8	5000.0	0.8067	27.067	1.6	29.4737
1649047	6000.0	8	5000.0	0.6067	29.4737	1.2	31.2804
1838295	8000.0	8	5000.0	0.8067	31.2804	1.6	33.6871
1704444	7000.0	8	5000.0	0.7067	33.6871	1.4	35.7938
1788735	9000.0	8	5000.0	0.9067	35.7938	1.8	38.500499999999995
1785453	6000.0	8	5000.0	0.6067	38.5005	1.2	40.30720000000001
1649591	8000.0	8	5000.0	0.8067	40.3072	1.6	42.7139
1845218	11000.0	8	5000.0	1.1067	42.7139	2.2	46.0206
1717557	14000.0	8	5000.0	1.4067	46.0206	2.8	50.2273
1741333	9000.0	8	5000.0	0.9067	50.2273	1.8	52.934
1677063	7000.0	8	5000.0	0.7067	52.934	1.4	55.040699999999994
1848963	7000.0	8	5000.0	0.7067	55.0407	1.4	57.1474
1825064	10000.0	8	5000.0	1.0067	57.1474	2.0	60.1541
1662219	9000.0	8	5000.0	0.9067	60.1541	1.8	62.8608
1806711	9000.0	8	5000.0	0.9067	62.8608	1.8	65.5675
1842312	7000.0	8	5000.0	0.7067	65.5675	1.4	67.6742
1677399	7000.0	8	5000.0	0.7067	67.6742	1.4	69.7809
1650889	10000.0	8	5000.0	1.0067	69.7809	2.0	72.7876
1823615	7000.0	8	5000.0	0.7067	72.7876	1.4	74.8943
1727813	8000.0	8	5000.0	0.8067	74.8943	1.6	77.301
1816688	10000.0	8	5000.0	1.0067	77.301	2.0	80.3077
1766849	9000.0	8	5000.0	0.9067	80.3077	1.8	83.0144
1847258	6000.0	8	5000.0	0.6067	83.0144	1.2	84.8211
1669003	7000.0	8	5000.0	0.7067	84.8211	1.4	86.9278
1676921	15000.0	8	5000.0	1.5067	86.9278	3.0	91.4345
1656294	10000.0	8	5000.0	1.0067	91.4345	2.0	94.4412
1803119	5000.0	8	5000.0	0.5067	94.4412	1.0	95.94789999999999
1800433	10000.0	8	5000.0	1.0067	95.9479	2.0	98.9546
1800567	10000.0	8	5000.0	1.0067	98.9546	2.0	101.9613
1770778	8000.0	8	5000.0	0.8067	101.9613	1.6	104.368
1789908	7000.0	8	5000.0	0.7067	104.368	1.4	106.4747
1767871	6000.0	8	5000.0	0.6067	106.4747	1.2	108.2814
1638323	14000.0	8	5000.0	1.4067	108.2814	2.8	112.4881
1699262	10000.0	8	5000.0	1.0067	112.4881	2.0	115.4948
1639452	7000.0	9	6000.0	0.7067	0	1.1667	1.8734000000000002
1839063	8000.0	9	6000.0	0.8067	1.8734	1.3333	4.0134
1819367	8000.0	9	6000.0	0.8067	4.0134	1.3333	6.1533999999999995
1707747	11000.0	9	6000.0	1.1067	6.1534	1.8333	9.0934
1663751	8000.0	9	6000.0	0.8067	9.0934	1.3333	11.2334
1791530	10000.0	9	6000.0	1.0067	11.2334	1.6667	13.9068
1742449	9000.0	9	6000.0	0.9067	13.9068	1.5	16.3135
1848487	6000.0	9	6000.0	0.6067	16.3135	1.0	17.9202
1726368	7000.0	9	6000.0	0.7067	17.9202	1.1667	19.7936
1826023	7000.0	9	6000.0	0.7067	19.7936	1.1667	21.667
1747998	10000.0	9	6000.0	1.0067	21.667	1.6667	24.3404
1812547	8000.0	9	6000.0	0.8067	24.3404	1.3333	26.4804
1693514	8000.0	9	6000.0	0.8067	26.4804	1.3333	28.6204
1804827	8000.0	9	6000.0	0.8067	28.6204	1.3333	30.7604
1639361	8000.0	9	6000.0	0.8067	30.7604	1.3333	32.9004
1647582	8000.0	9	6000.0	0.8067	32.9004	1.3333	35.0404
1823966	7000.0	9	6000.0	0.7067	35.0404	1.1667	36.913799999999995
1641179	9000.0	9	6000.0	0.9067	36.9138	1.5	39.3205
1833192	8000.0	9	6000.0	0.8067	39.3205	1.3333	41.4605
1675488	7000.0	9	6000.0	0.7067	41.4605	1.1667	43.3339
1812970	8000.0	9	6000.0	0.8067	43.3339	1.3333	45.4739
1641360	8000.0	9	6000.0	0.8067	45.4739	1.3333	47.6139
1665460	8000.0	9	6000.0	0.8067	47.6139	1.3333	49.7539
1748307	7000.0	9	6000.0	0.7067	49.7539	1.1667	51.6273
1799138	13000.0	9	6000.0	1.3067	51.6273	2.1667	55.100699999999996
1850541	15000.0	9	6000.0	1.5067	55.1007	2.5	59.107400000000005
1693117	15000.0	9	6000.0	1.5067	59.1074	2.5	63.1141
1791806	9000.0	9	6000.0	0.9067	63.1141	1.5	65.5208
1837393	7000.0	9	6000.0	0.7067	65.5208	1.1667	67.3942
1766116	7000.0	9	6000.0	0.7067	67.3942	1.1667	69.2676
1729058	9000.0	9	6000.0	0.9067	69.2676	1.5	71.6743
1702262	11000.0	9	6000.0	1.1067	71.6743	1.8333	74.6143
1816227	12000.0	9	6000.0	1.2067	74.6143	2.0	77.821
1786813	7000.0	9	6000.0	0.7067	77.821	1.1667	79.6944
1783542	7000.0	9	6000.0	0.7067	79.6944	1.1667	81.5678
1728158	9000.0	9	6000.0	0.9067	81.5678	1.5	83.9745
1740489	8000.0	9	6000.0	0.8067	83.9745	1.3333	86.1145
1705783	12000.0	9	6000.0	1.2067	86.1145	2.0	89.3212
1780761	9000.0	9	6000.0	0.9067	89.3212	1.5	91.7279
1780393	6000.0	9	6000.0	0.6067	91.7279	1.0	93.33460000000001
1812247	9000.0	9	6000.0	0.9067	93.3346	1.5	95.7413
1779569	8000.0	9	6000.0	0.8067	95.7413	1.3333	97.8813
1636804	8000.0	9	6000.0	0.8067	97.8813	1.3333	100.0213
1801980	8000.0	9	6000.0	0.8067	100.0213	1.3333	102.1613
1762694	10000.0	9	6000.0	1.0067	102.1613	1.6667	104.8347
1717629	9000.0	9	6000.0	0.9067	104.8347	1.5	107.2414
1693961	7000.0	9	6000.0	0.7067	107.2414	1.1667	109.1148
1706515	11000.0	9	6000.0	1.1067	109.1148	1.8333	112.0548
1655519	9000.0	9	6000.0	0.9067	112.0548	1.5	114.4615
1638354	8000.0	9	6000.0	0.8067	114.4615	1.3333	116.6015
1761733	6000.0	9	6000.0	0.6067	116.6015	1.0	118.2082
1747142	8000.0	9	6000.0	0.8067	118.2082	1.3333	120.3482
1803798	7000.0	9	6000.0	0.7067	120.3482	1.1667	122.22160000000001
1728432	12000.0	9	6000.0	1.2067	122.2216	2.0	125.4283
1651084	9000.0	9	6000.0	0.9067	125.4283	1.5	127.835
1665820	7000.0	9	6000.0	0.7067	127.835	1.1667	129.70839999999998
1809258	10000.0	9	6000.0	1.0067	129.7084	1.6667	132.3818
1650207	8000.0	9	6000.0	0.8067	132.3818	1.3333	134.5218
1792351	7000.0	9	6000.0	0.7067	134.5218	1.1667	136.39520000000002
1800175	7000.0	10	6000.0	0.7067	0	1.1667	1.8734000000000002
1795457	10000.0	10	6000.0	1.0067	1.8734	1.6667	4.546799999999999
1809544	8000.0	10	6000.0	0.8067	4.5468	1.3333	6.6868
1671351	7000.0	10	6000.0	0.7067	6.6868	1.1667	8.5602
1683427	7000.0	10	6000.0	0.7067	8.5602	1.1667	10.4336
1851201	11000.0	10	6000.0	1.1067	10.4336	1.8333	13.3736
1774591	8000.0	10	6000.0	0.8067	13.3736	1.3333	15.513599999999999
1768997	6000.0	10	6000.0	0.6067	15.5136	1.0	17.1203
1721235	9000.0	10	6000.0	0.9067	17.1203	1.5	19.527
1752240	8000.0	10	6000.0	0.8067	19.527	1.3333	21.667
1791968	10000.0	10	6000.0	1.0067	21.667	1.6667	24.3404
1838487	9000.0	10	6000.0	0.9067	24.3404	1.5	26.7471
1796437	8000.0	10	6000.0	0.8067	26.7471	1.3333	28.8871
1771950	7000.0	10	6000.0	0.7067	28.8871	1.1667	30.7605
1750562	8000.0	10	6000.0	0.8067	30.7605	1.3333	32.9005
1637906	8000.0	10	6000.0	0.8067	32.9005	1.3333	35.0405
1726087	7000.0	10	6000.0	0.7067	35.0405	1.1667	36.9139
1737599	10000.0	10	6000.0	1.0067	36.9139	1.6667	39.5873
1687483	7000.0	10	6000.0	0.7067	39.5873	1.1667	41.460699999999996
1830913	8000.0	10	6000.0	0.8067	41.4607	1.3333	43.6007
1772560	12000.0	10	6000.0	1.2067	43.6007	2.0	46.8074
1660440	8000.0	10	6000.0	0.8067	46.8074	1.3333	48.9474
1697766	10000.0	10	6000.0	1.0067	48.9474	1.6667	51.6208
1837815	8000.0	10	6000.0	0.8067	51.6208	1.3333	53.7608
1841455	10000.0	10	6000.0	1.0067	53.7608	1.6667	56.434200000000004
1696635	12000.0	10	6000.0	1.2067	56.4342	2.0	59.640899999999995
1773778	8000.0	10	6000.0	0.8067	59.6409	1.3333	61.7809
1682395	9000.0	10	6000.0	0.9067	61.7809	1.5	64.1876
1639997	9000.0	10	6000.0	0.9067	64.1876	1.5	66.5943
1811201	10000.0	10	6000.0	1.0067	66.5943	1.6667	69.2677
1788047	6000.0	10	6000.0	0.6067	69.2677	1.0	70.87440000000001
1785917	7000.0	10	6000.0	0.7067	70.8744	1.1667	72.7478
1818181	10000.0	10	6000.0	1.0067	72.7478	1.6667	75.4212
1805781	10000.0	10	6000.0	1.0067	75.4212	1.6667	78.0946
1831270	8000.0	10	6000.0	0.8067	78.0946	1.3333	80.2346
1803943	10000.0	10	6000.0	1.0067	80.2346	1.6667	82.908
1802454	8000.0	10	6000.0	0.8067	82.908	1.3333	85.048
1802491	7000.0	10	6000.0	0.7067	85.048	1.1667	86.9214
1827638	6000.0	10	6000.0	0.6067	86.9214	1.0	88.52810000000001
1733123	12000.0	10	6000.0	1.2067	88.5281	2.0	91.73479999999999
1777246	9000.0	10	6000.0	0.9067	91.7348	1.5	94.14150000000001
1760499	5000.0	10	6000.0	0.5067	94.1415	0.8333	95.48149999999998
1689825	5000.0	10	6000.0	0.5067	95.4815	0.8333	96.82149999999999
1672522	12000.0	10	6000.0	1.2067	96.8215	2.0	100.0282
1685073	8000.0	10	6000.0	0.8067	100.0282	1.3333	102.1682
1702600	9000.0	10	6000.0	0.9067	102.1682	1.5	104.5749
1816674	7000.0	10	6000.0	0.7067	104.5749	1.1667	106.4483
1763318	13000.0	10	6000.0	1.3067	106.4483	2.1667	109.92170000000002
1817198	6000.0	10	6000.0	0.6067	109.9217	1.0	111.5284
1750752	7000.0	10	6000.0	0.7067	111.5284	1.1667	113.40180000000001
1778782	9000.0	10	6000.0	0.9067	113.4018	1.5	115.8085
1643547	10000.0	10	6000.0	1.0067	115.8085	1.6667	118.4819
1655501	8000.0	10	6000.0	0.8067	118.4819	1.3333	120.6219
1778818	6000.0	10	6000.0	0.6067	120.6219	1.0	122.2286
1735949	9000.0	10	6000.0	0.9067	122.2286	1.5	124.6353
1755534	6000.0	10	6000.0	0.6067	124.6353	1.0	126.242
1741529	14000.0	10	6000.0	1.4067	126.242	2.3333	129.982
1706869	7000.0	10	6000.0	0.7067	129.982	1.1667	131.8554
1755512	10000.0	10	6000.0	1.0067	131.8554	1.6667	134.5288
1704815	9000.0	10	6000.0	0.9067	134.5288	1.5	136.9355
1735968	12000.0	10	6000.0	1.2067	136.9355	2.0	140.1422
1842078	7000.0	10	6000.0	0.7067	140.1422	1.1667	142.0156
1795507	9000.0	11	6000.0	0.9067	0	1.5	2.4067
1747469	10000.0	11	6000.0	1.0067	2.4067	1.6667	5.0801
1846114	15000.0	11	6000.0	1.5067	5.0801	2.5	9.0868
1774113	9000.0	11	6000.0	0.9067	9.0868	1.5	11.493500000000001
1725788	10000.0	11	6000.0	1.0067	11.4935	1.6667	14.1669
1753907	8000.0	11	6000.0	0.8067	14.1669	1.3333	16.3069
1693482	6000.0	11	6000.0	0.6067	16.3069	1.0	17.9136
1748036	8000.0	11	6000.0	0.8067	17.9136	1.3333	20.0536
1795727	7000.0	11	6000.0	0.7067	20.0536	1.1667	21.927
1751357	8000.0	11	6000.0	0.8067	21.927	1.3333	24.067
1743821	6000.0	11	6000.0	0.6067	24.067	1.0	25.6737
1687228	6000.0	11	6000.0	0.6067	25.6737	1.0	27.2804
1639757	4000.0	11	6000.0	0.4067	27.2804	0.6667	28.3538
1783177	8000.0	11	6000.0	0.8067	28.3538	1.3333	30.4938
1687958	4000.0	11	6000.0	0.4067	30.4938	0.6667	31.5672
1827975	11000.0	11	6000.0	1.1067	31.5672	1.8333	34.507200000000005
1823299	5000.0	11	6000.0	0.5067	34.5072	0.8333	35.8472
1791727	7000.0	11	6000.0	0.7067	35.8472	1.1667	37.7206
1762067	8000.0	11	6000.0	0.8067	37.7206	1.3333	39.8606
1647454	6000.0	11	6000.0	0.6067	39.8606	1.0	41.467299999999994
1833785	6000.0	11	6000.0	0.6067	41.4673	1.0	43.074
1828741	6000.0	11	6000.0	0.6067	43.074	1.0	44.6807
1708591	13000.0	11	6000.0	1.3067	44.6807	2.1667	48.1541
1670468	12000.0	11	6000.0	1.2067	48.1541	2.0	51.3608
1680662	7000.0	11	6000.0	0.7067	51.3608	1.1667	53.234199999999994
1701140	8000.0	11	6000.0	0.8067	53.2342	1.3333	55.3742
1705106	6000.0	11	6000.0	0.6067	55.3742	1.0	56.980900000000005
1639583	7000.0	11	6000.0	0.7067	56.9809	1.1667	58.854299999999995
1700015	9000.0	11	6000.0	0.9067	58.8543	1.5	61.261
1819773	8000.0	11	6000.0	0.8067	61.261	1.3333	63.401
1721075	10000.0	11	6000.0	1.0067	63.401	1.6667	66.07440000000001
1771881	8000.0	11	6000.0	0.8067	66.0744	1.3333	68.2144
1649944	16000.0	11	6000.0	1.6067	68.2144	2.6667	72.48780000000001
1666208	14000.0	11	6000.0	1.4067	72.4878	2.3333	76.22779999999999
1734954	10000.0	11	6000.0	1.0067	76.2278	1.6667	78.9012
1810356	10000.0	11	6000.0	1.0067	78.9012	1.6667	81.5746
1650458	8000.0	11	6000.0	0.8067	81.5746	1.3333	83.7146
1685644	9000.0	11	6000.0	0.9067	83.7146	1.5	86.1213
1795006	7000.0	11	6000.0	0.7067	86.1213	1.1667	87.99470000000001
1717450	7000.0	11	6000.0	0.7067	87.9947	1.1667	89.8681
1644468	7000.0	11	6000.0	0.7067	89.8681	1.1667	91.7415
1660211	11000.0	11	6000.0	1.1067	91.7415	1.8333	94.6815
1847633	12000.0	11	6000.0	1.2067	94.6815	2.0	97.8882
1825023	6000.0	11	6000.0	0.6067	97.8882	1.0	99.4949
1779896	9000.0	11	6000.0	0.9067	99.4949	1.5	101.9016
1769826	6000.0	11	6000.0	0.6067	101.9016	1.0	103.5083
1677607	7000.0	11	6000.0	0.7067	103.5083	1.1667	105.38170000000001
1691652	10000.0	11	6000.0	1.0067	105.3817	1.6667	108.0551
1703536	13000.0	11	6000.0	1.3067	108.0551	2.1667	111.52850000000001
1740207	7000.0	11	6000.0	0.7067	111.5285	1.1667	113.4019
1803730	7000.0	11	6000.0	0.7067	113.4019	1.1667	115.2753
1663501	8000.0	11	6000.0	0.8067	115.2753	1.3333	117.4153
1815913	8000.0	11	6000.0	0.8067	117.4153	1.3333	119.5553
1728400	10000.0	11	6000.0	1.0067	119.5553	1.6667	122.2287
1767814	7000.0	11	6000.0	0.7067	122.2287	1.1667	124.10210000000001
1822468	9000.0	11	6000.0	0.9067	124.1021	1.5	126.5088
1636443	9000.0	11	6000.0	0.9067	126.5088	1.5	128.9155
1643386	14000.0	11	6000.0	1.4067	128.9155	2.3333	132.65550000000002
1846908	9000.0	11	6000.0	0.9067	132.6555	1.5	135.0622
1664347	7000.0	11	6000.0	0.7067	135.0622	1.1667	136.9356
1718255	5000.0	11	6000.0	0.5067	136.9356	0.8333	138.2756
1813503	11000.0	12	6000.0	1.1	0	1.8333	2.9333
1759558	5000.0	12	6000.0	0.5	2.9333	0.8333	4.2666
1821763	7000.0	12	6000.0	0.7	4.2666	1.1667	6.1333
1844844	8000.0	12	6000.0	0.8	6.1333	1.3333	8.2666
1821466	7000.0	12	6000.0	0.7	8.2666	1.1667	10.1333
1795595	8000.0	12	6000.0	0.8	10.1333	1.3333	12.2666
1813723	9000.0	12	6000.0	0.9	12.2666	1.5	14.6666
1784791	9000.0	12	6000.0	0.9	14.6666	1.5	17.0666
1682478	6000.0	12	6000.0	0.6	17.0666	1.0	18.666600000000003
1829744	9000.0	12	6000.0	0.9	18.6666	1.5	21.066599999999998
1687666	8000.0	12	6000.0	0.8	21.0666	1.3333	23.199900000000003
1772209	11000.0	12	6000.0	1.1	23.1999	1.8333	26.133200000000002
1758084	7000.0	12	6000.0	0.7	26.1332	1.1667	27.999899999999997
1710607	13000.0	12	6000.0	1.3	27.9999	2.1667	31.4666
1757462	13000.0	12	6000.0	1.3	31.4666	2.1667	34.933299999999996
1834576	6000.0	12	6000.0	0.6	34.9333	1.0	36.533300000000004
1818133	10000.0	12	6000.0	1.0	36.5333	1.6667	39.199999999999996
1692171	8000.0	12	6000.0	0.8	39.2	1.3333	41.3333
1773779	8000.0	12	6000.0	0.8	41.3333	1.3333	43.4666
1730660	8000.0	12	6000.0	0.8	43.4666	1.3333	45.5999
1759274	8000.0	12	6000.0	0.8	45.5999	1.3333	47.7332
1635947	7000.0	12	6000.0	0.7	47.7332	1.1667	49.5999
1782958	8000.0	12	6000.0	0.8	49.5999	1.3333	51.7332
1700497	10000.0	12	6000.0	1.0	51.7332	1.6667	54.399899999999995
1700405	9000.0	12	6000.0	0.9	54.3999	1.5	56.7999
1815258	7000.0	12	6000.0	0.7	56.7999	1.1667	58.6666
1844290	8000.0	12	6000.0	0.8	58.6666	1.3333	60.7999
1656503	11000.0	12	6000.0	1.1	60.7999	1.8333	63.733200000000004
1836477	6000.0	12	6000.0	0.6	63.7332	1.0	65.33319999999999
1755205	11000.0	12	6000.0	1.1	65.3332	1.8333	68.2665
1699041	13000.0	12	6000.0	1.3	68.2665	2.1667	71.7332
1756443	9000.0	12	6000.0	0.9	71.7332	1.5	74.1332
1779698	8000.0	12	6000.0	0.8	74.1332	1.3333	76.2665
1769906	10000.0	12	6000.0	1.0	76.2665	1.6667	78.9332
1755189	6000.0	12	6000.0	0.6	78.9332	1.0	80.5332
1649193	8000.0	12	6000.0	0.8	80.5332	1.3333	82.66649999999998
1645897	8000.0	12	6000.0	0.8	82.6665	1.3333	84.79979999999999
1790659	5000.0	12	6000.0	0.5	84.7998	0.8333	86.1331
1660560	6000.0	12	6000.0	0.6	86.1331	1.0	87.7331
1746695	7000.0	12	6000.0	0.7	87.7331	1.1667	89.5998
1728574	8000.0	12	6000.0	0.8	89.5998	1.3333	91.7331
1721649	7000.0	12	6000.0	0.7	91.7331	1.1667	93.5998
1709828	12000.0	12	6000.0	1.2	93.5998	2.0	96.7998
1784141	7000.0	12	6000.0	0.7	96.7998	1.1667	98.66650000000001
1717125	4000.0	12	6000.0	0.4	98.6665	0.6667	99.73320000000001
1731504	11000.0	12	6000.0	1.1	99.7332	1.8333	102.66649999999998
1662999	7000.0	12	6000.0	0.7	102.6665	1.1667	104.53320000000001
1728429	8000.0	12	6000.0	0.8	104.5332	1.3333	106.66649999999998
1792390	6000.0	12	6000.0	0.6	106.6665	1.0	108.2665
1686804	8000.0	12	6000.0	0.8	108.2665	1.3333	110.39979999999998
1680456	7000.0	13	8000.0	0.7	0	0.875	1.575
1791271	7000.0	13	8000.0	0.7	1.575	0.875	3.15
1730519	4000.0	13	8000.0	0.4	3.15	0.5	4.05
1681803	8000.0	13	8000.0	0.8	4.05	1.0	5.85
1828271	11000.0	13	8000.0	1.1	5.85	1.375	8.325
1840839	9000.0	13	8000.0	0.9	8.325	1.125	10.35
1793485	9000.0	13	8000.0	0.9	10.35	1.125	12.375
1834236	8000.0	13	8000.0	0.8	12.375	1.0	14.175
1842912	7000.0	13	8000.0	0.7	14.175	0.875	15.75
1819299	8000.0	13	8000.0	0.8	15.75	1.0	17.55
1782847	8000.0	13	8000.0	0.8	17.55	1.0	19.35
1682946	8000.0	13	8000.0	0.8	19.35	1.0	21.150000000000002
1682948	9000.0	13	8000.0	0.9	21.15	1.125	23.174999999999997
1750637	7000.0	13	8000.0	0.7	23.175	0.875	24.75
1780125	7000.0	13	8000.0	0.7	24.75	0.875	26.325
1804510	6000.0	13	8000.0	0.6	26.325	0.75	27.675
1780421	4000.0	13	8000.0	0.4	27.675	0.5	28.575
1713584	10000.0	13	8000.0	1.0	28.575	1.25	30.825
1702660	8000.0	13	8000.0	0.8	30.825	1.0	32.625
1814862	5000.0	13	8000.0	0.5	32.625	0.625	33.75
1698824	12000.0	13	8000.0	1.2	33.75	1.5	36.45
1814838	10000.0	13	8000.0	1.0	36.45	1.25	38.7
1801502	5000.0	13	8000.0	0.5	38.7	0.625	39.825
1847641	12000.0	13	8000.0	1.2	39.825	1.5	42.525000000000006
1752273	7000.0	13	8000.0	0.7	42.525	0.875	44.1
1644699	8000.0	13	8000.0	0.8	44.1	1.0	45.9
1723856	10000.0	13	8000.0	1.0	45.9	1.25	48.15
1727648	4000.0	13	8000.0	0.4	48.15	0.5	49.05
1645928	8000.0	13	8000.0	0.8	49.05	1.0	50.849999999999994
1776869	8000.0	13	8000.0	0.8	50.85	1.0	52.65
1718548	8000.0	13	8000.0	0.8	52.65	1.0	54.449999999999996
1843858	10000.0	13	8000.0	1.0	54.45	1.25	56.7
1849357	9000.0	13	8000.0	0.9	56.7	1.125	58.725
1696246	7000.0	13	8000.0	0.7	58.725	0.875	60.300000000000004
1849501	8000.0	13	8000.0	0.8	60.3	1.0	62.099999999999994
1762486	7000.0	13	8000.0	0.7	62.1	0.875	63.675000000000004
1848888	8000.0	13	8000.0	0.8	63.675	1.0	65.475
1742062	8000.0	13	8000.0	0.8	65.475	1.0	67.27499999999999
1664373	7000.0	13	8000.0	0.7	67.275	0.875	68.85000000000001
1779073	13000.0	13	8000.0	1.3	68.85	1.625	71.77499999999999
1656319	7000.0	13	8000.0	0.7	71.775	0.875	73.35000000000001
1789227	6000.0	13	8000.0	0.6	73.35	0.75	74.69999999999999
1817540	7000.0	14	12000.0	0.7	0	0.5833	1.2833
1768012	7000.0	14	12000.0	0.7	1.2833	0.5833	2.5666
1782005	8000.0	14	12000.0	0.8	2.5666	0.6667	4.0333
1657978	9000.0	14	12000.0	0.9	4.0333	0.75	5.6833
1726283	5000.0	14	12000.0	0.5	5.6833	0.4167	6.6
1832329	10000.0	14	12000.0	1.0	6.6	0.8333	8.4333
1791519	8000.0	14	12000.0	0.8	8.4333	0.6667	9.9
1655197	8000.0	14	12000.0	0.8	9.9	0.6667	11.366700000000002
1812661	8000.0	14	12000.0	0.8	11.3667	0.6667	12.833400000000001
1695707	9000.0	14	12000.0	0.9	12.8334	0.75	14.4834
1747764	9000.0	14	12000.0	0.9	14.4834	0.75	16.1334
1675211	7000.0	14	12000.0	0.7	16.1334	0.5833	17.416700000000002
1820511	7000.0	14	12000.0	0.7	17.4167	0.5833	18.7
1791724	10000.0	14	12000.0	1.0	18.7	0.8333	20.5333
1768634	13000.0	14	12000.0	1.3	20.5333	1.0833	22.916600000000003
1804990	9000.0	14	12000.0	0.9	22.9166	0.75	24.566599999999998
1805291	12000.0	14	12000.0	1.2	24.5666	1.0	26.7666
1738829	8000.0	14	12000.0	0.8	26.7666	0.6667	28.2333
1845432	8000.0	14	12000.0	0.8	28.2333	0.6667	29.7
1802627	8000.0	14	12000.0	0.8	29.7	0.6667	31.1667
1766141	7000.0	14	12000.0	0.7	31.1667	0.5833	32.449999999999996
1729090	12000.0	14	12000.0	1.2	32.45	1.0	34.650000000000006
1790002	4000.0	14	12000.0	0.4	34.65	0.3333	35.3833
1777381	7000.0	14	12000.0	0.7	35.3833	0.5833	36.6666
1706793	8000.0	14	12000.0	0.8	36.6666	0.6667	38.1333
1658447	8000.0	14	12000.0	0.8	38.1333	0.6667	39.599999999999994
1729306	7000.0	14	12000.0	0.7	39.6	0.5833	40.883300000000006
1801353	7000.0	14	12000.0	0.7	40.8833	0.5833	42.1666
1815195	7000.0	14	12000.0	0.7	42.1666	0.5833	43.44990000000001
1649192	7000.0	14	12000.0	0.7	43.4499	0.5833	44.733200000000004
1754495	9000.0	14	12000.0	0.9	44.7332	0.75	46.383199999999995
1728571	7000.0	14	12000.0	0.7	46.3832	0.5833	47.666500000000006
1663446	8000.0	14	12000.0	0.8	47.6665	0.6667	49.133199999999995
1778822	11000.0	14	12000.0	1.1	49.1332	0.9167	51.1499
1726815	4000.0	14	12000.0	0.4	51.1499	0.3333	51.8832
1690642	5000.0	14	12000.0	0.5	51.8832	0.4167	52.7999
1777483	7000.0	14	12000.0	0.7	52.7999	0.5833	54.083200000000005
1749369	5000.0	14	12000.0	0.5	54.0832	0.4167	54.9999
1847499	6000.0	14	12000.0	0.6	54.9999	0.5	56.0999
1726395	14000.0	15	16000.0	1.4	0	0.875	2.275
1683329	7000.0	15	16000.0	0.7	2.275	0.4375	3.4124999999999996
1687102	12000.0	15	16000.0	1.2	3.4125	0.75	5.3625
1706946	10000.0	15	16000.0	1.0	5.3625	0.625	6.9875
1739545	7000.0	15	16000.0	0.7	6.9875	0.4375	8.125
1640489	11000.0	15	16000.0	1.1	8.125	0.6875	9.9125
1791847	8000.0	15	16000.0	0.8	9.9125	0.5	11.2125
1750446	11000.0	15	16000.0	1.1	11.2125	0.6875	13.0
1659885	10000.0	15	16000.0	1.0	13.0	0.625	14.625
1747628	10000.0	15	16000.0	1.0	14.625	0.625	16.25
1850730	9000.0	15	16000.0	0.9	16.25	0.5625	17.7125
1840642	11000.0	15	16000.0	1.1	17.7125	0.6875	19.5
1687695	8000.0	15	16000.0	0.8	19.5	0.5	20.8
1764521	8000.0	15	16000.0	0.8	20.8	0.5	22.1
1707311	7000.0	15	16000.0	0.7	22.1	0.4375	23.2375
1670610	10000.0	15	16000.0	1.0	23.2375	0.625	24.8625
1759397	7000.0	15	16000.0	0.7	24.8625	0.4375	26.0
1837774	9000.0	15	16000.0	0.9	26.0	0.5625	27.4625
1773209	7000.0	15	16000.0	0.7	27.4625	0.4375	28.599999999999998
1666866	8000.0	15	16000.0	0.8	28.6	0.5	29.900000000000002
1694896	12000.0	15	16000.0	1.2	29.9	0.75	31.849999999999998
1689397	8000.0	15	16000.0	0.8	31.85	0.5	33.15
1842176	9000.0	15	16000.0	0.9	33.15	0.5625	34.6125
1693912	9000.0	15	16000.0	0.9	34.6125	0.5625	36.074999999999996
1814279	8000.0	15	16000.0	0.8	36.075	0.5	37.375
1660900	13000.0	15	16000.0	1.3	37.375	0.8125	39.4875
1717475	10000.0	15	16000.0	1.0	39.4875	0.625	41.1125
1713593	12000.0	15	16000.0	1.2	41.1125	0.75	43.0625
1709905	11000.0	15	16000.0	1.1	43.0625	0.6875	44.85
1661425	8000.0	15	16000.0	0.8	44.85	0.5	46.15
1729828	7000.0	15	16000.0	0.7	46.15	0.4375	47.2875
1727678	8000.0	15	16000.0	0.8	47.2875	0.5	48.5875
1713084	7000.0	15	16000.0	0.7	48.5875	0.4375	49.725
1729764	7000.0	15	16000.0	0.7	49.725	0.4375	50.862500000000004
1790844	9000.0	15	16000.0	0.9	50.8625	0.5625	52.324999999999996
1845295	10000.0	15	16000.0	1.0	52.325	0.625	53.95
1822735	10000.0	15	16000.0	1.0	53.95	0.625	55.575
1736655	5000.0	15	16000.0	0.5	55.575	0.3125	56.3875
1688509	8000.0	15	16000.0	0.8	56.3875	0.5	57.6875
1727550	10000.0	15	16000.0	1.0	57.6875	0.625	59.3125
1836256	8000.0	15	16000.0	0.8	59.3125	0.5	60.6125
1684970	14000.0	15	16000.0	1.4	60.6125	0.875	62.887499999999996
1776511	8000.0	15	16000.0	0.8	62.8875	0.5	64.1875
1678196	7000.0	15	16000.0	0.7	64.1875	0.4375	65.325
1678267	7000.0	15	16000.0	0.7	65.325	0.4375	66.4625
1691445	5000.0	15	16000.0	0.5	66.4625	0.3125	67.275
1754461	11000.0	15	16000.0	1.1	67.275	0.6875	69.0625
1731891	6000.0	15	16000.0	0.6	69.0625	0.375	70.0375
1817256	8000.0	15	16000.0	0.8	70.0375	0.5	71.33749999999999
1755447	9000.0	15	16000.0	0.9	71.3375	0.5625	72.80000000000001
1780796	8000.0	15	16000.0	0.8	72.8	0.5	74.1
1690846	9000.0	15	16000.0	0.9	74.1	0.5625	75.5625
1803681	10000.0	15	16000.0	1.0	75.5625	0.625	77.1875
1693268	12000.0	16	18000.0	1.2058	0	0.6667	1.8725
1703001	9000.0	16	18000.0	0.9058	1.8725	0.5	3.2783
1683402	7000.0	16	18000.0	0.7058	3.2783	0.3889	4.373
1742135	6000.0	16	18000.0	0.6058	4.373	0.3333	5.312100000000001
1704087	8000.0	16	18000.0	0.8058	5.3121	0.4444	6.5623
1824246	8000.0	16	18000.0	0.8058	6.5623	0.4444	7.812499999999999
1738050	7000.0	16	18000.0	0.7058	7.8125	0.3889	8.9072
1849547	8000.0	16	18000.0	0.8058	8.9072	0.4444	10.157399999999999
1659887	9000.0	16	18000.0	0.9058	10.1574	0.5	11.5632
1768586	8000.0	16	18000.0	0.8058	11.5632	0.4444	12.8134
1666346	6000.0	16	18000.0	0.6058	12.8134	0.3333	13.7525
1846319	9000.0	16	18000.0	0.9058	13.7525	0.5	15.158299999999999
1659104	7000.0	16	18000.0	0.7058	15.1583	0.3889	16.253
1725992	7000.0	16	18000.0	0.7058	16.253	0.3889	17.3477
1716390	13000.0	16	18000.0	1.3058	17.3477	0.7222	19.375700000000002
1745960	13000.0	16	18000.0	1.3058	19.3757	0.7222	21.4037
1747730	7000.0	16	18000.0	0.7058	21.4037	0.3889	22.4984
1768713	7000.0	16	18000.0	0.7058	22.4984	0.3889	23.5931
1785052	8000.0	16	18000.0	0.8058	23.5931	0.4444	24.843300000000003
1768858	8000.0	16	18000.0	0.8058	24.8433	0.4444	26.093500000000002
1710887	6000.0	16	18000.0	0.6058	26.0935	0.3333	27.0326
1797810	12000.0	16	18000.0	1.2058	27.0326	0.6667	28.905099999999997
1799268	10000.0	16	18000.0	1.0058	28.9051	0.5556	30.4665
1838673	7000.0	16	18000.0	0.7058	30.4665	0.3889	31.5612
1757492	7000.0	16	18000.0	0.7058	31.5612	0.3889	32.655899999999995
1782891	9000.0	16	18000.0	0.9058	32.6559	0.5	34.0617
1689401	7000.0	16	18000.0	0.7058	34.0617	0.3889	35.1564
1665367	9000.0	16	18000.0	0.9058	35.1564	0.5	36.5622
1713509	11000.0	16	18000.0	1.1058	36.5622	0.6111	38.2791
1689341	7000.0	16	18000.0	0.7058	38.2791	0.3889	39.373799999999996
1824749	7000.0	16	18000.0	0.7058	39.3738	0.3889	40.4685
1698842	8000.0	16	18000.0	0.8058	40.4685	0.4444	41.7187
1655590	7000.0	16	18000.0	0.7058	41.7187	0.3889	42.813399999999994
1662129	12000.0	16	18000.0	1.2058	42.8134	0.6667	44.6859
1766329	8000.0	16	18000.0	0.8058	44.6859	0.4444	45.936099999999996
1666941	7000.0	16	18000.0	0.7058	45.9361	0.3889	47.030800000000006
1644821	6000.0	16	18000.0	0.6058	47.0308	0.3333	47.9699
1644807	8000.0	16	18000.0	0.8058	47.9699	0.4444	49.2201
1685733	10000.0	16	18000.0	1.0058	49.2201	0.5556	50.7815
1732166	7000.0	16	18000.0	0.7058	50.7815	0.3889	51.876200000000004
1842020	7000.0	16	18000.0	0.7058	51.8762	0.3889	52.97089999999999
1815928	8000.0	16	18000.0	0.8058	52.9709	0.4444	54.2211
1808174	9000.0	16	18000.0	0.9058	54.2211	0.5	55.6269
1663353	10000.0	16	18000.0	1.0058	55.6269	0.5556	57.1883
1658643	10000.0	16	18000.0	1.0058	57.1883	0.5556	58.7497
1718120	10000.0	16	18000.0	1.0058	58.7497	0.5556	60.311099999999996
1721952	8000.0	16	18000.0	0.8058	60.3111	0.4444	61.5613
1643384	6000.0	16	18000.0	0.6058	61.5613	0.3333	62.500400000000006
1803510	10000.0	16	18000.0	1.0058	62.5004	0.5556	64.0618
1684119	5000.0	16	18000.0	0.5058	64.0618	0.2778	64.8454
1724528	9000.0	16	18000.0	0.9058	64.8454	0.5	66.2512
1666310	3000.0	17	24000.0	0.3058	0	0.125	0.4308
1699432	7000.0	17	24000.0	0.7058	0.4308	0.2917	1.4283000000000001
1701202	8000.0	17	24000.0	0.8058	1.4283	0.3333	2.5673999999999997
1774012	9000.0	17	24000.0	0.9058	2.5674	0.375	3.8482000000000003
1698643	8000.0	17	24000.0	0.8058	3.8482	0.3333	4.9873
1797705	6000.0	17	24000.0	0.6058	4.9873	0.25	5.843100000000001
1719196	10000.0	17	24000.0	1.0058	5.8431	0.4167	7.265599999999999
1702006	9000.0	17	24000.0	0.9058	7.2656	0.375	8.5464
1832242	7000.0	17	24000.0	0.7058	8.5464	0.2917	9.5439
1840919	11000.0	17	24000.0	1.1058	9.5439	0.4583	11.108
1641704	5000.0	17	24000.0	0.5058	11.108	0.2083	11.8221
1659790	8000.0	17	24000.0	0.8058	11.8221	0.3333	12.9612
1743854	8000.0	17	24000.0	0.8058	12.9612	0.3333	14.100299999999999
1773007	5000.0	17	24000.0	0.5058	14.1003	0.2083	14.814400000000001
1731122	5000.0	17	24000.0	0.5058	14.8144	0.2083	15.5285
1708644	8000.0	17	24000.0	0.8058	15.5285	0.3333	16.6676
1742255	11000.0	17	24000.0	1.1058	16.6676	0.4583	18.2317
1846334	6000.0	17	24000.0	0.6058	18.2317	0.25	19.0875
1721011	9000.0	17	24000.0	0.9058	19.0875	0.375	20.368299999999998
1726122	16000.0	17	24000.0	1.6058	20.3683	0.6667	22.6408
1799503	8000.0	17	24000.0	0.8058	22.6408	0.3333	23.7799
1716650	8000.0	17	24000.0	0.8058	23.7799	0.3333	24.919000000000004
1725185	8000.0	17	24000.0	0.8058	24.919	0.3333	26.058100000000003
1796004	8000.0	17	24000.0	0.8058	26.0581	0.3333	27.197200000000002
1640149	8000.0	17	24000.0	0.8058	27.1972	0.3333	28.3363
1795906	7000.0	17	24000.0	0.7058	28.3363	0.2917	29.3338
1747580	8000.0	17	24000.0	0.8058	29.3338	0.3333	30.472900000000003
1725050	7000.0	17	24000.0	0.7058	30.4729	0.2917	31.470399999999998
1635748	8000.0	17	24000.0	0.8058	31.4704	0.3333	32.609500000000004
1800719	12000.0	17	24000.0	1.2058	32.6095	0.5	34.31529999999999
1766067	9000.0	17	24000.0	0.9058	34.3153	0.375	35.5961
1709551	6000.0	17	24000.0	0.6058	35.5961	0.25	36.4519
1694948	7000.0	17	24000.0	0.7058	36.4519	0.2917	37.449400000000004
1847733	7000.0	17	24000.0	0.7058	37.4494	0.2917	38.44689999999999
1661661	9000.0	17	24000.0	0.9058	38.4469	0.375	39.7277
1669015	8000.0	17	24000.0	0.8058	39.7277	0.3333	40.8668
1668116	8000.0	17	24000.0	0.8058	40.8668	0.3333	42.0059
1688951	8000.0	17	24000.0	0.8058	42.0059	0.3333	43.144999999999996
1684881	6000.0	17	24000.0	0.6058	43.145	0.25	44.000800000000005
1644736	10000.0	17	24000.0	1.0058	44.0008	0.4167	45.4233
1729525	11000.0	17	24000.0	1.1058	45.4233	0.4583	46.9874
1755087	6000.0	17	24000.0	0.6058	46.9874	0.25	47.8432
1644762	6000.0	17	24000.0	0.6058	47.8432	0.25	48.699000000000005
1822855	11000.0	17	24000.0	1.1058	48.699	0.4583	50.2631
1803349	8000.0	17	24000.0	0.8058	50.2631	0.3333	51.4022
1778192	11000.0	17	24000.0	1.1058	51.4022	0.4583	52.966300000000004
1846839	6000.0	17	24000.0	0.6058	52.9663	0.25	53.8221
1672988	9000.0	17	24000.0	0.9058	53.8221	0.375	55.1029
1750988	7000.0	18	30000.0	0.7058	0	0.2333	0.9391
1720003	8000.0	18	30000.0	0.8058	0.9391	0.2667	2.0116
1745633	7000.0	18	30000.0	0.7058	2.0116	0.2333	2.9507
1795498	8000.0	18	30000.0	0.8058	2.9507	0.2667	4.0232
1730174	5000.0	18	30000.0	0.5058	4.0232	0.1667	4.6956999999999995
1759720	13000.0	18	30000.0	1.3058	4.6957	0.4333	6.4348
1667804	6000.0	18	30000.0	0.6058	6.4348	0.2	7.240600000000001
1664521	7000.0	18	30000.0	0.7058	7.2406	0.2333	8.1797
1680480	7000.0	18	30000.0	0.7058	8.1797	0.2333	9.1188
1681240	7000.0	18	30000.0	0.7058	9.1188	0.2333	10.0579
1783413	13000.0	18	30000.0	1.3058	10.0579	0.4333	11.797
1838199	9000.0	18	30000.0	0.9058	11.797	0.3	13.0028
1753108	7000.0	18	30000.0	0.7058	13.0028	0.2333	13.9419
1850768	6000.0	18	30000.0	0.6058	13.9419	0.2	14.7477
1772362	8000.0	18	30000.0	0.8058	14.7477	0.2667	15.8202
1701578	6000.0	18	30000.0	0.6058	15.8202	0.2	16.625999999999998
1828288	6000.0	18	30000.0	0.6058	16.626	0.2	17.4318
1848578	7000.0	18	30000.0	0.7058	17.4318	0.2333	18.3709
1669670	10000.0	18	30000.0	1.0058	18.3709	0.3333	19.71
1812766	8000.0	18	30000.0	0.8058	19.71	0.2667	20.782500000000002
1838582	8000.0	18	30000.0	0.8058	20.7825	0.2667	21.855
1805285	12000.0	18	30000.0	1.2058	21.855	0.4	23.4608
1837849	8000.0	18	30000.0	0.8058	23.4608	0.2667	24.5333
1675725	9000.0	18	30000.0	0.9058	24.5333	0.3	25.7391
1738422	6000.0	18	30000.0	0.6058	25.7391	0.2	26.5449
1784463	5000.0	18	30000.0	0.5058	26.5449	0.1667	27.217399999999998
1655611	10000.0	18	30000.0	1.0058	27.2174	0.3333	28.556500000000003
1786533	11000.0	18	30000.0	1.1058	28.5565	0.3667	30.029
1786795	8000.0	18	30000.0	0.8058	30.029	0.2667	31.1015
1694959	9000.0	18	30000.0	0.9058	31.1015	0.3	32.3073
1800800	7000.0	18	30000.0	0.7058	32.3073	0.2333	33.246399999999994
1645847	9000.0	18	30000.0	0.9058	33.2464	0.3	34.4522
1673179	9000.0	18	30000.0	0.9058	34.4522	0.3	35.657999999999994
1779799	9000.0	18	30000.0	0.9058	35.658	0.3	36.8638
1843302	6000.0	18	30000.0	0.6058	36.8638	0.2	37.6696
1792159	7000.0	18	30000.0	0.7058	37.6696	0.2333	38.6087
1743951	6000.0	18	30000.0	0.6058	38.6087	0.2	39.414500000000004
1637666	6000.0	18	30000.0	0.6058	39.4145	0.2	40.2203
1686646	11000.0	18	30000.0	1.1058	40.2203	0.3667	41.692800000000005
1678039	9000.0	18	30000.0	0.9058	41.6928	0.3	42.898599999999995
1803753	6000.0	18	30000.0	0.6058	42.8986	0.2	43.70440000000001
1822450	10000.0	18	30000.0	1.0058	43.7044	0.3333	45.0435
1785143	6000.0	19	30000.0	0.6058	0	0.2	0.8058000000000001
1637996	6000.0	19	30000.0	0.6058	0.8058	0.2	1.6116
1839993	9000.0	19	30000.0	0.9058	1.6116	0.3	2.8173999999999997
1647026	7000.0	19	30000.0	0.7058	2.8174	0.2333	3.7565
1696228	6000.0	19	30000.0	0.6058	3.7565	0.2	4.5623000000000005
1721160	6000.0	19	30000.0	0.6058	4.5623	0.2	5.3681
1748115	9000.0	19	30000.0	0.9058	5.3681	0.3	6.5739
1640309	10000.0	19	30000.0	1.0058	6.5739	0.3333	7.913
1653042	10000.0	19	30000.0	1.0058	7.913	0.3333	9.2521
1738445	8000.0	19	30000.0	0.8058	9.2521	0.2667	10.3246
1675502	11000.0	19	30000.0	1.1058	10.3246	0.3667	11.7971
1682618	10000.0	19	30000.0	1.0058	11.7971	0.3333	13.1362
1745966	7000.0	19	30000.0	0.7058	13.1362	0.2333	14.0753
1730873	9000.0	19	30000.0	0.9058	14.0753	0.3	15.2811
1705137	8000.0	19	30000.0	0.8058	15.2811	0.2667	16.3536
1731016	13000.0	19	30000.0	1.3058	16.3536	0.4333	18.0927
1710545	10000.0	19	30000.0	1.0058	18.0927	0.3333	19.431800000000003
1738621	7000.0	19	30000.0	0.7058	19.4318	0.2333	20.3709
1788647	7000.0	19	30000.0	0.7058	20.3709	0.2333	21.31
1680639	10000.0	19	30000.0	1.0058	21.31	0.3333	22.6491
1818153	10000.0	19	30000.0	1.0058	22.6491	0.3333	23.988200000000003
1730734	5000.0	19	30000.0	0.5058	23.9882	0.1667	24.6607
1790180	7000.0	19	30000.0	0.7058	24.6607	0.2333	25.5998
1660534	7000.0	19	30000.0	0.7058	25.5998	0.2333	26.538899999999998
1659129	12000.0	19	30000.0	1.2058	26.5389	0.4	28.1447
1716314	4000.0	19	30000.0	0.4058	28.1447	0.1333	28.683799999999998
1683039	12000.0	19	30000.0	1.2058	28.6838	0.4	30.2896
1847691	7000.0	19	30000.0	0.7058	30.2896	0.2333	31.2287
1827506	4000.0	19	30000.0	0.4058	31.2287	0.1333	31.767799999999998
1734125	10000.0	19	30000.0	1.0058	31.7678	0.3333	33.1069
1662169	6000.0	19	30000.0	0.6058	33.1069	0.2	33.91270000000001
1662147	5000.0	19	30000.0	0.5058	33.9127	0.1667	34.5852
1736214	8000.0	19	30000.0	0.8058	34.5852	0.2667	35.6577
1676561	13000.0	19	30000.0	1.3058	35.6577	0.4333	37.3968
1702431	4000.0	19	30000.0	0.4058	37.3968	0.1333	37.9359
1763481	8000.0	19	30000.0	0.8058	37.9359	0.2667	39.008399999999995
1666806	6000.0	19	30000.0	0.6058	39.0084	0.2	39.81420000000001
1729419	11000.0	19	30000.0	1.1058	39.8142	0.3667	41.2867
1688277	12000.0	19	30000.0	1.2058	41.2867	0.4	42.892500000000005
1786933	11000.0	19	30000.0	1.1058	42.8925	0.3667	44.365
1777816	9000.0	19	30000.0	0.9058	44.365	0.3	45.5708
1671992	7000.0	19	30000.0	0.7058	45.5708	0.2333	46.5099
1709201	5000.0	19	30000.0	0.5058	46.5099	0.1667	47.1824
1709789	8000.0	19	30000.0	0.8058	47.1824	0.2667	48.2549
1767626	7000.0	19	30000.0	0.7058	48.2549	0.2333	49.194
1636358	10000.0	19	30000.0	1.0058	49.194	0.3333	50.533100000000005
1658607	14000.0	19	30000.0	1.4058	50.5331	0.4667	52.4056
1709787	9000.0	19	30000.0	0.9058	52.4056	0.3	53.611399999999996
