1790219	7000.0	0	500.0	0.7	0	14.0	14.7
1785669	8000.0	0	500.0	0.8	14.7	16.0	31.5
1653164	5000.0	0	500.0	0.5	31.5	10.0	42.0
1669050	6000.0	0	500.0	0.6	42.0	12.0	54.6
1654404	4000.0	0	500.0	0.4	54.6	8.0	63.0
1717908	8000.0	0	500.0	0.8	63.0	16.0	79.8
1794197	8000.0	0	500.0	0.8	79.8	16.0	96.6
1649283	7000.0	0	500.0	0.7	96.6	14.0	111.3
1642127	6000.0	0	500.0	0.6	111.3	12.0	123.89999999999999
1645829	6000.0	0	500.0	0.6	123.9	12.0	136.5
1761590	6000.0	0	500.0	0.6	136.5	12.0	149.1
1766301	7000.0	0	500.0	0.7	149.1	14.0	163.79999999999998
1693378	8000.0	0	500.0	0.8	163.8	16.0	180.60000000000002
1736442	5000.0	0	500.0	0.5	180.6	10.0	191.1
1642845	6000.0	0	500.0	0.6	191.1	12.0	203.7
1845296	7000.0	0	500.0	0.7	203.7	14.0	218.39999999999998
1637506	6000.0	0	500.0	0.6	218.4	12.0	231.0
1806476	5000.0	0	500.0	0.5	231.0	10.0	241.5
1645329	6000.0	0	500.0	0.6	241.5	12.0	254.1
1646212	6000.0	0	500.0	0.6	254.1	12.0	266.7
1682079	6000.0	0	500.0	0.6	266.7	12.0	279.3
1782931	6000.0	0	500.0	0.6	279.3	12.0	291.90000000000003
1700887	6000.0	0	500.0	0.6	291.9	12.0	304.5
1704136	6000.0	0	500.0	0.6	304.5	12.0	317.1
1747931	5000.0	0	500.0	0.5	317.1	10.0	327.6
1825443	6000.0	0	500.0	0.6	327.6	12.0	340.20000000000005
1789653	9000.0	0	500.0	0.9	340.2	18.0	359.09999999999997
1840682	7000.0	0	500.0	0.7	359.1	14.0	373.8
1676550	6000.0	0	500.0	0.6	373.8	12.0	386.40000000000003
1723483	7000.0	0	500.0	0.7	386.4	14.0	401.09999999999997
1821943	7000.0	0	500.0	0.7	401.1	14.0	415.8
1777494	6000.0	0	500.0	0.6	415.8	12.0	428.40000000000003
1732333	5000.0	0	500.0	0.5	428.4	10.0	438.9
1686922	6000.0	0	500.0	0.6	438.9	12.0	451.5
1651931	7000.0	0	500.0	0.7	451.5	14.0	466.2
1681881	8000.0	0	500.0	0.8	466.2	16.0	483.0
1799229	7000.0	1	500.0	0.7	0	14.0	14.7
1727335	6000.0	1	500.0	0.6	14.7	12.0	27.299999999999997
1690072	5000.0	1	500.0	0.5	27.3	10.0	37.8
1647199	5000.0	1	500.0	0.5	37.8	10.0	48.3
1818339	10000.0	1	500.0	1.0	48.3	20.0	69.3
1750525	6000.0	1	500.0	0.6	69.3	12.0	81.89999999999999
1713568	8000.0	1	500.0	0.8	81.9	16.0	98.7
1847999	7000.0	1	500.0	0.7	98.7	14.0	113.4
1688329	5000.0	1	500.0	0.5	113.4	10.0	123.9
1746482	8000.0	1	500.0	0.8	123.9	16.0	140.7
1716489	6000.0	1	500.0	0.6	140.7	12.0	153.29999999999998
1849386	5000.0	1	500.0	0.5	153.3	10.0	163.8
1805783	6000.0	1	500.0	0.6	163.8	12.0	176.4
1800454	5000.0	1	500.0	0.5	176.4	10.0	186.9
1662580	7000.0	1	500.0	0.7	186.9	14.0	201.6
1670939	6000.0	1	500.0	0.6	201.6	12.0	214.2
1662736	8000.0	1	500.0	0.8	214.2	16.0	231.0
1736869	6000.0	1	500.0	0.6	231.0	12.0	243.6
1727646	5000.0	1	500.0	0.5	243.6	10.0	254.1
1776149	7000.0	1	500.0	0.7	254.1	14.0	268.79999999999995
1791970	9000.0	1	500.0	0.9	268.8	18.0	287.7
1806419	5000.0	1	500.0	0.5	287.7	10.0	298.2
1717036	7000.0	1	500.0	0.7	298.2	14.0	312.9
1711163	8000.0	1	500.0	0.8	312.9	16.0	329.7
1673012	5000.0	1	500.0	0.5	329.7	10.0	340.2
1838197	6000.0	1	500.0	0.6	340.2	12.0	352.8
1782121	7000.0	1	500.0	0.7	352.8	14.0	367.5
1652383	8000.0	1	500.0	0.8	367.5	16.0	384.3
1771013	7000.0	2	1000.0	0.7	0	7.0	7.7
1714365	6000.0	2	1000.0	0.6	7.7	6.0	14.3
1708972	7000.0	2	1000.0	0.7	14.3	7.0	22.0
1830412	4000.0	2	1000.0	0.4	22.0	4.0	26.4
1694401	11000.0	2	1000.0	1.1	26.4	11.0	38.5
1705837	7000.0	2	1000.0	0.7	38.5	7.0	46.2
1764825	6000.0	2	1000.0	0.6	46.2	6.0	52.800000000000004
1660564	5000.0	2	1000.0	0.5	52.8	5.0	58.3
1677584	6000.0	2	1000.0	0.6	58.3	6.0	64.9
1790862	7000.0	2	1000.0	0.7	64.9	7.0	72.60000000000001
1750079	5000.0	2	1000.0	0.5	72.6	5.0	78.1
1816372	9000.0	2	1000.0	0.9	78.1	9.0	88.0
1707086	10000.0	2	1000.0	1.0	88.0	10.0	99.0
1789390	9000.0	2	1000.0	0.9	99.0	9.0	108.9
1792362	9000.0	2	1000.0	0.9	108.9	9.0	118.80000000000001
1785011	5000.0	2	1000.0	0.5	118.8	5.0	124.3
1834361	7000.0	2	1000.0	0.7	124.3	7.0	132.0
1721218	8000.0	2	1000.0	0.8	132.0	8.0	140.8
1835608	8000.0	2	1000.0	0.8	140.8	8.0	149.60000000000002
1687033	8000.0	2	1000.0	0.8	149.6	8.0	158.4
1817384	7000.0	2	1000.0	0.7	158.4	7.0	166.1
1840668	7000.0	2	1000.0	0.7	166.1	7.0	173.79999999999998
1687045	6000.0	2	1000.0	0.6	173.8	6.0	180.4
1762418	6000.0	2	1000.0	0.6	180.4	6.0	187.0
1677942	8000.0	2	1000.0	0.8	187.0	8.0	195.8
1693621	8000.0	2	1000.0	0.8	195.8	8.0	204.60000000000002
1764972	6000.0	2	1000.0	0.6	204.6	6.0	211.2
1719099	5000.0	2	1000.0	0.5	211.2	5.0	216.7
1708033	5000.0	3	1000.0	0.5	0	5.0	5.5
1727833	7000.0	3	1000.0	0.7	5.5	7.0	13.2
1849949	7000.0	3	1000.0	0.7	13.2	7.0	20.9
1810762	9000.0	3	1000.0	0.9	20.9	9.0	30.799999999999997
1756430	6000.0	3	1000.0	0.6	30.8	6.0	37.400000000000006
1740858	6000.0	3	1000.0	0.6	37.4	6.0	44.0
1777798	5000.0	3	1000.0	0.5	44.0	5.0	49.5
1812501	6000.0	3	1000.0	0.6	49.5	6.0	56.1
1689713	5000.0	3	1000.0	0.5	56.1	5.0	61.6
1777669	6000.0	3	1000.0	0.6	61.6	6.0	68.2
1670843	6000.0	3	1000.0	0.6	68.2	6.0	74.8
1835013	7000.0	3	1000.0	0.7	74.8	7.0	82.5
1769096	6000.0	3	1000.0	0.6	82.5	6.0	89.1
1675191	8000.0	3	1000.0	0.8	89.1	8.0	97.89999999999999
1779984	7000.0	3	1000.0	0.7	97.9	7.0	105.60000000000001
1647614	6000.0	3	1000.0	0.6	105.6	6.0	112.19999999999999
1712787	8000.0	3	1000.0	0.8	112.2	8.0	121.0
1826378	6000.0	3	1000.0	0.6	121.0	6.0	127.6
1751870	7000.0	3	1000.0	0.7	127.6	7.0	135.29999999999998
1681925	5000.0	3	1000.0	0.5	135.3	5.0	140.8
1638221	6000.0	3	1000.0	0.6	140.8	6.0	147.4
1689230	5000.0	3	1000.0	0.5	147.4	5.0	152.9
1689223	8000.0	3	1000.0	0.8	152.9	8.0	161.70000000000002
1811133	7000.0	3	1000.0	0.7	161.7	7.0	169.39999999999998
1660283	7000.0	3	1000.0	0.7	169.4	7.0	177.1
1776483	4000.0	3	1000.0	0.4	177.1	4.0	181.5
1637286	6000.0	3	1000.0	0.6	181.5	6.0	188.1
1778206	7000.0	3	1000.0	0.7	188.1	7.0	195.79999999999998
1685315	6000.0	4	4000.0	0.6038	0	1.5	2.1038
1667494	8000.0	4	4000.0	0.8038	2.1038	2.0	4.9076
1844967	5000.0	4	4000.0	0.5038	4.9076	1.25	6.6614
1813838	9000.0	4	4000.0	0.9038	6.6614	2.25	9.8152
1658153	6000.0	4	4000.0	0.6038	9.8152	1.5	11.919
1710488	12000.0	4	4000.0	1.2038	11.919	3.0	16.122799999999998
1691039	7000.0	4	4000.0	0.7038	16.1228	1.75	18.576600000000003
1830605	5000.0	4	4000.0	0.5038	18.5766	1.25	20.330399999999997
1788553	7000.0	4	4000.0	0.7038	20.3304	1.75	22.784200000000002
1809110	8000.0	4	4000.0	0.8038	22.7842	2.0	25.587999999999997
1810590	5000.0	4	4000.0	0.5038	25.588	1.25	27.3418
1799431	6000.0	4	4000.0	0.6038	27.3418	1.5	29.4456
1788839	5000.0	4	4000.0	0.5038	29.4456	1.25	31.199399999999997
1820047	6000.0	4	4000.0	0.6038	31.1994	1.5	33.303200000000004
1666485	7000.0	4	4000.0	0.7038	33.3032	1.75	35.757
1780735	5000.0	4	4000.0	0.5038	35.757	1.25	37.510799999999996
1789792	9000.0	4	4000.0	0.9038	37.5108	2.25	40.6646
1668256	9000.0	4	4000.0	0.9038	40.6646	2.25	43.8184
1709590	7000.0	4	4000.0	0.7038	43.8184	1.75	46.2722
1648083	8000.0	4	4000.0	0.8038	46.2722	2.0	49.076
1657763	6000.0	4	4000.0	0.6038	49.076	1.5	51.1798
1723179	6000.0	4	4000.0	0.6038	51.1798	1.5	53.2836
1783622	9000.0	4	4000.0	0.9038	53.2836	2.25	56.4374
1656244	7000.0	4	4000.0	0.7038	56.4374	1.75	58.8912
1700493	6000.0	4	4000.0	0.6038	58.8912	1.5	60.995
1686442	7000.0	4	4000.0	0.7038	60.995	1.75	63.4488
1827046	11000.0	4	4000.0	1.1038	63.4488	2.75	67.3026
1822061	6000.0	4	4000.0	0.6038	67.3026	1.5	69.4064
1813293	6000.0	4	4000.0	0.6038	69.4064	1.5	71.51020000000001
1811181	6000.0	4	4000.0	0.6038	71.5102	1.5	73.614
1677910	5000.0	4	4000.0	0.5038	73.614	1.25	75.3678
1663683	8000.0	5	4000.0	0.8038	0	2.0	2.8038
1790928	8000.0	5	4000.0	0.8038	2.8038	2.0	5.6076
1803775	7000.0	5	4000.0	0.7038	5.6076	1.75	8.061399999999999
1807755	6000.0	5	4000.0	0.6038	8.0614	1.5	10.1652
1757158	4000.0	5	4000.0	0.4038	10.1652	1.0	11.569
1750772	9000.0	5	4000.0	0.9038	11.569	2.25	14.722800000000001
1669082	6000.0	5	4000.0	0.6038	14.7228	1.5	16.8266
1643899	5000.0	5	4000.0	0.5038	16.8266	1.25	18.580399999999997
1686142	7000.0	5	4000.0	0.7038	18.5804	1.75	21.034200000000002
1696570	11000.0	5	4000.0	1.1038	21.0342	2.75	24.887999999999998
1775291	8000.0	5	4000.0	0.8038	24.888	2.0	27.6918
1660033	6000.0	5	4000.0	0.6038	27.6918	1.5	29.7956
1775891	7000.0	5	4000.0	0.7038	29.7956	1.75	32.2494
1836112	7000.0	5	4000.0	0.7038	32.2494	1.75	34.7032
1826811	5000.0	5	4000.0	0.5038	34.7032	1.25	36.457
1774752	7000.0	5	4000.0	0.7038	36.457	1.75	38.9108
1824390	6000.0	5	4000.0	0.6038	38.9108	1.5	41.0146
1717570	4000.0	5	4000.0	0.4038	41.0146	1.0	42.4184
1645052	8000.0	5	4000.0	0.8038	42.4184	2.0	45.2222
1817670	7000.0	5	4000.0	0.7038	45.2222	1.75	47.676
1813853	9000.0	5	4000.0	0.9038	47.676	2.25	50.8298
1821805	7000.0	6	5000.0	0.7038	0	1.4	2.1037999999999997
1638668	6000.0	6	5000.0	0.6038	2.1038	1.2	3.9076000000000004
1761250	6000.0	6	5000.0	0.6038	3.9076	1.2	5.7114
1780194	6000.0	6	5000.0	0.6038	5.7114	1.2	7.5152
1741775	7000.0	6	5000.0	0.7038	7.5152	1.4	9.619
1670633	6000.0	6	5000.0	0.6038	9.619	1.2	11.422799999999999
1734500	7000.0	6	5000.0	0.7038	11.4228	1.4	13.5266
1825163	10000.0	6	5000.0	1.0038	13.5266	2.0	16.5304
1800001	8000.0	6	5000.0	0.8038	16.5304	1.6	18.9342
1693281	7000.0	6	5000.0	0.7038	18.9342	1.4	21.038
1705435	7000.0	6	5000.0	0.7038	21.038	1.4	23.1418
1784644	4000.0	6	5000.0	0.4038	23.1418	0.8	24.3456
1691263	6000.0	6	5000.0	0.6038	24.3456	1.2	26.1494
1745852	12000.0	6	5000.0	1.2038	26.1494	2.4	29.7532
1800186	6000.0	6	5000.0	0.6038	29.7532	1.2	31.557
1755095	8000.0	6	5000.0	0.8038	31.557	1.6	33.9608
1649073	6000.0	6	5000.0	0.6038	33.9608	1.2	35.7646
1666327	7000.0	6	5000.0	0.7038	35.7646	1.4	37.8684
1836247	5000.0	6	5000.0	0.5038	37.8684	1.0	39.3722
1806342	5000.0	6	5000.0	0.5038	39.3722	1.0	40.876
1695999	5000.0	6	5000.0	0.5038	40.876	1.0	42.379799999999996
1738074	4000.0	6	5000.0	0.4038	42.3798	0.8	43.5836
1797212	5000.0	6	5000.0	0.5038	43.5836	1.0	45.087399999999995
1767082	11000.0	7	5000.0	1.1038	0	2.2	3.3038
1655885	6000.0	7	5000.0	0.6038	3.3038	1.2	5.1076
1750282	7000.0	7	5000.0	0.7038	5.1076	1.4	7.211399999999999
1850381	8000.0	7	5000.0	0.8038	7.2114	1.6	9.6152
1726769	6000.0	7	5000.0	0.6038	9.6152	1.2	11.418999999999999
1683504	6000.0	7	5000.0	0.6038	11.419	1.2	13.2228
1781619	6000.0	7	5000.0	0.6038	13.2228	1.2	15.026599999999998
1755643	7000.0	7	5000.0	0.7038	15.0266	1.4	17.130399999999998
1831683	7000.0	7	5000.0	0.7038	17.1304	1.4	19.2342
1733387	6000.0	7	5000.0	0.6038	19.2342	1.2	21.038
1837168	10000.0	7	5000.0	1.0038	21.038	2.0	24.041800000000002
1843928	7000.0	7	5000.0	0.7038	24.0418	1.4	26.145599999999998
1779779	6000.0	7	5000.0	0.6038	26.1456	1.2	27.9494
1674168	5000.0	7	5000.0	0.5038	27.9494	1.0	29.453200000000002
1773741	7000.0	7	5000.0	0.7038	29.4532	1.4	31.557
1844240	7000.0	7	5000.0	0.7038	31.557	1.4	33.660799999999995
1669274	7000.0	7	5000.0	0.7038	33.6608	1.4	35.7646
1813039	7000.0	7	5000.0	0.7038	35.7646	1.4	37.8684
1741343	7000.0	7	5000.0	0.7038	37.8684	1.4	39.9722
1696904	7000.0	7	5000.0	0.7038	39.9722	1.4	42.076
1746326	5000.0	7	5000.0	0.5038	42.076	1.0	43.5798
1674484	7000.0	7	5000.0	0.7038	43.5798	1.4	45.6836
1722368	7000.0	7	5000.0	0.7038	45.6836	1.4	47.7874
1659351	6000.0	7	5000.0	0.6038	47.7874	1.2	49.5912
1692837	7000.0	7	5000.0	0.7038	49.5912	1.4	51.695
1662977	5000.0	7	5000.0	0.5038	51.695	1.0	53.1988
1754293	5000.0	7	5000.0	0.5038	53.1988	1.0	54.7026
1752177	7000.0	7	5000.0	0.7038	54.7026	1.4	56.8064
1823619	7000.0	7	5000.0	0.7038	56.8064	1.4	58.910199999999996
1650587	6000.0	7	5000.0	0.6038	58.9102	1.2	60.714000000000006
1703439	7000.0	8	5000.0	0.7067	0	1.4	2.1067
1791368	5000.0	8	5000.0	0.5067	2.1067	1.0	3.6134
1640620	6000.0	8	5000.0	0.6067	3.6134	1.2	5.420100000000001
1750833	8000.0	8	5000.0	0.8067	5.4201	1.6	7.8268
1818099	6000.0	8	5000.0	0.6067	7.8268	1.2	9.6335
1823276	7000.0	8	5000.0	0.7067	9.6335	1.4	11.7402
1812810	7000.0	8	5000.0	0.7067	11.7402	1.4	13.8469
1750494	9000.0	8	5000.0	0.9067	13.8469	1.8	16.5536
1646585	6000.0	8	5000.0	0.6067	16.5536	1.2	18.3603
1706207	4000.0	8	5000.0	0.4067	18.3603	0.8	19.567
1640375	7000.0	8	5000.0	0.7067	19.567	1.4	21.6737
1726852	7000.0	8	5000.0	0.7067	21.6737	1.4	23.7804
1782552	8000.0	8	5000.0	0.8067	23.7804	1.6	26.1871
1755430	6000.0	8	5000.0	0.6067	26.1871	1.2	27.9938
1676747	7000.0	8	5000.0	0.7067	27.9938	1.4	30.1005
1792971	9000.0	8	5000.0	0.9067	30.1005	1.8	32.8072
1811188	7000.0	8	5000.0	0.7067	32.8072	1.4	34.9139
1747410	6000.0	8	5000.0	0.6067	34.9139	1.2	36.720600000000005
1826045	6000.0	8	5000.0	0.6067	36.7206	1.2	38.5273
1783739	8000.0	8	5000.0	0.8067	38.5273	1.6	40.934
1792138	6000.0	8	5000.0	0.6067	40.934	1.2	42.740700000000004
1729748	7000.0	8	5000.0	0.7067	42.7407	1.4	44.84739999999999
1668440	5000.0	8	5000.0	0.5067	44.8474	1.0	46.3541
1757725	7000.0	8	5000.0	0.7067	46.3541	1.4	48.4608
1851652	5000.0	8	5000.0	0.5067	48.4608	1.0	49.9675
1814649	5000.0	8	5000.0	0.5067	49.9675	1.0	51.4742
1811123	7000.0	8	5000.0	0.7067	51.4742	1.4	53.5809
1678568	8000.0	8	5000.0	0.8067	53.5809	1.6	55.9876
1645842	6000.0	9	6000.0	0.6067	0	1.0	1.6067
1689525	8000.0	9	6000.0	0.8067	1.6067	1.3333	3.7467
1796934	6000.0	9	6000.0	0.6067	3.7467	1.0	5.353400000000001
1690058	7000.0	9	6000.0	0.7067	5.3534	1.1667	7.226799999999999
1654952	7000.0	9	6000.0	0.7067	7.2268	1.1667	9.1002
1741085	5000.0	9	6000.0	0.5067	9.1002	0.8333	10.440199999999999
1657098	6000.0	9	6000.0	0.6067	10.4402	1.0	12.0469
1733839	8000.0	9	6000.0	0.8067	12.0469	1.3333	14.1869
1673805	6000.0	9	6000.0	0.6067	14.1869	1.0	15.7936
1724158	6000.0	9	6000.0	0.6067	15.7936	1.0	17.4003
1749474	5000.0	9	6000.0	0.5067	17.4003	0.8333	18.7403
1748337	5000.0	9	6000.0	0.5067	18.7403	0.8333	20.0803
1792638	5000.0	9	6000.0	0.5067	20.0803	0.8333	21.4203
1664811	5000.0	9	6000.0	0.5067	21.4203	0.8333	22.7603
1761094	8000.0	9	6000.0	0.8067	22.7603	1.3333	24.9003
1643161	6000.0	9	6000.0	0.6067	24.9003	1.0	26.507
1664134	6000.0	9	6000.0	0.6067	26.507	1.0	28.1137
1792459	4000.0	9	6000.0	0.4067	28.1137	0.6667	29.1871
1818762	7000.0	9	6000.0	0.7067	29.1871	1.1667	31.0605
1829466	6000.0	9	6000.0	0.6067	31.0605	1.0	32.6672
1671706	6000.0	9	6000.0	0.6067	32.6672	1.0	34.2739
1637736	8000.0	9	6000.0	0.8067	34.2739	1.3333	36.4139
1684988	6000.0	9	6000.0	0.6067	36.4139	1.0	38.0206
1749204	5000.0	9	6000.0	0.5067	38.0206	0.8333	39.360600000000005
1746109	7000.0	10	6000.0	0.7067	0	1.1667	1.8734000000000002
1673522	6000.0	10	6000.0	0.6067	1.8734	1.0	3.4801
1847072	8000.0	10	6000.0	0.8067	3.4801	1.3333	5.620100000000001
1691671	8000.0	10	6000.0	0.8067	5.6201	1.3333	7.7600999999999996
1646583	10000.0	10	6000.0	1.0067	7.7601	1.6667	10.4335
1843859	5000.0	10	6000.0	0.5067	10.4335	0.8333	11.7735
1788330	7000.0	10	6000.0	0.7067	11.7735	1.1667	13.6469
1788352	7000.0	10	6000.0	0.7067	13.6469	1.1667	15.5203
1848677	6000.0	10	6000.0	0.6067	15.5203	1.0	17.127000000000002
1739597	6000.0	10	6000.0	0.6067	17.127	1.0	18.7337
1790264	5000.0	10	6000.0	0.5067	18.7337	0.8333	20.0737
1688545	8000.0	10	6000.0	0.8067	20.0737	1.3333	22.2137
1799348	5000.0	10	6000.0	0.5067	22.2137	0.8333	23.5537
1788261	6000.0	10	6000.0	0.6067	23.5537	1.0	25.1604
1664806	7000.0	10	6000.0	0.7067	25.1604	1.1667	27.0338
1685672	5000.0	10	6000.0	0.5067	27.0338	0.8333	28.3738
1811774	5000.0	10	6000.0	0.5067	28.3738	0.8333	29.7138
1789531	8000.0	10	6000.0	0.8067	29.7138	1.3333	31.8538
1735183	8000.0	10	6000.0	0.8067	31.8538	1.3333	33.9938
1711727	6000.0	10	6000.0	0.6067	33.9938	1.0	35.6005
1676637	7000.0	10	6000.0	0.7067	35.6005	1.1667	37.47389999999999
1708641	8000.0	10	6000.0	0.8067	37.4739	1.3333	39.6139
1771701	7000.0	10	6000.0	0.7067	39.6139	1.1667	41.4873
1654310	8000.0	10	6000.0	0.8067	41.4873	1.3333	43.6273
1762408	7000.0	10	6000.0	0.7067	43.6273	1.1667	45.500699999999995
1798575	8000.0	10	6000.0	0.8067	45.5007	1.3333	47.6407
1735920	8000.0	10	6000.0	0.8067	47.6407	1.3333	49.7807
1736265	5000.0	11	6000.0	0.5067	0	0.8333	1.34
1769970	10000.0	11	6000.0	1.0067	1.34	1.6667	4.013400000000001
1845152	5000.0	11	6000.0	0.5067	4.0134	0.8333	5.353400000000001
1810313	6000.0	11	6000.0	0.6067	5.3534	1.0	6.9601
1667024	6000.0	11	6000.0	0.6067	6.9601	1.0	8.5668
1654867	5000.0	11	6000.0	0.5067	8.5668	0.8333	9.9068
1640043	5000.0	11	6000.0	0.5067	9.9068	0.8333	11.2468
1730402	5000.0	11	6000.0	0.5067	11.2468	0.8333	12.5868
1668680	5000.0	11	6000.0	0.5067	12.5868	0.8333	13.9268
1830279	7000.0	11	6000.0	0.7067	13.9268	1.1667	15.8002
1681662	8000.0	11	6000.0	0.8067	15.8002	1.3333	17.9402
1752216	5000.0	11	6000.0	0.5067	17.9402	0.8333	19.2802
1650535	7000.0	11	6000.0	0.7067	19.2802	1.1667	21.1536
1780494	8000.0	11	6000.0	0.8067	21.1536	1.3333	23.2936
1649051	6000.0	11	6000.0	0.6067	23.2936	1.0	24.9003
1760979	5000.0	11	6000.0	0.5067	24.9003	0.8333	26.2403
1646176	6000.0	11	6000.0	0.6067	26.2403	1.0	27.847
1842275	6000.0	11	6000.0	0.6067	27.847	1.0	29.4537
1673785	9000.0	12	6000.0	0.9	0	1.5	2.4
1643762	5000.0	12	6000.0	0.5	2.4	0.8333	3.7333
1816633	8000.0	12	6000.0	0.8	3.7333	1.3333	5.8666
1850183	7000.0	12	6000.0	0.7	5.8666	1.1667	7.7333
1847238	8000.0	12	6000.0	0.8	7.7333	1.3333	9.8666
1672560	6000.0	12	6000.0	0.6	9.8666	1.0	11.4666
1766600	6000.0	12	6000.0	0.6	11.4666	1.0	13.0666
1799677	7000.0	12	6000.0	0.7	13.0666	1.1667	14.9333
1848778	6000.0	12	6000.0	0.6	14.9333	1.0	16.533299999999997
1669799	6000.0	12	6000.0	0.6	16.5333	1.0	18.133300000000002
1649596	4000.0	12	6000.0	0.4	18.1333	0.6667	19.199999999999996
1639487	5000.0	12	6000.0	0.5	19.2	0.8333	20.5333
1717357	7000.0	12	6000.0	0.7	20.5333	1.1667	22.4
1666098	6000.0	12	6000.0	0.6	22.4	1.0	24.0
1722692	7000.0	12	6000.0	0.7	24.0	1.1667	25.866699999999998
1766654	9000.0	12	6000.0	0.9	25.8667	1.5	28.2667
1800190	8000.0	12	6000.0	0.8	28.2667	1.3333	30.400000000000002
1786969	7000.0	12	6000.0	0.7	30.4	1.1667	32.2667
1792719	6000.0	12	6000.0	0.6	32.2667	1.0	33.8667
1655287	6000.0	12	6000.0	0.6	33.8667	1.0	35.4667
1653948	8000.0	12	6000.0	0.8	35.4667	1.3333	37.6
1646215	4000.0	12	6000.0	0.4	37.6	0.6667	38.6667
1647111	6000.0	12	6000.0	0.6	38.6667	1.0	40.2667
1638782	11000.0	12	6000.0	1.1	40.2667	1.8333	43.2
1729947	6000.0	12	6000.0	0.6	43.2	1.0	44.800000000000004
1820743	6000.0	12	6000.0	0.6	44.8	1.0	46.4
1656212	7000.0	12	6000.0	0.7	46.4	1.1667	48.2667
1685746	6000.0	12	6000.0	0.6	48.2667	1.0	49.8667
1728289	7000.0	12	6000.0	0.7	49.8667	1.1667	51.7334
1665513	5000.0	12	6000.0	0.5	51.7334	0.8333	53.066700000000004
1688712	6000.0	12	6000.0	0.6	53.0667	1.0	54.6667
1669504	6000.0	13	8000.0	0.6	0	0.75	1.35
1794580	7000.0	13	8000.0	0.7	1.35	0.875	2.925
1743680	9000.0	13	8000.0	0.9	2.925	1.125	4.949999999999999
1722219	7000.0	13	8000.0	0.7	4.95	0.875	6.525
1722001	5000.0	13	8000.0	0.5	6.525	0.625	7.65
1767646	7000.0	13	8000.0	0.7	7.65	0.875	9.225
1681807	6000.0	13	8000.0	0.6	9.225	0.75	10.575
1815136	8000.0	13	8000.0	0.8	10.575	1.0	12.375
1823370	7000.0	13	8000.0	0.7	12.375	0.875	13.95
1820241	6000.0	13	8000.0	0.6	13.95	0.75	15.299999999999999
1759577	6000.0	13	8000.0	0.6	15.3	0.75	16.65
1701400	7000.0	13	8000.0	0.7	16.65	0.875	18.224999999999998
1744878	7000.0	13	8000.0	0.7	18.225	0.875	19.8
1810238	6000.0	13	8000.0	0.6	19.8	0.75	21.150000000000002
1665382	6000.0	13	8000.0	0.6	21.15	0.75	22.5
1839573	4000.0	13	8000.0	0.4	22.5	0.5	23.4
1649449	9000.0	13	8000.0	0.9	23.4	1.125	25.424999999999997
1743536	5000.0	13	8000.0	0.5	25.425	0.625	26.55
1778458	6000.0	13	8000.0	0.6	26.55	0.75	27.900000000000002
1747110	7000.0	13	8000.0	0.7	27.9	0.875	29.474999999999998
1743446	7000.0	13	8000.0	0.7	29.475	0.875	31.05
1792066	8000.0	13	8000.0	0.8	31.05	1.0	32.85
1756157	6000.0	13	8000.0	0.6	32.85	0.75	34.2
1636929	7000.0	13	8000.0	0.7	34.2	0.875	35.775000000000006
1786152	9000.0	13	8000.0	0.9	35.775	1.125	37.8
1818654	5000.0	13	8000.0	0.5	37.8	0.625	38.925
1715390	6000.0	13	8000.0	0.6	38.925	0.75	40.275
1835653	7000.0	13	8000.0	0.7	40.275	0.875	41.85
1834353	7000.0	13	8000.0	0.7	41.85	0.875	43.425000000000004
1846133	6000.0	13	8000.0	0.6	43.425	0.75	44.775
1659532	7000.0	13	8000.0	0.7	44.775	0.875	46.35
1676910	6000.0	13	8000.0	0.6	46.35	0.75	47.7
1835877	7000.0	13	8000.0	0.7	47.7	0.875	49.275000000000006
1793264	8000.0	13	8000.0	0.8	49.275	1.0	51.074999999999996
1819291	6000.0	13	8000.0	0.6	51.075	0.75	52.425000000000004
1734840	6000.0	13	8000.0	0.6	52.425	0.75	53.775
1816533	5000.0	13	8000.0	0.5	53.775	0.625	54.9
1665502	5000.0	13	8000.0	0.5	54.9	0.625	56.025
1801460	5000.0	13	8000.0	0.5	56.025	0.625	57.15
1839752	7000.0	14	12000.0	0.7	0	0.5833	1.2833
1787863	8000.0	14	12000.0	0.8	1.2833	0.6667	2.7500000000000004
1714392	8000.0	14	12000.0	0.8	2.75	0.6667	4.2166999999999994
1794792	5000.0	14	12000.0	0.5	4.2167	0.4167	5.1334
1708179	8000.0	14	12000.0	0.8	5.1334	0.6667	6.600099999999999
1771178	7000.0	14	12000.0	0.7	6.6001	0.5833	7.883400000000001
1715179	6000.0	14	12000.0	0.6	7.8834	0.5	8.9834
1668692	9000.0	14	12000.0	0.9	8.9834	0.75	10.6334
1635983	7000.0	14	12000.0	0.7	10.6334	0.5833	11.916699999999999
1687671	7000.0	14	12000.0	0.7	11.9167	0.5833	13.2
1724213	7000.0	14	12000.0	0.7	13.2	0.5833	14.483299999999998
1788575	7000.0	14	12000.0	0.7	14.4833	0.5833	15.766599999999999
1664705	5000.0	14	12000.0	0.5	15.7666	0.4167	16.6833
1821208	6000.0	14	12000.0	0.6	16.6833	0.5	17.7833
1655059	5000.0	14	12000.0	0.5	17.7833	0.4167	18.7
1707762	8000.0	14	12000.0	0.8	18.7	0.6667	20.1667
1684201	6000.0	14	12000.0	0.6	20.1667	0.5	21.2667
1792577	9000.0	14	12000.0	0.9	21.2667	0.75	22.9167
1702303	8000.0	14	12000.0	0.8	22.9167	0.6667	24.383399999999998
1745448	8000.0	14	12000.0	0.8	24.3834	0.6667	25.8501
1789506	6000.0	14	12000.0	0.6	25.8501	0.5	26.950100000000003
1664847	5000.0	14	12000.0	0.5	26.9501	0.4167	27.866799999999998
1838788	5000.0	14	12000.0	0.5	27.8668	0.4167	28.7835
1801631	8000.0	14	12000.0	0.8	28.7835	0.6667	30.2502
1810980	6000.0	14	12000.0	0.6	30.2502	0.5	31.3502
1660533	6000.0	14	12000.0	0.6	31.3502	0.5	32.4502
1835095	9000.0	15	16000.0	0.9	0	0.5625	1.4625
1759133	6000.0	15	16000.0	0.6	1.4625	0.375	2.4375
1683574	6000.0	15	16000.0	0.6	2.4375	0.375	3.4125
1776604	5000.0	15	16000.0	0.5	3.4125	0.3125	4.225
1747496	6000.0	15	16000.0	0.6	4.225	0.375	5.199999999999999
1730920	5000.0	15	16000.0	0.5	5.2	0.3125	6.0125
1807082	9000.0	15	16000.0	0.9	6.0125	0.5625	7.4750000000000005
1688343	5000.0	15	16000.0	0.5	7.475	0.3125	8.2875
1808940	6000.0	15	16000.0	0.6	8.2875	0.375	9.2625
1799696	6000.0	15	16000.0	0.6	9.2625	0.375	10.237499999999999
1848406	6000.0	15	16000.0	0.6	10.2375	0.375	11.2125
1644029	4000.0	15	16000.0	0.4	11.2125	0.25	11.8625
1849563	6000.0	15	16000.0	0.6	11.8625	0.375	12.8375
1804502	8000.0	15	16000.0	0.8	12.8375	0.5	14.137500000000001
1658546	6000.0	15	16000.0	0.6	14.1375	0.375	15.112499999999999
1706595	7000.0	15	16000.0	0.7	15.1125	0.4375	16.25
1642315	6000.0	15	16000.0	0.6	16.25	0.375	17.225
1843666	5000.0	15	16000.0	0.5	17.225	0.3125	18.0375
1664918	7000.0	15	16000.0	0.7	18.0375	0.4375	19.175
1767311	7000.0	15	16000.0	0.7	19.175	0.4375	20.3125
1779267	7000.0	15	16000.0	0.7	20.3125	0.4375	21.45
1783457	8000.0	15	16000.0	0.8	21.45	0.5	22.75
1750108	7000.0	15	16000.0	0.7	22.75	0.4375	23.8875
1735362	6000.0	15	16000.0	0.6	23.8875	0.375	24.8625
1726325	4000.0	15	16000.0	0.4	24.8625	0.25	25.5125
1840619	7000.0	15	16000.0	0.7	25.5125	0.4375	26.65
1784917	7000.0	15	16000.0	0.7	26.65	0.4375	27.787499999999998
1728476	7000.0	15	16000.0	0.7	27.7875	0.4375	28.925
1745485	8000.0	15	16000.0	0.8	28.925	0.5	30.225
1680753	4000.0	15	16000.0	0.4	30.225	0.25	30.875
1757290	6000.0	15	16000.0	0.6	30.875	0.375	31.85
1767111	6000.0	16	18000.0	0.6058	0	0.3333	0.9391
1787846	7000.0	16	18000.0	0.7058	0.9391	0.3889	2.0338000000000003
1662411	5000.0	16	18000.0	0.5058	2.0338	0.2778	2.8174
1754968	8000.0	16	18000.0	0.8058	2.8174	0.4444	4.0676000000000005
1815855	7000.0	16	18000.0	0.7058	4.0676	0.3889	5.1623
1767903	5000.0	16	18000.0	0.5058	5.1623	0.2778	5.9459
1745922	6000.0	16	18000.0	0.6058	5.9459	0.3333	6.885000000000001
1775726	9000.0	16	18000.0	0.9058	6.885	0.5	8.2908
1833633	7000.0	16	18000.0	0.7058	8.2908	0.3889	9.3855
1738798	8000.0	16	18000.0	0.8058	9.3855	0.4444	10.6357
1809044	6000.0	16	18000.0	0.6058	10.6357	0.3333	11.5748
1721536	6000.0	16	18000.0	0.6058	11.5748	0.3333	12.5139
1670155	9000.0	16	18000.0	0.9058	12.5139	0.5	13.919699999999999
1811248	7000.0	16	18000.0	0.7058	13.9197	0.3889	15.0144
1723590	7000.0	16	18000.0	0.7058	15.0144	0.3889	16.1091
1745192	6000.0	16	18000.0	0.6058	16.1091	0.3333	17.0482
1685715	7000.0	16	18000.0	0.7058	17.0482	0.3889	18.1429
1694627	6000.0	16	18000.0	0.6058	18.1429	0.3333	19.082
1801514	5000.0	16	18000.0	0.5058	19.082	0.2778	19.8656
1821924	6000.0	16	18000.0	0.6058	19.8656	0.3333	20.8047
1745515	6000.0	16	18000.0	0.6058	20.8047	0.3333	21.7438
1798715	9000.0	16	18000.0	0.9058	21.7438	0.5	23.1496
1647745	8000.0	16	18000.0	0.8058	23.1496	0.4444	24.399800000000003
1749997	6000.0	16	18000.0	0.6058	24.3998	0.3333	25.3389
1801051	6000.0	17	24000.0	0.6058	0	0.25	0.8558
1836502	6000.0	17	24000.0	0.6058	0.8558	0.25	1.7116
1794159	8000.0	17	24000.0	0.8058	1.7116	0.3333	2.8507
1804157	5000.0	17	24000.0	0.5058	2.8507	0.2083	3.5647999999999995
1750568	5000.0	17	24000.0	0.5058	3.5648	0.2083	4.2789
1844326	8000.0	17	24000.0	0.8058	4.2789	0.3333	5.418
1844227	5000.0	17	24000.0	0.5058	5.418	0.2083	6.1321
1714691	7000.0	17	24000.0	0.7058	6.1321	0.2917	7.1296
1753742	6000.0	17	24000.0	0.6058	7.1296	0.25	7.9854
1830214	9000.0	17	24000.0	0.9058	7.9854	0.375	9.2662
1783169	7000.0	17	24000.0	0.7058	9.2662	0.2917	10.2637
1737314	7000.0	17	24000.0	0.7058	10.2637	0.2917	11.2612
1756189	7000.0	17	24000.0	0.7058	11.2612	0.2917	12.258700000000001
1791840	5000.0	17	24000.0	0.5058	12.2587	0.2083	12.9728
1826368	5000.0	17	24000.0	0.5058	12.9728	0.2083	13.6869
1765836	6000.0	17	24000.0	0.6058	13.6869	0.25	14.5427
1695894	7000.0	18	30000.0	0.7058	0	0.2333	0.9391
1683577	8000.0	18	30000.0	0.8058	0.9391	0.2667	2.0116
1666738	7000.0	18	30000.0	0.7058	2.0116	0.2333	2.9507
1697282	7000.0	18	30000.0	0.7058	2.9507	0.2333	3.8897999999999997
1844007	6000.0	18	30000.0	0.6058	3.8898	0.2	4.695600000000001
1804184	5000.0	18	30000.0	0.5058	4.6956	0.1667	5.368099999999999
1815520	5000.0	18	30000.0	0.5058	5.3681	0.1667	6.0405999999999995
1833857	7000.0	18	30000.0	0.7058	6.0406	0.2333	6.9797
1693190	6000.0	18	30000.0	0.6058	6.9797	0.2	7.785500000000001
1831129	7000.0	18	30000.0	0.7058	7.7855	0.2333	8.724599999999999
1728326	6000.0	18	30000.0	0.6058	8.7246	0.2	9.5304
1808170	7000.0	18	30000.0	0.7058	9.5304	0.2333	10.4695
1824307	6000.0	18	30000.0	0.6058	10.4695	0.2	11.2753
1786658	5000.0	18	30000.0	0.5058	11.2753	0.1667	11.9478
1657673	7000.0	18	30000.0	0.7058	11.9478	0.2333	12.8869
1691999	9000.0	18	30000.0	0.9058	12.8869	0.3	14.0927
1737864	5000.0	18	30000.0	0.5058	14.0927	0.1667	14.765200000000002
1687928	8000.0	18	30000.0	0.8058	14.7652	0.2667	15.8377
1750028	6000.0	18	30000.0	0.6058	15.8377	0.2	16.6435
1822710	6000.0	18	30000.0	0.6058	16.6435	0.2	17.449299999999997
1654257	6000.0	18	30000.0	0.6058	17.4493	0.2	18.2551
1748002	7000.0	18	30000.0	0.7058	18.2551	0.2333	19.1942
1644775	5000.0	18	30000.0	0.5058	19.1942	0.1667	19.866699999999998
1701785	7000.0	19	30000.0	0.7058	0	0.2333	0.9391
1734657	8000.0	19	30000.0	0.8058	0.9391	0.2667	2.0116
1831792	7000.0	19	30000.0	0.7058	2.0116	0.2333	2.9507
1705102	14000.0	19	30000.0	1.4058	2.9507	0.4667	4.8232
1784612	7000.0	19	30000.0	0.7058	4.8232	0.2333	5.7623
1747313	6000.0	19	30000.0	0.6058	5.7623	0.2	6.5681
1663365	9000.0	19	30000.0	0.9058	6.5681	0.3	7.7739
1689878	5000.0	19	30000.0	0.5058	7.7739	0.1667	8.4464
1719761	5000.0	19	30000.0	0.5058	8.4464	0.1667	9.118900000000002
1733865	6000.0	19	30000.0	0.6058	9.1189	0.2	9.9247
1639649	6000.0	19	30000.0	0.6058	9.9247	0.2	10.7305
1707788	9000.0	19	30000.0	0.9058	10.7305	0.3	11.9363
1747637	6000.0	19	30000.0	0.6058	11.9363	0.2	12.742099999999999
1790798	8000.0	19	30000.0	0.8058	12.7421	0.2667	13.8146
1714952	6000.0	19	30000.0	0.6058	13.8146	0.2	14.6204
1640244	8000.0	19	30000.0	0.8058	14.6204	0.2667	15.6929
1799480	5000.0	19	30000.0	0.5058	15.6929	0.1667	16.365399999999998
1727419	6000.0	19	30000.0	0.6058	16.3654	0.2	17.1712
1851394	5000.0	19	30000.0	0.5058	17.1712	0.1667	17.8437
1698236	6000.0	19	30000.0	0.6058	17.8437	0.2	18.649499999999996
1673112	7000.0	19	30000.0	0.7058	18.6495	0.2333	19.5886
1829676	6000.0	19	30000.0	0.6058	19.5886	0.2	20.394399999999997
1641351	7000.0	19	30000.0	0.7058	20.3944	0.2333	21.3335
1780640	8000.0	19	30000.0	0.8058	21.3335	0.2667	22.406000000000002
1681979	6000.0	19	30000.0	0.6058	22.406	0.2	23.211799999999997
1670246	6000.0	19	30000.0	0.6058	23.2118	0.2	24.017599999999998
1715605	7000.0	19	30000.0	0.7058	24.0176	0.2333	24.9567
1789898	6000.0	19	30000.0	0.6058	24.9567	0.2	25.7625
1676255	8000.0	19	30000.0	0.8058	25.7625	0.2667	26.835
1693685	5000.0	19	30000.0	0.5058	26.835	0.1667	27.5075
1638169	7000.0	19	30000.0	0.7058	27.5075	0.2333	28.4466
1826961	5000.0	19	30000.0	0.5058	28.4466	0.1667	29.1191
