16000.724999999995	0.22	0.9	1
16003.812499999995	0.2	1.0	1
16009.012499999995	0.18	1.3	1
16016.487499999996	0.16	1.4	1
16025.587499999996	0.22	1.0	1
16036.149999999996	0.22	0.9	1
16048.824999999995	0.18	1.3	1
16063.124999999995	0.21	1.0	1
16078.887499999995	0.22	0.9	1
16096.437499999995	0.21	1.1	1
16115.937499999995	0.15	1.2	1
16137.387499999995	0.18	1.2	1
16160.787499999995	0.21	1.2	1
16186.299999999996	0.16	1.3	1
16213.274999999996	0.21	0.9	1
16241.712499999996	0.25	0.9	1
16271.937499999996	0.18	1.1	1
16303.624999999996	0.25	0.9	1
16337.262499999997	0.18	1.2	1
16372.687499999996	0.17	1.1	1
16410.062499999996	0.18	1.2	1
16448.899999999998	0.23	0.9	1
16489.687499999996	0.18	1.2	1
16532.262499999997	0.19	1.1	1
16576.949999999997	0.18	1.3	1
16623.262499999997	0.2	1.0	1
16671.687499999996	0.17	1.3	1
16722.062499999996	0.17	1.2	1
16774.387499999997	0.18	1.2	1
16828.174999999996	0.23	0.9	1
16883.912499999995	0.18	1.2	1
16941.112499999996	0.2	0.9	1
17000.424999999996	0.16	1.3	1
17061.199999999997	0.23	0.9	1
17123.762499999997	0.19	1.1	1
17188.112499999996	0.2	1.1	1
17253.924999999996	0.22	0.9	1
17321.687499999996	0.17	1.2	1
17390.912499999995	0.24	0.9	1
17461.599999999995	0.23	0.9	1
17534.399999999994	0.17	1.3	1
17609.312499999993	0.17	1.3	1
17686.012499999993	0.21	1.1	1
17764.662499999995	0.18	1.2	1
17845.587499999994	0.17	1.4	1
17928.137499999993	0.19	1.0	1
18012.312499999993	0.22	1.0	1
18098.762499999993	0.15	1.4	1
18187.487499999992	0.14	1.4	1
18277.999999999993	0.19	1.1	1
18370.299999999992	0.2	1.1	1
18464.22499999999	0.2	1.0	1
18560.09999999999	0.16	1.2	1
18657.27499999999	0.25	0.8	1
18756.39999999999	0.18	1.2	1
18856.82499999999	0.24	0.8	1
18959.03749999999	0.21	1.1	1
19063.03749999999	0.18	1.1	1
19168.66249999999	0.21	1.0	1
19276.237499999992	0.19	1.2	1
19385.762499999993	0.17	1.2	1
19496.912499999995	0.22	1.0	1
19609.849999999995	0.2	1.1	1
19724.737499999996	0.18	1.2	1
19841.574999999997	0.17	1.2	1
19960.199999999997	0.19	1.1	1
20080.612499999996	0.19	1.1	1
20202.974999999995	0.19	1.2	1
20326.962499999994	0.21	1.0	1
20452.899999999994	0.19	1.2	1
20580.624999999993	0.17	1.1	1
20710.137499999993	0.19	1.1	1
20841.599999999995	0.16	1.2	1
20974.687499999996	0.2	1.0	1
21109.562499999996	0.2	1.1	1
21246.224999999995	0.2	1.1	1
21384.349999999995	0.24	0.9	1
21524.099999999995	0.23	1.0	1
21665.312499999996	0.25	0.9	1
21808.637499999997	0.17	1.3	1
21953.749999999996	0.18	1.1	1
22100.649999999998	0.19	1.1	1
22249.012499999997	0.25	0.9	1
22399.1625	0.21	1.1	1
22551.425	0.17	1.3	1
22705.475	0.19	1.1	1
22860.9875	0.22	0.9	1
23018.125	0.23	1.0	1
23177.2125	0.18	1.2	1
23337.925000000003	0.22	1.0	1
23500.425000000003	0.19	1.1	1
23664.875000000004	0.18	1.2	1
23830.950000000004	0.21	1.0	1
23999.137500000004	0.16	1.3	1
24168.787500000006	0.24	0.9	1
24339.900000000005	0.21	0.9	1
24512.962500000005	0.18	1.2	1
24687.650000000005	0.21	1.0	1
24864.125000000004	0.19	1.1	1
25042.712500000005	0.17	1.3	1
25223.737500000007	0.14	1.5	1
25406.712500000005	0.19	1.2	1
25591.800000000007	0.18	1.3	1
25778.675000000007	0.19	1.1	1
25967.337500000005	0.19	1.1	1
26157.300000000007	0.23	0.8	1
26349.212500000005	0.18	1.2	1
26542.750000000004	0.2	1.0	1
26738.887500000004	0.15	1.6	1
26937.137500000004	0.17	1.3	1
27137.500000000004	0.16	1.3	1
27339.325000000004	0.21	0.9	1
27542.612500000003	0.21	0.9	1
27747.525	0.22	1.0	1
27953.9	0.23	0.9	1
28161.9	0.23	1.0	1
28372.0125	0.17	1.3	1
28583.75	0.22	1.0	1
28797.4375	0.18	1.2	1
29012.9125	0.19	1.1	1
29229.6875	0.26	0.8	1
29448.0875	0.21	1.0	1
29668.112500000003	0.22	1.0	1
29889.600000000002	0.23	0.9	1
30112.550000000003	0.23	0.9	1
30337.125000000004	0.21	1.0	1
30563.650000000005	0.18	1.2	1
30792.125000000004	0.17	1.2	1
31022.387500000004	0.18	1.1	1
31254.600000000006	0.18	1.2	1
31488.600000000006	0.19	1.1	1
31723.900000000005	0.29	0.8	1
31960.825000000004	0.21	1.0	1
32199.700000000004	0.19	1.2	1
32440.362500000003	0.19	1.1	1
32682.812500000004	0.2	1.1	1
32927.05	0.18	1.1	1
33173.725000000006	0.15	1.5	1
33422.350000000006	0.18	1.2	1
33672.762500000004	0.2	1.1	1
33924.8	0.21	1.0	1
34178.625	0.22	1.1	1
34434.5625	0.18	1.3	1
34692.125	0.22	1.0	1
34951.9625	0.15	1.4	1
35213.425	0.19	1.0	1
35477.0	0.17	1.3	1
35742.0375	0.21	0.9	1
36008.049999999996	0.3	0.6	1
36275.68749999999	0.21	1.0	1
36544.78749999999	0.25	0.9	1
36815.99999999999	0.17	1.3	1
37088.674999999996	0.24	0.9	1
37363.62499999999	0.16	1.4	1
37640.84999999999	0.16	1.4	1
37919.53749999999	0.24	0.9	1
38199.84999999999	0.2	1.0	1
38481.94999999999	0.19	1.1	1
38765.51249999999	0.24	0.9	1
39050.69999999999	0.22	1.0	1
39338.16249999999	0.15	1.4	1
39627.24999999999	0.2	1.0	1
39918.12499999999	0.2	1.1	1
40210.462499999994	0.25	0.9	1
40505.075	0.16	1.4	1
40801.799999999996	0.17	1.3	1
41100.6375	0.17	1.3	1
41401.1	0.21	1.0	1
41703.025	0.26	0.9	1
42006.575000000004	0.19	1.0	1
42312.075000000004	0.17	1.2	1
42619.525	0.18	1.2	1
42928.762500000004	0.19	1.1	1
43240.1125	0.16	1.3	1
