13670.070400000002	0.19	1.1	1
13672.882000000003	0.22	1.0	1
13677.032700000003	0.23	1.0	1
13682.522500000003	0.22	1.0	1
13689.884800000003	0.15	1.4	1
13699.386200000003	0.16	1.6	1
13710.093400000003	0.21	0.9	1
13722.139700000003	0.2	1.0	1
13735.791800000003	0.18	1.2	1
13750.783000000003	0.2	1.0	1
13766.980000000003	0.24	0.9	1
13784.916100000004	0.18	1.3	1
13804.458000000004	0.18	1.2	1
13825.472400000004	0.19	1.1	1
13847.825900000003	0.21	1.0	1
13872.318500000003	0.15	1.6	1
13898.416900000004	0.17	1.2	1
13925.987800000004	0.19	1.1	1
13954.764500000005	0.23	0.9	1
13985.013700000005	0.19	1.1	1
14016.602000000004	0.22	1.0	1
14049.796100000005	0.18	1.2	1
14084.196000000005	0.21	0.9	1
14119.801700000005	0.24	0.9	1
14156.879900000005	0.19	1.1	1
14195.163900000005	0.24	0.9	1
14234.653700000004	0.21	0.9	1
14275.482600000005	0.21	1.0	1
14317.784000000005	0.19	1.1	1
14361.424500000005	0.22	1.0	1
14406.937500000005	0.15	1.4	1
14454.189600000005	0.16	1.3	1
14503.047500000006	0.18	1.2	1
14553.777900000006	0.17	1.4	1
14605.980800000007	0.19	1.1	1
14659.656200000007	0.2	1.1	1
14714.804100000007	0.2	1.1	1
14771.424500000006	0.2	1.1	1
14829.650700000006	0.18	1.2	1
14889.082700000006	0.2	0.9	1
14949.987200000007	0.21	1.1	1
15012.364200000007	0.2	1.1	1
15076.213700000008	0.21	1.1	1
15141.535700000008	0.21	1.1	1
15208.063500000007	0.25	0.9	1
15275.663800000008	0.22	0.8	1
15344.736600000007	0.2	1.1	1
15415.281900000007	0.2	1.1	1
15487.299700000007	0.2	1.1	1
15560.656600000008	0.21	1.0	1
15635.086000000008	0.27	0.8	1
15710.721200000009	0.22	0.9	1
15787.82890000001	0.2	1.1	1
15866.27570000001	0.21	1.0	1
15946.32830000001	0.17	1.2	1
16027.45340000001	0.24	0.8	1
16110.051000000009	0.21	1.1	1
16193.987700000009	0.21	1.0	1
16279.396900000009	0.21	1.1	1
16366.145200000008	0.2	1.0	1
16454.36600000001	0.2	1.1	1
16544.32590000001	0.18	1.3	1
16635.89160000001	0.18	1.2	1
16728.79640000001	0.23	1.0	1
16822.90700000001	0.25	0.9	1
16918.49010000001	0.2	1.1	1
17015.14570000001	0.26	0.8	1
17113.27380000001	0.19	1.1	1
17212.74100000001	0.21	1.0	1
17313.54730000001	0.21	1.0	1
17415.82610000001	0.22	1.1	1
17519.71070000001	0.17	1.2	1
17625.06780000001	0.2	1.1	1
17732.16400000001	0.18	1.3	1
17840.99930000001	0.17	1.3	1
17951.04040000001	0.25	0.9	1
18062.42060000001	0.21	1.0	1
18175.539900000007	0.19	1.3	1
18290.131700000005	0.2	1.1	1
18406.462600000006	0.17	1.3	1
18523.866000000005	0.24	0.8	1
18642.875200000006	0.17	1.2	1
18763.223500000007	0.21	1.0	1
18885.310900000008	0.17	1.3	1
19008.73740000001	0.2	1.0	1
19133.63640000001	0.19	1.1	1
19259.74120000001	0.26	0.9	1
19387.051800000012	0.22	0.9	1
19515.568200000012	0.24	0.9	1
19645.290400000013	0.21	0.9	1
19776.75170000001	0.17	1.3	1
19909.818800000012	0.19	1.2	1
20044.09170000001	0.24	0.9	1
20180.10370000001	0.18	1.3	1
20317.58820000001	0.19	1.1	1
20456.41180000001	0.23	1.0	1
20596.84120000001	0.2	1.2	1
20738.87640000001	0.18	1.2	1
20882.384100000007	0.18	1.1	1
21027.36430000001	0.19	1.1	1
21173.81700000001	0.17	1.1	1
21321.47550000001	0.23	0.9	1
21470.87310000001	0.16	1.3	1
21621.876500000013	0.19	1.2	1
21774.485700000012	0.16	1.2	1
21928.834000000013	0.15	1.3	1
22084.788100000012	0.17	1.2	1
22242.081300000013	0.21	1.0	1
22400.44700000001	0.26	0.8	1
22560.41850000001	0.16	1.2	1
22721.86250000001	0.2	1.1	1
22885.31230000001	0.16	1.5	1
23050.10120000001	0.21	1.0	1
23216.362600000008	0.21	1.1	1
23384.363100000006	0.17	1.3	1
23553.702700000005	0.21	1.0	1
23724.381400000006	0.22	1.0	1
23896.532600000006	0.2	1.1	1
24070.422900000005	0.16	1.3	1
24246.319000000007	0.13	1.5	1
24423.68760000001	0.2	1.1	1
24602.26200000001	0.22	0.9	1
24782.17550000001	0.2	1.0	1
24963.42810000001	0.19	1.0	1
25145.886500000008	0.21	0.9	1
25329.95070000001	0.18	1.2	1
25515.620700000007	0.17	1.2	1
25702.76320000001	0.19	1.1	1
25891.511500000008	0.17	1.2	1
26081.99890000001	0.18	1.3	1
26273.69210000001	0.21	0.9	1
26466.99110000001	0.18	1.2	1
26661.62920000001	0.21	1.0	1
26857.73980000001	0.19	1.1	1
27055.18950000001	0.23	1.0	1
27254.111700000012	0.2	1.1	1
27454.506400000013	0.19	1.1	1
27656.640200000013	0.17	1.3	1
27860.379800000013	0.16	1.2	1
28065.72520000001	0.18	1.2	1
28272.54310000001	0.21	1.1	1
28480.70010000001	0.22	1.0	1
28690.19620000001	0.23	1.0	1
28901.56480000001	0.14	1.4	1
29114.00590000001	0.26	0.8	1
29328.052800000012	0.18	1.2	1
29543.305500000013	0.23	0.9	1
29759.89730000001	0.22	1.0	1
29978.09490000001	0.18	1.2	1
30197.89830000001	0.19	1.2	1
30419.70750000001	0.15	1.5	1
30643.25580000001	0.17	1.3	1
30868.40990000001	0.19	1.2	1
31094.63650000001	0.24	0.8	1
31322.46890000001	0.18	1.2	1
31551.64040000001	0.21	1.0	1
31782.417700000013	0.18	1.2	1
32014.400800000014	0.22	0.9	1
32247.989700000013	0.19	1.2	1
32483.05110000001	0.2	1.1	1
32719.58500000001	0.2	1.1	1
32957.59140000001	0.21	1.1	1
33197.203600000015	0.18	1.2	1
33438.154900000016	0.21	1.0	1
33680.845300000015	0.2	1.3	1
33925.00820000002	0.2	1.1	1
34170.64360000002	0.19	1.1	1
34417.48480000002	0.21	0.9	1
34665.93180000002	0.2	1.2	1
34915.71790000002	0.22	1.0	1
35167.243100000014	0.19	1.3	1
35420.640800000016	0.15	1.4	1
35675.777600000016	0.17	1.3	1
35932.25350000001	0.22	1.0	1
36190.068500000016	0.21	1.0	1
36449.756000000016	0.16	1.4	1
36711.04930000001	0.19	1.2	1
