40304.95600000001	0.17	1.2	1
40312.163600000014	0.17	1.2	1
40322.67500000002	0.19	1.1	1
40336.490200000015	0.17	1.1	1
40353.60920000001	0.18	1.1	1
40374.032000000014	0.19	1.1	1
40398.95860000001	0.17	1.5	1
40426.589000000014	0.22	0.9	1
40458.12320000002	0.18	1.3	1
40493.861200000014	0.15	1.4	1
40533.50300000001	0.17	1.3	1
40576.44860000001	0.18	1.1	1
40622.998000000014	0.19	1.2	1
40672.551200000016	0.2	1.0	1
40725.10820000002	0.2	1.0	1
40780.36900000001	0.23	0.9	1
40839.233600000014	0.17	1.2	1
40900.80200000001	0.2	0.9	1
40965.07420000001	0.22	0.9	1
41032.65020000001	0.18	1.1	1
41103.53000000001	0.19	1.1	1
41177.71360000001	0.19	1.1	1
41255.20100000001	0.25	1.1	1
41336.29220000001	0.19	1.2	1
41420.38720000001	0.21	1.0	1
41508.68600000001	0.15	1.4	1
41600.28860000001	0.19	1.1	1
41694.895000000004	0.22	1.0	1
41792.50520000001	0.25	1.0	1
41893.71920000001	0.18	1.2	1
41998.23700000001	0.18	1.1	1
42105.15860000001	0.26	0.8	1
42214.78400000001	0.24	0.9	1
42327.41320000001	0.2	1.0	1
42443.34620000001	0.2	1.1	1
42564.083000000006	0.14	1.6	1
42686.92360000001	0.27	0.7	1
42813.06800000001	0.18	1.1	1
42942.516200000005	0.2	1.1	1
43075.868200000004	0.16	1.3	1
43212.224	0.22	1.0	1
43352.183600000004	0.17	1.2	1
43494.847	0.23	0.9	1
43642.3142	0.12	1.6	1
43792.4852	0.22	0.9	1
43946.560000000005	0.17	1.3	1
44103.3386	0.24	0.9	1
44263.421	0.19	1.1	1
44426.5072	0.21	1.0	1
44592.8972	0.2	1.1	1
44763.491	0.17	1.4	1
44937.3886	0.2	1.1	1
45114.59	0.2	1.1	1
45295.095199999996	0.19	1.1	1
45480.104199999994	0.15	1.5	1
45668.717	0.2	1.2	1
45860.3336	0.18	1.0	1
46055.554	0.16	1.2	1
46254.678199999995	0.18	1.3	1
46456.506199999996	0.23	0.9	1
46662.238	0.15	1.3	1
46871.2736	0.2	1.1	1
47083.013	0.24	0.9	1
47297.4562	0.23	0.9	1
47514.9032	0.2	1.0	1
47734.754	0.25	0.8	1
47957.9086	0.19	1.1	1
48184.067	0.22	1.0	1
48413.2292	0.22	1.0	1
48645.6952	0.2	1.1	1
48882.065	0.18	1.3	1
49121.4386	0.2	1.0	1
49364.416000000005	0.18	1.2	1
49611.597200000004	0.16	1.4	1
49862.38220000001	0.17	1.2	1
50115.57100000001	0.24	0.8	1
50372.36360000001	0.18	1.2	1
50631.860000000015	0.23	0.9	1
50894.66020000001	0.19	1.1	1
51161.36420000001	0.16	1.3	1
51430.77200000001	0.22	0.9	1
51703.18360000001	0.22	1.0	1
51978.89900000001	0.2	1.1	1
52258.51820000001	0.16	1.3	1
52541.14120000001	0.19	1.0	1
52827.36800000001	0.16	1.2	1
53116.89860000001	0.21	1.1	1
53409.433000000005	0.22	1.0	1
53705.571200000006	0.2	1.2	1
54005.61320000001	0.17	1.3	1
54308.65900000001	0.2	1.0	1
54614.40860000001	0.24	0.9	1
54922.56200000001	0.28	0.8	1
55234.01920000001	0.18	1.1	1
55548.78020000001	0.18	1.1	1
55866.545000000006	0.21	1.0	1
56187.31360000001	0.21	1.0	1
56511.386000000006	0.23	1.1	1
56838.162200000006	0.2	0.9	1
57167.942200000005	0.2	1.0	1
57500.726	0.21	1.0	1
57835.9136	0.23	0.8	1
58174.405	0.21	1.1	1
58515.9002	0.21	1.0	1
58861.299199999994	0.18	1.3	1
59210.301999999996	0.18	1.2	1
59562.3086	0.2	1.0	1
59917.019	0.24	0.9	1
60274.4332	0.22	0.9	1
60636.0512	0.17	1.4	1
61000.973	0.21	1.1	1
61368.298599999995	0.27	0.8	1
61738.628	0.21	1.0	1
62114.0612	0.14	1.7	1
62492.7982	0.19	1.1	1
62873.939	0.25	0.8	1
63258.0836	0.22	1.0	1
63646.432	0.2	1.4	1
64037.7842	0.21	1.0	1
64433.3402	0.18	1.4	1
64832.2	0.19	1.1	1
65234.063599999994	0.22	1.0	1
65638.631	0.24	0.9	1
66047.1022	0.17	1.3	1
66458.5772	0.23	1.0	1
66873.956	0.18	1.3	1
67292.93860000001	0.19	1.2	1
67714.925	0.22	1.0	1
68140.8152	0.18	1.3	1
68570.60919999999	0.17	1.3	1
69004.007	0.18	1.2	1
69441.0086	0.18	1.2	1
69882.514	0.16	1.5	1
70326.7232	0.25	0.9	1
70774.83619999999	0.17	1.3	1
71226.85299999999	0.21	1.3	1
71683.07359999999	0.16	1.4	1
72142.59799999998	0.19	1.1	1
72605.12619999998	0.21	1.0	1
73070.65819999999	0.21	1.0	1
73538.594	0.28	0.8	1
74010.1336	0.18	1.2	1
74484.677	0.22	1.0	1
74962.5242	0.2	1.1	1
75443.6752	0.21	1.1	1
75928.13	0.17	1.1	1
76415.5886	0.21	1.0	1
76906.35100000001	0.2	1.1	1
77401.61720000001	0.14	1.5	1
77899.88720000001	0.21	1.0	1
78401.16100000001	0.21	1.0	1
78906.03860000001	0.19	1.2	1
79414.22000000002	0.19	1.1	1
79925.70520000001	0.2	1.1	1
80439.89420000001	0.21	0.9	1
80957.38700000002	0.21	1.1	1
81477.28360000002	0.25	0.8	1
82000.78400000003	0.19	1.2	1
82527.88820000003	0.19	1.2	1
83057.39620000003	0.23	0.8	1
83590.20800000003	0.2	1.1	1
84126.02360000003	0.21	1.0	1
84665.74300000003	0.18	1.3	1
85208.46620000002	0.22	1.0	1
85754.19320000002	0.2	1.0	1
86302.62400000003	0.24	0.9	1
86854.35860000002	0.2	1.1	1
87409.09700000002	0.21	1.0	1
87966.53920000003	0.22	0.9	1
88526.98520000002	0.2	1.0	1
89090.73500000003	0.2	1.1	1
89657.18860000002	0.22	0.9	1
90226.64600000002	0.21	1.0	1
90799.10720000003	0.2	1.0	1
91373.67220000003	0.26	0.7	1
91951.54100000003	0.2	1.1	1
92533.31360000002	0.17	1.3	1
