1769275	9000.0	0	500.0	0.9	0	18.0	18.9
1848664	12000.0	0	500.0	1.2	18.9	24.0	44.099999999999994
1776586	8000.0	0	500.0	0.8	44.1	16.0	60.9
1647859	11000.0	0	500.0	1.1	60.9	22.0	84.0
1716682	11000.0	0	500.0	1.1	84.0	22.0	107.1
1742274	11000.0	0	500.0	1.1	107.1	22.0	130.2
1719985	8000.0	0	500.0	0.8	130.2	16.0	147.0
1810113	10000.0	0	500.0	1.0	147.0	20.0	168.0
1685796	8000.0	0	500.0	0.8	168.0	16.0	184.8
1636550	10000.0	0	500.0	1.0	184.8	20.0	205.8
1730462	9000.0	0	500.0	0.9	205.8	18.0	224.70000000000002
1834775	10000.0	0	500.0	1.0	224.7	20.0	245.7
1639136	9000.0	0	500.0	0.9	245.7	18.0	264.6
1779200	8000.0	0	500.0	0.8	264.6	16.0	281.40000000000003
1829691	12000.0	0	500.0	1.2	281.4	24.0	306.59999999999997
1669214	11000.0	0	500.0	1.1	306.6	22.0	329.70000000000005
1811571	8000.0	0	500.0	0.8	329.7	16.0	346.5
1649246	10000.0	0	500.0	1.0	346.5	20.0	367.5
1818998	12000.0	0	500.0	1.2	367.5	24.0	392.7
1665328	7000.0	0	500.0	0.7	392.7	14.0	407.4
1825242	11000.0	0	500.0	1.1	407.4	22.0	430.5
1816094	10000.0	0	500.0	1.0	430.5	20.0	451.5
1706916	10000.0	0	500.0	1.0	451.5	20.0	472.5
1691496	11000.0	0	500.0	1.1	472.5	22.0	495.6
1791473	10000.0	0	500.0	1.0	495.6	20.0	516.6
1715297	6000.0	0	500.0	0.6	516.6	12.0	529.2
1702868	7000.0	0	500.0	0.7	529.2	14.0	543.9000000000001
1801575	10000.0	0	500.0	1.0	543.9	20.0	564.9
1791053	9000.0	0	500.0	0.9	564.9	18.0	583.8
1836182	8000.0	0	500.0	0.8	583.8	16.0	600.5999999999999
1751488	10000.0	0	500.0	1.0	600.6	20.0	621.6
1763561	8000.0	0	500.0	0.8	621.6	16.0	638.4
1784866	10000.0	1	500.0	1.0	0	20.0	21.0
1679100	12000.0	1	500.0	1.2	21.0	24.0	46.2
1791908	10000.0	1	500.0	1.0	46.2	20.0	67.2
1811159	8000.0	1	500.0	0.8	67.2	16.0	84.0
1703003	8000.0	1	500.0	0.8	84.0	16.0	100.8
1638294	11000.0	1	500.0	1.1	100.8	22.0	123.89999999999999
1711641	10000.0	1	500.0	1.0	123.9	20.0	144.9
1726614	10000.0	1	500.0	1.0	144.9	20.0	165.9
1804575	12000.0	1	500.0	1.2	165.9	24.0	191.1
1713449	8000.0	1	500.0	0.8	191.1	16.0	207.9
1772287	9000.0	1	500.0	0.9	207.9	18.0	226.8
1658086	10000.0	1	500.0	1.0	226.8	20.0	247.8
1774862	11000.0	1	500.0	1.1	247.8	22.0	270.9
1712614	13000.0	1	500.0	1.3	270.9	26.0	298.2
1641737	11000.0	1	500.0	1.1	298.2	22.0	321.3
1808358	9000.0	1	500.0	0.9	321.3	18.0	340.2
1747892	11000.0	1	500.0	1.1	340.2	22.0	363.3
1794232	8000.0	1	500.0	0.8	363.3	16.0	380.1
1757016	8000.0	1	500.0	0.8	380.1	16.0	396.90000000000003
1647357	7000.0	1	500.0	0.7	396.9	14.0	411.59999999999997
1724862	8000.0	1	500.0	0.8	411.6	16.0	428.40000000000003
1671731	7000.0	1	500.0	0.7	428.4	14.0	443.09999999999997
1793129	10000.0	1	500.0	1.0	443.1	20.0	464.1
1795139	4000.0	1	500.0	0.4	464.1	8.0	472.5
1851214	12000.0	1	500.0	1.2	472.5	24.0	497.7
1793144	9000.0	1	500.0	0.9	497.7	18.0	516.5999999999999
1746293	10000.0	1	500.0	1.0	516.6	20.0	537.6
1783112	8000.0	1	500.0	0.8	537.6	16.0	554.4
1703216	10000.0	1	500.0	1.0	554.4	20.0	575.4
1767183	8000.0	1	500.0	0.8	575.4	16.0	592.1999999999999
1679893	8000.0	1	500.0	0.8	592.2	16.0	609.0
1677887	9000.0	1	500.0	0.9	609.0	18.0	627.9
1807826	10000.0	1	500.0	1.0	627.9	20.0	648.9
1800625	8000.0	1	500.0	0.8	648.9	16.0	665.6999999999999
1818987	8000.0	1	500.0	0.8	665.7	16.0	682.5
1652192	9000.0	1	500.0	0.9	682.5	18.0	701.4
1750730	8000.0	1	500.0	0.8	701.4	16.0	718.1999999999999
1740208	10000.0	1	500.0	1.0	718.2	20.0	739.2
1642577	12000.0	1	500.0	1.2	739.2	24.0	764.4000000000001
1848590	8000.0	1	500.0	0.8	764.4	16.0	781.1999999999999
1730952	9000.0	1	500.0	0.9	781.2	18.0	800.1
1736211	10000.0	1	500.0	1.0	800.1	20.0	821.1
1836262	8000.0	1	500.0	0.8	821.1	16.0	837.9
1667901	11000.0	1	500.0	1.1	837.9	22.0	861.0
1833417	7000.0	1	500.0	0.7	861.0	14.0	875.7
1669899	9000.0	1	500.0	0.9	875.7	18.0	894.6
1635900	11000.0	1	500.0	1.1	894.6	22.0	917.7
1718926	11000.0	2	1000.0	1.1	0	11.0	12.1
1714294	10000.0	2	1000.0	1.0	12.1	10.0	23.1
1742196	12000.0	2	1000.0	1.2	23.1	12.0	36.3
1738990	8000.0	2	1000.0	0.8	36.3	8.0	45.099999999999994
1672909	10000.0	2	1000.0	1.0	45.1	10.0	56.1
1828012	11000.0	2	1000.0	1.1	56.1	11.0	68.2
1824028	6000.0	2	1000.0	0.6	68.2	6.0	74.8
1712405	11000.0	2	1000.0	1.1	74.8	11.0	86.89999999999999
1851509	10000.0	2	1000.0	1.0	86.9	10.0	97.9
1708115	7000.0	2	1000.0	0.7	97.9	7.0	105.60000000000001
1812205	11000.0	2	1000.0	1.1	105.6	11.0	117.69999999999999
1663309	11000.0	2	1000.0	1.1	117.7	11.0	129.8
1806456	6000.0	2	1000.0	0.6	129.8	6.0	136.4
1715956	11000.0	2	1000.0	1.1	136.4	11.0	148.5
1720811	9000.0	2	1000.0	0.9	148.5	9.0	158.4
1716000	10000.0	2	1000.0	1.0	158.4	10.0	169.4
1767578	10000.0	2	1000.0	1.0	169.4	10.0	180.4
1783217	10000.0	2	1000.0	1.0	180.4	10.0	191.4
1781981	9000.0	2	1000.0	0.9	191.4	9.0	201.3
1820110	6000.0	2	1000.0	0.6	201.3	6.0	207.9
1815405	7000.0	2	1000.0	0.7	207.9	7.0	215.6
1795755	8000.0	2	1000.0	0.8	215.6	8.0	224.4
1698187	10000.0	2	1000.0	1.0	224.4	10.0	235.4
1795362	11000.0	2	1000.0	1.1	235.4	11.0	247.5
1683946	9000.0	2	1000.0	0.9	247.5	9.0	257.4
1696551	9000.0	2	1000.0	0.9	257.4	9.0	267.29999999999995
1851264	9000.0	2	1000.0	0.9	267.3	9.0	277.2
1738004	9000.0	2	1000.0	0.9	277.2	9.0	287.09999999999997
1838473	5000.0	2	1000.0	0.5	287.1	5.0	292.6
1650662	10000.0	2	1000.0	1.0	292.6	10.0	303.6
1740169	9000.0	2	1000.0	0.9	303.6	9.0	313.5
1825773	11000.0	3	1000.0	1.1	0	11.0	12.1
1722418	11000.0	3	1000.0	1.1	12.1	11.0	24.2
1660587	8000.0	3	1000.0	0.8	24.2	8.0	33.0
1692721	8000.0	3	1000.0	0.8	33.0	8.0	41.8
1813325	8000.0	3	1000.0	0.8	41.8	8.0	50.599999999999994
1799090	8000.0	3	1000.0	0.8	50.6	8.0	59.4
1819144	9000.0	3	1000.0	0.9	59.4	9.0	69.3
1808589	11000.0	3	1000.0	1.1	69.3	11.0	81.39999999999999
1678343	10000.0	3	1000.0	1.0	81.4	10.0	92.4
1647200	7000.0	3	1000.0	0.7	92.4	7.0	100.10000000000001
1824257	9000.0	3	1000.0	0.9	100.1	9.0	110.0
1758787	11000.0	3	1000.0	1.1	110.0	11.0	122.1
1794196	10000.0	3	1000.0	1.0	122.1	10.0	133.1
1808618	8000.0	3	1000.0	0.8	133.1	8.0	141.9
1797651	9000.0	3	1000.0	0.9	141.9	9.0	151.8
1694540	10000.0	3	1000.0	1.0	151.8	10.0	162.8
1805540	8000.0	3	1000.0	0.8	162.8	8.0	171.60000000000002
1685416	9000.0	3	1000.0	0.9	171.6	9.0	181.5
1795030	12000.0	3	1000.0	1.2	181.5	12.0	194.7
1728737	12000.0	3	1000.0	1.2	194.7	12.0	207.89999999999998
1848694	9000.0	3	1000.0	0.9	207.9	9.0	217.8
1663029	6000.0	3	1000.0	0.6	217.8	6.0	224.4
1845837	7000.0	3	1000.0	0.7	224.4	7.0	232.1
1748567	9000.0	3	1000.0	0.9	232.1	9.0	242.0
1678115	9000.0	3	1000.0	0.9	242.0	9.0	251.9
1851677	8000.0	3	1000.0	0.8	251.9	8.0	260.70000000000005
1838546	10000.0	3	1000.0	1.0	260.7	10.0	271.7
1764779	11000.0	3	1000.0	1.1	271.7	11.0	283.8
1828216	10000.0	3	1000.0	1.0	283.8	10.0	294.8
1812447	8000.0	3	1000.0	0.8	294.8	8.0	303.6
1702030	9000.0	3	1000.0	0.9	303.6	9.0	313.5
1780803	9000.0	3	1000.0	0.9	313.5	9.0	323.4
1670559	8000.0	3	1000.0	0.8	323.4	8.0	332.2
1652831	11000.0	3	1000.0	1.1	332.2	11.0	344.3
1846882	10000.0	3	1000.0	1.0	344.3	10.0	355.3
1791797	10000.0	3	1000.0	1.0	355.3	10.0	366.3
1843481	9000.0	3	1000.0	0.9	366.3	9.0	376.2
1705301	8000.0	3	1000.0	0.8	376.2	8.0	385.0
1757717	11000.0	3	1000.0	1.1	385.0	11.0	397.1
1742424	9000.0	3	1000.0	0.9	397.1	9.0	407.0
1682601	11000.0	3	1000.0	1.1	407.0	11.0	419.1
1642536	9000.0	3	1000.0	0.9	419.1	9.0	429.0
1828015	10000.0	3	1000.0	1.0	429.0	10.0	440.0
1849371	7000.0	3	1000.0	0.7	440.0	7.0	447.7
1762647	10000.0	4	4000.0	1.0038	0	2.5	3.5038
1699566	8000.0	4	4000.0	0.8038	3.5038	2.0	6.3076
1685319	9000.0	4	4000.0	0.9038	6.3076	2.25	9.461400000000001
1673400	12000.0	4	4000.0	1.2038	9.4614	3.0	13.665199999999999
1843697	12000.0	4	4000.0	1.2038	13.6652	3.0	17.869
1638906	10000.0	4	4000.0	1.0038	17.869	2.5	21.372799999999998
1663574	8000.0	4	4000.0	0.8038	21.3728	2.0	24.1766
1824594	8000.0	4	4000.0	0.8038	24.1766	2.0	26.9804
1664880	8000.0	4	4000.0	0.8038	26.9804	2.0	29.7842
1771767	9000.0	4	4000.0	0.9038	29.7842	2.25	32.938
1747289	10000.0	4	4000.0	1.0038	32.938	2.5	36.4418
1690177	9000.0	4	4000.0	0.9038	36.4418	2.25	39.5956
1756515	7000.0	4	4000.0	0.7038	39.5956	1.75	42.0494
1850608	11000.0	4	4000.0	1.1038	42.0494	2.75	45.9032
1674971	9000.0	4	4000.0	0.9038	45.9032	2.25	49.056999999999995
1832359	11000.0	4	4000.0	1.1038	49.057	2.75	52.9108
1756620	8000.0	4	4000.0	0.8038	52.9108	2.0	55.714600000000004
1680646	8000.0	4	4000.0	0.8038	55.7146	2.0	58.5184
1663155	9000.0	4	4000.0	0.9038	58.5184	2.25	61.6722
1753753	11000.0	4	4000.0	1.1038	61.6722	2.75	65.526
1774871	9000.0	4	4000.0	0.9038	65.526	2.25	68.6798
1811566	7000.0	4	4000.0	0.7038	68.6798	1.75	71.1336
1750504	10000.0	4	4000.0	1.0038	71.1336	2.5	74.6374
1696332	9000.0	4	4000.0	0.9038	74.6374	2.25	77.7912
1746225	6000.0	4	4000.0	0.6038	77.7912	1.5	79.89500000000001
1684584	9000.0	4	4000.0	0.9038	79.895	2.25	83.0488
1773549	11000.0	4	4000.0	1.1038	83.0488	2.75	86.9026
1819813	9000.0	4	4000.0	0.9038	86.9026	2.25	90.05640000000001
1826187	10000.0	4	4000.0	1.0038	90.0564	2.5	93.5602
1767375	8000.0	4	4000.0	0.8038	93.5602	2.0	96.36399999999999
1829403	9000.0	4	4000.0	0.9038	96.364	2.25	99.51780000000001
1763116	9000.0	4	4000.0	0.9038	99.5178	2.25	102.6716
1656255	9000.0	4	4000.0	0.9038	102.6716	2.25	105.8254
1775333	14000.0	4	4000.0	1.4038	105.8254	3.5	110.7292
1780929	12000.0	4	4000.0	1.2038	110.7292	3.0	114.933
1822588	8000.0	4	4000.0	0.8038	114.933	2.0	117.7368
1738489	10000.0	4	4000.0	1.0038	117.7368	2.5	121.2406
1659503	8000.0	5	4000.0	0.8038	0	2.0	2.8038
1692129	9000.0	5	4000.0	0.9038	2.8038	2.25	5.957599999999999
1776580	13000.0	5	4000.0	1.3038	5.9576	3.25	10.5114
1722390	10000.0	5	4000.0	1.0038	10.5114	2.5	14.0152
1761170	8000.0	5	4000.0	0.8038	14.0152	2.0	16.819000000000003
1847895	6000.0	5	4000.0	0.6038	16.819	1.5	18.9228
1778687	10000.0	5	4000.0	1.0038	18.9228	2.5	22.4266
1834268	8000.0	5	4000.0	0.8038	22.4266	2.0	25.2304
1641908	9000.0	5	4000.0	0.9038	25.2304	2.25	28.3842
1819870	11000.0	5	4000.0	1.1038	28.3842	2.75	32.238
1686184	11000.0	5	4000.0	1.1038	32.238	2.75	36.0918
1715104	10000.0	5	4000.0	1.0038	36.0918	2.5	39.5956
1686277	13000.0	5	4000.0	1.3038	39.5956	3.25	44.1494
1730263	9000.0	5	4000.0	0.9038	44.1494	2.25	47.3032
1822827	12000.0	5	4000.0	1.2038	47.3032	3.0	51.507
1810188	10000.0	5	4000.0	1.0038	51.507	2.5	55.010799999999996
1761720	9000.0	5	4000.0	0.9038	55.0108	2.25	58.1646
1677355	8000.0	5	4000.0	0.8038	58.1646	2.0	60.9684
1797554	7000.0	5	4000.0	0.7038	60.9684	1.75	63.422200000000004
1790316	9000.0	5	4000.0	0.9038	63.4222	2.25	66.576
1692854	7000.0	5	4000.0	0.7038	66.576	1.75	69.0298
1639875	10000.0	5	4000.0	1.0038	69.0298	2.5	72.53359999999999
1818598	9000.0	5	4000.0	0.9038	72.5336	2.25	75.68740000000001
1659740	8000.0	5	4000.0	0.8038	75.6874	2.0	78.49119999999999
1680669	8000.0	5	4000.0	0.8038	78.4912	2.0	81.295
1832234	10000.0	5	4000.0	1.0038	81.295	2.5	84.7988
1830246	8000.0	5	4000.0	0.8038	84.7988	2.0	87.6026
1766772	9000.0	5	4000.0	0.9038	87.6026	2.25	90.7564
1718086	10000.0	5	4000.0	1.0038	90.7564	2.5	94.2602
1649665	7000.0	5	4000.0	0.7038	94.2602	1.75	96.714
1749206	9000.0	5	4000.0	0.9038	96.714	2.25	99.8678
1791249	11000.0	5	4000.0	1.1038	99.8678	2.75	103.72160000000001
1659219	9000.0	5	4000.0	0.9038	103.7216	2.25	106.8754
1654018	9000.0	5	4000.0	0.9038	106.8754	2.25	110.0292
1650092	11000.0	5	4000.0	1.1038	110.0292	2.75	113.88300000000001
1739887	9000.0	5	4000.0	0.9038	113.883	2.25	117.0368
1791610	7000.0	5	4000.0	0.7038	117.0368	1.75	119.4906
1706745	9000.0	5	4000.0	0.9038	119.4906	2.25	122.6444
1742843	8000.0	5	4000.0	0.8038	122.6444	2.0	125.4482
1671053	14000.0	5	4000.0	1.4038	125.4482	3.5	130.352
1692366	12000.0	5	4000.0	1.2038	130.352	3.0	134.5558
1775952	9000.0	5	4000.0	0.9038	134.5558	2.25	137.7096
1844420	10000.0	5	4000.0	1.0038	137.7096	2.5	141.2134
1851238	9000.0	5	4000.0	0.9038	141.2134	2.25	144.3672
1840685	9000.0	5	4000.0	0.9038	144.3672	2.25	147.521
1744743	7000.0	5	4000.0	0.7038	147.521	1.75	149.9748
1826437	7000.0	5	4000.0	0.7038	149.9748	1.75	152.4286
1707283	8000.0	5	4000.0	0.8038	152.4286	2.0	155.23239999999998
1826336	8000.0	5	4000.0	0.8038	155.2324	2.0	158.0362
1661470	11000.0	5	4000.0	1.1038	158.0362	2.75	161.89000000000001
1786442	8000.0	5	4000.0	0.8038	161.89	2.0	164.69379999999998
1677023	10000.0	5	4000.0	1.0038	164.6938	2.5	168.19760000000002
1646168	11000.0	5	4000.0	1.1038	168.1976	2.75	172.0514
1752897	10000.0	5	4000.0	1.0038	172.0514	2.5	175.5552
1846537	11000.0	6	5000.0	1.1038	0	2.2	3.3038
1664260	10000.0	6	5000.0	1.0038	3.3038	2.0	6.3076
1838210	8000.0	6	5000.0	0.8038	6.3076	1.6	8.7114
1636315	8000.0	6	5000.0	0.8038	8.7114	1.6	11.1152
1845668	9000.0	6	5000.0	0.9038	11.1152	1.8	13.819
1662359	8000.0	6	5000.0	0.8038	13.819	1.6	16.222800000000003
1769065	9000.0	6	5000.0	0.9038	16.2228	1.8	18.9266
1677009	5000.0	6	5000.0	0.5038	18.9266	1.0	20.4304
1704465	8000.0	6	5000.0	0.8038	20.4304	1.6	22.8342
1769555	8000.0	6	5000.0	0.8038	22.8342	1.6	25.238
1827394	9000.0	6	5000.0	0.9038	25.238	1.8	27.9418
1700069	6000.0	6	5000.0	0.6038	27.9418	1.2	29.7456
1716539	11000.0	6	5000.0	1.1038	29.7456	2.2	33.0494
1712399	12000.0	6	5000.0	1.2038	33.0494	2.4	36.6532
1681069	7000.0	6	5000.0	0.7038	36.6532	1.4	38.757
1726921	9000.0	6	5000.0	0.9038	38.757	1.8	41.46079999999999
1815916	10000.0	6	5000.0	1.0038	41.4608	2.0	44.4646
1658138	6000.0	6	5000.0	0.6038	44.4646	1.2	46.2684
1641815	11000.0	6	5000.0	1.1038	46.2684	2.2	49.5722
1636656	9000.0	6	5000.0	0.9038	49.5722	1.8	52.275999999999996
1804546	8000.0	6	5000.0	0.8038	52.276	1.6	54.67980000000001
1755282	11000.0	6	5000.0	1.1038	54.6798	2.2	57.9836
1840792	8000.0	6	5000.0	0.8038	57.9836	1.6	60.38740000000001
1644654	12000.0	6	5000.0	1.2038	60.3874	2.4	63.9912
1731129	7000.0	6	5000.0	0.7038	63.9912	1.4	66.095
1838734	11000.0	6	5000.0	1.1038	66.095	2.2	69.39880000000001
1800488	9000.0	6	5000.0	0.9038	69.3988	1.8	72.1026
1724823	9000.0	6	5000.0	0.9038	72.1026	1.8	74.8064
1780340	10000.0	6	5000.0	1.0038	74.8064	2.0	77.8102
1733739	5000.0	6	5000.0	0.5038	77.8102	1.0	79.314
1710455	10000.0	6	5000.0	1.0038	79.314	2.0	82.31779999999999
1780591	7000.0	6	5000.0	0.7038	82.3178	1.4	84.42160000000001
1729783	6000.0	6	5000.0	0.6038	84.4216	1.2	86.22540000000001
1724916	10000.0	6	5000.0	1.0038	86.2254	2.0	89.22919999999999
1739371	8000.0	6	5000.0	0.8038	89.2292	1.6	91.633
1763166	9000.0	6	5000.0	0.9038	91.633	1.8	94.3368
1752715	6000.0	6	5000.0	0.6038	94.3368	1.2	96.1406
1714245	9000.0	6	5000.0	0.9038	96.1406	1.8	98.84440000000001
1724644	12000.0	6	5000.0	1.2038	98.8444	2.4	102.4482
1842360	9000.0	6	5000.0	0.9038	102.4482	1.8	105.152
1827728	7000.0	6	5000.0	0.7038	105.152	1.4	107.25580000000001
1783858	9000.0	6	5000.0	0.9038	107.2558	1.8	109.9596
1839144	12000.0	6	5000.0	1.2038	109.9596	2.4	113.5634
1677517	9000.0	7	5000.0	0.9038	0	1.8	2.7038
1770839	9000.0	7	5000.0	0.9038	2.7038	1.8	5.4076
1769322	8000.0	7	5000.0	0.8038	5.4076	1.6	7.811400000000001
1641672	5000.0	7	5000.0	0.5038	7.8114	1.0	9.3152
1843664	9000.0	7	5000.0	0.9038	9.3152	1.8	12.019000000000002
1796616	13000.0	7	5000.0	1.3038	12.019	2.6	15.9228
1720062	9000.0	7	5000.0	0.9038	15.9228	1.8	18.6266
1750069	12000.0	7	5000.0	1.2038	18.6266	2.4	22.2304
1730993	10000.0	7	5000.0	1.0038	22.2304	2.0	25.2342
1648017	12000.0	7	5000.0	1.2038	25.2342	2.4	28.838
1761134	9000.0	7	5000.0	0.9038	28.838	1.8	31.541800000000002
1779512	13000.0	7	5000.0	1.3038	31.5418	2.6	35.4456
1661133	10000.0	7	5000.0	1.0038	35.4456	2.0	38.4494
1785555	8000.0	7	5000.0	0.8038	38.4494	1.6	40.8532
1770653	9000.0	7	5000.0	0.9038	40.8532	1.8	43.556999999999995
1716471	8000.0	7	5000.0	0.8038	43.557	1.6	45.960800000000006
1804713	7000.0	7	5000.0	0.7038	45.9608	1.4	48.0646
1801644	5000.0	7	5000.0	0.5038	48.0646	1.0	49.5684
1756597	9000.0	7	5000.0	0.9038	49.5684	1.8	52.27219999999999
1837307	5000.0	7	5000.0	0.5038	52.2722	1.0	53.775999999999996
1770428	10000.0	7	5000.0	1.0038	53.776	2.0	56.7798
1740930	10000.0	7	5000.0	1.0038	56.7798	2.0	59.7836
1685428	11000.0	7	5000.0	1.1038	59.7836	2.2	63.0874
1762261	7000.0	7	5000.0	0.7038	63.0874	1.4	65.19120000000001
1792329	12000.0	7	5000.0	1.2038	65.1912	2.4	68.795
1727485	11000.0	7	5000.0	1.1038	68.795	2.2	72.09880000000001
1681316	11000.0	7	5000.0	1.1038	72.0988	2.2	75.4026
1782205	8000.0	7	5000.0	0.8038	75.4026	1.6	77.8064
1763763	10000.0	7	5000.0	1.0038	77.8064	2.0	80.8102
1760113	9000.0	7	5000.0	0.9038	80.8102	1.8	83.514
1661643	8000.0	7	5000.0	0.8038	83.514	1.6	85.91779999999999
1763805	11000.0	7	5000.0	1.1038	85.9178	2.2	89.22160000000001
1826209	9000.0	7	5000.0	0.9038	89.2216	1.8	91.9254
1844308	7000.0	7	5000.0	0.7038	91.9254	1.4	94.0292
1803942	11000.0	7	5000.0	1.1038	94.0292	2.2	97.33300000000001
1645948	11000.0	7	5000.0	1.1038	97.333	2.2	100.63680000000001
1845533	9000.0	7	5000.0	0.9038	100.6368	1.8	103.3406
1783241	10000.0	7	5000.0	1.0038	103.3406	2.0	106.3444
1730544	7000.0	7	5000.0	0.7038	106.3444	1.4	108.4482
1684813	10000.0	7	5000.0	1.0038	108.4482	2.0	111.452
1648721	10000.0	7	5000.0	1.0038	111.452	2.0	114.4558
1815671	8000.0	7	5000.0	0.8038	114.4558	1.6	116.85959999999999
1848823	7000.0	7	5000.0	0.7038	116.8596	1.4	118.96340000000001
1672154	9000.0	7	5000.0	0.9038	118.9634	1.8	121.6672
1723552	10000.0	7	5000.0	1.0038	121.6672	2.0	124.67099999999999
1804455	11000.0	8	5000.0	1.1067	0	2.2	3.3067
1747592	12000.0	8	5000.0	1.2067	3.3067	2.4	6.913400000000001
1851354	8000.0	8	5000.0	0.8067	6.9134	1.6	9.3201
1765400	7000.0	8	5000.0	0.7067	9.3201	1.4	11.4268
1816232	8000.0	8	5000.0	0.8067	11.4268	1.6	13.833499999999999
1758845	10000.0	8	5000.0	1.0067	13.8335	2.0	16.840200000000003
1848720	9000.0	8	5000.0	0.9067	16.8402	1.8	19.5469
1834528	11000.0	8	5000.0	1.1067	19.5469	2.2	22.8536
1756514	8000.0	8	5000.0	0.8067	22.8536	1.6	25.2603
1654673	8000.0	8	5000.0	0.8067	25.2603	1.6	27.667
1697081	9000.0	8	5000.0	0.9067	27.667	1.8	30.373700000000003
1662839	9000.0	8	5000.0	0.9067	30.3737	1.8	33.0804
1637120	7000.0	8	5000.0	0.7067	33.0804	1.4	35.187099999999994
1819609	9000.0	8	5000.0	0.9067	35.1871	1.8	37.8938
1800080	9000.0	8	5000.0	0.9067	37.8938	1.8	40.6005
1761762	10000.0	8	5000.0	1.0067	40.6005	2.0	43.6072
1755492	9000.0	8	5000.0	0.9067	43.6072	1.8	46.3139
1721050	9000.0	8	5000.0	0.9067	46.3139	1.8	49.020599999999995
1750798	9000.0	8	5000.0	0.9067	49.0206	1.8	51.7273
1747771	11000.0	8	5000.0	1.1067	51.7273	2.2	55.034000000000006
1714434	9000.0	8	5000.0	0.9067	55.034	1.8	57.7407
1756041	14000.0	8	5000.0	1.4067	57.7407	2.8	61.947399999999995
1844540	8000.0	8	5000.0	0.8067	61.9474	1.6	64.3541
1686021	11000.0	8	5000.0	1.1067	64.3541	2.2	67.66080000000001
1755828	11000.0	8	5000.0	1.1067	67.6608	2.2	70.9675
1644974	11000.0	8	5000.0	1.1067	70.9675	2.2	74.27420000000001
1649583	9000.0	8	5000.0	0.9067	74.2742	1.8	76.98089999999999
1822869	8000.0	8	5000.0	0.8067	76.9809	1.6	79.3876
1746306	11000.0	8	5000.0	1.1067	79.3876	2.2	82.69430000000001
1825272	12000.0	8	5000.0	1.2067	82.6943	2.4	86.301
1693360	10000.0	8	5000.0	1.0067	86.301	2.0	89.3077
1696172	8000.0	8	5000.0	0.8067	89.3077	1.6	91.7144
1702381	7000.0	8	5000.0	0.7067	91.7144	1.4	93.8211
1764348	10000.0	8	5000.0	1.0067	93.8211	2.0	96.8278
1796817	8000.0	8	5000.0	0.8067	96.8278	1.6	99.2345
1638322	7000.0	8	5000.0	0.7067	99.2345	1.4	101.3412
1797858	11000.0	8	5000.0	1.1067	101.3412	2.2	104.6479
1798430	10000.0	8	5000.0	1.0067	104.6479	2.0	107.6546
1809440	9000.0	8	5000.0	0.9067	107.6546	1.8	110.3613
1639874	11000.0	9	6000.0	1.1067	0	1.8333	2.94
1814342	8000.0	9	6000.0	0.8067	2.94	1.3333	5.08
1701871	11000.0	9	6000.0	1.1067	5.08	1.8333	8.02
1747087	8000.0	9	6000.0	0.8067	8.02	1.3333	10.159999999999998
1694922	7000.0	9	6000.0	0.7067	10.16	1.1667	12.0334
1673273	11000.0	9	6000.0	1.1067	12.0334	1.8333	14.9734
1702957	11000.0	9	6000.0	1.1067	14.9734	1.8333	17.913400000000003
1781311	7000.0	9	6000.0	0.7067	17.9134	1.1667	19.7868
1643350	9000.0	9	6000.0	0.9067	19.7868	1.5	22.1935
1640685	10000.0	9	6000.0	1.0067	22.1935	1.6667	24.866899999999998
1739646	7000.0	9	6000.0	0.7067	24.8669	1.1667	26.7403
1765627	10000.0	9	6000.0	1.0067	26.7403	1.6667	29.4137
1707433	12000.0	9	6000.0	1.2067	29.4137	2.0	32.620400000000004
1654378	9000.0	9	6000.0	0.9067	32.6204	1.5	35.0271
1814314	9000.0	9	6000.0	0.9067	35.0271	1.5	37.4338
1670111	10000.0	9	6000.0	1.0067	37.4338	1.6667	40.1072
1764001	8000.0	9	6000.0	0.8067	40.1072	1.3333	42.2472
1738557	14000.0	9	6000.0	1.4067	42.2472	2.3333	45.9872
1745918	11000.0	9	6000.0	1.1067	45.9872	1.8333	48.927200000000006
1797320	11000.0	9	6000.0	1.1067	48.9272	1.8333	51.867200000000004
1750027	9000.0	9	6000.0	0.9067	51.8672	1.5	54.2739
1669037	11000.0	9	6000.0	1.1067	54.2739	1.8333	57.2139
1697854	7000.0	9	6000.0	0.7067	57.2139	1.1667	59.0873
1709406	8000.0	9	6000.0	0.8067	59.0873	1.3333	61.2273
1656101	10000.0	9	6000.0	1.0067	61.2273	1.6667	63.9007
1831078	12000.0	9	6000.0	1.2067	63.9007	2.0	67.1074
1653689	9000.0	9	6000.0	0.9067	67.1074	1.5	69.5141
1665235	9000.0	9	6000.0	0.9067	69.5141	1.5	71.9208
1637763	9000.0	9	6000.0	0.9067	71.9208	1.5	74.3275
1734097	12000.0	9	6000.0	1.2067	74.3275	2.0	77.5342
1698669	8000.0	9	6000.0	0.8067	77.5342	1.3333	79.6742
1721919	10000.0	9	6000.0	1.0067	79.6742	1.6667	82.3476
1726050	8000.0	9	6000.0	0.8067	82.3476	1.3333	84.4876
1795402	8000.0	9	6000.0	0.8067	84.4876	1.3333	86.6276
1686639	8000.0	9	6000.0	0.8067	86.6276	1.3333	88.7676
1647842	12000.0	10	6000.0	1.2067	0	2.0	3.2067
1842605	9000.0	10	6000.0	0.9067	3.2067	1.5	5.6134
1820475	9000.0	10	6000.0	0.9067	5.6134	1.5	8.0201
1673032	13000.0	10	6000.0	1.3067	8.0201	2.1667	11.4935
1672852	11000.0	10	6000.0	1.1067	11.4935	1.8333	14.433499999999999
1638276	9000.0	10	6000.0	0.9067	14.4335	1.5	16.840200000000003
1693070	12000.0	10	6000.0	1.2067	16.8402	2.0	20.0469
1747247	7000.0	10	6000.0	0.7067	20.0469	1.1667	21.9203
1673066	10000.0	10	6000.0	1.0067	21.9203	1.6667	24.5937
1778479	10000.0	10	6000.0	1.0067	24.5937	1.6667	27.267099999999996
1659783	9000.0	10	6000.0	0.9067	27.2671	1.5	29.6738
1737144	10000.0	10	6000.0	1.0067	29.6738	1.6667	32.3472
1794165	7000.0	10	6000.0	0.7067	32.3472	1.1667	34.2206
1771908	9000.0	10	6000.0	0.9067	34.2206	1.5	36.6273
1644917	9000.0	10	6000.0	0.9067	36.6273	1.5	39.034
1734898	8000.0	10	6000.0	0.8067	39.034	1.3333	41.174
1753771	10000.0	10	6000.0	1.0067	41.174	1.6667	43.8474
1803529	9000.0	10	6000.0	0.9067	43.8474	1.5	46.2541
1797284	10000.0	10	6000.0	1.0067	46.2541	1.6667	48.9275
1780915	9000.0	10	6000.0	0.9067	48.9275	1.5	51.3342
1749154	10000.0	10	6000.0	1.0067	51.3342	1.6667	54.007600000000004
1683412	8000.0	10	6000.0	0.8067	54.0076	1.3333	56.1476
1652358	11000.0	10	6000.0	1.1067	56.1476	1.8333	59.0876
1714181	9000.0	10	6000.0	0.9067	59.0876	1.5	61.4943
1701203	11000.0	10	6000.0	1.1067	61.4943	1.8333	64.4343
1717177	9000.0	10	6000.0	0.9067	64.4343	1.5	66.841
1729238	10000.0	10	6000.0	1.0067	66.841	1.6667	69.5144
1780751	10000.0	10	6000.0	1.0067	69.5144	1.6667	72.1878
1798103	8000.0	10	6000.0	0.8067	72.1878	1.3333	74.3278
1692375	8000.0	10	6000.0	0.8067	74.3278	1.3333	76.4678
1637904	12000.0	10	6000.0	1.2067	76.4678	2.0	79.6745
1815316	15000.0	10	6000.0	1.5067	79.6745	2.5	83.68119999999999
1719336	8000.0	10	6000.0	0.8067	83.6812	1.3333	85.8212
1844045	9000.0	10	6000.0	0.9067	85.8212	1.5	88.2279
1667552	12000.0	10	6000.0	1.2067	88.2279	2.0	91.4346
1672503	10000.0	10	6000.0	1.0067	91.4346	1.6667	94.108
1837584	9000.0	10	6000.0	0.9067	94.108	1.5	96.5147
1844221	9000.0	10	6000.0	0.9067	96.5147	1.5	98.9214
1824716	9000.0	10	6000.0	0.9067	98.9214	1.5	101.3281
1741855	9000.0	11	6000.0	0.9067	0	1.5	2.4067
1661824	7000.0	11	6000.0	0.7067	2.4067	1.1667	4.2801
1663398	8000.0	11	6000.0	0.8067	4.2801	1.3333	6.4201
1721156	11000.0	11	6000.0	1.1067	6.4201	1.8333	9.3601
1734501	12000.0	11	6000.0	1.2067	9.3601	2.0	12.566799999999999
1677620	8000.0	11	6000.0	0.8067	12.5668	1.3333	14.7068
1747066	10000.0	11	6000.0	1.0067	14.7068	1.6667	17.3802
1657615	8000.0	11	6000.0	0.8067	17.3802	1.3333	19.5202
1736386	8000.0	11	6000.0	0.8067	19.5202	1.3333	21.6602
1729717	10000.0	11	6000.0	1.0067	21.6602	1.6667	24.333599999999997
1823561	9000.0	11	6000.0	0.9067	24.3336	1.5	26.7403
1732575	7000.0	11	6000.0	0.7067	26.7403	1.1667	28.6137
1808786	9000.0	11	6000.0	0.9067	28.6137	1.5	31.020400000000002
1801797	10000.0	11	6000.0	1.0067	31.0204	1.6667	33.693799999999996
1810204	8000.0	11	6000.0	0.8067	33.6938	1.3333	35.833800000000004
1661976	10000.0	11	6000.0	1.0067	35.8338	1.6667	38.5072
1797564	11000.0	11	6000.0	1.1067	38.5072	1.8333	41.4472
1704123	8000.0	11	6000.0	0.8067	41.4472	1.3333	43.5872
1818650	11000.0	11	6000.0	1.1067	43.5872	1.8333	46.5272
1738334	10000.0	11	6000.0	1.0067	46.5272	1.6667	49.2006
1647450	10000.0	11	6000.0	1.0067	49.2006	1.6667	51.874
1693875	11000.0	11	6000.0	1.1067	51.874	1.8333	54.814
1683528	10000.0	11	6000.0	1.0067	54.814	1.6667	57.4874
1664727	10000.0	11	6000.0	1.0067	57.4874	1.6667	60.1608
1775850	9000.0	11	6000.0	0.9067	60.1608	1.5	62.5675
1767874	8000.0	11	6000.0	0.8067	62.5675	1.3333	64.7075
1831387	8000.0	11	6000.0	0.8067	64.7075	1.3333	66.8475
1751252	11000.0	11	6000.0	1.1067	66.8475	1.8333	69.7875
1658812	7000.0	11	6000.0	0.7067	69.7875	1.1667	71.6609
1654025	12000.0	11	6000.0	1.2067	71.6609	2.0	74.8676
1677131	9000.0	11	6000.0	0.9067	74.8676	1.5	77.2743
1666284	9000.0	11	6000.0	0.9067	77.2743	1.5	79.681
1829751	9000.0	11	6000.0	0.9067	79.681	1.5	82.0877
1636284	9000.0	11	6000.0	0.9067	82.0877	1.5	84.4944
1683899	6000.0	11	6000.0	0.6067	84.4944	1.0	86.1011
1850991	10000.0	11	6000.0	1.0067	86.1011	1.6667	88.7745
1682766	8000.0	11	6000.0	0.8067	88.7745	1.3333	90.9145
1728940	10000.0	11	6000.0	1.0067	90.9145	1.6667	93.5879
1678812	8000.0	11	6000.0	0.8067	93.5879	1.3333	95.7279
1768461	12000.0	11	6000.0	1.2067	95.7279	2.0	98.9346
1759073	11000.0	11	6000.0	1.1067	98.9346	1.8333	101.8746
1692830	9000.0	11	6000.0	0.9067	101.8746	1.5	104.2813
1675774	5000.0	11	6000.0	0.5067	104.2813	0.8333	105.62129999999999
1834869	9000.0	12	6000.0	0.9	0	1.5	2.4
1713981	9000.0	12	6000.0	0.9	2.4	1.5	4.8
1755439	7000.0	12	6000.0	0.7	4.8	1.1667	6.6667000000000005
1851438	6000.0	12	6000.0	0.6	6.6667	1.0	8.2667
1721292	6000.0	12	6000.0	0.6	8.2667	1.0	9.8667
1678484	12000.0	12	6000.0	1.2	9.8667	2.0	13.066699999999999
1726077	9000.0	12	6000.0	0.9	13.0667	1.5	15.466700000000001
1711716	8000.0	12	6000.0	0.8	15.4667	1.3333	17.6
1640800	9000.0	12	6000.0	0.9	17.6	1.5	20.0
1783416	8000.0	12	6000.0	0.8	20.0	1.3333	22.133300000000002
1801096	9000.0	12	6000.0	0.9	22.1333	1.5	24.533299999999997
1787859	10000.0	12	6000.0	1.0	24.5333	1.6667	27.2
1770313	6000.0	12	6000.0	0.6	27.2	1.0	28.8
1647166	10000.0	12	6000.0	1.0	28.8	1.6667	31.4667
1731941	9000.0	12	6000.0	0.9	31.4667	1.5	33.8667
1721135	9000.0	12	6000.0	0.9	33.8667	1.5	36.2667
1665064	12000.0	12	6000.0	1.2	36.2667	2.0	39.4667
1849637	12000.0	12	6000.0	1.2	39.4667	2.0	42.666700000000006
1770316	9000.0	12	6000.0	0.9	42.6667	1.5	45.0667
1783584	10000.0	12	6000.0	1.0	45.0667	1.6667	47.733399999999996
1770406	7000.0	12	6000.0	0.7	47.7334	1.1667	49.600100000000005
1828947	9000.0	12	6000.0	0.9	49.6001	1.5	52.000099999999996
1662498	8000.0	12	6000.0	0.8	52.0001	1.3333	54.1334
1703948	13000.0	12	6000.0	1.3	54.1334	2.1667	57.6001
1717778	8000.0	12	6000.0	0.8	57.6001	1.3333	59.733399999999996
1787897	10000.0	12	6000.0	1.0	59.7334	1.6667	62.4001
1741433	9000.0	12	6000.0	0.9	62.4001	1.5	64.8001
1689843	11000.0	12	6000.0	1.1	64.8001	1.8333	67.73339999999999
1782616	12000.0	12	6000.0	1.2	67.7334	2.0	70.9334
1706416	9000.0	12	6000.0	0.9	70.9334	1.5	73.33340000000001
1724858	4000.0	12	6000.0	0.4	73.3334	0.6667	74.40010000000001
1721504	8000.0	12	6000.0	0.8	74.4001	1.3333	76.53339999999999
1720831	9000.0	12	6000.0	0.9	76.5334	1.5	78.9334
1843261	12000.0	12	6000.0	1.2	78.9334	2.0	82.13340000000001
1758249	10000.0	12	6000.0	1.0	82.1334	1.6667	84.8001
1702253	8000.0	12	6000.0	0.8	84.8001	1.3333	86.93339999999999
1641437	11000.0	12	6000.0	1.1	86.9334	1.8333	89.8667
1650209	9000.0	12	6000.0	0.9	89.8667	1.5	92.2667
1758264	10000.0	12	6000.0	1.0	92.2667	1.6667	94.9334
1788828	11000.0	12	6000.0	1.1	94.9334	1.8333	97.8667
1780811	8000.0	12	6000.0	0.8	97.8667	1.3333	99.99999999999999
1759660	10000.0	12	6000.0	1.0	100.0	1.6667	102.6667
1826200	8000.0	12	6000.0	0.8	102.6667	1.3333	104.8
1717048	10000.0	12	6000.0	1.0	104.8	1.6667	107.4667
1725106	13000.0	12	6000.0	1.3	107.4667	2.1667	110.9334
1790912	12000.0	12	6000.0	1.2	110.9334	2.0	114.13340000000001
1791019	8000.0	12	6000.0	0.8	114.1334	1.3333	116.26669999999999
1760495	7000.0	12	6000.0	0.7	116.2667	1.1667	118.13340000000001
1672525	12000.0	12	6000.0	1.2	118.1334	2.0	121.3334
1669853	7000.0	12	6000.0	0.7	121.3334	1.1667	123.2001
1707642	10000.0	12	6000.0	1.0	123.2001	1.6667	125.86680000000001
1842700	9000.0	12	6000.0	0.9	125.8668	1.5	128.2668
1801005	11000.0	12	6000.0	1.1	128.2668	1.8333	131.2001
1817779	8000.0	13	8000.0	0.8	0	1.0	1.8
1775542	10000.0	13	8000.0	1.0	1.8	1.25	4.05
1716184	9000.0	13	8000.0	0.9	4.05	1.125	6.075
1655154	10000.0	13	8000.0	1.0	6.075	1.25	8.325
1742379	9000.0	13	8000.0	0.9	8.325	1.125	10.35
1640291	10000.0	13	8000.0	1.0	10.35	1.25	12.6
1703328	11000.0	13	8000.0	1.1	12.6	1.375	15.075
1711509	11000.0	13	8000.0	1.1	15.075	1.375	17.55
1688895	9000.0	13	8000.0	0.9	17.55	1.125	19.575
1680442	9000.0	13	8000.0	0.9	19.575	1.125	21.599999999999998
1766331	11000.0	13	8000.0	1.1	21.6	1.375	24.075000000000003
1789513	13000.0	13	8000.0	1.3	24.075	1.625	27.0
1761497	8000.0	13	8000.0	0.8	27.0	1.0	28.8
1819945	8000.0	13	8000.0	0.8	28.8	1.0	30.6
1748387	11000.0	13	8000.0	1.1	30.6	1.375	33.075
1779001	10000.0	13	8000.0	1.0	33.075	1.25	35.325
1704041	11000.0	13	8000.0	1.1	35.325	1.375	37.800000000000004
1675194	7000.0	13	8000.0	0.7	37.8	0.875	39.375
1689666	10000.0	13	8000.0	1.0	39.375	1.25	41.625
1699654	10000.0	13	8000.0	1.0	41.625	1.25	43.875
1803466	10000.0	13	8000.0	1.0	43.875	1.25	46.125
1755966	11000.0	13	8000.0	1.1	46.125	1.375	48.6
1763991	6000.0	13	8000.0	0.6	48.6	0.75	49.95
1723628	9000.0	13	8000.0	0.9	49.95	1.125	51.975
1702770	11000.0	13	8000.0	1.1	51.975	1.375	54.45
1730949	10000.0	13	8000.0	1.0	54.45	1.25	56.7
1696195	12000.0	13	8000.0	1.2	56.7	1.5	59.400000000000006
1669046	9000.0	13	8000.0	0.9	59.4	1.125	61.425
1760712	6000.0	13	8000.0	0.6	61.425	0.75	62.775
1653006	8000.0	13	8000.0	0.8	62.775	1.0	64.57499999999999
1764360	10000.0	13	8000.0	1.0	64.575	1.25	66.825
1652836	8000.0	13	8000.0	0.8	66.825	1.0	68.625
1676080	10000.0	13	8000.0	1.0	68.625	1.25	70.875
1716898	10000.0	13	8000.0	1.0	70.875	1.25	73.125
1721427	7000.0	13	8000.0	0.7	73.125	0.875	74.7
1845576	10000.0	13	8000.0	1.0	74.7	1.25	76.95
1743289	10000.0	13	8000.0	1.0	76.95	1.25	79.2
1779881	8000.0	13	8000.0	0.8	79.2	1.0	81.0
1723669	8000.0	13	8000.0	0.8	81.0	1.0	82.8
1656637	10000.0	13	8000.0	1.0	82.8	1.25	85.05
1753504	8000.0	14	12000.0	0.8	0	0.6667	1.4667
1660219	8000.0	14	12000.0	0.8	1.4667	0.6667	2.9334000000000002
1772774	11000.0	14	12000.0	1.1	2.9334	0.9167	4.9501
1688876	11000.0	14	12000.0	1.1	4.9501	0.9167	6.9668
1778658	10000.0	14	12000.0	1.0	6.9668	0.8333	8.8001
1672806	9000.0	14	12000.0	0.9	8.8001	0.75	10.4501
1808532	12000.0	14	12000.0	1.2	10.4501	1.0	12.6501
1678283	9000.0	14	12000.0	0.9	12.6501	0.75	14.3001
1783966	10000.0	14	12000.0	1.0	14.3001	0.8333	16.1334
1639934	10000.0	14	12000.0	1.0	16.1334	0.8333	17.966700000000003
1734703	8000.0	14	12000.0	0.8	17.9667	0.6667	19.4334
1808671	9000.0	14	12000.0	0.9	19.4334	0.75	21.083399999999997
1808810	10000.0	14	12000.0	1.0	21.0834	0.8333	22.916700000000002
1694566	9000.0	14	12000.0	0.9	22.9167	0.75	24.566699999999997
1739135	10000.0	14	12000.0	1.0	24.5667	0.8333	26.400000000000002
1705611	10000.0	14	12000.0	1.0	26.4	0.8333	28.2333
1762220	9000.0	14	12000.0	0.9	28.2333	0.75	29.8833
1690616	10000.0	14	12000.0	1.0	29.8833	0.8333	31.7166
1808886	12000.0	14	12000.0	1.2	31.7166	1.0	33.9166
1825573	10000.0	14	12000.0	1.0	33.9166	0.8333	35.749900000000004
1698332	8000.0	14	12000.0	0.8	35.7499	0.6667	37.21659999999999
1746049	9000.0	14	12000.0	0.9	37.2166	0.75	38.8666
1818311	9000.0	14	12000.0	0.9	38.8666	0.75	40.5166
1806248	8000.0	14	12000.0	0.8	40.5166	0.6667	41.98329999999999
1709236	8000.0	14	12000.0	0.8	41.9833	0.6667	43.449999999999996
1730560	8000.0	14	12000.0	0.8	43.45	0.6667	44.9167
1679748	12000.0	14	12000.0	1.2	44.9167	1.0	47.1167
1816760	9000.0	14	12000.0	0.9	47.1167	0.75	48.7667
1792840	9000.0	14	12000.0	0.9	48.7667	0.75	50.4167
1792770	8000.0	14	12000.0	0.8	50.4167	0.6667	51.883399999999995
1683722	10000.0	14	12000.0	1.0	51.8834	0.8333	53.7167
1698090	10000.0	14	12000.0	1.0	53.7167	0.8333	55.550000000000004
1766575	9000.0	14	12000.0	0.9	55.55	0.75	57.199999999999996
1658966	10000.0	14	12000.0	1.0	57.2	0.8333	59.033300000000004
1682910	9000.0	14	12000.0	0.9	59.0333	0.75	60.683299999999996
1796840	11000.0	14	12000.0	1.1	60.6833	0.9167	62.7
1761027	11000.0	14	12000.0	1.1	62.7	0.9167	64.7167
1833569	7000.0	14	12000.0	0.7	64.7167	0.5833	66.0
1768707	12000.0	14	12000.0	1.2	66.0	1.0	68.2
1729386	10000.0	14	12000.0	1.0	68.2	0.8333	70.0333
1827586	7000.0	14	12000.0	0.7	70.0333	0.5833	71.3166
1797757	10000.0	15	16000.0	1.0	0	0.625	1.625
1675535	11000.0	15	16000.0	1.1	1.625	0.6875	3.4125
1728112	8000.0	15	16000.0	0.8	3.4125	0.5	4.7125
1672797	10000.0	15	16000.0	1.0	4.7125	0.625	6.3375
1699135	8000.0	15	16000.0	0.8	6.3375	0.5	7.6375
1820506	9000.0	15	16000.0	0.9	7.6375	0.5625	9.1
1801953	8000.0	15	16000.0	0.8	9.1	0.5	10.4
1785157	8000.0	15	16000.0	0.8	10.4	0.5	11.700000000000001
1803074	9000.0	15	16000.0	0.9	11.7	0.5625	13.1625
1719655	10000.0	15	16000.0	1.0	13.1625	0.625	14.7875
1819622	12000.0	15	16000.0	1.2	14.7875	0.75	16.737499999999997
1801438	8000.0	15	16000.0	0.8	16.7375	0.5	18.0375
1651766	10000.0	15	16000.0	1.0	18.0375	0.625	19.6625
1849869	9000.0	15	16000.0	0.9	19.6625	0.5625	21.125
1689602	7000.0	15	16000.0	0.7	21.125	0.4375	22.2625
1841657	11000.0	15	16000.0	1.1	22.2625	0.6875	24.05
1643855	12000.0	15	16000.0	1.2	24.05	0.75	26.0
1721071	10000.0	15	16000.0	1.0	26.0	0.625	27.625
1658640	8000.0	15	16000.0	0.8	27.625	0.5	28.925
1636720	8000.0	15	16000.0	0.8	28.925	0.5	30.225
1789084	8000.0	15	16000.0	0.8	30.225	0.5	31.525000000000002
1767712	10000.0	15	16000.0	1.0	31.525	0.625	33.15
1806377	11000.0	15	16000.0	1.1	33.15	0.6875	34.9375
1696271	6000.0	15	16000.0	0.6	34.9375	0.375	35.9125
1813150	7000.0	15	16000.0	0.7	35.9125	0.4375	37.050000000000004
1652396	11000.0	15	16000.0	1.1	37.05	0.6875	38.8375
1684601	9000.0	15	16000.0	0.9	38.8375	0.5625	40.3
1724777	9000.0	15	16000.0	0.9	40.3	0.5625	41.762499999999996
1668335	10000.0	15	16000.0	1.0	41.7625	0.625	43.3875
1750690	9000.0	15	16000.0	0.9	43.3875	0.5625	44.85
1637990	12000.0	15	16000.0	1.2	44.85	0.75	46.800000000000004
1792811	15000.0	15	16000.0	1.5	46.8	0.9375	49.2375
1702061	12000.0	15	16000.0	1.2	49.2375	0.75	51.1875
1723115	11000.0	15	16000.0	1.1	51.1875	0.6875	52.975
1723057	10000.0	15	16000.0	1.0	52.975	0.625	54.6
1702019	10000.0	15	16000.0	1.0	54.6	0.625	56.225
1671119	11000.0	15	16000.0	1.1	56.225	0.6875	58.0125
1819300	9000.0	15	16000.0	0.9	58.0125	0.5625	59.475
1784502	7000.0	15	16000.0	0.7	59.475	0.4375	60.612500000000004
1745180	9000.0	15	16000.0	0.9	60.6125	0.5625	62.074999999999996
1672510	9000.0	15	16000.0	0.9	62.075	0.5625	63.5375
1832949	7000.0	15	16000.0	0.7	63.5375	0.4375	64.675
1639389	8000.0	15	16000.0	0.8	64.675	0.5	65.975
1700931	7000.0	15	16000.0	0.7	65.975	0.4375	67.1125
1813695	10000.0	15	16000.0	1.0	67.1125	0.625	68.7375
1762472	7000.0	16	18000.0	0.7058	0	0.3889	1.0947
1752293	7000.0	16	18000.0	0.7058	1.0947	0.3889	2.1894
1743730	10000.0	16	18000.0	1.0058	2.1894	0.5556	3.7508
1700644	11000.0	16	18000.0	1.1058	3.7508	0.6111	5.467700000000001
1812039	11000.0	16	18000.0	1.1058	5.4677	0.6111	7.1846
1664299	12000.0	16	18000.0	1.2058	7.1846	0.6667	9.0571
1693665	10000.0	16	18000.0	1.0058	9.0571	0.5556	10.618500000000001
1779650	6000.0	16	18000.0	0.6058	10.6185	0.3333	11.557599999999999
1752624	12000.0	16	18000.0	1.2058	11.5576	0.6667	13.430100000000001
1688696	9000.0	16	18000.0	0.9058	13.4301	0.5	14.835899999999999
1641632	10000.0	16	18000.0	1.0058	14.8359	0.5556	16.3973
1801918	9000.0	16	18000.0	0.9058	16.3973	0.5	17.8031
1715046	9000.0	16	18000.0	0.9058	17.8031	0.5	19.2089
1766226	9000.0	16	18000.0	0.9058	19.2089	0.5	20.6147
1743948	11000.0	16	18000.0	1.1058	20.6147	0.6111	22.331599999999998
1754196	9000.0	16	18000.0	0.9058	22.3316	0.5	23.7374
1777006	10000.0	16	18000.0	1.0058	23.7374	0.5556	25.2988
1799556	8000.0	16	18000.0	0.8058	25.2988	0.4444	26.549000000000003
1808752	10000.0	16	18000.0	1.0058	26.549	0.5556	28.1104
1838976	12000.0	16	18000.0	1.2058	28.1104	0.6667	29.982899999999997
1676877	7000.0	16	18000.0	0.7058	29.9829	0.3889	31.0776
1713908	9000.0	16	18000.0	0.9058	31.0776	0.5	32.4834
1843723	10000.0	16	18000.0	1.0058	32.4834	0.5556	34.0448
1674354	8000.0	16	18000.0	0.8058	34.0448	0.4444	35.295
1756145	8000.0	16	18000.0	0.8058	35.295	0.4444	36.5452
1743144	5000.0	16	18000.0	0.5058	36.5452	0.2778	37.3288
1845452	7000.0	16	18000.0	0.7058	37.3288	0.3889	38.4235
1717323	13000.0	16	18000.0	1.3058	38.4235	0.7222	40.451499999999996
1839403	8000.0	16	18000.0	0.8058	40.4515	0.4444	41.7017
1730367	8000.0	16	18000.0	0.8058	41.7017	0.4444	42.9519
1821352	10000.0	16	18000.0	1.0058	42.9519	0.5556	44.5133
1767164	9000.0	16	18000.0	0.9058	44.5133	0.5	45.9191
1812562	10000.0	16	18000.0	1.0058	45.9191	0.5556	47.4805
1788825	11000.0	16	18000.0	1.1058	47.4805	0.6111	49.1974
1728671	10000.0	16	18000.0	1.0058	49.1974	0.5556	50.7588
1717262	6000.0	16	18000.0	0.6058	50.7588	0.3333	51.697900000000004
1750646	10000.0	16	18000.0	1.0058	51.6979	0.5556	53.259299999999996
1792873	10000.0	16	18000.0	1.0058	53.2593	0.5556	54.8207
1837876	11000.0	16	18000.0	1.1058	54.8207	0.6111	56.537600000000005
1787340	10000.0	16	18000.0	1.0058	56.5376	0.5556	58.099
1759427	10000.0	16	18000.0	1.0058	58.099	0.5556	59.660399999999996
1794883	8000.0	16	18000.0	0.8058	59.6604	0.4444	60.9106
1779917	8000.0	16	18000.0	0.8058	60.9106	0.4444	62.1608
1840558	6000.0	16	18000.0	0.6058	62.1608	0.3333	63.099900000000005
1719039	9000.0	16	18000.0	0.9058	63.0999	0.5	64.5057
1688485	12000.0	16	18000.0	1.2058	64.5057	0.6667	66.3782
1831491	8000.0	16	18000.0	0.8058	66.3782	0.4444	67.62840000000001
1751393	11000.0	16	18000.0	1.1058	67.6284	0.6111	69.3453
1684660	8000.0	16	18000.0	0.8058	69.3453	0.4444	70.5955
1772697	8000.0	16	18000.0	0.8058	70.5955	0.4444	71.84570000000001
1750286	10000.0	17	24000.0	1.0058	0	0.4167	1.4225
1850516	8000.0	17	24000.0	0.8058	1.4225	0.3333	2.5616
1637353	10000.0	17	24000.0	1.0058	2.5616	0.4167	3.9841
1805231	8000.0	17	24000.0	0.8058	3.9841	0.3333	5.123200000000001
1762905	9000.0	17	24000.0	0.9058	5.1232	0.375	6.404
1659428	11000.0	17	24000.0	1.1058	6.404	0.4583	7.968100000000001
1829240	11000.0	17	24000.0	1.1058	7.9681	0.4583	9.5322
1744605	12000.0	17	24000.0	1.2058	9.5322	0.5	11.238
1843609	10000.0	17	24000.0	1.0058	11.238	0.4167	12.6605
1766359	7000.0	17	24000.0	0.7058	12.6605	0.2917	13.658000000000001
1700160	10000.0	17	24000.0	1.0058	13.658	0.4167	15.0805
1759473	11000.0	17	24000.0	1.1058	15.0805	0.4583	16.6446
1729493	14000.0	17	24000.0	1.4058	16.6446	0.5833	18.6337
1783964	7000.0	17	24000.0	0.7058	18.6337	0.2917	19.6312
1694296	9000.0	17	24000.0	0.9058	19.6312	0.375	20.912
1822767	8000.0	17	24000.0	0.8058	20.912	0.3333	22.0511
1769841	8000.0	17	24000.0	0.8058	22.0511	0.3333	23.190200000000004
1689486	5000.0	17	24000.0	0.5058	23.1902	0.2083	23.904300000000003
1704128	6000.0	17	24000.0	0.6058	23.9043	0.25	24.760099999999998
1782991	8000.0	17	24000.0	0.8058	24.7601	0.3333	25.899200000000004
1725746	10000.0	17	24000.0	1.0058	25.8992	0.4167	27.3217
1676344	10000.0	17	24000.0	1.0058	27.3217	0.4167	28.7442
1800900	9000.0	17	24000.0	0.9058	28.7442	0.375	30.025
1735271	8000.0	17	24000.0	0.8058	30.025	0.3333	31.1641
1767932	8000.0	17	24000.0	0.8058	31.1641	0.3333	32.303200000000004
1817643	9000.0	17	24000.0	0.9058	32.3032	0.375	33.583999999999996
1783495	8000.0	17	24000.0	0.8058	33.584	0.3333	34.7231
1849493	6000.0	17	24000.0	0.6058	34.7231	0.25	35.578900000000004
1767573	6000.0	17	24000.0	0.6058	35.5789	0.25	36.4347
1851076	10000.0	17	24000.0	1.0058	36.4347	0.4167	37.8572
1733188	11000.0	17	24000.0	1.1058	37.8572	0.4583	39.4213
1838346	11000.0	17	24000.0	1.1058	39.4213	0.4583	40.985400000000006
1709038	8000.0	17	24000.0	0.8058	40.9854	0.3333	42.1245
1836213	10000.0	17	24000.0	1.0058	42.1245	0.4167	43.547
1656952	9000.0	17	24000.0	0.9058	43.547	0.375	44.827799999999996
1698767	9000.0	17	24000.0	0.9058	44.8278	0.375	46.1086
1851233	12000.0	17	24000.0	1.2058	46.1086	0.5	47.814400000000006
1746852	8000.0	17	24000.0	0.8058	47.8144	0.3333	48.9535
1843440	8000.0	17	24000.0	0.8058	48.9535	0.3333	50.0926
1759107	9000.0	17	24000.0	0.9058	50.0926	0.375	51.3734
1688005	9000.0	17	24000.0	0.9058	51.3734	0.375	52.654199999999996
1787243	13000.0	17	24000.0	1.3058	52.6542	0.5417	54.5017
1640248	13000.0	17	24000.0	1.3058	54.5017	0.5417	56.349199999999996
1772461	13000.0	17	24000.0	1.3058	56.3492	0.5417	58.1967
1688070	7000.0	17	24000.0	0.7058	58.1967	0.2917	59.1942
1811607	10000.0	17	24000.0	1.0058	59.1942	0.4167	60.6167
1660206	10000.0	18	30000.0	1.0058	0	0.3333	1.3391
1646653	11000.0	18	30000.0	1.1058	1.3391	0.3667	2.8115999999999994
1747607	9000.0	18	30000.0	0.9058	2.8116	0.3	4.0174
1850753	10000.0	18	30000.0	1.0058	4.0174	0.3333	5.3565000000000005
1663679	10000.0	18	30000.0	1.0058	5.3565	0.3333	6.6956
1785920	12000.0	18	30000.0	1.2058	6.6956	0.4	8.3014
1675321	12000.0	18	30000.0	1.2058	8.3014	0.4	9.9072
1660372	9000.0	18	30000.0	0.9058	9.9072	0.3	11.113
1716229	8000.0	18	30000.0	0.8058	11.113	0.2667	12.1855
1781581	11000.0	18	30000.0	1.1058	12.1855	0.3667	13.658
1781403	8000.0	18	30000.0	0.8058	13.658	0.2667	14.7305
1843846	10000.0	18	30000.0	1.0058	14.7305	0.3333	16.0696
1782558	10000.0	18	30000.0	1.0058	16.0696	0.3333	17.408700000000003
1748259	11000.0	18	30000.0	1.1058	17.4087	0.3667	18.8812
1705644	9000.0	18	30000.0	0.9058	18.8812	0.3	20.087
1822890	10000.0	18	30000.0	1.0058	20.087	0.3333	21.4261
1813873	12000.0	18	30000.0	1.2058	21.4261	0.4	23.0319
1658571	7000.0	18	30000.0	0.7058	23.0319	0.2333	23.971
1828897	10000.0	18	30000.0	1.0058	23.971	0.3333	25.310100000000002
1792298	13000.0	18	30000.0	1.3058	25.3101	0.4333	27.0492
1827796	10000.0	18	30000.0	1.0058	27.0492	0.3333	28.3883
1699652	11000.0	18	30000.0	1.1058	28.3883	0.3667	29.8608
1752169	10000.0	18	30000.0	1.0058	29.8608	0.3333	31.199900000000003
1636660	10000.0	18	30000.0	1.0058	31.1999	0.3333	32.539
1660911	7000.0	18	30000.0	0.7058	32.539	0.2333	33.4781
1689781	5000.0	18	30000.0	0.5058	33.4781	0.1667	34.1506
1645467	11000.0	18	30000.0	1.1058	34.1506	0.3667	35.6231
1714251	7000.0	18	30000.0	0.7058	35.6231	0.2333	36.562200000000004
1774089	10000.0	18	30000.0	1.0058	36.5622	0.3333	37.9013
1649530	9000.0	18	30000.0	0.9058	37.9013	0.3	39.107099999999996
1691330	13000.0	18	30000.0	1.3058	39.1071	0.4333	40.8462
1849373	10000.0	18	30000.0	1.0058	40.8462	0.3333	42.185300000000005
1758077	10000.0	18	30000.0	1.0058	42.1853	0.3333	43.5244
1686817	12000.0	18	30000.0	1.2058	43.5244	0.4	45.130199999999995
1826327	12000.0	18	30000.0	1.2058	45.1302	0.4	46.736
1721877	10000.0	18	30000.0	1.0058	46.736	0.3333	48.0751
1831405	7000.0	18	30000.0	0.7058	48.0751	0.2333	49.0142
1776525	11000.0	18	30000.0	1.1058	49.0142	0.3667	50.486700000000006
1825226	8000.0	18	30000.0	0.8058	50.4867	0.2667	51.5592
1825224	13000.0	18	30000.0	1.3058	51.5592	0.4333	53.2983
1710613	10000.0	18	30000.0	1.0058	53.2983	0.3333	54.6374
1712993	11000.0	18	30000.0	1.1058	54.6374	0.3667	56.1099
1780074	7000.0	18	30000.0	0.7058	56.1099	0.2333	57.04900000000001
1678176	10000.0	18	30000.0	1.0058	57.049	0.3333	58.3881
1645627	9000.0	18	30000.0	0.9058	58.3881	0.3	59.5939
1752705	10000.0	18	30000.0	1.0058	59.5939	0.3333	60.933
1702697	10000.0	18	30000.0	1.0058	60.933	0.3333	62.2721
1763408	8000.0	18	30000.0	0.8058	62.2721	0.2667	63.3446
1732911	9000.0	18	30000.0	0.9058	63.3446	0.3	64.5504
1648862	12000.0	18	30000.0	1.2058	64.5504	0.4	66.1562
1809337	9000.0	18	30000.0	0.9058	66.1562	0.3	67.362
1642057	8000.0	18	30000.0	0.8058	67.362	0.2667	68.4345
1752955	9000.0	18	30000.0	0.9058	68.4345	0.3	69.6403
1676440	7000.0	18	30000.0	0.7058	69.6403	0.2333	70.57939999999999
1667729	12000.0	18	30000.0	1.2058	70.5794	0.4	72.18520000000001
1695133	12000.0	18	30000.0	1.2058	72.1852	0.4	73.791
1749025	8000.0	18	30000.0	0.8058	73.791	0.2667	74.8635
1729741	10000.0	18	30000.0	1.0058	74.8635	0.3333	76.20259999999999
1743651	9000.0	19	30000.0	0.9058	0	0.3	1.2058
1755376	8000.0	19	30000.0	0.8058	1.2058	0.2667	2.2783
1819082	9000.0	19	30000.0	0.9058	2.2783	0.3	3.4841
1682493	9000.0	19	30000.0	0.9058	3.4841	0.3	4.6899
1847894	8000.0	19	30000.0	0.8058	4.6899	0.2667	5.7623999999999995
1666638	10000.0	19	30000.0	1.0058	5.7624	0.3333	7.101500000000001
1691994	9000.0	19	30000.0	0.9058	7.1015	0.3	8.3073
1708087	11000.0	19	30000.0	1.1058	8.3073	0.3667	9.7798
1828708	10000.0	19	30000.0	1.0058	9.7798	0.3333	11.1189
1801519	7000.0	19	30000.0	0.7058	11.1189	0.2333	12.058
1680881	10000.0	19	30000.0	1.0058	12.058	0.3333	13.3971
1638203	9000.0	19	30000.0	0.9058	13.3971	0.3	14.6029
1841804	8000.0	19	30000.0	0.8058	14.6029	0.2667	15.6754
1834428	7000.0	19	30000.0	0.7058	15.6754	0.2333	16.6145
1701407	9000.0	19	30000.0	0.9058	16.6145	0.3	17.8203
1842309	13000.0	19	30000.0	1.3058	17.8203	0.4333	19.5594
1810572	6000.0	19	30000.0	0.6058	19.5594	0.2	20.365199999999998
1716373	9000.0	19	30000.0	0.9058	20.3652	0.3	21.571
1719756	9000.0	19	30000.0	0.9058	21.571	0.3	22.7768
1697714	8000.0	19	30000.0	0.8058	22.7768	0.2667	23.849300000000003
1687626	8000.0	19	30000.0	0.8058	23.8493	0.2667	24.9218
1727791	9000.0	19	30000.0	0.9058	24.9218	0.3	26.1276
1638417	9000.0	19	30000.0	0.9058	26.1276	0.3	27.3334
1677769	9000.0	19	30000.0	0.9058	27.3334	0.3	28.5392
1831030	9000.0	19	30000.0	0.9058	28.5392	0.3	29.745
1669102	5000.0	19	30000.0	0.5058	29.745	0.1667	30.4175
1710654	10000.0	19	30000.0	1.0058	30.4175	0.3333	31.756600000000002
1838704	7000.0	19	30000.0	0.7058	31.7566	0.2333	32.6957
1698079	9000.0	19	30000.0	0.9058	32.6957	0.3	33.9015
1733560	7000.0	19	30000.0	0.7058	33.9015	0.2333	34.840599999999995
1728624	10000.0	19	30000.0	1.0058	34.8406	0.3333	36.179700000000004
1711206	10000.0	19	30000.0	1.0058	36.1797	0.3333	37.5188
1835265	8000.0	19	30000.0	0.8058	37.5188	0.2667	38.5913
1803353	11000.0	19	30000.0	1.1058	38.5913	0.3667	40.0638
1760884	6000.0	19	30000.0	0.6058	40.0638	0.2	40.869600000000005
1778310	8000.0	19	30000.0	0.8058	40.8696	0.2667	41.942099999999996
1666220	7000.0	19	30000.0	0.7058	41.9421	0.2333	42.88120000000001
