6538211	1000.0	0	500.0	0.1	0	2.0	2.1
6539742	1000.0	0	500.0	0.1	2.1	2.0	4.2
6538576	1000.0	0	500.0	0.1	4.2	2.0	6.3
6537699	1000.0	0	500.0	0.1	6.3	2.0	8.399999999999999
6537879	1000.0	0	500.0	0.1	8.4	2.0	10.5
6538935	1000.0	1	500.0	0.1	0	2.0	2.1
6539437	1000.0	1	500.0	0.1	2.1	2.0	4.2
6539597	1000.0	1	500.0	0.1	4.2	2.0	6.3
6539694	1000.0	1	500.0	0.1	6.3	2.0	8.399999999999999
6539676	1000.0	1	500.0	0.1	8.4	2.0	10.5
6540456	1000.0	1	500.0	0.1	10.5	2.0	12.6
6539121	1000.0	1	500.0	0.1	12.6	2.0	14.7
6537785	1000.0	1	500.0	0.1	14.7	2.0	16.799999999999997
6539973	1000.0	1	500.0	0.1	16.8	2.0	18.900000000000002
6540011	1000.0	1	500.0	0.1	18.9	2.0	21.0
6538699	1000.0	2	1000.0	0.1	0	1.0	1.1
6538661	1000.0	2	1000.0	0.1	1.1	1.0	2.2
6539405	1000.0	2	1000.0	0.1	2.2	1.0	3.3000000000000003
6539331	1000.0	2	1000.0	0.1	3.3	1.0	4.4
6539655	1000.0	2	1000.0	0.1	4.4	1.0	5.5
6539506	1000.0	2	1000.0	0.1	5.5	1.0	6.6
6538579	1000.0	2	1000.0	0.1	6.6	1.0	7.699999999999999
6537672	1000.0	2	1000.0	0.1	7.7	1.0	8.8
6538259	1000.0	2	1000.0	0.1	8.8	1.0	9.9
6539307	1000.0	2	1000.0	0.1	9.9	1.0	11.0
6538791	1000.0	3	1000.0	0.1	0	1.0	1.1
6538706	1000.0	3	1000.0	0.1	1.1	1.0	2.2
6539934	1000.0	3	1000.0	0.1	2.2	1.0	3.3000000000000003
6539675	1000.0	3	1000.0	0.1	3.3	1.0	4.4
6538902	1000.0	3	1000.0	0.1	4.4	1.0	5.5
6539314	1000.0	3	1000.0	0.1	5.5	1.0	6.6
6537793	1000.0	3	1000.0	0.1	6.6	1.0	7.699999999999999
6537855	1000.0	3	1000.0	0.1	7.7	1.0	8.8
6539267	1000.0	3	1000.0	0.1	8.8	1.0	9.9
6538668	1000.0	4	4000.0	0.1038	0	0.25	0.3538
6538948	1000.0	4	4000.0	0.1038	0.3538	0.25	0.7076
6538228	1000.0	4	4000.0	0.1038	0.7076	0.25	1.0614
6538573	1000.0	4	4000.0	0.1038	1.0614	0.25	1.4152
6540016	1000.0	4	4000.0	0.1038	1.4152	0.25	1.7690000000000001
6538076	1000.0	5	4000.0	0.1038	0	0.25	0.3538
6537942	1000.0	5	4000.0	0.1038	0.3538	0.25	0.7076
6537964	1000.0	5	4000.0	0.1038	0.7076	0.25	1.0614
6539581	1000.0	5	4000.0	0.1038	1.0614	0.25	1.4152
6540440	1000.0	5	4000.0	0.1038	1.4152	0.25	1.7690000000000001
6539753	1000.0	5	4000.0	0.1038	1.769	0.25	2.1228
6538578	1000.0	5	4000.0	0.1038	2.1228	0.25	2.4766
6537758	1000.0	5	4000.0	0.1038	2.4766	0.25	2.8304
6538546	1000.0	5	4000.0	0.1038	2.8304	0.25	3.1842
6538325	1000.0	5	4000.0	0.1038	3.1842	0.25	3.5380000000000003
6539061	1000.0	6	5000.0	0.1038	0	0.2	0.3038
6539067	1000.0	6	5000.0	0.1038	0.3038	0.2	0.6076
6538786	1000.0	6	5000.0	0.1038	0.6076	0.2	0.9114
6539062	1000.0	6	5000.0	0.1038	0.9114	0.2	1.2152
6539463	2000.0	6	5000.0	0.2038	1.2152	0.4	1.819
6540306	1000.0	6	5000.0	0.1038	1.819	0.2	2.1228000000000002
6537991	1000.0	6	5000.0	0.1038	2.1228	0.2	2.4266
6539514	1000.0	6	5000.0	0.1038	2.4266	0.2	2.7304000000000004
6540278	1000.0	6	5000.0	0.1038	2.7304	0.2	3.0342000000000002
6537764	1000.0	6	5000.0	0.1038	3.0342	0.2	3.338
6538501	1000.0	6	5000.0	0.1038	3.338	0.2	3.6418000000000004
6539962	1000.0	6	5000.0	0.1038	3.6418	0.2	3.9456
6538700	1000.0	7	5000.0	0.1038	0	0.2	0.3038
6539577	1000.0	7	5000.0	0.1038	0.3038	0.2	0.6076
6538221	1000.0	7	5000.0	0.1038	0.6076	0.2	0.9114
6538100	1000.0	7	5000.0	0.1038	0.9114	0.2	1.2152
6539600	1000.0	7	5000.0	0.1038	1.2152	0.2	1.519
6539937	1000.0	7	5000.0	0.1038	1.519	0.2	1.8227999999999998
6538105	1000.0	7	5000.0	0.1038	1.8228	0.2	2.1266000000000003
6539549	1000.0	7	5000.0	0.1038	2.1266	0.2	2.4304
6538470	1000.0	7	5000.0	0.1038	2.4304	0.2	2.7342000000000004
6540071	1000.0	7	5000.0	0.1038	2.7342	0.2	3.0380000000000003
6538511	1000.0	7	5000.0	0.1038	3.038	0.2	3.3418
6540247	1000.0	7	5000.0	0.1038	3.3418	0.2	3.6456000000000004
6538967	1000.0	8	5000.0	0.1067	0	0.2	0.30670000000000003
6538836	1000.0	8	5000.0	0.1067	0.3067	0.2	0.6134
6540198	1000.0	8	5000.0	0.1067	0.6134	0.2	0.9200999999999999
6539051	1000.0	8	5000.0	0.1067	0.9201	0.2	1.2268
6538805	1000.0	8	5000.0	0.1067	1.2268	0.2	1.5334999999999999
6539388	1000.0	8	5000.0	0.1067	1.5335	0.2	1.8402
6539800	1000.0	8	5000.0	0.1067	1.8402	0.2	2.1469
6539683	1000.0	8	5000.0	0.1067	2.1469	0.2	2.4536000000000002
6538555	1000.0	8	5000.0	0.1067	2.4536	0.2	2.7603
6537860	1000.0	8	5000.0	0.1067	2.7603	0.2	3.067
6538660	1000.0	9	6000.0	0.1067	0	0.1667	0.2734
6540330	1000.0	9	6000.0	0.1067	0.2734	0.1667	0.5468
6539362	1000.0	9	6000.0	0.1067	0.5468	0.1667	0.8201999999999999
6539760	1000.0	9	6000.0	0.1067	0.8202	0.1667	1.0936000000000001
6540025	1000.0	9	6000.0	0.1067	1.0936	0.1667	1.367
6540088	1000.0	9	6000.0	0.1067	1.367	0.1667	1.6404
6538276	1000.0	9	6000.0	0.1067	1.6404	0.1667	1.9138000000000002
6540012	1000.0	9	6000.0	0.1067	1.9138	0.1667	2.1872
6539872	1000.0	10	6000.0	0.1067	0	0.1667	0.2734
6537948	1000.0	10	6000.0	0.1067	0.2734	0.1667	0.5468
6539878	1000.0	10	6000.0	0.1067	0.5468	0.1667	0.8201999999999999
6539530	1000.0	10	6000.0	0.1067	0.8202	0.1667	1.0936000000000001
6538481	1000.0	10	6000.0	0.1067	1.0936	0.1667	1.367
6540177	1000.0	10	6000.0	0.1067	1.367	0.1667	1.6404
6537870	1000.0	10	6000.0	0.1067	1.6404	0.1667	1.9138000000000002
6538360	1000.0	10	6000.0	0.1067	1.9138	0.1667	2.1872
6539454	1000.0	11	6000.0	0.1067	0	0.1667	0.2734
6537947	1000.0	11	6000.0	0.1067	0.2734	0.1667	0.5468
6538136	1000.0	11	6000.0	0.1067	0.5468	0.1667	0.8201999999999999
6539614	1000.0	11	6000.0	0.1067	0.8202	0.1667	1.0936000000000001
6539653	1000.0	11	6000.0	0.1067	1.0936	0.1667	1.367
6540396	1000.0	11	6000.0	0.1067	1.367	0.1667	1.6404
6537839	1000.0	11	6000.0	0.1067	1.6404	0.1667	1.9138000000000002
6539312	1000.0	11	6000.0	0.1067	1.9138	0.1667	2.1872
6539072	1000.0	12	6000.0	0.1	0	0.1667	0.2667
6537935	1000.0	12	6000.0	0.1	0.2667	0.1667	0.5334
6537971	1000.0	12	6000.0	0.1	0.5334	0.1667	0.8000999999999999
6539473	1000.0	12	6000.0	0.1	0.8001	0.1667	1.0668
6539538	1000.0	12	6000.0	0.1	1.0668	0.1667	1.3335000000000001
6539333	1000.0	12	6000.0	0.1	1.3335	0.1667	1.6002
6540023	1000.0	12	6000.0	0.1	1.6002	0.1667	1.8669000000000002
6537670	1000.0	12	6000.0	0.1	1.8669	0.1667	2.1336
6538897	1000.0	13	8000.0	0.1	0	0.125	0.225
6538909	1000.0	13	8000.0	0.1	0.225	0.125	0.45
6539456	1000.0	13	8000.0	0.1	0.45	0.125	0.675
6539656	1000.0	13	8000.0	0.1	0.675	0.125	0.9
6539553	1000.0	13	8000.0	0.1	0.9	0.125	1.125
6539232	1000.0	13	8000.0	0.1	1.125	0.125	1.35
6539848	1000.0	14	12000.0	0.1	0	0.0833	0.18330000000000002
6539174	1000.0	14	12000.0	0.1	0.1833	0.0833	0.3666
6539294	1000.0	14	12000.0	0.1	0.3666	0.0833	0.5499
6538265	1000.0	14	12000.0	0.1	0.5499	0.0833	0.7332000000000001
6540100	1000.0	14	12000.0	0.1	0.7332	0.0833	0.9165
6540218	1000.0	15	16000.0	0.1	0	0.0625	0.1625
6540302	1000.0	15	16000.0	0.1	0.1625	0.0625	0.325
6539725	1000.0	15	16000.0	0.1	0.325	0.0625	0.48750000000000004
6540445	1000.0	15	16000.0	0.1	0.4875	0.0625	0.65
6540259	1000.0	15	16000.0	0.1	0.65	0.0625	0.8125
6537706	1000.0	15	16000.0	0.1	0.8125	0.0625	0.975
6538378	1000.0	15	16000.0	0.1	0.975	0.0625	1.1375
6539047	1000.0	16	18000.0	0.1058	0	0.0556	0.1614
6538995	1000.0	16	18000.0	0.1058	0.1614	0.0556	0.3228
6539420	1000.0	16	18000.0	0.1058	0.3228	0.0556	0.48419999999999996
6539593	1000.0	16	18000.0	0.1058	0.4842	0.0556	0.6456000000000001
6539638	1000.0	16	18000.0	0.1058	0.6456	0.0556	0.8069999999999999
6538173	1000.0	16	18000.0	0.1058	0.807	0.0556	0.9684
6539560	1000.0	16	18000.0	0.1058	0.9684	0.0556	1.1298000000000001
6538334	1000.0	16	18000.0	0.1058	1.1298	0.0556	1.2912
6538589	1000.0	16	18000.0	0.1058	1.2912	0.0556	1.4526
6538721	1000.0	17	24000.0	0.1058	0	0.0417	0.14750000000000002
6538928	1000.0	17	24000.0	0.1058	0.1475	0.0417	0.295
6540301	1000.0	17	24000.0	0.1058	0.295	0.0417	0.4425
6540343	1000.0	17	24000.0	0.1058	0.4425	0.0417	0.59
6540369	1000.0	17	24000.0	0.1058	0.59	0.0417	0.7374999999999999
6539582	1000.0	17	24000.0	0.1058	0.7375	0.0417	0.885
6539710	1000.0	17	24000.0	0.1058	0.885	0.0417	1.0325
6539146	1000.0	17	24000.0	0.1058	1.0325	0.0417	1.1800000000000002
6537632	1000.0	17	24000.0	0.1058	1.18	0.0417	1.3275000000000001
6537837	1000.0	17	24000.0	0.1058	1.3275	0.0417	1.475
6538738	1000.0	18	30000.0	0.1058	0	0.0333	0.1391
6538709	1000.0	18	30000.0	0.1058	0.1391	0.0333	0.2782
6538000	1000.0	18	30000.0	0.1058	0.2782	0.0333	0.4173
6539961	1000.0	18	30000.0	0.1058	0.4173	0.0333	0.5564
6537763	1000.0	18	30000.0	0.1058	0.5564	0.0333	0.6955
6540145	1000.0	18	30000.0	0.1058	0.6955	0.0333	0.8346
6538737	1000.0	19	30000.0	0.1058	0	0.0333	0.1391
6538903	1000.0	19	30000.0	0.1058	0.1391	0.0333	0.2782
6538253	1000.0	19	30000.0	0.1058	0.2782	0.0333	0.4173
6537974	1000.0	19	30000.0	0.1058	0.4173	0.0333	0.5564
6540389	1000.0	19	30000.0	0.1058	0.5564	0.0333	0.6955
6537745	1000.0	19	30000.0	0.1058	0.6955	0.0333	0.8346
6540036	1000.0	19	30000.0	0.1058	0.8346	0.0333	0.9737
6537681	1000.0	19	30000.0	0.1058	0.9737	0.0333	1.1128
6537852	1000.0	19	30000.0	0.1058	1.1128	0.0333	1.2519
