8358194	24000.0	0	500.0	2.4	0	48.0	50.4
8321110	22000.0	0	500.0	2.2	50.4	44.0	96.6
8334139	26000.0	0	500.0	2.6	96.6	52.0	151.2
8383330	21000.0	0	500.0	2.1	151.2	42.0	195.29999999999998
8361861	24000.0	0	500.0	2.4	195.3	48.0	245.70000000000002
8335649	27000.0	0	500.0	2.7	245.7	54.0	302.4
8343334	23000.0	0	500.0	2.3	302.4	46.0	350.7
8342401	23000.0	0	500.0	2.3	350.7	46.0	399.0
8342123	21000.0	0	500.0	2.1	399.0	42.0	443.1
8383043	23000.0	0	500.0	2.3	443.1	46.0	491.40000000000003
8358490	28000.0	0	500.0	2.8	491.4	56.0	550.2
8377334	25000.0	0	500.0	2.5	550.2	50.0	602.7
8349138	22000.0	0	500.0	2.2	602.7	44.0	648.9000000000001
8361934	25000.0	0	500.0	2.5	648.9	50.0	701.4
8373943	18000.0	0	500.0	1.8	701.4	36.0	739.1999999999999
8411454	21000.0	0	500.0	2.1	739.2	42.0	783.3000000000001
8401101	23000.0	0	500.0	2.3	783.3	46.0	831.5999999999999
8345833	22000.0	0	500.0	2.2	831.6	44.0	877.8000000000001
8348705	20000.0	0	500.0	2.0	877.8	40.0	919.8
8342824	20000.0	0	500.0	2.0	919.8	40.0	961.8
8352681	22000.0	0	500.0	2.2	961.8	44.0	1008.0
8352945	23000.0	0	500.0	2.3	1008.0	46.0	1056.3
8383089	27000.0	0	500.0	2.7	1056.3	54.0	1113.0
8408494	23000.0	0	500.0	2.3	1113.0	46.0	1161.3
8371848	23000.0	0	500.0	2.3	1161.3	46.0	1209.6
8393722	27000.0	0	500.0	2.7	1209.6	54.0	1266.3
8409775	22000.0	0	500.0	2.2	1266.3	44.0	1312.5
8393783	22000.0	0	500.0	2.2	1312.5	44.0	1358.7
8412836	20000.0	0	500.0	2.0	1358.7	40.0	1400.7
8355197	20000.0	0	500.0	2.0	1400.7	40.0	1442.7
8339043	20000.0	0	500.0	2.0	1442.7	40.0	1484.7
8388317	21000.0	0	500.0	2.1	1484.7	42.0	1528.8
8361279	28000.0	0	500.0	2.8	1528.8	56.0	1587.6
8339298	23000.0	0	500.0	2.3	1587.6	46.0	1635.8999999999999
8370499	25000.0	0	500.0	2.5	1635.9	50.0	1688.4
8346894	25000.0	0	500.0	2.5	1688.4	50.0	1740.9
8370714	26000.0	0	500.0	2.6	1740.9	52.0	1795.5
8378733	23000.0	0	500.0	2.3	1795.5	46.0	1843.8
8406896	21000.0	0	500.0	2.1	1843.8	42.0	1887.8999999999999
8321640	23000.0	0	500.0	2.3	1887.9	46.0	1936.2
8395566	21000.0	0	500.0	2.1	1936.2	42.0	1980.3
8364398	22000.0	0	500.0	2.2	1980.3	44.0	2026.5
8384122	25000.0	0	500.0	2.5	2026.5	50.0	2079.0
8394235	23000.0	0	500.0	2.3	2079.0	46.0	2127.3
8406414	24000.0	0	500.0	2.4	2127.3	48.0	2177.7000000000003
8394996	24000.0	0	500.0	2.4	2177.7	48.0	2228.1
8370599	24000.0	0	500.0	2.4	2228.1	48.0	2278.5
8406397	22000.0	0	500.0	2.2	2278.5	44.0	2324.7
8369274	22000.0	0	500.0	2.2	2324.7	44.0	2370.8999999999996
8328014	21000.0	0	500.0	2.1	2370.9	42.0	2415.0
8336867	22000.0	0	500.0	2.2	2415.0	44.0	2461.2
8377998	20000.0	0	500.0	2.0	2461.2	40.0	2503.2
8351949	21000.0	0	500.0	2.1	2503.2	42.0	2547.2999999999997
8403767	25000.0	0	500.0	2.5	2547.3	50.0	2599.8
8397094	17000.0	0	500.0	1.7	2599.8	34.0	2635.5
8352461	21000.0	0	500.0	2.1	2635.5	42.0	2679.6
8323983	22000.0	0	500.0	2.2	2679.6	44.0	2725.7999999999997
8397610	21000.0	0	500.0	2.1	2725.8	42.0	2769.9
8366047	19000.0	0	500.0	1.9	2769.9	38.0	2809.8
8357835	21000.0	0	500.0	2.1	2809.8	42.0	2853.9
8341304	22000.0	0	500.0	2.2	2853.9	44.0	2900.1
8388779	24000.0	0	500.0	2.4	2900.1	48.0	2950.5
8370742	25000.0	0	500.0	2.5	2950.5	50.0	3003.0
8390013	28000.0	1	500.0	2.8	0	56.0	58.8
8380565	27000.0	1	500.0	2.7	58.8	54.0	115.5
8345671	25000.0	1	500.0	2.5	115.5	50.0	168.0
8370883	22000.0	1	500.0	2.2	168.0	44.0	214.2
8380687	20000.0	1	500.0	2.0	214.2	40.0	256.2
8383250	20000.0	1	500.0	2.0	256.2	40.0	298.2
8342555	24000.0	1	500.0	2.4	298.2	48.0	348.59999999999997
8362144	29000.0	1	500.0	2.9	348.6	58.0	409.5
8401461	19000.0	1	500.0	1.9	409.5	38.0	449.4
8400056	17000.0	1	500.0	1.7	449.4	34.0	485.09999999999997
8404495	24000.0	1	500.0	2.4	485.1	48.0	535.5
8343671	28000.0	1	500.0	2.8	535.5	56.0	594.3
8377539	21000.0	1	500.0	2.1	594.3	42.0	638.4
8399445	24000.0	1	500.0	2.4	638.4	48.0	688.8
8406145	23000.0	1	500.0	2.3	688.8	46.0	737.0999999999999
8379493	25000.0	1	500.0	2.5	737.1	50.0	789.6
8400634	24000.0	1	500.0	2.4	789.6	48.0	840.0
8390801	27000.0	1	500.0	2.7	840.0	54.0	896.7
8412291	21000.0	1	500.0	2.1	896.7	42.0	940.8000000000001
8383900	22000.0	1	500.0	2.2	940.8	44.0	987.0
8389190	18000.0	1	500.0	1.8	987.0	36.0	1024.8
8380090	24000.0	1	500.0	2.4	1024.8	48.0	1075.2
8344333	19000.0	1	500.0	1.9	1075.2	38.0	1115.1000000000001
8361630	21000.0	1	500.0	2.1	1115.1	42.0	1159.1999999999998
8382945	20000.0	1	500.0	2.0	1159.2	40.0	1201.2
8409781	21000.0	1	500.0	2.1	1201.2	42.0	1245.3
8329112	25000.0	1	500.0	2.5	1245.3	50.0	1297.8
8390391	23000.0	1	500.0	2.3	1297.8	46.0	1346.1
8329271	25000.0	1	500.0	2.5	1346.1	50.0	1398.6
8337369	23000.0	1	500.0	2.3	1398.6	46.0	1446.8999999999999
8328918	22000.0	1	500.0	2.2	1446.9	44.0	1493.1000000000001
8327785	22000.0	1	500.0	2.2	1493.1	44.0	1539.3
8327712	21000.0	1	500.0	2.1	1539.3	42.0	1583.3999999999999
8395471	20000.0	1	500.0	2.0	1583.4	40.0	1625.4
8356676	21000.0	1	500.0	2.1	1625.4	42.0	1669.5
8338653	18000.0	1	500.0	1.8	1669.5	36.0	1707.3
8395762	20000.0	1	500.0	2.0	1707.3	40.0	1749.3
8367131	24000.0	1	500.0	2.4	1749.3	48.0	1799.7
8359230	21000.0	1	500.0	2.1	1799.7	42.0	1843.8
8329346	17000.0	1	500.0	1.7	1843.8	34.0	1879.5
8390333	24000.0	1	500.0	2.4	1879.5	48.0	1929.9
8394951	21000.0	1	500.0	2.1	1929.9	42.0	1974.0
8328835	20000.0	1	500.0	2.0	1974.0	40.0	2016.0
8332818	24000.0	1	500.0	2.4	2016.0	48.0	2066.4
8371101	27000.0	1	500.0	2.7	2066.4	54.0	2123.1
8326582	20000.0	1	500.0	2.0	2123.1	40.0	2165.1
8360601	21000.0	1	500.0	2.1	2165.1	42.0	2209.2
8382067	24000.0	1	500.0	2.4	2209.2	48.0	2259.6
8374071	26000.0	1	500.0	2.6	2259.6	52.0	2314.2
8336189	19000.0	1	500.0	1.9	2314.2	38.0	2354.1
8388138	25000.0	1	500.0	2.5	2354.1	50.0	2406.6
8388247	20000.0	1	500.0	2.0	2406.6	40.0	2448.6
8378202	24000.0	1	500.0	2.4	2448.6	48.0	2499.0
8404632	22000.0	1	500.0	2.2	2499.0	44.0	2545.2
8368012	19000.0	1	500.0	1.9	2545.2	38.0	2585.1
8403198	24000.0	1	500.0	2.4	2585.1	48.0	2635.5
8382397	23000.0	1	500.0	2.3	2635.5	46.0	2683.8
8366011	18000.0	1	500.0	1.8	2683.8	36.0	2721.6000000000004
8354514	19000.0	1	500.0	1.9	2721.6	38.0	2761.5
8334100	24000.0	1	500.0	2.4	2761.5	48.0	2811.9
8398778	21000.0	1	500.0	2.1	2811.9	42.0	2856.0
8319583	21000.0	1	500.0	2.1	2856.0	42.0	2900.1
8373141	20000.0	1	500.0	2.0	2900.1	40.0	2942.1
8362551	21000.0	1	500.0	2.1	2942.1	42.0	2986.2
8398392	23000.0	1	500.0	2.3	2986.2	46.0	3034.5
8408787	22000.0	1	500.0	2.2	3034.5	44.0	3080.7
8352094	25000.0	1	500.0	2.5	3080.7	50.0	3133.2
8346989	25000.0	1	500.0	2.5	3133.2	50.0	3185.7
8341560	23000.0	1	500.0	2.3	3185.7	46.0	3234.0
8406934	20000.0	1	500.0	2.0	3234.0	40.0	3276.0
8337559	20000.0	1	500.0	2.0	3276.0	40.0	3318.0
8323949	24000.0	1	500.0	2.4	3318.0	48.0	3368.4
8384891	18000.0	1	500.0	1.8	3368.4	36.0	3406.2000000000003
8379332	25000.0	1	500.0	2.5	3406.2	50.0	3458.7
8341751	24000.0	1	500.0	2.4	3458.7	48.0	3509.1
8370381	22000.0	1	500.0	2.2	3509.1	44.0	3555.2999999999997
8346766	24000.0	1	500.0	2.4	3555.3	48.0	3605.7000000000003
8370439	22000.0	1	500.0	2.2	3605.7	44.0	3651.8999999999996
8352921	24000.0	2	1000.0	2.4	0	24.0	26.4
8321138	19000.0	2	1000.0	1.9	26.4	19.0	47.3
8380376	26000.0	2	1000.0	2.6	47.3	26.0	75.9
8342809	18000.0	2	1000.0	1.8	75.9	18.0	95.7
8363467	18000.0	2	1000.0	1.8	95.7	18.0	115.5
8383321	21000.0	2	1000.0	2.1	115.5	21.0	138.6
8385552	23000.0	2	1000.0	2.3	138.6	23.0	163.9
8399348	28000.0	2	1000.0	2.8	163.9	28.0	194.70000000000002
8342065	22000.0	2	1000.0	2.2	194.7	22.0	218.89999999999998
8370135	22000.0	2	1000.0	2.2	218.9	22.0	243.1
8330883	22000.0	2	1000.0	2.2	243.1	22.0	267.29999999999995
8330987	29000.0	2	1000.0	2.9	267.3	29.0	299.2
8400175	23000.0	2	1000.0	2.3	299.2	23.0	324.5
8337839	23000.0	2	1000.0	2.3	324.5	23.0	349.8
8376902	22000.0	2	1000.0	2.2	349.8	22.0	374.0
8337792	25000.0	2	1000.0	2.5	374.0	25.0	401.5
8341830	30000.0	2	1000.0	3.0	401.5	30.0	434.5
8401789	20000.0	2	1000.0	2.0	434.5	20.0	456.5
8408439	23000.0	2	1000.0	2.3	456.5	23.0	481.8
8377183	24000.0	2	1000.0	2.4	481.8	24.0	508.2
8338376	21000.0	2	1000.0	2.1	508.2	21.0	531.3
8383012	26000.0	2	1000.0	2.6	531.3	26.0	559.9
8342577	25000.0	2	1000.0	2.5	559.9	25.0	587.4
8336621	24000.0	2	1000.0	2.4	587.4	24.0	613.8
8334968	20000.0	2	1000.0	2.0	613.8	20.0	635.8
8405780	24000.0	2	1000.0	2.4	635.8	24.0	662.1999999999999
8337403	23000.0	2	1000.0	2.3	662.2	23.0	687.5
8392819	21000.0	2	1000.0	2.1	687.5	21.0	710.6
8377839	21000.0	2	1000.0	2.1	710.6	21.0	733.7
8393135	22000.0	2	1000.0	2.2	733.7	22.0	757.9000000000001
8384487	22000.0	2	1000.0	2.2	757.9	22.0	782.1
8403595	24000.0	2	1000.0	2.4	782.1	24.0	808.5
8395979	22000.0	2	1000.0	2.2	808.5	22.0	832.7
8390277	28000.0	2	1000.0	2.8	832.7	28.0	863.5
8329395	22000.0	2	1000.0	2.2	863.5	22.0	887.7
8394876	20000.0	2	1000.0	2.0	887.7	20.0	909.7
8394969	20000.0	2	1000.0	2.0	909.7	20.0	931.7
8321783	20000.0	2	1000.0	2.0	931.7	20.0	953.7
8326424	21000.0	2	1000.0	2.1	953.7	21.0	976.8000000000001
8326515	28000.0	2	1000.0	2.8	976.8	28.0	1007.5999999999999
8322915	17000.0	2	1000.0	1.7	1007.6	17.0	1026.3000000000002
8326603	27000.0	2	1000.0	2.7	1026.3	27.0	1056.0
8354641	27000.0	2	1000.0	2.7	1056.0	27.0	1085.7
8339714	20000.0	2	1000.0	2.0	1085.7	20.0	1107.7
8371628	22000.0	2	1000.0	2.2	1107.7	22.0	1131.9
8411194	24000.0	2	1000.0	2.4	1131.9	24.0	1158.3000000000002
8365202	23000.0	2	1000.0	2.3	1158.3	23.0	1183.6
8354240	25000.0	2	1000.0	2.5	1183.6	25.0	1211.1
8369660	24000.0	2	1000.0	2.4	1211.1	24.0	1237.5
8388207	26000.0	2	1000.0	2.6	1237.5	26.0	1266.1
8320584	20000.0	2	1000.0	2.0	1266.1	20.0	1288.1
8402452	22000.0	2	1000.0	2.2	1288.1	22.0	1312.3
8361407	27000.0	2	1000.0	2.7	1312.3	27.0	1342.0
8387974	24000.0	2	1000.0	2.4	1342.0	24.0	1368.4
8362848	25000.0	2	1000.0	2.5	1368.4	25.0	1395.9
8363888	23000.0	2	1000.0	2.3	1395.9	23.0	1421.2
8398122	22000.0	2	1000.0	2.2	1421.2	22.0	1445.4
8386311	19000.0	2	1000.0	1.9	1445.4	19.0	1466.3000000000002
8408856	20000.0	2	1000.0	2.0	1466.3	20.0	1488.3
8329786	24000.0	2	1000.0	2.4	1488.3	24.0	1514.7
8384760	16000.0	2	1000.0	1.6	1514.7	16.0	1532.3
8334117	21000.0	2	1000.0	2.1	1532.3	21.0	1555.3999999999999
8359529	19000.0	2	1000.0	1.9	1555.4	19.0	1576.3000000000002
8408589	26000.0	2	1000.0	2.6	1576.3	26.0	1604.8999999999999
8357588	20000.0	2	1000.0	2.0	1604.9	20.0	1626.9
8400441	24000.0	3	1000.0	2.4	0	24.0	26.4
8379653	22000.0	3	1000.0	2.2	26.4	22.0	50.599999999999994
8346826	24000.0	3	1000.0	2.4	50.6	24.0	77.0
8344978	20000.0	3	1000.0	2.0	77.0	20.0	99.0
8385805	19000.0	3	1000.0	1.9	99.0	19.0	119.9
8356044	24000.0	3	1000.0	2.4	119.9	24.0	146.3
8321215	24000.0	3	1000.0	2.4	146.3	24.0	172.70000000000002
8385713	26000.0	3	1000.0	2.6	172.7	26.0	201.29999999999998
8343151	21000.0	3	1000.0	2.1	201.3	21.0	224.4
8374171	25000.0	3	1000.0	2.5	224.4	25.0	251.9
8358152	21000.0	3	1000.0	2.1	251.9	21.0	275.0
8347243	19000.0	3	1000.0	1.9	275.0	19.0	295.9
8389233	24000.0	3	1000.0	2.4	295.9	24.0	322.29999999999995
8341887	18000.0	3	1000.0	1.8	322.3	18.0	342.1
8412491	22000.0	3	1000.0	2.2	342.1	22.0	366.3
8363601	19000.0	3	1000.0	1.9	366.3	19.0	387.2
8381140	19000.0	3	1000.0	1.9	387.2	19.0	408.09999999999997
8403981	32000.0	3	1000.0	3.2	408.1	32.0	443.3
8342591	21000.0	3	1000.0	2.1	443.3	21.0	466.40000000000003
8330532	22000.0	3	1000.0	2.2	466.4	22.0	490.59999999999997
8358123	22000.0	3	1000.0	2.2	490.6	22.0	514.8
8368169	25000.0	3	1000.0	2.5	514.8	25.0	542.3
8404828	20000.0	3	1000.0	2.0	542.3	20.0	564.3
8393735	19000.0	3	1000.0	1.9	564.3	19.0	585.1999999999999
8388537	22000.0	3	1000.0	2.2	585.2	22.0	609.4000000000001
8409352	20000.0	3	1000.0	2.0	609.4	20.0	631.4
8402238	21000.0	3	1000.0	2.1	631.4	21.0	654.5
8359009	22000.0	3	1000.0	2.2	654.5	22.0	678.7
8392969	26000.0	3	1000.0	2.6	678.7	26.0	707.3000000000001
8384430	21000.0	3	1000.0	2.1	707.3	21.0	730.4
8319312	19000.0	3	1000.0	1.9	730.4	19.0	751.3
8351161	25000.0	3	1000.0	2.5	751.3	25.0	778.8
8384425	23000.0	3	1000.0	2.3	778.8	23.0	804.0999999999999
8329404	26000.0	3	1000.0	2.6	804.1	26.0	832.7
8394176	21000.0	3	1000.0	2.1	832.7	21.0	855.8000000000001
8375107	27000.0	3	1000.0	2.7	855.8	27.0	885.5
8332826	21000.0	3	1000.0	2.1	885.5	21.0	908.6
8333434	23000.0	3	1000.0	2.3	908.6	23.0	933.9
8375888	20000.0	3	1000.0	2.0	933.9	20.0	955.9
8411119	19000.0	3	1000.0	1.9	955.9	19.0	976.8
8324181	19000.0	3	1000.0	1.9	976.8	19.0	997.6999999999999
8325519	20000.0	3	1000.0	2.0	997.7	20.0	1019.7
8386759	21000.0	3	1000.0	2.1	1019.7	21.0	1042.8000000000002
8387612	25000.0	3	1000.0	2.5	1042.8	25.0	1070.3
8403266	18000.0	3	1000.0	1.8	1070.3	18.0	1090.1
8328646	22000.0	3	1000.0	2.2	1090.1	22.0	1114.3
8370677	20000.0	3	1000.0	2.0	1114.3	20.0	1136.3
8412383	20000.0	3	1000.0	2.0	1136.3	20.0	1158.3
8402384	23000.0	3	1000.0	2.3	1158.3	23.0	1183.6
8406725	28000.0	3	1000.0	2.8	1183.6	28.0	1214.3999999999999
8369940	20000.0	3	1000.0	2.0	1214.4	20.0	1236.4
8328520	20000.0	3	1000.0	2.0	1236.4	20.0	1258.4
8354366	24000.0	3	1000.0	2.4	1258.4	24.0	1284.8000000000002
8406353	24000.0	3	1000.0	2.4	1284.8	24.0	1311.2
8322540	25000.0	3	1000.0	2.5	1311.2	25.0	1338.7
8391837	22000.0	3	1000.0	2.2	1338.7	22.0	1362.9
8376751	21000.0	3	1000.0	2.1	1362.9	21.0	1386.0
8397001	22000.0	3	1000.0	2.2	1386.0	22.0	1410.2
8398714	23000.0	3	1000.0	2.3	1410.2	23.0	1435.5
8372597	23000.0	3	1000.0	2.3	1435.5	23.0	1460.8
8409991	25000.0	3	1000.0	2.5	1460.8	25.0	1488.3
8334465	21000.0	3	1000.0	2.1	1488.3	21.0	1511.3999999999999
8359534	29000.0	3	1000.0	2.9	1511.4	29.0	1543.3000000000002
8333016	24000.0	3	1000.0	2.4	1543.3	24.0	1569.7
8398828	26000.0	3	1000.0	2.6	1569.7	26.0	1598.3
8334922	26000.0	4	4000.0	2.6038	0	6.5	9.1038
8338548	22000.0	4	4000.0	2.2038	9.1038	5.5	16.8076
8353520	24000.0	4	4000.0	2.4038	16.8076	6.0	25.2114
8335286	22000.0	4	4000.0	2.2038	25.2114	5.5	32.9152
8383524	21000.0	4	4000.0	2.1038	32.9152	5.25	40.269
8343468	20000.0	4	4000.0	2.0038	40.269	5.0	47.2728
8389852	27000.0	4	4000.0	2.7038	47.2728	6.75	56.7266
8352887	27000.0	4	4000.0	2.7038	56.7266	6.75	66.18039999999999
8388900	25000.0	4	4000.0	2.5038	66.1804	6.25	74.9342
8343189	20000.0	4	4000.0	2.0038	74.9342	5.0	81.938
8344755	27000.0	4	4000.0	2.7038	81.938	6.75	91.3918
8377305	27000.0	4	4000.0	2.7038	91.3918	6.75	100.8456
8387271	28000.0	4	4000.0	2.8038	100.8456	7.0	110.6494
8408229	20000.0	4	4000.0	2.0038	110.6494	5.0	117.6532
8330552	23000.0	4	4000.0	2.3038	117.6532	5.75	125.707
8380388	22000.0	4	4000.0	2.2038	125.707	5.5	133.4108
8381895	23000.0	4	4000.0	2.3038	133.4108	5.75	141.4646
8340423	22000.0	4	4000.0	2.2038	141.4646	5.5	149.1684
8361819	25000.0	4	4000.0	2.5038	149.1684	6.25	157.9222
8380137	25000.0	4	4000.0	2.5038	157.9222	6.25	166.67600000000002
8355956	24000.0	4	4000.0	2.4038	166.676	6.0	175.07979999999998
8389383	23000.0	4	4000.0	2.3038	175.0798	5.75	183.1336
8404949	24000.0	4	4000.0	2.4038	183.1336	6.0	191.5374
8382539	23000.0	4	4000.0	2.3038	191.5374	5.75	199.5912
8333795	22000.0	4	4000.0	2.2038	199.5912	5.5	207.295
8364502	22000.0	4	4000.0	2.2038	207.295	5.5	214.9988
8393960	25000.0	4	4000.0	2.5038	214.9988	6.25	223.7526
8350569	25000.0	4	4000.0	2.5038	223.7526	6.25	232.5064
8392803	22000.0	4	4000.0	2.2038	232.5064	5.5	240.21020000000001
8354032	24000.0	4	4000.0	2.4038	240.2102	6.0	248.61399999999998
8335831	21000.0	4	4000.0	2.1038	248.614	5.25	255.9678
8392994	24000.0	4	4000.0	2.4038	255.9678	6.0	264.3716
8350493	22000.0	4	4000.0	2.2038	264.3716	5.5	272.0754
8340781	30000.0	4	4000.0	3.0038	272.0754	7.5	282.5792
8340796	18000.0	4	4000.0	1.8038	282.5792	4.5	288.88300000000004
8367397	25000.0	4	4000.0	2.5038	288.883	6.25	297.6368
8361208	23000.0	4	4000.0	2.3038	297.6368	5.75	305.6906
8384566	27000.0	4	4000.0	2.7038	305.6906	6.75	315.1444
8395109	25000.0	4	4000.0	2.5038	315.1444	6.25	323.89820000000003
8331700	28000.0	4	4000.0	2.8038	323.8982	7.0	333.702
8409397	24000.0	4	4000.0	2.4038	333.702	6.0	342.1058
8410391	22000.0	4	4000.0	2.2038	342.1058	5.5	349.8096
8386666	22000.0	4	4000.0	2.2038	349.8096	5.5	357.5134
8358818	21000.0	4	4000.0	2.1038	357.5134	5.25	364.86719999999997
8386675	22000.0	4	4000.0	2.2038	364.8672	5.5	372.571
8369172	21000.0	4	4000.0	2.1038	372.571	5.25	379.9248
8331979	22000.0	4	4000.0	2.2038	379.9248	5.5	387.6286
8365531	22000.0	4	4000.0	2.2038	387.6286	5.5	395.3324
8381331	29000.0	4	4000.0	2.9038	395.3324	7.25	405.4862
8347817	24000.0	4	4000.0	2.4038	405.4862	6.0	413.89
8376425	19000.0	4	4000.0	1.9038	413.89	4.75	420.5438
8371669	20000.0	4	4000.0	2.0038	420.5438	5.0	427.5476
8364885	21000.0	4	4000.0	2.1038	427.5476	5.25	434.90139999999997
8372098	22000.0	4	4000.0	2.2038	434.9014	5.5	442.6052
8365007	22000.0	4	4000.0	2.2038	442.6052	5.5	450.309
8372564	24000.0	4	4000.0	2.4038	450.309	6.0	458.7128
8378076	20000.0	4	4000.0	2.0038	458.7128	5.0	465.7166
8320622	19000.0	4	4000.0	1.9038	465.7166	4.75	472.3704
8373043	23000.0	4	4000.0	2.3038	472.3704	5.75	480.42420000000004
8397148	20000.0	4	4000.0	2.0038	480.4242	5.0	487.428
8379047	19000.0	4	4000.0	1.9038	487.428	4.75	494.0818
8362891	27000.0	4	4000.0	2.7038	494.0818	6.75	503.5356
8359648	23000.0	4	4000.0	2.3038	503.5356	5.75	511.5894
8373575	18000.0	4	4000.0	1.8038	511.5894	4.5	517.8932
8334441	21000.0	4	4000.0	2.1038	517.8932	5.25	525.247
8408827	24000.0	4	4000.0	2.4038	525.247	6.0	533.6508
8373526	24000.0	4	4000.0	2.4038	533.6508	6.0	542.0546
8336370	23000.0	4	4000.0	2.3038	542.0546	5.75	550.1084000000001
8373928	26000.0	4	4000.0	2.6038	550.1084	6.5	559.2121999999999
8386336	21000.0	4	4000.0	2.1038	559.2122	5.25	566.566
8335655	23000.0	5	4000.0	2.3038	0	5.75	8.053799999999999
8385239	24000.0	5	4000.0	2.4038	8.0538	6.0	16.4576
8331012	20000.0	5	4000.0	2.0038	16.4576	5.0	23.461399999999998
8383408	25000.0	5	4000.0	2.5038	23.4614	6.25	32.2152
8352941	22000.0	5	4000.0	2.2038	32.2152	5.5	39.919000000000004
8347530	19000.0	5	4000.0	1.9038	39.919	4.75	46.572799999999994
8320232	22000.0	5	4000.0	2.2038	46.5728	5.5	54.2766
8404005	26000.0	5	4000.0	2.6038	54.2766	6.5	63.3804
8346124	23000.0	5	4000.0	2.3038	63.3804	5.75	71.4342
8337840	22000.0	5	4000.0	2.2038	71.4342	5.5	79.138
8408121	20000.0	5	4000.0	2.0038	79.138	5.0	86.1418
8336628	26000.0	5	4000.0	2.6038	86.1418	6.5	95.24560000000001
8363343	23000.0	5	4000.0	2.3038	95.2456	5.75	103.29939999999999
8363367	22000.0	5	4000.0	2.2038	103.2994	5.5	111.0032
8324778	22000.0	5	4000.0	2.2038	111.0032	5.5	118.70700000000001
8344474	23000.0	5	4000.0	2.3038	118.707	5.75	126.76079999999999
8336564	23000.0	5	4000.0	2.3038	126.7608	5.75	134.8146
8380890	22000.0	5	4000.0	2.2038	134.8146	5.5	142.5184
8344366	21000.0	5	4000.0	2.1038	142.5184	5.25	149.87220000000002
8345320	23000.0	5	4000.0	2.3038	149.8722	5.75	157.926
8321028	24000.0	5	4000.0	2.4038	157.926	6.0	166.32979999999998
8380822	24000.0	5	4000.0	2.4038	166.3298	6.0	174.7336
8338625	22000.0	5	4000.0	2.2038	174.7336	5.5	182.4374
8399117	23000.0	5	4000.0	2.3038	182.4374	5.75	190.4912
8411459	22000.0	5	4000.0	2.2038	190.4912	5.5	198.195
8400989	24000.0	5	4000.0	2.4038	198.195	6.0	206.59879999999998
8389372	22000.0	5	4000.0	2.2038	206.5988	5.5	214.3026
8380727	20000.0	5	4000.0	2.0038	214.3026	5.0	221.30640000000002
8400936	19000.0	5	4000.0	1.9038	221.3064	4.75	227.9602
8377189	21000.0	5	4000.0	2.1038	227.9602	5.25	235.314
8364603	21000.0	5	4000.0	2.1038	235.314	5.25	242.6678
8362563	25000.0	5	4000.0	2.5038	242.6678	6.25	251.4216
8408582	24000.0	5	4000.0	2.4038	251.4216	6.0	259.8254
8388515	22000.0	5	4000.0	2.2038	259.8254	5.5	267.5292
8362759	22000.0	5	4000.0	2.2038	267.5292	5.5	275.233
8321971	20000.0	5	4000.0	2.0038	275.233	5.0	282.2368
8331473	19000.0	5	4000.0	1.9038	282.2368	4.75	288.8906
8330394	20000.0	5	4000.0	2.0038	288.8906	5.0	295.8944
8329739	23000.0	5	4000.0	2.3038	295.8944	5.75	303.94820000000004
8384625	21000.0	5	4000.0	2.1038	303.9482	5.25	311.30199999999996
8395568	22000.0	5	4000.0	2.2038	311.302	5.5	319.0058
8333241	24000.0	5	4000.0	2.4038	319.0058	6.0	327.4096
8376602	28000.0	5	4000.0	2.8038	327.4096	7.0	337.21340000000004
8410132	30000.0	5	4000.0	3.0038	337.2134	7.5	347.7172
8403484	24000.0	5	4000.0	2.4038	347.7172	6.0	356.121
8371038	22000.0	5	4000.0	2.2038	356.121	5.5	363.8248
8321778	24000.0	5	4000.0	2.4038	363.8248	6.0	372.2286
8367221	22000.0	5	4000.0	2.2038	372.2286	5.5	379.9324
8409277	20000.0	5	4000.0	2.0038	379.9324	5.0	386.9362
8333863	23000.0	5	4000.0	2.3038	386.9362	5.75	394.99
8386918	25000.0	5	4000.0	2.5038	394.99	6.25	403.7438
8406673	26000.0	5	4000.0	2.6038	403.7438	6.5	412.8476
8325441	20000.0	5	4000.0	2.0038	412.8476	5.0	419.8514
8376305	22000.0	5	4000.0	2.2038	419.8514	5.5	427.5552
8349565	18000.0	5	4000.0	1.8038	427.5552	4.5	433.85900000000004
8325874	21000.0	5	4000.0	2.1038	433.859	5.25	441.21279999999996
8369189	24000.0	5	4000.0	2.4038	441.2128	6.0	449.6166
8325709	22000.0	5	4000.0	2.2038	449.6166	5.5	457.3204
8333380	20000.0	5	4000.0	2.0038	457.3204	5.0	464.3242
8382047	25000.0	5	4000.0	2.5038	464.3242	6.25	473.07800000000003
8322402	25000.0	5	4000.0	2.5038	473.078	6.25	481.8318
8354856	25000.0	5	4000.0	2.5038	481.8318	6.25	490.5856
8371092	27000.0	5	4000.0	2.7038	490.5856	6.75	500.0394
8367694	22000.0	5	4000.0	2.2038	500.0394	5.5	507.7432
8349844	25000.0	5	4000.0	2.5038	507.7432	6.25	516.4970000000001
8403217	22000.0	5	4000.0	2.2038	516.497	5.5	524.2008
8328538	18000.0	5	4000.0	1.8038	524.2008	4.5	530.5046
8341437	23000.0	5	4000.0	2.3038	530.5046	5.75	538.5584
8396845	21000.0	5	4000.0	2.1038	538.5584	5.25	545.9122
8377597	23000.0	5	4000.0	2.3038	545.9122	5.75	553.966
8396808	28000.0	5	4000.0	2.8038	553.966	7.0	563.7698
8376873	17000.0	5	4000.0	1.7038	563.7698	4.25	569.7236
8324619	32000.0	5	4000.0	3.2038	569.7236	8.0	580.9274
8334636	25000.0	5	4000.0	2.5038	580.9274	6.25	589.6812
8336374	20000.0	5	4000.0	2.0038	589.6812	5.0	596.685
8368729	22000.0	5	4000.0	2.2038	596.685	5.5	604.3888
8372904	26000.0	5	4000.0	2.6038	604.3888	6.5	613.4925999999999
8412139	24000.0	5	4000.0	2.4038	613.4926	6.0	621.8964000000001
8412438	23000.0	5	4000.0	2.3038	621.8964	5.75	629.9502
8408624	26000.0	5	4000.0	2.6038	629.9502	6.5	639.054
8345048	26000.0	6	5000.0	2.6038	0	5.2	7.803800000000001
8363457	23000.0	6	5000.0	2.3038	7.8038	4.6	14.7076
8366820	23000.0	6	5000.0	2.3038	14.7076	4.6	21.611399999999996
8400342	24000.0	6	5000.0	2.4038	21.6114	4.8	28.8152
8361577	27000.0	6	5000.0	2.7038	28.8152	5.4	36.919000000000004
8407103	18000.0	6	5000.0	1.8038	36.919	3.6	42.3228
8401841	25000.0	6	5000.0	2.5038	42.3228	5.0	49.8266
8323778	21000.0	6	5000.0	2.1038	49.8266	4.2	56.1304
8348357	19000.0	6	5000.0	1.9038	56.1304	3.8	61.834199999999996
8361589	23000.0	6	5000.0	2.3038	61.8342	4.6	68.738
8407513	20000.0	6	5000.0	2.0038	68.738	4.0	74.7418
8408499	25000.0	6	5000.0	2.5038	74.7418	5.0	82.2456
8382941	22000.0	6	5000.0	2.2038	82.2456	4.4	88.8494
8405566	20000.0	6	5000.0	2.0038	88.8494	4.0	94.8532
8340351	24000.0	6	5000.0	2.4038	94.8532	4.8	102.057
8345446	18000.0	6	5000.0	1.8038	102.057	3.6	107.46079999999999
8400980	23000.0	6	5000.0	2.3038	107.4608	4.6	114.3646
8329210	22000.0	6	5000.0	2.2038	114.3646	4.4	120.9684
8321916	24000.0	6	5000.0	2.4038	120.9684	4.8	128.1722
8393341	25000.0	6	5000.0	2.5038	128.1722	5.0	135.67600000000002
8365763	22000.0	6	5000.0	2.2038	135.676	4.4	142.2798
8393823	24000.0	6	5000.0	2.4038	142.2798	4.8	149.4836
8412843	16000.0	6	5000.0	1.6038	149.4836	3.2	154.2874
8353985	24000.0	6	5000.0	2.4038	154.2874	4.8	161.4912
8336249	26000.0	6	5000.0	2.6038	161.4912	5.2	169.295
8335834	28000.0	6	5000.0	2.8038	169.295	5.6	177.69879999999998
8327715	22000.0	6	5000.0	2.2038	177.6988	4.4	184.3026
8350420	22000.0	6	5000.0	2.2038	184.3026	4.4	190.90640000000002
8388554	23000.0	6	5000.0	2.3038	190.9064	4.6	197.81019999999998
8377735	26000.0	6	5000.0	2.6038	197.8102	5.2	205.614
8386435	27000.0	6	5000.0	2.7038	205.614	5.4	213.7178
8329674	28000.0	6	5000.0	2.8038	213.7178	5.6	222.1216
8351353	23000.0	6	5000.0	2.3038	222.1216	4.6	229.0254
8402006	25000.0	6	5000.0	2.5038	229.0254	5.0	236.5292
8375122	16000.0	6	5000.0	1.6038	236.5292	3.2	241.333
8394462	25000.0	6	5000.0	2.5038	241.333	5.0	248.8368
8323375	23000.0	6	5000.0	2.3038	248.8368	4.6	255.7406
8411527	23000.0	6	5000.0	2.3038	255.7406	4.6	262.6444
8326397	18000.0	6	5000.0	1.8038	262.6444	3.6	268.04820000000007
8349417	21000.0	6	5000.0	2.1038	268.0482	4.2	274.352
8404100	24000.0	6	5000.0	2.4038	274.352	4.8	281.5558
8371615	19000.0	6	5000.0	1.9038	281.5558	3.8	287.2596
8369247	23000.0	6	5000.0	2.3038	287.2596	4.6	294.1634
8406583	18000.0	6	5000.0	1.8038	294.1634	3.6	299.56720000000007
8320078	17000.0	6	5000.0	1.7038	299.5672	3.4	304.671
8354204	25000.0	6	5000.0	2.5038	304.671	5.0	312.1748
8318744	21000.0	6	5000.0	2.1038	312.1748	4.2	318.4786
8329844	19000.0	6	5000.0	1.9038	318.4786	3.8	324.1824
8392044	20000.0	6	5000.0	2.0038	324.1824	4.0	330.1862
8394090	21000.0	6	5000.0	2.1038	330.1862	4.2	336.48999999999995
8334489	22000.0	6	5000.0	2.2038	336.49	4.4	343.0938
8397165	20000.0	6	5000.0	2.0038	343.0938	4.0	349.0976
8341666	28000.0	6	5000.0	2.8038	349.0976	5.6	357.50140000000005
8396794	23000.0	6	5000.0	2.3038	357.5014	4.6	364.40520000000004
8375603	24000.0	6	5000.0	2.4038	364.4052	4.8	371.609
8376862	21000.0	6	5000.0	2.1038	371.609	4.2	377.91279999999995
8337648	20000.0	6	5000.0	2.0038	377.9128	4.0	383.9166
8320804	23000.0	6	5000.0	2.3038	383.9166	4.6	390.82040000000006
8361542	21000.0	6	5000.0	2.1038	390.8204	4.2	397.1242
8346585	22000.0	6	5000.0	2.2038	397.1242	4.4	403.72799999999995
8357802	22000.0	6	5000.0	2.2038	403.728	4.4	410.3318
8398475	21000.0	6	5000.0	2.1038	410.3318	4.2	416.63559999999995
8363973	25000.0	6	5000.0	2.5038	416.6356	5.0	424.1394
8396272	23000.0	6	5000.0	2.3038	424.1394	4.6	431.04320000000007
8398894	23000.0	6	5000.0	2.3038	431.0432	4.6	437.94700000000006
8351646	20000.0	6	5000.0	2.0038	437.947	4.0	443.9508
8356627	20000.0	6	5000.0	2.0038	443.9508	4.0	449.9546
8370177	20000.0	7	5000.0	2.0038	0	4.0	6.0038
8401328	25000.0	7	5000.0	2.5038	6.0038	5.0	13.5076
8332757	24000.0	7	5000.0	2.4038	13.5076	4.8	20.7114
8411875	24000.0	7	5000.0	2.4038	20.7114	4.8	27.915200000000002
8390881	20000.0	7	5000.0	2.0038	27.9152	4.0	33.919
8363203	24000.0	7	5000.0	2.4038	33.919	4.8	41.12279999999999
8340364	19000.0	7	5000.0	1.9038	41.1228	3.8	46.82659999999999
8349196	20000.0	7	5000.0	2.0038	46.8266	4.0	52.8304
8399987	23000.0	7	5000.0	2.3038	52.8304	4.6	59.7342
8390023	24000.0	7	5000.0	2.4038	59.7342	4.8	66.938
8389534	25000.0	7	5000.0	2.5038	66.938	5.0	74.4418
8401433	24000.0	7	5000.0	2.4038	74.4418	4.8	81.6456
8321305	28000.0	7	5000.0	2.8038	81.6456	5.6	90.04939999999999
8355973	20000.0	7	5000.0	2.0038	90.0494	4.0	96.0532
8379866	22000.0	7	5000.0	2.2038	96.0532	4.4	102.65700000000001
8385480	19000.0	7	5000.0	1.9038	102.657	3.8	108.3608
8373498	24000.0	7	5000.0	2.4038	108.3608	4.8	115.5646
8381044	24000.0	7	5000.0	2.4038	115.5646	4.8	122.7684
8380789	24000.0	7	5000.0	2.4038	122.7684	4.8	129.97220000000002
8401068	25000.0	7	5000.0	2.5038	129.9722	5.0	137.476
8399756	22000.0	7	5000.0	2.2038	137.476	4.4	144.0798
8401759	20000.0	7	5000.0	2.0038	144.0798	4.0	150.08360000000002
8383202	21000.0	7	5000.0	2.1038	150.0836	4.2	156.38739999999999
8358448	22000.0	7	5000.0	2.2038	156.3874	4.4	162.99120000000002
8408256	24000.0	7	5000.0	2.4038	162.9912	4.8	170.195
8380467	20000.0	7	5000.0	2.0038	170.195	4.0	176.1988
8347050	25000.0	7	5000.0	2.5038	176.1988	5.0	183.70260000000002
8378458	20000.0	7	5000.0	2.0038	183.7026	4.0	189.7064
8337283	23000.0	7	5000.0	2.3038	189.7064	4.6	196.6102
8364691	25000.0	7	5000.0	2.5038	196.6102	5.0	204.114
8329258	24000.0	7	5000.0	2.4038	204.114	4.8	211.3178
8376479	23000.0	7	5000.0	2.3038	211.3178	4.6	218.2216
8393196	19000.0	7	5000.0	1.9038	218.2216	3.8	223.9254
8353644	29000.0	7	5000.0	2.9038	223.9254	5.8	232.6292
8395552	26000.0	7	5000.0	2.6038	232.6292	5.2	240.433
8351419	24000.0	7	5000.0	2.4038	240.433	4.8	247.6368
8395973	25000.0	7	5000.0	2.5038	247.6368	5.0	255.1406
8350977	20000.0	7	5000.0	2.0038	255.1406	4.0	261.1444
8382574	21000.0	7	5000.0	2.1038	261.1444	4.2	267.4482
8320747	22000.0	7	5000.0	2.2038	267.4482	4.4	274.05199999999996
8402730	18000.0	7	5000.0	1.8038	274.052	3.6	279.45580000000007
8357047	27000.0	7	5000.0	2.7038	279.4558	5.4	287.5596
8386669	27000.0	7	5000.0	2.7038	287.5596	5.4	295.66339999999997
8365570	23000.0	7	5000.0	2.3038	295.6634	4.6	302.56720000000007
8325483	24000.0	7	5000.0	2.4038	302.5672	4.8	309.771
8325507	22000.0	7	5000.0	2.2038	309.771	4.4	316.3748
8375741	21000.0	7	5000.0	2.1038	316.3748	4.2	322.67859999999996
8403036	20000.0	7	5000.0	2.0038	322.6786	4.0	328.68240000000003
8386764	20000.0	7	5000.0	2.0038	328.6824	4.0	334.6862
8358788	24000.0	7	5000.0	2.4038	334.6862	4.8	341.89
8348632	20000.0	7	5000.0	2.0038	341.89	4.0	347.8938
8388132	25000.0	7	5000.0	2.5038	347.8938	5.0	355.3976
8336188	19000.0	7	5000.0	1.9038	355.3976	3.8	361.1014
8403311	21000.0	7	5000.0	2.1038	361.1014	4.2	367.4052
8350216	19000.0	7	5000.0	1.9038	367.4052	3.8	373.109
8348995	21000.0	7	5000.0	2.1038	373.109	4.2	379.41279999999995
8336708	18000.0	7	5000.0	1.8038	379.4128	3.6	384.81660000000005
8366136	22000.0	7	5000.0	2.2038	384.8166	4.4	391.4204
8355463	22000.0	7	5000.0	2.2038	391.4204	4.4	398.02419999999995
8391317	24000.0	7	5000.0	2.4038	398.0242	4.8	405.228
8391185	25000.0	7	5000.0	2.5038	405.228	5.0	412.7318
8375255	21000.0	7	5000.0	2.1038	412.7318	4.2	419.0356
8372871	24000.0	7	5000.0	2.4038	419.0356	4.8	426.2394
8355616	21000.0	7	5000.0	2.1038	426.2394	4.2	432.54319999999996
8397904	28000.0	7	5000.0	2.8038	432.5432	5.6	440.94700000000006
8379143	21000.0	7	5000.0	2.1038	440.947	4.2	447.25079999999997
8341634	25000.0	7	5000.0	2.5038	447.2508	5.0	454.75460000000004
8362543	25000.0	7	5000.0	2.5038	454.7546	5.0	462.2584
8383972	28000.0	7	5000.0	2.8038	462.2584	5.6	470.66220000000004
8359740	24000.0	7	5000.0	2.4038	470.6622	4.8	477.866
8375338	18000.0	7	5000.0	1.8038	477.866	3.6	483.26980000000003
8349345	23000.0	7	5000.0	2.3038	483.2698	4.6	490.1736
8389042	23000.0	8	5000.0	2.3067	0	4.6	6.9067
8345250	22000.0	8	5000.0	2.2067	6.9067	4.4	13.5134
8379779	28000.0	8	5000.0	2.8067	13.5134	5.6	21.920099999999998
8363090	26000.0	8	5000.0	2.6067	21.9201	5.2	29.7268
8343122	20000.0	8	5000.0	2.0067	29.7268	4.0	35.7335
8337884	23000.0	8	5000.0	2.3067	35.7335	4.6	42.6402
8320967	22000.0	8	5000.0	2.2067	42.6402	4.4	49.2469
8381780	19000.0	8	5000.0	1.9067	49.2469	3.8	54.953599999999994
8342954	26000.0	8	5000.0	2.6067	54.9536	5.2	62.7603
8376927	22000.0	8	5000.0	2.2067	62.7603	4.4	69.367
8361960	23000.0	8	5000.0	2.3067	69.367	4.6	76.2737
8380203	23000.0	8	5000.0	2.3067	76.2737	4.6	83.1804
8390640	22000.0	8	5000.0	2.2067	83.1804	4.4	89.78710000000001
8379891	23000.0	8	5000.0	2.3067	89.7871	4.6	96.6938
8345413	21000.0	8	5000.0	2.1067	96.6938	4.2	103.0005
8405627	19000.0	8	5000.0	1.9067	103.0005	3.8	108.7072
8335300	24000.0	8	5000.0	2.4067	108.7072	4.8	115.9139
8385534	25000.0	8	5000.0	2.5067	115.9139	5.0	123.4206
8401122	24000.0	8	5000.0	2.4067	123.4206	4.8	130.6273
8366372	26000.0	8	5000.0	2.6067	130.6273	5.2	138.43399999999997
8352716	20000.0	8	5000.0	2.0067	138.434	4.0	144.4407
8327791	25000.0	8	5000.0	2.5067	144.4407	5.0	151.9474
8370682	25000.0	8	5000.0	2.5067	151.9474	5.0	159.45409999999998
8378258	25000.0	8	5000.0	2.5067	159.4541	5.0	166.9608
8395363	24000.0	8	5000.0	2.4067	166.9608	4.8	174.16750000000002
8329659	27000.0	8	5000.0	2.7067	174.1675	5.4	182.2742
8329972	21000.0	8	5000.0	2.1067	182.2742	4.2	188.58089999999999
8395567	25000.0	8	5000.0	2.5067	188.5809	5.0	196.0876
8391524	18000.0	8	5000.0	1.8067	196.0876	3.6	201.4943
8394516	24000.0	8	5000.0	2.4067	201.4943	4.8	208.70100000000002
8338787	25000.0	8	5000.0	2.5067	208.701	5.0	216.2077
8406392	22000.0	8	5000.0	2.2067	216.2077	4.4	222.8144
8409713	20000.0	8	5000.0	2.0067	222.8144	4.0	228.8211
8369348	22000.0	8	5000.0	2.2067	228.8211	4.4	235.42780000000002
8375682	19000.0	8	5000.0	1.9067	235.4278	3.8	241.1345
8368053	23000.0	8	5000.0	2.3067	241.1345	4.6	248.0412
8327547	26000.0	8	5000.0	2.6067	248.0412	5.2	255.84789999999998
8381359	22000.0	8	5000.0	2.2067	255.8479	4.4	262.45459999999997
8381462	20000.0	8	5000.0	2.0067	262.4546	4.0	268.46130000000005
8374503	21000.0	8	5000.0	2.1067	268.4613	4.2	274.768
8391612	26000.0	8	5000.0	2.6067	274.768	5.2	282.57469999999995
8365596	22000.0	8	5000.0	2.2067	282.5747	4.4	289.1814
8326837	26000.0	8	5000.0	2.6067	289.1814	5.2	296.9881
8357144	23000.0	8	5000.0	2.3067	296.9881	4.6	303.8948
8387938	23000.0	8	5000.0	2.3067	303.8948	4.6	310.8015
8334590	22000.0	8	5000.0	2.2067	310.8015	4.4	317.40819999999997
8374717	25000.0	8	5000.0	2.5067	317.4082	5.0	324.91490000000005
8346495	20000.0	8	5000.0	2.0067	324.9149	4.0	330.9216
8405301	27000.0	8	5000.0	2.7067	330.9216	5.4	339.0283
8391187	23000.0	8	5000.0	2.3067	339.0283	4.6	345.935
8355569	19000.0	8	5000.0	1.9067	345.935	3.8	351.6417
8341644	24000.0	8	5000.0	2.4067	351.6417	4.8	358.8484
8334051	25000.0	8	5000.0	2.5067	358.8484	5.0	366.35510000000005
8368967	24000.0	8	5000.0	2.4067	366.3551	4.8	373.5618
8362659	28000.0	8	5000.0	2.8067	373.5618	5.6	381.9685
8356175	25000.0	8	5000.0	2.5067	381.9685	5.0	389.47520000000003
8398360	18000.0	8	5000.0	1.8067	389.4752	3.6	394.8819
8376673	25000.0	8	5000.0	2.5067	394.8819	5.0	402.3886
8349252	19000.0	8	5000.0	1.9067	402.3886	3.8	408.0953
8378890	24000.0	8	5000.0	2.4067	408.0953	4.8	415.302
8388724	21000.0	8	5000.0	2.1067	415.302	4.2	421.6087
8406067	24000.0	9	6000.0	2.4067	0	4.0	6.4067
8400419	19000.0	9	6000.0	1.9067	6.4067	3.1667	11.4801
8363520	24000.0	9	6000.0	2.4067	11.4801	4.0	17.8868
8403840	20000.0	9	6000.0	2.0067	17.8868	3.3333	23.2268
8335637	24000.0	9	6000.0	2.4067	23.2268	4.0	29.6335
8343288	24000.0	9	6000.0	2.4067	29.6335	4.0	36.0402
8348328	23000.0	9	6000.0	2.3067	36.0402	3.8333	42.1802
8388821	23000.0	9	6000.0	2.3067	42.1802	3.8333	48.3202
8383570	19000.0	9	6000.0	1.9067	48.3202	3.1667	53.3936
8320013	23000.0	9	6000.0	2.3067	53.3936	3.8333	59.5336
8366441	20000.0	9	6000.0	2.0067	59.5336	3.3333	64.8736
8405029	23000.0	9	6000.0	2.3067	64.8736	3.8333	71.0136
8374481	22000.0	9	6000.0	2.2067	71.0136	3.6667	76.887
8381963	23000.0	9	6000.0	2.3067	76.887	3.8333	83.027
8408216	19000.0	9	6000.0	1.9067	83.027	3.1667	88.10040000000001
8407636	20000.0	9	6000.0	2.0067	88.1004	3.3333	93.44039999999998
8405550	20000.0	9	6000.0	2.0067	93.4404	3.3333	98.78039999999999
8407047	21000.0	9	6000.0	2.1067	98.7804	3.5	104.3871
8344560	22000.0	9	6000.0	2.2067	104.3871	3.6667	110.26050000000001
8389283	24000.0	9	6000.0	2.4067	110.2605	4.0	116.6672
8358254	27000.0	9	6000.0	2.7067	116.6672	4.5	123.87389999999999
8387232	23000.0	9	6000.0	2.3067	123.8739	3.8333	130.0139
8334149	20000.0	9	6000.0	2.0067	130.0139	3.3333	135.3539
8377038	24000.0	9	6000.0	2.4067	135.3539	4.0	141.7606
8366785	21000.0	9	6000.0	2.1067	141.7606	3.5	147.3673
8344267	21000.0	9	6000.0	2.1067	147.3673	3.5	152.974
8361089	24000.0	9	6000.0	2.4067	152.974	4.0	159.3807
8348505	25000.0	9	6000.0	2.5067	159.3807	4.1667	166.05409999999998
8338953	21000.0	9	6000.0	2.1067	166.0541	3.5	171.6608
8392952	24000.0	9	6000.0	2.4067	171.6608	4.0	178.0675
8327700	19000.0	9	6000.0	1.9067	178.0675	3.1667	183.1409
8339347	21000.0	9	6000.0	2.1067	183.1409	3.5	188.74759999999998
8338645	24000.0	9	6000.0	2.4067	188.7476	4.0	195.1543
8395221	21000.0	9	6000.0	2.1067	195.1543	3.5	200.761
8376641	22000.0	9	6000.0	2.2067	200.761	3.6667	206.6344
8395716	26000.0	9	6000.0	2.6067	206.6344	4.3333	213.5744
8392597	26000.0	9	6000.0	2.6067	213.5744	4.3333	220.5144
8403498	18000.0	9	6000.0	1.8067	220.5144	3.0	225.3211
8388623	25000.0	9	6000.0	2.5067	225.3211	4.1667	231.9945
8351003	21000.0	9	6000.0	2.1067	231.9945	3.5	237.60119999999998
8351037	21000.0	9	6000.0	2.1067	237.6012	3.5	243.2079
8331525	25000.0	9	6000.0	2.5067	243.2079	4.1667	249.88129999999998
8326234	23000.0	9	6000.0	2.3067	249.8813	3.8333	256.0213
8333445	21000.0	9	6000.0	2.1067	256.0213	3.5	261.628
8369934	23000.0	9	6000.0	2.3067	261.628	3.8333	267.768
8404710	19000.0	9	6000.0	1.9067	267.768	3.1667	272.84139999999996
8367765	25000.0	9	6000.0	2.5067	272.8414	4.1667	279.51480000000004
8386716	18000.0	9	6000.0	1.8067	279.5148	3.0	284.32149999999996
8361503	25000.0	9	6000.0	2.5067	284.3215	4.1667	290.99490000000003
8364894	27000.0	9	6000.0	2.7067	290.9949	4.5	298.2016
8361334	21000.0	9	6000.0	2.1067	298.2016	3.5	303.8083
8403290	22000.0	9	6000.0	2.2067	303.8083	3.6667	309.6817
8361307	23000.0	9	6000.0	2.3067	309.6817	3.8333	315.82169999999996
8360998	30000.0	9	6000.0	3.0067	315.8217	5.0	323.82840000000004
8354859	27000.0	9	6000.0	2.7067	323.8284	4.5	331.0351
8391614	21000.0	9	6000.0	2.1067	331.0351	3.5	336.6418
8410337	24000.0	9	6000.0	2.4067	336.6418	4.0	343.0485
8352315	25000.0	9	6000.0	2.5067	343.0485	4.1667	349.7219
8334086	21000.0	9	6000.0	2.1067	349.7219	3.5	355.3286
8397106	20000.0	9	6000.0	2.0067	355.3286	3.3333	360.6686
8341693	22000.0	9	6000.0	2.2067	360.6686	3.6667	366.54200000000003
8410036	21000.0	9	6000.0	2.1067	366.542	3.5	372.14869999999996
8391169	22000.0	9	6000.0	2.2067	372.1487	3.6667	378.0221
8341687	26000.0	9	6000.0	2.6067	378.0221	4.3333	384.9621
8372833	29000.0	9	6000.0	2.9067	384.9621	4.8333	392.70210000000003
8387043	24000.0	9	6000.0	2.4067	392.7021	4.0	399.1088
8405107	23000.0	9	6000.0	2.3067	399.1088	3.8333	405.24879999999996
8373037	19000.0	9	6000.0	1.9067	405.2488	3.1667	410.3222
8356546	22000.0	9	6000.0	2.2067	410.3222	3.6667	416.1956
8374836	24000.0	9	6000.0	2.4067	416.1956	4.0	422.6023
8325110	23000.0	9	6000.0	2.3067	422.6023	3.8333	428.7423
8341303	24000.0	9	6000.0	2.4067	428.7423	4.0	435.149
8396306	21000.0	9	6000.0	2.1067	435.149	3.5	440.7557
8385769	25000.0	10	6000.0	2.5067	0	4.1667	6.673399999999999
8399350	29000.0	10	6000.0	2.9067	6.6734	4.8333	14.4134
8379785	25000.0	10	6000.0	2.5067	14.4134	4.1667	21.086799999999997
8358230	22000.0	10	6000.0	2.2067	21.0868	3.6667	26.9602
8337802	22000.0	10	6000.0	2.2067	26.9602	3.6667	32.833600000000004
8363164	27000.0	10	6000.0	2.7067	32.8336	4.5	40.040299999999995
8400130	25000.0	10	6000.0	2.5067	40.0403	4.1667	46.7137
8321246	23000.0	10	6000.0	2.3067	46.7137	3.8333	52.8537
8374216	24000.0	10	6000.0	2.4067	52.8537	4.0	59.260400000000004
8363137	26000.0	10	6000.0	2.6067	59.2604	4.3333	66.20039999999999
8408116	21000.0	10	6000.0	2.1067	66.2004	3.5	71.8071
8390684	23000.0	10	6000.0	2.3067	71.8071	3.8333	77.9471
8344482	19000.0	10	6000.0	1.9067	77.9471	3.1667	83.02050000000001
8323862	27000.0	10	6000.0	2.7067	83.0205	4.5	90.2272
8400632	24000.0	10	6000.0	2.4067	90.2272	4.0	96.6339
8375570	21000.0	10	6000.0	2.1067	96.6339	3.5	102.2406
8383841	25000.0	10	6000.0	2.5067	102.2406	4.1667	108.914
8348935	20000.0	10	6000.0	2.0067	108.914	3.3333	114.25399999999999
8320923	23000.0	10	6000.0	2.3067	114.254	3.8333	120.394
8370769	25000.0	10	6000.0	2.5067	120.394	4.1667	127.0674
8407033	25000.0	10	6000.0	2.5067	127.0674	4.1667	133.7408
8371812	26000.0	10	6000.0	2.6067	133.7408	4.3333	140.6808
8399732	24000.0	10	6000.0	2.4067	140.6808	4.0	147.0875
8412478	20000.0	10	6000.0	2.0067	147.0875	3.3333	152.4275
8348714	24000.0	10	6000.0	2.4067	152.4275	4.0	158.8342
8333805	22000.0	10	6000.0	2.2067	158.8342	3.6667	164.7076
8378528	22000.0	10	6000.0	2.2067	164.7076	3.6667	170.58100000000002
8340143	20000.0	10	6000.0	2.0067	170.581	3.3333	175.921
8364871	24000.0	10	6000.0	2.4067	175.921	4.0	182.3277
8351221	18000.0	10	6000.0	1.8067	182.3277	3.0	187.1344
8351133	21000.0	10	6000.0	2.1067	187.1344	3.5	192.7411
8395224	24000.0	10	6000.0	2.4067	192.7411	4.0	199.1478
8412626	22000.0	10	6000.0	2.2067	199.1478	3.6667	205.0212
8412780	24000.0	10	6000.0	2.4067	205.0212	4.0	211.4279
8321809	23000.0	10	6000.0	2.3067	211.4279	3.8333	217.5679
8330312	23000.0	10	6000.0	2.3067	217.5679	3.8333	223.70790000000002
8394798	20000.0	10	6000.0	2.0067	223.7079	3.3333	229.0479
8377856	22000.0	10	6000.0	2.2067	229.0479	3.6667	234.9213
8333430	22000.0	10	6000.0	2.2067	234.9213	3.6667	240.7947
8402819	27000.0	10	6000.0	2.7067	240.7947	4.5	248.00140000000002
8411151	26000.0	10	6000.0	2.6067	248.0014	4.3333	254.9414
8360743	18000.0	10	6000.0	1.8067	254.9414	3.0	259.74809999999997
8411171	21000.0	10	6000.0	2.1067	259.7481	3.5	265.3548
8360536	24000.0	10	6000.0	2.4067	265.3548	4.0	271.7615
8334284	22000.0	10	6000.0	2.2067	271.7615	3.6667	277.6349
8368039	21000.0	10	6000.0	2.1067	277.6349	3.5	283.2416
8368087	24000.0	10	6000.0	2.4067	283.2416	4.0	289.6483
8350078	18000.0	10	6000.0	1.8067	289.6483	3.0	294.455
8410278	20000.0	10	6000.0	2.0067	294.455	3.3333	299.795
8354197	21000.0	10	6000.0	2.1067	299.795	3.5	305.4017
8403288	23000.0	10	6000.0	2.3067	305.4017	3.8333	311.5417
8324537	20000.0	10	6000.0	2.0067	311.5417	3.3333	316.8817
8336984	21000.0	10	6000.0	2.1067	316.8817	3.5	322.4884
8411052	23000.0	10	6000.0	2.3067	322.4884	3.8333	328.6284
8387786	22000.0	10	6000.0	2.2067	328.6284	3.6667	334.5018
8398610	19000.0	10	6000.0	1.9067	334.5018	3.1667	339.5752
8331080	20000.0	10	6000.0	2.0067	339.5752	3.3333	344.9152
8379293	26000.0	10	6000.0	2.6067	344.9152	4.3333	351.8552
8366156	22000.0	10	6000.0	2.2067	351.8552	3.6667	357.72860000000003
8359759	23000.0	10	6000.0	2.3067	357.7286	3.8333	363.86859999999996
8359770	21000.0	10	6000.0	2.1067	363.8686	3.5	369.4753
8369996	18000.0	10	6000.0	1.8067	369.4753	3.0	374.282
8362868	21000.0	10	6000.0	2.1067	374.282	3.5	379.8887
8390212	22000.0	10	6000.0	2.2067	379.8887	3.6667	385.7621
8398846	22000.0	10	6000.0	2.2067	385.7621	3.6667	391.6355
8346270	26000.0	10	6000.0	2.6067	391.6355	4.3333	398.5755
8411851	24000.0	11	6000.0	2.4067	0	4.0	6.4067
8340313	21000.0	11	6000.0	2.1067	6.4067	3.5	12.0134
8371876	21000.0	11	6000.0	2.1067	12.0134	3.5	17.6201
8366495	21000.0	11	6000.0	2.1067	17.6201	3.5	23.2268
8335644	20000.0	11	6000.0	2.0067	23.2268	3.3333	28.5668
8363228	17000.0	11	6000.0	1.7067	28.5668	2.8333	33.1068
8406082	23000.0	11	6000.0	2.3067	33.1068	3.8333	39.2468
8363349	18000.0	11	6000.0	1.8067	39.2468	3.0	44.0535
8401219	23000.0	11	6000.0	2.3067	44.0535	3.8333	50.1935
8400334	25000.0	11	6000.0	2.5067	50.1935	4.1667	56.8669
8399016	19000.0	11	6000.0	1.9067	56.8669	3.1667	61.9403
8409928	22000.0	11	6000.0	2.2067	61.9403	3.6667	67.81370000000001
8338530	24000.0	11	6000.0	2.4067	67.8137	4.0	74.2204
8352725	23000.0	11	6000.0	2.3067	74.2204	3.8333	80.3604
8380378	24000.0	11	6000.0	2.4067	80.3604	4.0	86.7671
8385993	21000.0	11	6000.0	2.1067	86.7671	3.5	92.3738
8344757	27000.0	11	6000.0	2.7067	92.3738	4.5	99.5805
8349230	20000.0	11	6000.0	2.0067	99.5805	3.3333	104.92049999999999
8406053	30000.0	11	6000.0	3.0067	104.9205	5.0	112.9272
8393654	21000.0	11	6000.0	2.1067	112.9272	3.5	118.5339
8359089	24000.0	11	6000.0	2.4067	118.5339	4.0	124.9406
8393215	23000.0	11	6000.0	2.3067	124.9406	3.8333	131.0806
8367391	24000.0	11	6000.0	2.4067	131.0806	4.0	137.4873
8410843	22000.0	11	6000.0	2.2067	137.4873	3.6667	143.3607
8329939	27000.0	11	6000.0	2.7067	143.3607	4.5	150.56740000000002
8365933	20000.0	11	6000.0	2.0067	150.5674	3.3333	155.9074
8320046	20000.0	11	6000.0	2.0067	155.9074	3.3333	161.2474
8409252	25000.0	11	6000.0	2.5067	161.2474	4.1667	167.92079999999999
8338742	20000.0	11	6000.0	2.0067	167.9208	3.3333	173.26080000000002
8403066	23000.0	11	6000.0	2.3067	173.2608	3.8333	179.4008
8411550	23000.0	11	6000.0	2.3067	179.4008	3.8333	185.54080000000002
8322925	25000.0	11	6000.0	2.5067	185.5408	4.1667	192.21419999999998
8404106	24000.0	11	6000.0	2.4067	192.2142	4.0	198.6209
8382022	21000.0	11	6000.0	2.1067	198.6209	3.5	204.2276
8382340	24000.0	11	6000.0	2.4067	204.2276	4.0	210.6343
8336100	19000.0	11	6000.0	1.9067	210.6343	3.1667	215.7077
8386806	22000.0	11	6000.0	2.2067	215.7077	3.6667	221.5811
8360680	26000.0	11	6000.0	2.6067	221.5811	4.3333	228.5211
8327845	29000.0	11	6000.0	2.9067	228.5211	4.8333	236.2611
8326045	23000.0	11	6000.0	2.3067	236.2611	3.8333	242.4011
8374070	20000.0	11	6000.0	2.0067	242.4011	3.3333	247.74110000000002
8326139	28000.0	11	6000.0	2.8067	247.7411	4.6667	255.2145
8365280	20000.0	11	6000.0	2.0067	255.2145	3.3333	260.5545
8376245	19000.0	11	6000.0	1.9067	260.5545	3.1667	265.6279
8367513	23000.0	11	6000.0	2.3067	265.6279	3.8333	271.7679
8362193	31000.0	11	6000.0	3.1067	271.7679	5.1667	280.0413
8337136	26000.0	11	6000.0	2.6067	280.0413	4.3333	286.9813
8328793	24000.0	11	6000.0	2.4067	286.9813	4.0	293.388
8388176	24000.0	11	6000.0	2.4067	293.388	4.0	299.7947
8325358	25000.0	11	6000.0	2.5067	299.7947	4.1667	306.4681
8328502	25000.0	11	6000.0	2.5067	306.4681	4.1667	313.1415
8328469	21000.0	11	6000.0	2.1067	313.1415	3.5	318.7482
8327091	20000.0	11	6000.0	2.0067	318.7482	3.3333	324.08820000000003
8406350	22000.0	11	6000.0	2.2067	324.0882	3.6667	329.9616
8328495	20000.0	11	6000.0	2.0067	329.9616	3.3333	335.3016
8319607	28000.0	11	6000.0	2.8067	335.3016	4.6667	342.775
8374801	19000.0	11	6000.0	1.9067	342.775	3.1667	347.84839999999997
8341476	20000.0	11	6000.0	2.0067	347.8484	3.3333	353.18840000000006
8341692	26000.0	11	6000.0	2.6067	353.1884	4.3333	360.1284
8320771	20000.0	11	6000.0	2.0067	360.1284	3.3333	365.46840000000003
8321494	22000.0	11	6000.0	2.2067	365.4684	3.6667	371.3418
8370414	22000.0	11	6000.0	2.2067	371.3418	3.6667	377.2152
8398002	19000.0	11	6000.0	1.9067	377.2152	3.1667	382.2886
8403799	28000.0	11	6000.0	2.8067	382.2886	4.6667	389.76199999999994
8319752	21000.0	11	6000.0	2.1067	389.762	3.5	395.3687
8319739	18000.0	11	6000.0	1.8067	395.3687	3.0	400.17539999999997
8352573	24000.0	11	6000.0	2.4067	400.1754	4.0	406.5821
8396134	24000.0	11	6000.0	2.4067	406.5821	4.0	412.9888
8370434	34000.0	11	6000.0	3.4067	412.9888	5.6667	422.0622
8398911	28000.0	11	6000.0	2.8067	422.0622	4.6667	429.5356
8367085	21000.0	11	6000.0	2.1067	429.5356	3.5	435.1423
8343753	23000.0	12	6000.0	2.3	0	3.8333	6.1333
8320229	26000.0	12	6000.0	2.6	6.1333	4.3333	13.066600000000001
8379630	29000.0	12	6000.0	2.9	13.0666	4.8333	20.7999
8381913	22000.0	12	6000.0	2.2	20.7999	3.6667	26.6666
8385270	24000.0	12	6000.0	2.4	26.6666	4.0	33.066599999999994
8320984	22000.0	12	6000.0	2.2	33.0666	3.6667	38.9333
8320993	27000.0	12	6000.0	2.7	38.9333	4.5	46.133300000000006
8377126	21000.0	12	6000.0	2.1	46.1333	3.5	51.7333
8330904	24000.0	12	6000.0	2.4	51.7333	4.0	58.1333
8377044	21000.0	12	6000.0	2.1	58.1333	3.5	63.7333
8380256	21000.0	12	6000.0	2.1	63.7333	3.5	69.3333
8344096	25000.0	12	6000.0	2.5	69.3333	4.1667	76.0
8325237	23000.0	12	6000.0	2.3	76.0	3.8333	82.13329999999999
8319098	23000.0	12	6000.0	2.3	82.1333	3.8333	88.2666
8409157	21000.0	12	6000.0	2.1	88.2666	3.5	93.86659999999999
8410934	20000.0	12	6000.0	2.0	93.8666	3.3333	99.1999
8350661	23000.0	12	6000.0	2.3	99.1999	3.8333	105.33319999999999
8356984	33000.0	12	6000.0	3.3	105.3332	5.5	114.1332
8382524	24000.0	12	6000.0	2.4	114.1332	4.0	120.53320000000001
8350387	18000.0	12	6000.0	1.8	120.5332	3.0	125.33319999999999
8361173	22000.0	12	6000.0	2.2	125.3332	3.6667	131.1999
8338924	21000.0	12	6000.0	2.1	131.1999	3.5	136.7999
8359418	20000.0	12	6000.0	2.0	136.7999	3.3333	142.13320000000002
8359482	25000.0	12	6000.0	2.5	142.1332	4.1667	148.79989999999998
8395833	27000.0	12	6000.0	2.7	148.7999	4.5	155.9999
8412608	19000.0	12	6000.0	1.9	155.9999	3.1667	161.0666
8319401	23000.0	12	6000.0	2.3	161.0666	3.8333	167.1999
8388653	22000.0	12	6000.0	2.2	167.1999	3.6667	173.0666
8355214	16000.0	12	6000.0	1.6	173.0666	2.6667	177.33329999999998
8376547	23000.0	12	6000.0	2.3	177.3333	3.8333	183.46660000000003
8388642	21000.0	12	6000.0	2.1	183.4666	3.5	189.0666
8409806	19000.0	12	6000.0	1.9	189.0666	3.1667	194.1333
8406856	27000.0	12	6000.0	2.7	194.1333	4.5	201.33329999999998
8387688	21000.0	12	6000.0	2.1	201.3333	3.5	206.9333
8367908	22000.0	12	6000.0	2.2	206.9333	3.6667	212.79999999999998
8320488	22000.0	12	6000.0	2.2	212.8	3.6667	218.6667
8326681	23000.0	12	6000.0	2.3	218.6667	3.8333	224.8
8369357	25000.0	12	6000.0	2.5	224.8	4.1667	231.4667
8326743	23000.0	12	6000.0	2.3	231.4667	3.8333	237.60000000000002
8402538	29000.0	12	6000.0	2.9	237.6	4.8333	245.3333
8322865	25000.0	12	6000.0	2.5	245.3333	4.1667	252.0
8406652	23000.0	12	6000.0	2.3	252.0	3.8333	258.1333
8322322	27000.0	12	6000.0	2.7	258.1333	4.5	265.3333
8357256	19000.0	12	6000.0	1.9	265.3333	3.1667	270.4
8350156	28000.0	12	6000.0	2.8	270.4	4.6667	277.8667
8324112	20000.0	12	6000.0	2.0	277.8667	3.3333	283.2
8358947	20000.0	12	6000.0	2.0	283.2	3.3333	288.5333
8332377	21000.0	12	6000.0	2.1	288.5333	3.5	294.1333
8367958	18000.0	12	6000.0	1.8	294.1333	3.0	298.93330000000003
8354908	22000.0	12	6000.0	2.2	298.9333	3.6667	304.79999999999995
8367632	27000.0	12	6000.0	2.7	304.8	4.5	312.0
8391192	23000.0	12	6000.0	2.3	312.0	3.8333	318.1333
8346513	23000.0	12	6000.0	2.3	318.1333	3.8333	324.26660000000004
8364090	22000.0	12	6000.0	2.2	324.2666	3.6667	330.13329999999996
8359609	21000.0	12	6000.0	2.1	330.1333	3.5	335.73330000000004
8370035	25000.0	12	6000.0	2.5	335.7333	4.1667	342.4
8379222	19000.0	12	6000.0	1.9	342.4	3.1667	347.46669999999995
8368973	20000.0	12	6000.0	2.0	347.4667	3.3333	352.8
8397295	20000.0	12	6000.0	2.0	352.8	3.3333	358.1333
8397564	21000.0	12	6000.0	2.1	358.1333	3.5	363.73330000000004
8398869	20000.0	12	6000.0	2.0	363.7333	3.3333	369.0666
8357563	22000.0	12	6000.0	2.2	369.0666	3.6667	374.9333
8385030	21000.0	12	6000.0	2.1	374.9333	3.5	380.5333
8320377	24000.0	12	6000.0	2.4	380.5333	4.0	386.9333
8371930	25000.0	12	6000.0	2.5	386.9333	4.1667	393.59999999999997
8405373	24000.0	12	6000.0	2.4	393.6	4.0	400.0
8342447	24000.0	13	8000.0	2.4	0	3.0	5.4
8330759	19000.0	13	8000.0	1.9	5.4	2.375	9.675
8343907	23000.0	13	8000.0	2.3	9.675	2.875	14.850000000000001
8342182	22000.0	13	8000.0	2.2	14.85	2.75	19.8
8401228	22000.0	13	8000.0	2.2	19.8	2.75	24.75
8353191	23000.0	13	8000.0	2.3	24.75	2.875	29.925
8345745	17000.0	13	8000.0	1.7	29.925	2.125	33.75
8363229	21000.0	13	8000.0	2.1	33.75	2.625	38.475
8336606	20000.0	13	8000.0	2.0	38.475	2.5	42.975
8345077	19000.0	13	8000.0	1.9	42.975	2.375	47.25
8358161	29000.0	13	8000.0	2.9	47.25	3.625	53.775
8399993	20000.0	13	8000.0	2.0	53.775	2.5	58.275
8345830	19000.0	13	8000.0	1.9	58.275	2.375	62.55
8390690	20000.0	13	8000.0	2.0	62.55	2.5	67.05
8348939	19000.0	13	8000.0	1.9	67.05	2.375	71.325
8410785	28000.0	13	8000.0	2.8	71.325	3.5	77.625
8381883	21000.0	13	8000.0	2.1	77.625	2.625	82.35
8407697	25000.0	13	8000.0	2.5	82.35	3.125	87.975
8352985	22000.0	13	8000.0	2.2	87.975	2.75	92.925
8385398	23000.0	13	8000.0	2.3	92.925	2.875	98.1
8412594	19000.0	13	8000.0	1.9	98.1	2.375	102.375
8344905	19000.0	13	8000.0	1.9	102.375	2.375	106.65
8407198	21000.0	13	8000.0	2.1	106.65	2.625	111.375
8371371	28000.0	13	8000.0	2.8	111.375	3.5	117.675
8389409	21000.0	13	8000.0	2.1	117.675	2.625	122.39999999999999
8404197	23000.0	13	8000.0	2.3	122.4	2.875	127.575
8393445	18000.0	13	8000.0	1.8	127.575	2.25	131.625
8367307	24000.0	13	8000.0	2.4	131.625	3.0	137.025
8348506	21000.0	13	8000.0	2.1	137.025	2.625	141.75
8349386	20000.0	13	8000.0	2.0	141.75	2.5	146.25
8356956	19000.0	13	8000.0	1.9	146.25	2.375	150.525
8367387	21000.0	13	8000.0	2.1	150.525	2.625	155.25
8364748	24000.0	13	8000.0	2.4	155.25	3.0	160.65
8328995	21000.0	13	8000.0	2.1	160.65	2.625	165.375
8355101	23000.0	13	8000.0	2.3	165.375	2.875	170.55
8331467	30000.0	13	8000.0	3.0	170.55	3.75	177.3
8320764	25000.0	13	8000.0	2.5	177.3	3.125	182.925
8390265	26000.0	13	8000.0	2.6	182.925	3.25	188.775
8360062	22000.0	13	8000.0	2.2	188.775	2.75	193.725
8331689	20000.0	13	8000.0	2.0	193.725	2.5	198.225
8394961	22000.0	13	8000.0	2.2	198.225	2.75	203.17499999999998
8351035	24000.0	13	8000.0	2.4	203.175	3.0	208.57500000000002
8371440	19000.0	13	8000.0	1.9	208.575	2.375	212.85
8394626	24000.0	13	8000.0	2.4	212.85	3.0	218.25
8329481	23000.0	13	8000.0	2.3	218.25	2.875	223.425
8402800	17000.0	13	8000.0	1.7	223.425	2.125	227.25
8410404	26000.0	13	8000.0	2.6	227.25	3.25	233.1
8320549	21000.0	13	8000.0	2.1	233.1	2.625	237.825
8374082	27000.0	13	8000.0	2.7	237.825	3.375	243.89999999999998
8360779	25000.0	13	8000.0	2.5	243.9	3.125	249.525
8354642	23000.0	13	8000.0	2.3	249.525	2.875	254.70000000000002
8402846	22000.0	13	8000.0	2.2	254.7	2.75	259.65
8369261	20000.0	13	8000.0	2.0	259.65	2.5	264.15
8381627	22000.0	13	8000.0	2.2	264.15	2.75	269.09999999999997
8323183	24000.0	13	8000.0	2.4	269.1	3.0	274.5
8386517	20000.0	13	8000.0	2.0	274.5	2.5	279.0
8376424	21000.0	13	8000.0	2.1	279.0	2.625	283.725
8388204	21000.0	13	8000.0	2.1	283.725	2.625	288.45000000000005
8356910	20000.0	13	8000.0	2.0	288.45	2.5	292.95
8404154	26000.0	13	8000.0	2.6	292.95	3.25	298.8
8361041	21000.0	13	8000.0	2.1	298.8	2.625	303.52500000000003
8325384	24000.0	13	8000.0	2.4	303.525	3.0	308.92499999999995
8391954	23000.0	13	8000.0	2.3	308.925	2.875	314.1
8322528	26000.0	13	8000.0	2.6	314.1	3.25	319.95000000000005
8366132	19000.0	13	8000.0	1.9	319.95	2.375	324.22499999999997
8352024	24000.0	13	8000.0	2.4	324.225	3.0	329.625
8334538	24000.0	13	8000.0	2.4	329.625	3.0	335.025
8337658	26000.0	13	8000.0	2.6	335.025	3.25	340.875
8396517	21000.0	13	8000.0	2.1	340.875	2.625	345.6
8367081	23000.0	13	8000.0	2.3	345.6	2.875	350.77500000000003
8391241	25000.0	13	8000.0	2.5	350.775	3.125	356.4
8355577	19000.0	13	8000.0	1.9	356.4	2.375	360.67499999999995
8397826	29000.0	13	8000.0	2.9	360.675	3.625	367.2
8387052	24000.0	13	8000.0	2.4	367.2	3.0	372.59999999999997
8374867	25000.0	13	8000.0	2.5	372.6	3.125	378.225
8391250	24000.0	13	8000.0	2.4	378.225	3.0	383.625
8379213	22000.0	13	8000.0	2.2	383.625	2.75	388.575
8341418	24000.0	13	8000.0	2.4	388.575	3.0	393.97499999999997
8353535	29000.0	13	8000.0	2.9	393.975	3.625	400.5
8346995	23000.0	13	8000.0	2.3	400.5	2.875	405.675
8336337	23000.0	13	8000.0	2.3	405.675	2.875	410.85
8382761	21000.0	14	12000.0	2.1	0	1.75	3.85
8324953	23000.0	14	12000.0	2.3	3.85	1.9167	8.0667
8345000	23000.0	14	12000.0	2.3	8.0667	1.9167	12.283400000000002
8389668	30000.0	14	12000.0	3.0	12.2834	2.5	17.7834
8321367	24000.0	14	12000.0	2.4	17.7834	2.0	22.1834
8411511	23000.0	14	12000.0	2.3	22.1834	1.9167	26.4001
8343318	20000.0	14	12000.0	2.0	26.4001	1.6667	30.066799999999997
8336601	23000.0	14	12000.0	2.3	30.0668	1.9167	34.2835
8400323	26000.0	14	12000.0	2.6	34.2835	2.1667	39.0502
8401373	26000.0	14	12000.0	2.6	39.0502	2.1667	43.8169
8358180	20000.0	14	12000.0	2.0	43.8169	1.6667	47.483599999999996
8330907	23000.0	14	12000.0	2.3	47.4836	1.9167	51.7003
8353259	23000.0	14	12000.0	2.3	51.7003	1.9167	55.916999999999994
8390934	22000.0	14	12000.0	2.2	55.917	1.8333	59.950300000000006
8333127	23000.0	14	12000.0	2.3	59.9503	1.9167	64.167
8342870	18000.0	14	12000.0	1.8	64.167	1.5	67.467
8379974	19000.0	14	12000.0	1.9	67.467	1.5833	70.9503
8345914	24000.0	14	12000.0	2.4	70.9503	2.0	75.3503
8345372	22000.0	14	12000.0	2.2	75.3503	1.8333	79.3836
8405637	24000.0	14	12000.0	2.4	79.3836	2.0	83.7836
8383204	25000.0	14	12000.0	2.5	83.7836	2.0833	88.3669
8399678	21000.0	14	12000.0	2.1	88.3669	1.75	92.2169
8335676	17000.0	14	12000.0	1.7	92.2169	1.4167	95.3336
8366282	23000.0	14	12000.0	2.3	95.3336	1.9167	99.55030000000001
8361883	23000.0	14	12000.0	2.3	99.5503	1.9167	103.767
8358423	21000.0	14	12000.0	2.1	103.767	1.75	107.61699999999999
8353820	26000.0	14	12000.0	2.6	107.617	2.1667	112.3837
8333788	20000.0	14	12000.0	2.0	112.3837	1.6667	116.05040000000001
8331862	21000.0	14	12000.0	2.1	116.0504	1.75	119.90039999999999
8373464	18000.0	14	12000.0	1.8	119.9004	1.5	123.2004
8364488	20000.0	14	12000.0	2.0	123.2004	1.6667	126.86710000000001
8318537	24000.0	14	12000.0	2.4	126.8671	2.0	131.2671
8359149	21000.0	14	12000.0	2.1	131.2671	1.75	135.1171
8412851	25000.0	14	12000.0	2.5	135.1171	2.0833	139.7004
8323317	21000.0	14	12000.0	2.1	139.7004	1.75	143.5504
8358973	20000.0	14	12000.0	2.0	143.5504	1.6667	147.2171
8392639	24000.0	14	12000.0	2.4	147.2171	2.0	151.6171
8364742	25000.0	14	12000.0	2.5	151.6171	2.0833	156.2004
8409042	28000.0	14	12000.0	2.8	156.2004	2.3333	161.33370000000002
8409061	22000.0	14	12000.0	2.2	161.3337	1.8333	165.367
8412700	21000.0	14	12000.0	2.1	165.367	1.75	169.21699999999998
8395851	22000.0	14	12000.0	2.2	169.217	1.8333	173.2503
8369502	25000.0	14	12000.0	2.5	173.2503	2.0833	177.83360000000002
8378563	29000.0	14	12000.0	2.9	177.8336	2.4167	183.1503
8319280	22000.0	14	12000.0	2.2	183.1503	1.8333	187.18359999999998
8402117	24000.0	14	12000.0	2.4	187.1836	2.0	191.58360000000002
8357045	26000.0	14	12000.0	2.6	191.5836	2.1667	196.35029999999998
8371587	20000.0	14	12000.0	2.0	196.3503	1.6667	200.017
8332917	23000.0	14	12000.0	2.3	200.017	1.9167	204.2337
8354802	20000.0	14	12000.0	2.0	204.2337	1.6667	207.9004
8386853	20000.0	14	12000.0	2.0	207.9004	1.6667	211.56709999999998
8332008	25000.0	14	12000.0	2.5	211.5671	2.0833	216.15040000000002
8360709	22000.0	14	12000.0	2.2	216.1504	1.8333	220.1837
8323166	21000.0	14	12000.0	2.1	220.1837	1.75	224.03369999999998
8382449	21000.0	14	12000.0	2.1	224.0337	1.75	227.8837
8388092	21000.0	14	12000.0	2.1	227.8837	1.75	231.7337
8381344	23000.0	14	12000.0	2.3	231.7337	1.9167	235.9504
8388051	20000.0	14	12000.0	2.0	235.9504	1.6667	239.6171
8411578	23000.0	14	12000.0	2.3	239.6171	1.9167	243.8338
8322652	22000.0	14	12000.0	2.2	243.8338	1.8333	247.8671
8322502	24000.0	14	12000.0	2.4	247.8671	2.0	252.2671
8327064	17000.0	14	12000.0	1.7	252.2671	1.4167	255.38379999999998
8403719	21000.0	14	12000.0	2.1	255.3838	1.75	259.23380000000003
8374806	24000.0	14	12000.0	2.4	259.2338	2.0	263.63379999999995
8376840	25000.0	14	12000.0	2.5	263.6338	2.0833	268.2171
8361566	22000.0	14	12000.0	2.2	268.2171	1.8333	272.2504
8375071	29000.0	14	12000.0	2.9	272.2504	2.4167	277.5671
8398509	22000.0	14	12000.0	2.2	277.5671	1.8333	281.6004
8398147	28000.0	14	12000.0	2.8	281.6004	2.3333	286.7337
8373071	21000.0	14	12000.0	2.1	286.7337	1.75	290.5837
8398050	28000.0	14	12000.0	2.8	290.5837	2.3333	295.71700000000004
8381992	21000.0	14	12000.0	2.1	295.717	1.75	299.567
8364019	21000.0	14	12000.0	2.1	299.567	1.75	303.41700000000003
8397250	24000.0	14	12000.0	2.4	303.417	2.0	307.81699999999995
8353591	22000.0	14	12000.0	2.2	307.817	1.8333	311.8503
8334783	21000.0	14	12000.0	2.1	311.8503	1.75	315.7003
8408958	25000.0	14	12000.0	2.5	315.7003	2.0833	320.28360000000004
8408647	23000.0	14	12000.0	2.3	320.2836	1.9167	324.5003
8330873	22000.0	15	16000.0	2.2	0	1.375	3.575
8330811	22000.0	15	16000.0	2.2	3.575	1.375	7.15
8371894	25000.0	15	16000.0	2.5	7.15	1.5625	11.2125
8401284	26000.0	15	16000.0	2.6	11.2125	1.625	15.4375
8381924	25000.0	15	16000.0	2.5	15.4375	1.5625	19.5
8340577	23000.0	15	16000.0	2.3	19.5	1.4375	23.2375
8320977	29000.0	15	16000.0	2.9	23.2375	1.8125	27.95
8400171	22000.0	15	16000.0	2.2	27.95	1.375	31.525
8385649	21000.0	15	16000.0	2.1	31.525	1.3125	34.9375
8343228	18000.0	15	16000.0	1.8	34.9375	1.125	37.8625
8385842	24000.0	15	16000.0	2.4	37.8625	1.5	41.762499999999996
8362127	22000.0	15	16000.0	2.2	41.7625	1.375	45.337500000000006
8347140	24000.0	15	16000.0	2.4	45.3375	1.5	49.2375
8407655	21000.0	15	16000.0	2.1	49.2375	1.3125	52.65
8323693	20000.0	15	16000.0	2.0	52.65	1.25	55.9
8338006	20000.0	15	16000.0	2.0	55.9	1.25	59.15
8363632	27000.0	15	16000.0	2.7	59.15	1.6875	63.5375
8389994	26000.0	15	16000.0	2.6	63.5375	1.625	67.7625
8407237	23000.0	15	16000.0	2.3	67.7625	1.4375	71.5
8380457	26000.0	15	16000.0	2.6	71.5	1.625	75.725
8346839	24000.0	15	16000.0	2.4	75.725	1.5	79.625
8408479	24000.0	15	16000.0	2.4	79.625	1.5	83.525
8324882	26000.0	15	16000.0	2.6	83.525	1.625	87.75
8354648	22000.0	15	16000.0	2.2	87.75	1.375	91.325
8337288	22000.0	15	16000.0	2.2	91.325	1.375	94.9
8337308	22000.0	15	16000.0	2.2	94.9	1.375	98.47500000000001
8406436	22000.0	15	16000.0	2.2	98.475	1.375	102.05
8333810	32000.0	15	16000.0	3.2	102.05	2.0	107.25
8350589	24000.0	15	16000.0	2.4	107.25	1.5	111.15
8402223	23000.0	15	16000.0	2.3	111.15	1.4375	114.8875
8350321	21000.0	15	16000.0	2.1	114.8875	1.3125	118.3
8350269	22000.0	15	16000.0	2.2	118.3	1.375	121.875
8360242	24000.0	15	16000.0	2.4	121.875	1.5	125.775
8373772	20000.0	15	16000.0	2.0	125.775	1.25	129.025
8329014	25000.0	15	16000.0	2.5	129.025	1.5625	133.0875
8328970	20000.0	15	16000.0	2.0	133.0875	1.25	136.3375
8329671	23000.0	15	16000.0	2.3	136.3375	1.4375	140.07500000000002
8356749	25000.0	15	16000.0	2.5	140.075	1.5625	144.1375
8394439	17000.0	15	16000.0	1.7	144.1375	1.0625	146.89999999999998
8412819	22000.0	15	16000.0	2.2	146.9	1.375	150.475
8394854	23000.0	15	16000.0	2.3	150.475	1.4375	154.2125
8351009	26000.0	15	16000.0	2.6	154.2125	1.625	158.4375
8354738	20000.0	15	16000.0	2.0	158.4375	1.25	161.6875
8387649	19000.0	15	16000.0	1.9	161.6875	1.1875	164.775
8406598	22000.0	15	16000.0	2.2	164.775	1.375	168.35
8390591	25000.0	15	16000.0	2.5	168.35	1.5625	172.4125
8333350	22000.0	15	16000.0	2.2	172.4125	1.375	175.98749999999998
8382059	22000.0	15	16000.0	2.2	175.9875	1.375	179.5625
8332157	24000.0	15	16000.0	2.4	179.5625	1.5	183.4625
8349613	22000.0	15	16000.0	2.2	183.4625	1.375	187.0375
8381582	27000.0	15	16000.0	2.7	187.0375	1.6875	191.42499999999998
8348769	18000.0	15	16000.0	1.8	191.425	1.125	194.35000000000002
8361363	21000.0	15	16000.0	2.1	194.35	1.3125	197.7625
8370678	23000.0	15	16000.0	2.3	197.7625	1.4375	201.5
8367955	25000.0	15	16000.0	2.5	201.5	1.5625	205.5625
8347945	21000.0	15	16000.0	2.1	205.5625	1.3125	208.975
8372574	21000.0	15	16000.0	2.1	208.975	1.3125	212.3875
8349840	19000.0	15	16000.0	1.9	212.3875	1.1875	215.475
8325131	27000.0	15	16000.0	2.7	215.475	1.6875	219.86249999999998
8357187	22000.0	15	16000.0	2.2	219.8625	1.375	223.4375
8346983	19000.0	15	16000.0	1.9	223.4375	1.1875	226.525
8396695	26000.0	15	16000.0	2.6	226.525	1.625	230.75
8363823	21000.0	15	16000.0	2.1	230.75	1.3125	234.1625
8341586	27000.0	15	16000.0	2.7	234.1625	1.6875	238.54999999999998
8397266	25000.0	15	16000.0	2.5	238.55	1.5625	242.6125
8352273	24000.0	15	16000.0	2.4	242.6125	1.5	246.51250000000002
8352079	16000.0	15	16000.0	1.6	246.5125	1.0	249.11249999999998
8376895	24000.0	15	16000.0	2.4	249.1125	1.5	253.01250000000002
8388750	18000.0	15	16000.0	1.8	253.0125	1.125	255.9375
8385252	22000.0	16	18000.0	2.2058	0	1.2222	3.428
8383451	25000.0	16	18000.0	2.5058	3.428	1.3889	7.322699999999999
8381949	19000.0	16	18000.0	1.9058	7.3227	1.0556	10.2841
8334953	23000.0	16	18000.0	2.3058	10.2841	1.2778	13.8677
8405953	19000.0	16	18000.0	1.9058	13.8677	1.0556	16.829099999999997
8337836	19000.0	16	18000.0	1.9058	16.8291	1.0556	19.7905
8386179	27000.0	16	18000.0	2.7058	19.7905	1.5	23.9963
8332726	27000.0	16	18000.0	2.7058	23.9963	1.5	28.2021
8380176	25000.0	16	18000.0	2.5058	28.2021	1.3889	32.0968
8382993	18000.0	16	18000.0	1.8058	32.0968	1.0	34.9026
8345362	26000.0	16	18000.0	2.6058	34.9026	1.4444	38.9528
8344037	19000.0	16	18000.0	1.9058	38.9528	1.0556	41.9142
8330513	28000.0	16	18000.0	2.8058	41.9142	1.5556	46.2756
8399739	21000.0	16	18000.0	2.1058	46.2756	1.1667	49.5481
8330651	17000.0	16	18000.0	1.7058	49.5481	0.9444	52.1983
8379519	19000.0	16	18000.0	1.9058	52.1983	1.0556	55.1597
8344882	22000.0	16	18000.0	2.2058	55.1597	1.2222	58.5877
8344868	23000.0	16	18000.0	2.3058	58.5877	1.2778	62.171299999999995
8335091	26000.0	16	18000.0	2.6058	62.1713	1.4444	66.2215
8401805	19000.0	16	18000.0	1.9058	66.2215	1.0556	69.1829
8335496	21000.0	16	18000.0	2.1058	69.1829	1.1667	72.45540000000001
8329173	23000.0	16	18000.0	2.3058	72.4554	1.2778	76.039
8393651	25000.0	16	18000.0	2.5058	76.039	1.3889	79.9337
8388522	18000.0	16	18000.0	1.8058	79.9337	1.0	82.7395
8391590	20000.0	16	18000.0	2.0058	82.7395	1.1111	85.8564
8320070	21000.0	16	18000.0	2.1058	85.8564	1.1667	89.1289
8382519	20000.0	16	18000.0	2.0058	89.1289	1.1111	92.24579999999999
8319026	23000.0	16	18000.0	2.3058	92.2458	1.2778	95.8294
8355088	23000.0	16	18000.0	2.3058	95.8294	1.2778	99.41300000000001
8393016	24000.0	16	18000.0	2.4058	99.413	1.3333	103.15209999999999
8331929	21000.0	16	18000.0	2.1058	103.1521	1.1667	106.42460000000001
8386984	20000.0	16	18000.0	2.0058	106.4246	1.1111	109.54149999999998
8395391	20000.0	16	18000.0	2.0058	109.5415	1.1111	112.65839999999999
8355309	24000.0	16	18000.0	2.4058	112.6584	1.3333	116.3975
8384501	23000.0	16	18000.0	2.3058	116.3975	1.2778	119.9811
8371003	25000.0	16	18000.0	2.5058	119.9811	1.3889	123.8758
8351495	24000.0	16	18000.0	2.4058	123.8758	1.3333	127.61489999999999
8395930	20000.0	16	18000.0	2.0058	127.6149	1.1111	130.7318
8362800	23000.0	16	18000.0	2.3058	130.7318	1.2778	134.3154
8394286	21000.0	16	18000.0	2.1058	134.3154	1.1667	137.5879
8376550	28000.0	16	18000.0	2.8058	137.5879	1.5556	141.9493
8359323	27000.0	16	18000.0	2.7058	141.9493	1.5	146.1551
8358971	24000.0	16	18000.0	2.4058	146.1551	1.3333	149.8942
8322853	19000.0	16	18000.0	1.9058	149.8942	1.0556	152.8556
8332323	27000.0	16	18000.0	2.7058	152.8556	1.5	157.06140000000002
8336745	22000.0	16	18000.0	2.2058	157.0614	1.2222	160.4894
8376199	29000.0	16	18000.0	2.9058	160.4894	1.6111	165.00629999999998
8325799	23000.0	16	18000.0	2.3058	165.0063	1.2778	168.58990000000003
8360756	24000.0	16	18000.0	2.4058	168.5899	1.3333	172.329
8324309	20000.0	16	18000.0	2.0058	172.329	1.1111	175.4459
8332159	24000.0	16	18000.0	2.4058	175.4459	1.3333	179.185
8402917	18000.0	16	18000.0	1.8058	179.185	1.0	181.9908
8324379	18000.0	16	18000.0	1.8058	181.9908	1.0	184.7966
8318742	20000.0	16	18000.0	2.0058	184.7966	1.1111	187.9135
8381372	18000.0	16	18000.0	1.8058	187.9135	1.0	190.7193
8403237	23000.0	16	18000.0	2.3058	190.7193	1.2778	194.30290000000002
8350036	25000.0	16	18000.0	2.5058	194.3029	1.3889	198.1976
8322744	24000.0	16	18000.0	2.4058	198.1976	1.3333	201.9367
8367959	21000.0	16	18000.0	2.1058	201.9367	1.1667	205.20919999999998
8387770	21000.0	16	18000.0	2.1058	205.2092	1.1667	208.4817
8367612	19000.0	16	18000.0	1.9058	208.4817	1.0556	211.4431
8322579	20000.0	16	18000.0	2.0058	211.4431	1.1111	214.55999999999997
8403731	27000.0	16	18000.0	2.7058	214.56	1.5	218.7658
8396525	23000.0	16	18000.0	2.3058	218.7658	1.2778	222.34940000000003
8346732	24000.0	16	18000.0	2.4058	222.3494	1.3333	226.0885
8366924	22000.0	16	18000.0	2.2058	226.0885	1.2222	229.5165
8398161	24000.0	16	18000.0	2.4058	229.5165	1.3333	233.25560000000002
8374933	29000.0	16	18000.0	2.9058	233.2556	1.6111	237.77249999999998
8397356	23000.0	16	18000.0	2.3058	237.7725	1.2778	241.35610000000003
8337553	19000.0	16	18000.0	1.9058	241.3561	1.0556	244.3175
8374702	23000.0	16	18000.0	2.3058	244.3175	1.2778	247.9011
8359728	20000.0	16	18000.0	2.0058	247.9011	1.1111	251.018
8405355	17000.0	16	18000.0	1.7058	251.018	0.9444	253.6682
8331270	20000.0	16	18000.0	2.0058	253.6682	1.1111	256.7851
8387066	30000.0	16	18000.0	3.0058	256.7851	1.6667	261.4576
8399355	21000.0	17	24000.0	2.1058	0	0.875	2.9808
8377205	20000.0	17	24000.0	2.0058	2.9808	0.8333	5.8199
8362522	27000.0	17	24000.0	2.7058	5.8199	1.125	9.6507
8381111	26000.0	17	24000.0	2.6058	9.6507	1.0833	13.3398
8408268	21000.0	17	24000.0	2.1058	13.3398	0.875	16.3206
8358569	22000.0	17	24000.0	2.2058	16.3206	0.9167	19.443099999999998
8408109	18000.0	17	24000.0	1.8058	19.4431	0.75	21.998900000000003
8380572	25000.0	17	24000.0	2.5058	21.9989	1.0417	25.5464
8383496	24000.0	17	24000.0	2.4058	25.5464	1.0	28.952199999999998
8401438	24000.0	17	24000.0	2.4058	28.9522	1.0	32.358000000000004
8401215	22000.0	17	24000.0	2.2058	32.358	0.9167	35.4805
8347349	25000.0	17	24000.0	2.5058	35.4805	1.0417	39.028
8380004	21000.0	17	24000.0	2.1058	39.028	0.875	42.0088
8379870	24000.0	17	24000.0	2.4058	42.0088	1.0	45.4146
8385987	22000.0	17	24000.0	2.2058	45.4146	0.9167	48.5371
8401849	22000.0	17	24000.0	2.2058	48.5371	0.9167	51.659600000000005
8344675	24000.0	17	24000.0	2.4058	51.6596	1.0	55.0654
8335744	26000.0	17	24000.0	2.6058	55.0654	1.0833	58.7545
8389253	24000.0	17	24000.0	2.4058	58.7545	1.0	62.1603
8375573	21000.0	17	24000.0	2.1058	62.1603	0.875	65.1411
8320141	24000.0	17	24000.0	2.4058	65.1411	1.0	68.5469
8401193	27000.0	17	24000.0	2.7058	68.5469	1.125	72.37769999999999
8408511	30000.0	17	24000.0	3.0058	72.3777	1.25	76.6335
8399481	25000.0	17	24000.0	2.5058	76.6335	1.0417	80.181
8345441	32000.0	17	24000.0	3.2058	80.181	1.3333	84.72009999999999
8400710	17000.0	17	24000.0	1.7058	84.7201	0.7083	87.13419999999999
8377339	24000.0	17	24000.0	2.4058	87.1342	1.0	90.54
8342140	20000.0	17	24000.0	2.0058	90.54	0.8333	93.3791
8324735	21000.0	17	24000.0	2.1058	93.3791	0.875	96.3599
8410501	27000.0	17	24000.0	2.7058	96.3599	1.125	100.19069999999999
8367327	22000.0	17	24000.0	2.2058	100.1907	0.9167	103.31320000000001
8388538	24000.0	17	24000.0	2.4058	103.3132	1.0	106.719
8337375	24000.0	17	24000.0	2.4058	106.719	1.0	110.1248
8392809	22000.0	17	24000.0	2.2058	110.1248	0.9167	113.2473
8332511	21000.0	17	24000.0	2.1058	113.2473	0.875	116.2281
8392874	23000.0	17	24000.0	2.3058	116.2281	0.9583	119.4922
8339498	25000.0	17	24000.0	2.5058	119.4922	1.0417	123.0397
8336255	23000.0	17	24000.0	2.3058	123.0397	0.9583	126.3038
8357279	25000.0	17	24000.0	2.5058	126.3038	1.0417	129.85129999999998
8351444	21000.0	17	24000.0	2.1058	129.8513	0.875	132.8321
8402143	29000.0	17	24000.0	2.9058	132.8321	1.2083	136.9462
8394440	26000.0	17	24000.0	2.6058	136.9462	1.0833	140.6353
8384241	22000.0	17	24000.0	2.2058	140.6353	0.9167	143.7578
8318724	22000.0	17	24000.0	2.2058	143.7578	0.9167	146.8803
8403059	22000.0	17	24000.0	2.2058	146.8803	0.9167	150.0028
8369922	22000.0	17	24000.0	2.2058	150.0028	0.9167	153.1253
8349519	23000.0	17	24000.0	2.3058	153.1253	0.9583	156.38940000000002
8337087	23000.0	17	24000.0	2.3058	156.3894	0.9583	159.6535
8375959	24000.0	17	24000.0	2.4058	159.6535	1.0	163.0593
8365199	22000.0	17	24000.0	2.2058	163.0593	0.9167	166.1818
8376233	25000.0	17	24000.0	2.5058	166.1818	1.0417	169.7293
8327997	23000.0	17	24000.0	2.3058	169.7293	0.9583	172.9934
8401992	26000.0	17	24000.0	2.6058	172.9934	1.0833	176.6825
8368054	25000.0	17	24000.0	2.5058	176.6825	1.0417	180.23
8333590	19000.0	17	24000.0	1.9058	180.23	0.7917	182.92749999999998
8349005	20000.0	17	24000.0	2.0058	182.9275	0.8333	185.7666
8322372	24000.0	17	24000.0	2.4058	185.7666	1.0	189.1724
8361021	22000.0	17	24000.0	2.2058	189.1724	0.9167	192.2949
8326883	20000.0	17	24000.0	2.0058	192.2949	0.8333	195.13400000000001
8324144	23000.0	17	24000.0	2.3058	195.134	0.9583	198.3981
8360352	21000.0	17	24000.0	2.1058	198.3981	0.875	201.3789
8392042	22000.0	17	24000.0	2.2058	201.3789	0.9167	204.5014
8391691	26000.0	17	24000.0	2.6058	204.5014	1.0833	208.1905
8322570	24000.0	17	24000.0	2.4058	208.1905	1.0	211.59629999999999
8333200	20000.0	17	24000.0	2.0058	211.5963	0.8333	214.43540000000002
8330016	20000.0	17	24000.0	2.0058	214.4354	0.8333	217.2745
8398689	24000.0	17	24000.0	2.4058	217.2745	1.0	220.6803
8390183	25000.0	17	24000.0	2.5058	220.6803	1.0417	224.22779999999997
8347644	24000.0	17	24000.0	2.4058	224.2278	1.0	227.6336
8334392	24000.0	17	24000.0	2.4058	227.6336	1.0	231.0394
8397933	21000.0	17	24000.0	2.1058	231.0394	0.875	234.0202
8373059	23000.0	17	24000.0	2.3058	234.0202	0.9583	237.2843
8398251	26000.0	17	24000.0	2.6058	237.2843	1.0833	240.9734
8396496	20000.0	17	24000.0	2.0058	240.9734	0.8333	243.8125
8387321	26000.0	17	24000.0	2.6058	243.8125	1.0833	247.5016
8396394	19000.0	17	24000.0	1.9058	247.5016	0.7917	250.1991
8388719	23000.0	17	24000.0	2.3058	250.1991	0.9583	253.4632
8341246	20000.0	17	24000.0	2.0058	253.4632	0.8333	256.3023
8335303	24000.0	18	30000.0	2.4058	0	0.8	3.2058
8411852	22000.0	18	30000.0	2.2058	3.2058	0.7333	6.1449
8408137	18000.0	18	30000.0	1.8058	6.1449	0.6	8.550699999999999
8363525	21000.0	18	30000.0	2.1058	8.5507	0.7	11.3565
8352878	20000.0	18	30000.0	2.0058	11.3565	0.6667	14.029000000000002
8361656	19000.0	18	30000.0	1.9058	14.029	0.6333	16.568099999999998
8320836	20000.0	18	30000.0	2.0058	16.5681	0.6667	19.2406
8408039	20000.0	18	30000.0	2.0058	19.2406	0.6667	21.9131
8363346	24000.0	18	30000.0	2.4058	21.9131	0.8	25.1189
8371716	22000.0	18	30000.0	2.2058	25.1189	0.7333	28.058
8399200	21000.0	18	30000.0	2.1058	28.058	0.7	30.863799999999998
8399193	27000.0	18	30000.0	2.7058	30.8638	0.9	34.4696
8409885	23000.0	18	30000.0	2.3058	34.4696	0.7667	37.5421
8389773	25000.0	18	30000.0	2.5058	37.5421	0.8333	40.8812
8399614	21000.0	18	30000.0	2.1058	40.8812	0.7	43.687000000000005
8407621	25000.0	18	30000.0	2.5058	43.687	0.8333	47.0261
8380326	21000.0	18	30000.0	2.1058	47.0261	0.7	49.831900000000005
8345993	20000.0	18	30000.0	2.0058	49.8319	0.6667	52.5044
8382862	23000.0	18	30000.0	2.3058	52.5044	0.7667	55.576899999999995
8379997	21000.0	18	30000.0	2.1058	55.5769	0.7	58.38270000000001
8407531	23000.0	18	30000.0	2.3058	58.3827	0.7667	61.4552
8403934	21000.0	18	30000.0	2.1058	61.4552	0.7	64.261
8335016	23000.0	18	30000.0	2.3058	64.261	0.7667	67.3335
8383131	23000.0	18	30000.0	2.3058	67.3335	0.7667	70.406
8407030	24000.0	18	30000.0	2.4058	70.406	0.8	73.6118
8357361	27000.0	18	30000.0	2.7058	73.6118	0.9	77.2176
8382532	21000.0	18	30000.0	2.1058	77.2176	0.7	80.02340000000001
8392750	25000.0	18	30000.0	2.5058	80.0234	0.8333	83.36249999999998
8329053	22000.0	18	30000.0	2.2058	83.3625	0.7333	86.3016
8348509	19000.0	18	30000.0	1.9058	86.3016	0.6333	88.8407
8350468	23000.0	18	30000.0	2.3058	88.8407	0.7667	91.9132
8329717	30000.0	18	30000.0	3.0058	91.9132	1.0	95.919
8329329	22000.0	18	30000.0	2.2058	95.919	0.7333	98.8581
8367279	22000.0	18	30000.0	2.2058	98.8581	0.7333	101.79719999999999
8391485	21000.0	18	30000.0	2.1058	101.7972	0.7	104.60300000000001
8321807	21000.0	18	30000.0	2.1058	104.603	0.7	107.4088
8333415	18000.0	18	30000.0	1.8058	107.4088	0.6	109.8146
8369345	24000.0	18	30000.0	2.4058	109.8146	0.8	113.0204
8361327	24000.0	18	30000.0	2.4058	113.0204	0.8	116.22619999999999
8326896	20000.0	18	30000.0	2.0058	116.2262	0.6667	118.8987
8354830	20000.0	18	30000.0	2.0058	118.8987	0.6667	121.5712
8391801	23000.0	18	30000.0	2.3058	121.5712	0.7667	124.64370000000001
8327111	25000.0	18	30000.0	2.5058	124.6437	0.8333	127.98279999999998
8324608	28000.0	18	30000.0	2.8058	127.9828	0.9333	131.7219
8346693	24000.0	18	30000.0	2.4058	131.7219	0.8	134.92770000000002
8331166	21000.0	18	30000.0	2.1058	134.9277	0.7	137.73349999999996
8374019	21000.0	18	30000.0	2.1058	137.7335	0.7	140.53929999999997
8337454	20000.0	18	30000.0	2.0058	140.5393	0.6667	143.21179999999998
8362859	24000.0	18	30000.0	2.4058	143.2118	0.8	146.41760000000002
8323504	21000.0	18	30000.0	2.1058	146.4176	0.7	149.22339999999997
8363738	19000.0	18	30000.0	1.9058	149.2234	0.6333	151.7625
8381985	21000.0	18	30000.0	2.1058	151.7625	0.7	154.56829999999997
8396665	24000.0	18	30000.0	2.4058	154.5683	0.8	157.7741
8398213	21000.0	18	30000.0	2.1058	157.7741	0.7	160.57989999999998
8397845	19000.0	18	30000.0	1.9058	160.5799	0.6333	163.119
8372961	23000.0	18	30000.0	2.3058	163.119	0.7667	166.1915
8397622	23000.0	18	30000.0	2.3058	166.1915	0.7667	169.26399999999998
8357790	20000.0	18	30000.0	2.0058	169.264	0.6667	171.9365
8397213	25000.0	18	30000.0	2.5058	171.9365	0.8333	175.2756
8368953	24000.0	18	30000.0	2.4058	175.2756	0.8	178.4814
8384950	20000.0	18	30000.0	2.0058	178.4814	0.6667	181.1539
8349247	23000.0	18	30000.0	2.3058	181.1539	0.7667	184.22639999999998
8396319	24000.0	18	30000.0	2.4058	184.2264	0.8	187.43220000000002
8378913	22000.0	18	30000.0	2.2058	187.4322	0.7333	190.37130000000002
8351719	19000.0	18	30000.0	1.9058	190.3713	0.6333	192.91039999999998
8385592	25000.0	19	30000.0	2.5058	0	0.8333	3.3390999999999997
8389468	20000.0	19	30000.0	2.0058	3.3391	0.6667	6.0116
8390907	27000.0	19	30000.0	2.7058	6.0116	0.9	9.6174
8405004	21000.0	19	30000.0	2.1058	9.6174	0.7	12.4232
8400165	23000.0	19	30000.0	2.3058	12.4232	0.7667	15.4957
8347552	27000.0	19	30000.0	2.7058	15.4957	0.9	19.101499999999998
8332690	21000.0	19	30000.0	2.1058	19.1015	0.7	21.9073
8373947	24000.0	19	30000.0	2.4058	21.9073	0.8	25.1131
8412204	26000.0	19	30000.0	2.6058	25.1131	0.8667	28.5856
8383497	24000.0	19	30000.0	2.4058	28.5856	0.8	31.7914
8389319	28000.0	19	30000.0	2.8058	31.7914	0.9333	35.5305
8380405	23000.0	19	30000.0	2.3058	35.5305	0.7667	38.603
8340453	21000.0	19	30000.0	2.1058	38.603	0.7	41.40880000000001
8409857	19000.0	19	30000.0	1.9058	41.4088	0.6333	43.9479
8399623	22000.0	19	30000.0	2.2058	43.9479	0.7333	46.887
8377045	23000.0	19	30000.0	2.3058	46.887	0.7667	49.9595
8340323	23000.0	19	30000.0	2.3058	49.9595	0.7667	53.032
8401896	27000.0	19	30000.0	2.7058	53.032	0.9	56.63779999999999
8406991	23000.0	19	30000.0	2.3058	56.6378	0.7667	59.7103
8324805	27000.0	19	30000.0	2.7058	59.7103	0.9	63.3161
8338075	21000.0	19	30000.0	2.1058	63.3161	0.7	66.1219
8406251	20000.0	19	30000.0	2.0058	66.1219	0.6667	68.7944
8359152	25000.0	19	30000.0	2.5058	68.7944	0.8333	72.13349999999998
8327702	27000.0	19	30000.0	2.7058	72.1335	0.9	75.7393
8331876	20000.0	19	30000.0	2.0058	75.7393	0.6667	78.4118
8350523	19000.0	19	30000.0	1.9058	78.4118	0.6333	80.9509
8393085	18000.0	19	30000.0	1.8058	80.9509	0.6	83.3567
8338640	26000.0	19	30000.0	2.6058	83.3567	0.8667	86.8292
8343289	22000.0	19	30000.0	2.2058	86.8292	0.7333	89.7683
8351410	25000.0	19	30000.0	2.5058	89.7683	0.8333	93.10739999999998
8338915	23000.0	19	30000.0	2.3058	93.1074	0.7667	96.1799
8409316	22000.0	19	30000.0	2.2058	96.1799	0.7333	99.119
8326430	23000.0	19	30000.0	2.3058	99.119	0.7667	102.1915
8357024	18000.0	19	30000.0	1.8058	102.1915	0.6	104.5973
8371168	23000.0	19	30000.0	2.3058	104.5973	0.7667	107.66980000000001
8382345	27000.0	19	30000.0	2.7058	107.6698	0.9	111.2756
8336728	21000.0	19	30000.0	2.1058	111.2756	0.7	114.0814
8332005	29000.0	19	30000.0	2.9058	114.0814	0.9667	117.9539
8360706	22000.0	19	30000.0	2.2058	117.9539	0.7333	120.893
8323175	25000.0	19	30000.0	2.5058	120.893	0.8333	124.23209999999999
8322124	28000.0	19	30000.0	2.8058	124.2321	0.9333	127.97120000000001
8350201	25000.0	19	30000.0	2.5058	127.9712	0.8333	131.3103
8354170	25000.0	19	30000.0	2.5058	131.3103	0.8333	134.6494
8354189	20000.0	19	30000.0	2.0058	134.6494	0.6667	137.3219
8354497	23000.0	19	30000.0	2.3058	137.3219	0.7667	140.3944
8376335	25000.0	19	30000.0	2.5058	140.3944	0.8333	143.7335
8404626	21000.0	19	30000.0	2.1058	143.7335	0.7	146.53929999999997
8398615	25000.0	19	30000.0	2.5058	146.5393	0.8333	149.8784
8410809	17000.0	19	30000.0	1.7058	149.8784	0.5667	152.1509
8405237	23000.0	19	30000.0	2.3058	152.1509	0.7667	155.2234
8348472	23000.0	19	30000.0	2.3058	155.2234	0.7667	158.2959
8319584	21000.0	19	30000.0	2.1058	158.2959	0.7	161.10169999999997
8368867	23000.0	19	30000.0	2.3058	161.1017	0.7667	164.17419999999998
8366914	25000.0	19	30000.0	2.5058	164.1742	0.8333	167.51330000000002
8341326	23000.0	19	30000.0	2.3058	167.5133	0.7667	170.58579999999998
8390217	20000.0	19	30000.0	2.0058	170.5858	0.6667	173.2583
8390046	24000.0	19	30000.0	2.4058	173.2583	0.8	176.4641
