3744.6310000000008	0.43	1.0	1
3749.711100000001	0.32	0.9	1
3756.664600000001	0.42	0.7	1
3766.291500000001	0.3	1.0	1
3778.591800000001	0.36	1.0	1
3793.565500000001	0.31	1.0	1
3809.079200000001	0.49	0.2	1
3826.999600000001	0.3	0.9	1
3847.326700000001	0.38	0.9	1
3870.327200000001	0.29	1.0	1
3895.734400000001	0.33	0.9	1
3923.5483000000013	0.31	0.9	1
3953.2356000000013	0.48	0.7	1
3984.529600000001	0.31	0.6	1
4018.497000000001	0.33	1.0	1
4054.871100000001	0.29	0.9	1
4093.385200000001	0.36	0.8	1
4134.572700000001	0.31	1.0	1
4178.4336	0.34	1.0	1
4224.967900000001	0.32	1.0	1
4274.1756000000005	0.28	1.0	1
4325.523300000001	0.36	0.8	1
4379.544400000001	0.34	1.0	1
4436.2389	0.69	1.0	1
4495.3401	0.36	0.9	1
4557.1147	0.3	1.0	1
4621.296	0.33	0.9	1
4686.550700000001	0.36	0.4	1
4753.9454000000005	0.32	0.8	1
4824.013500000001	0.31	1.0	1
4896.488300000001	0.43	0.9	1
4969.769800000001	0.48	0.3	1
5045.191300000001	0.32	0.8	1
5121.952800000001	0.31	0.5	1
5200.854300000001	0.34	0.8	1
5282.4292000000005	0.28	1.0	1
5366.410800000001	0.3	0.9	1
5453.0658	0.33	1.0	1
5542.1275000000005	0.31	0.9	1
5633.8626	0.33	1.0	1
5728.2711	0.31	1.0	1
5825.0863	0.34	0.9	1
5924.5749	0.28	1.0	1
6026.2035	0.45	0.8	1
6128.9055	0.46	0.4	1
6232.4142	0.39	0.3	1
6338.3296	0.33	0.9	1
6446.385	0.36	0.8	1
6557.1138	0.3	1.0	1
6670.2493	0.35	0.9	1
6786.0582	0.34	1.0	1
6904.5405	0.36	1.0	1
7025.4295	0.36	0.9	1
7148.9919	0.32	1.0	1
7274.161	0.38	0.6	1
7402.0035	0.32	1.0	1
7531.986	0.28	0.8	1
7664.6419	0.32	1.0	1
7799.1712	0.36	0.7	1
7935.8405	0.39	0.8	1
8074.6498	0.31	0.8	1
8213.9991	0.46	0.2	1
8355.7551	0.3	0.9	1
8500.1845	0.29	1.0	1
8647.0206	0.32	0.9	1
8796.2634	0.34	0.9	1
8948.1796	0.27	1.0	1
9101.4358	0.35	0.5	1
9257.098699999999	0.38	0.9	1
9414.9016	0.5	0.8	1
9575.3779	0.29	1.0	1
9738.2609	0.37	0.9	1
9903.550599999999	0.33	0.9	1
10071.5137	0.31	1.0	1
10241.8835	0.32	0.9	1
10414.66	0.42	0.9	1
10590.1099	0.27	1.0	1
10767.966499999999	0.3	0.9	1
10948.2298	0.35	0.9	1
11130.8998	0.32	0.9	1
11316.243199999999	0.27	1.0	1
11503.993299999998	0.35	0.9	1
11694.416799999999	0.34	1.0	1
11885.9137	0.32	0.4	1
12078.483999999999	0.44	0.4	1
12273.7277	0.34	1.0	1
12470.844799999999	0.42	0.7	1
12669.0353	0.42	0.4	1
12868.2992	0.49	0.4	1
13070.236499999999	0.27	1.0	1
13274.580499999998	0.3	0.9	1
13479.997899999998	0.35	0.4	1
13687.821999999998	0.29	0.9	1
13897.786099999998	0.32	0.8	1
14110.423599999998	0.36	1.0	1
14325.734499999999	0.32	1.0	1
14543.718799999999	0.3	1.0	1
14764.376499999998	0.3	1.0	1
14986.907599999999	0.39	0.7	1
15211.578699999998	0.36	0.8	1
15438.656499999997	0.31	0.9	1
15668.407699999998	0.39	1.0	1
15900.832299999998	0.31	1.0	1
16135.396899999998	0.41	0.8	1
16372.634899999997	0.29	1.0	1
16612.546299999998	0.33	1.0	1
16855.1311	0.33	1.0	1
17099.3226	0.39	0.6	1
17345.3875	0.36	0.7	1
17591.9924	0.44	0.2	1
17841.2707	0.35	1.0	1
18090.8224	0.68	0.1	1
18341.7141	0.37	0.5	1
18593.9458	0.32	0.5	1
18848.3175	0.36	0.8	1
19104.2959	0.33	0.6	1
19362.9477	0.32	1.0	1
19624.0062	0.31	0.9	1
19887.4714	0.34	0.9	1
20153.343299999997	0.31	0.9	1
20421.6219	0.35	0.9	1
20690.707199999997	0.27	0.3	1
20962.199199999995	0.31	0.9	1
21235.031199999994	0.38	0.5	1
21510.536599999992	0.31	1.0	1
21788.715399999994	0.3	1.0	1
22069.567599999995	0.34	1.0	1
22352.559799999995	0.37	0.8	1
22638.225399999996	0.34	1.0	1
22926.297699999996	0.32	0.9	1
23217.043399999995	0.32	1.0	1
23509.929099999994	0.33	0.8	1
23805.221499999992	0.28	0.9	1
24102.38729999999	0.34	0.7	1
24401.95979999999	0.36	0.9	1
24703.93899999999	0.32	0.9	1
25008.058199999992	0.36	0.8	1
25314.850799999993	0.29	1.0	1
25623.783399999993	0.34	0.8	1
25935.122699999993	0.36	0.9	1
26249.135399999992	0.32	1.0	1
26565.55479999999	0.37	0.9	1
26884.64759999999	0.34	1.0	1
27205.88039999999	0.38	0.8	1
27529.786599999992	0.3	1.0	1
27856.366199999993	0.28	1.0	1
28184.01919999999	0.38	0.4	1
28514.345599999993	0.51	1.0	1
28846.811999999994	0.35	0.8	1
29181.951799999995	0.34	1.0	1
29519.764999999996	0.28	1.0	1
29859.718199999996	0.36	0.8	1
30201.011399999996	0.36	0.5	1
30544.977999999996	0.28	1.0	1
30890.817999999996	0.33	0.7	1
31237.997999999996	0.31	0.5	1
31586.251399999997	0.41	0.4	1
31936.9115	0.32	0.9	1
32288.9116	0.43	0.5	1
32643.3184	0.32	0.9	1
33000.1319	0.32	0.9	1
33359.0854	0.26	0.8	1
33719.6456	0.32	0.6	1
34082.8792	0.29	1.0	1
34448.7862	0.33	1.0	1
34816.566600000006	0.37	0.7	1
35186.48700000001	0.32	0.8	1
35558.81410000001	0.31	0.9	1
35933.54790000001	0.33	0.9	1
36310.42170000001	0.33	0.8	1
36689.968900000014	0.31	1.0	1
37072.189500000015	0.28	1.0	1
37456.816800000015	0.32	0.9	1
37843.584100000015	0.34	0.8	1
38232.758100000014	0.29	0.9	1
38624.33880000001	0.33	0.9	1
39017.792900000015	0.32	0.7	1
39413.65370000002	0.32	0.9	1
39812.18790000002	0.33	1.0	1
40213.12880000002	0.28	0.9	1
40615.40970000002	0.34	0.5	1
41020.364000000016	0.3	1.0	1
41427.45830000001	0.36	0.8	1
41836.95930000001	0.34	0.9	1
42247.53370000001	0.38	0.4	1
42660.514800000004	0.28	0.9	1
43075.6359	0.38	0.8	1
43493.163700000005	0.35	0.9	1
43912.031500000005	0.28	0.5	1
44333.039300000004	0.38	0.8	1
44756.4538	0.31	0.9	1
45182.5417	0.31	1.0	1
45611.0363	0.32	0.9	1
46040.6043	0.26	0.4	1
46472.8457	0.33	1.0	1
46907.2271	0.35	0.8	1
47343.4819	0.37	0.7	1
47782.1434	0.31	0.9	1
48223.4783	0.29	1.0	1
48667.486600000004	0.27	1.0	1
49113.634900000005	0.33	0.8	1
49562.456600000005	0.31	1.0	1
50013.685000000005	0.33	0.9	1
50467.586800000005	0.3	1.0	1
50924.162000000004	0.37	1.0	1
51383.4106	0.31	1.0	1
51845.0659	0.31	0.9	1
52309.3946	0.3	1.0	1
52776.3967	0.27	1.0	1
53246.072199999995	0.35	1.0	1
53718.42109999999	0.31	1.0	1
54193.44339999999	0.33	1.0	1
54670.33909999999	0.34	0.7	1
55149.90819999999	0.31	1.0	1
55630.81729999999	0.38	0.5	1
56114.399799999985	0.5	1.0	1
56600.38899999998	0.37	0.9	1
57088.518199999984	0.63	0.8	1
57577.18739999998	0.59	0.2	1
58067.996599999984	0.37	0.8	1
58561.47919999999	0.29	1.0	1
59057.63519999999	0.26	1.0	1
59556.19789999999	0.31	0.9	1
60056.90059999999	0.38	0.8	1
60560.009999999995	0.32	0.9	1
61064.72609999999	0.42	0.6	1
61571.315599999994	0.4	0.7	1
62080.578499999996	0.32	1.0	1
62592.2481	0.3	0.9	1
63106.5911	0.28	1.0	1
63623.3408	0.34	0.9	1
64142.7639	0.3	1.0	1
64664.8604	0.29	1.0	1
65189.6303	0.29	1.0	1
65716.2736	0.4	0.7	1
66245.3236	0.31	0.9	1
66776.247	0.38	0.7	1
67309.8438	0.36	1.0	1
67845.314	0.45	0.7	1
68383.4576	0.31	1.0	1
68923.2079	0.31	0.6	1
69465.6316	0.32	1.0	1
70010.72869999999	0.26	1.0	1
70558.2325	0.34	0.9	1
71108.143	0.31	0.9	1
71660.7269	0.3	1.0	1
72215.98419999999	0.3	1.0	1
72772.8482	0.29	0.6	1
73332.11889999999	0.36	0.9	1
73893.79629999999	0.31	0.9	1
74457.8804	0.32	0.9	1
75024.1045	0.36	0.8	1
75592.7353	0.35	0.9	1
76164.0395	0.31	1.0	1
76737.2171	0.35	0.7	1
77312.53469999999	0.38	0.8	1
77889.7257	0.41	0.7	1
78469.3234	0.29	0.9	1
79051.59449999999	0.28	1.0	1
79636.53899999999	0.3	1.0	1
80223.8902	0.35	0.9	1
80813.9148	0.31	1.0	1
81406.3461	0.23	0.9	1
82000.65079999999	0.33	0.7	1
82597.62889999998	0.31	1.0	1
83196.74699999999	0.34	0.8	1
83797.47179999998	0.27	0.6	1
84400.86999999998	0.32	1.0	1
85006.94159999998	0.29	1.0	1
85614.08659999998	0.36	0.4	1
86223.37159999998	0.33	0.8	1
86835.32999999999	0.32	1.0	1
87449.96179999999	0.32	1.0	1
88067.26699999999	0.33	1.0	1
88686.7122	0.33	0.8	1
89308.2974	0.36	0.8	1
89932.556	0.33	1.0	1
90559.488	0.31	1.0	1
91189.0934	0.27	1.0	1
91821.3722	0.27	1.0	1
92455.791	0.38	0.8	1
93092.8832	0.28	1.0	1
93732.6488	0.32	1.0	1
94373.75439999999	0.29	0.5	1
95017.2667	0.37	0.9	1
95661.31899999999	0.4	0.2	1
96307.51129999998	0.27	0.8	1
96955.04359999999	0.28	0.5	1
97604.98259999999	0.29	0.9	1
98255.4616	0.57	0.2	1
98908.3473	0.35	0.9	1
99563.6397	0.3	0.9	1
100221.6055	0.3	1.0	1
100881.71130000001	0.31	0.8	1
101544.2238	0.31	0.9	1
102209.4097	0.31	1.0	1
102875.9356	0.37	0.5	1
103544.8682	0.36	0.9	1
104216.2075	0.39	0.9	1
104890.22020000001	0.27	1.0	1
105566.90630000002	0.34	1.0	1
106244.66580000002	0.36	0.4	1
106924.56530000002	0.32	0.8	1
107607.13820000002	0.28	1.0	1
108292.38450000001	0.31	1.0	1
108980.03750000002	0.33	0.9	1
109670.36390000003	0.25	1.0	1
110363.09700000002	0.31	0.9	1
111057.97010000002	0.34	0.8	1
111754.71660000001	0.28	0.7	1
112452.53650000002	0.34	0.4	1
113152.76310000001	0.32	0.9	1
113855.39640000001	0.31	0.9	1
114558.83640000001	0.4	0.3	1
115264.94980000002	0.29	1.0	1
115972.13660000001	0.4	0.4	1
116681.73010000002	0.35	0.9	1
117393.99700000002	0.33	1.0	1
118108.67060000001	0.36	0.9	1
118825.75090000001	0.34	0.9	1
119545.50460000001	0.33	1.0	1
120267.13170000001	0.35	0.7	1
120990.36550000001	0.39	0.6	1
121716.27270000002	0.32	1.0	1
122444.85330000002	0.37	1.0	1
123174.24060000002	0.36	0.3	1
123904.96790000002	0.34	0.5	1
124638.36860000002	0.32	1.0	1
125374.17600000002	0.28	0.9	1
126112.65680000003	0.31	1.0	1
126853.81100000003	0.31	1.0	1
127597.63860000003	0.3	1.0	1
128342.53960000003	0.36	0.4	1
129089.84730000004	0.28	0.9	1
129839.29500000004	0.36	0.8	1
130590.08270000004	0.3	0.5	1
131342.74380000005	0.37	0.7	1
132097.81160000004	0.32	0.9	1
132855.01940000005	0.34	0.8	1
133613.03390000004	0.34	0.3	1
134373.45510000005	0.29	0.9	1
135136.01630000005	0.28	0.8	1
135900.98420000004	0.4	0.9	1
136668.35880000005	0.34	0.9	1
137438.40680000006	0.25	1.0	1
138209.79480000006	0.31	0.5	1
138983.85620000007	0.32	1.0	1
139760.32430000007	0.33	0.9	1
140539.46580000006	0.3	1.0	1
141321.01400000005	0.35	0.9	1
142104.70220000006	0.36	0.8	1
142891.06380000006	0.35	1.0	1
143679.29880000005	0.38	0.7	1
144469.94050000006	0.32	0.9	1
145263.25560000006	0.37	1.0	1
146058.71070000005	0.36	0.8	1
146856.30580000006	0.4	0.8	1
147656.04090000005	0.36	0.8	1
148458.44940000004	0.31	1.0	1
149263.26460000005	0.33	0.9	1
150069.41980000006	0.3	0.5	1
150877.71500000005	0.34	0.8	1
151688.68360000005	0.34	1.0	1
152500.99220000004	0.36	0.5	1
153315.97420000003	0.31	1.0	1
154133.62960000001	0.36	1.0	1
154953.69170000002	0.35	0.9	1
155776.16050000003	0.32	0.9	1
156600.7693	0.35	0.8	1
157426.45150000002	0.37	0.4	1
158254.80710000003	0.32	1.0	1
159085.30270000003	0.32	0.8	1
159917.67170000004	0.4	0.7	1
160752.71410000004	0.26	1.0	1
161590.16320000004	0.29	0.9	1
162430.28570000004	0.32	1.0	1
163273.08160000003	0.36	1.0	1
164118.55090000003	0.34	1.0	1
164966.69360000003	0.29	1.0	1
165815.10970000003	0.5	0.1	1
166665.39920000004	0.31	0.7	1
167518.36210000006	0.31	1.0	1
168373.73170000006	0.33	0.9	1
169231.77470000007	0.31	1.0	1
170092.22440000006	0.3	0.9	1
170955.08080000005	0.34	0.9	1
171820.61060000004	0.24	1.0	1
172688.01380000004	0.38	0.7	1
173557.82370000004	0.32	0.9	1
174429.50700000004	0.39	0.7	1
175303.86370000005	0.3	1.0	1
176180.36040000003	0.41	0.8	1
177058.99710000004	0.35	0.8	1
177940.30720000004	0.33	1.0	1
178822.42400000003	0.45	0.3	1
179705.88080000004	0.35	0.5	1
180592.01100000006	0.34	1.0	1
181480.01460000005	0.31	0.7	1
182369.62490000005	0.57	0.6	1
183260.57520000005	0.31	0.5	1
184152.59890000004	0.39	0.4	1
185047.29600000003	0.32	1.0	1
185943.86650000003	0.37	0.7	1
186842.84370000003	0.3	0.9	1
187742.8943	0.35	0.4	1
188645.6183	0.3	1.0	1
189551.0157	0.32	1.0	1
190458.8198	0.34	0.9	1
191368.4973	0.36	0.7	1
192280.84819999998	0.28	1.0	1
193195.87249999997	0.31	1.0	1
194113.03679999997	0.32	0.8	1
195031.54109999997	0.3	0.5	1
195952.18539999996	0.42	0.8	1
196874.96969999996	0.33	0.8	1
197799.36069999996	0.29	0.6	1
198725.89169999995	0.31	0.8	1
199654.82939999996	0.33	0.9	1
200585.90709999995	0.39	0.8	1
201519.39149999994	0.34	0.9	1
202455.28259999995	0.31	0.9	1
203392.24709999995	0.43	0.4	1
204331.88499999995	0.28	1.0	1
205273.92959999994	0.35	0.9	1
206218.38089999993	0.33	0.9	1
207165.23889999994	0.29	0.9	1
208113.43689999994	0.31	0.5	1
209064.30829999995	0.29	1.0	1
210016.25309999994	0.4	0.4	1
210970.60459999993	0.33	0.9	1
211926.29609999992	0.41	0.5	1
212884.6609999999	0.33	1.0	1
213845.6992999999	0.32	1.0	1
214807.8109999999	0.36	0.4	1
215771.7960999999	0.3	0.7	1
216738.45459999988	0.27	1.0	1
217706.45309999987	0.37	0.5	1
218677.12499999985	0.31	1.0	1
219650.20359999986	0.32	0.9	1
220625.68889999986	0.33	0.9	1
221603.84759999986	0.33	1.0	1
222584.67969999986	0.32	1.0	1
223567.91849999985	0.29	0.9	1
224553.83069999985	0.3	1.0	1
225542.41629999984	0.33	1.0	1
226533.40859999985	0.34	0.9	1
227527.07429999986	0.29	1.0	1
228523.14669999987	0.36	0.9	1
229521.89249999987	0.28	1.0	1
230523.31169999987	0.31	1.0	1
231525.2708999999	0.49	0.2	1
232529.6367999999	0.34	0.9	1
233535.0760999999	0.37	0.4	1
234543.1887999999	0.33	1.0	1
235553.70819999988	0.35	0.9	1
236566.36759999988	0.37	0.8	1
237581.70039999989	0.32	1.0	1
238599.7065999999	0.29	1.0	1
239620.11949999988	0.31	0.9	1
240642.93909999987	0.35	0.9	1
241666.56539999988	0.34	0.3	1
242692.33169999986	0.34	0.8	1
243720.50469999987	0.3	0.9	1
244750.01769999988	0.34	0.5	1
245781.93739999988	0.34	0.9	1
246816.53049999988	0.32	1.0	1
247853.79699999987	0.34	1.0	1
248892.40349999987	0.33	0.5	1
249933.68339999986	0.28	1.0	1
250976.30329999985	0.37	0.5	1
252021.59659999984	0.31	1.0	1
253069.02989999985	0.31	0.8	1
254118.86989999985	0.34	0.9	1
255170.58329999985	0.31	0.7	1
256223.63669999986	0.37	0.5	1
257278.56349999984	0.36	0.7	1
258336.16369999983	0.27	1.0	1
259395.10389999984	0.33	0.5	1
260455.65079999983	0.3	0.6	1
261518.87109999981	0.31	1.0	1
262584.76479999983	0.34	1.0	1
263652.5318999998	0.33	0.7	1
264722.7056999998	0.38	0.9	1
265795.2861999998	0.3	0.9	1
266870.2733999998	0.36	0.9	1
267947.9339999998	0.31	1.0	1
269028.00129999977	0.36	0.9	1
270110.2085999998	0.38	0.8	1
271195.08929999976	0.31	1.0	1
272280.77669999975	0.57	0.3	1
273367.0040999997	0.43	0.2	1
274455.63819999975	0.35	0.9	1
275545.8789999998	0.29	0.6	1
276638.5264999998	0.31	0.9	1
277733.3139999998	0.36	0.8	1
278828.9081999998	0.44	0.3	1
279926.6423999998	0.37	0.8	1
281026.24999999977	0.27	0.7	1
282127.46429999976	0.3	0.6	1
283230.28529999976	0.29	0.6	1
284334.97969999973	0.38	0.7	1
285440.4807999997	0.4	0.3	1
286548.3885999997	0.3	0.9	1
287658.7030999997	0.38	0.9	1
288771.1575999997	0.3	0.8	1
289886.01879999967	0.31	0.9	1
291003.01999999967	0.32	0.8	1
292121.3611999997	0.39	0.5	1
293241.3090999997	0.29	0.6	1
294363.66369999974	0.39	0.9	1
295488.69169999973	0.3	1.0	1
296615.3263999997	0.47	0.6	1
297744.63449999975	0.26	1.0	1
298875.81599999976	0.39	0.7	1
300008.33749999973	0.33	0.5	1
301143.26569999976	0.28	0.9	1
302280.6005999998	0.33	0.9	1
303420.07549999974	0.36	0.8	1
304562.22379999975	0.3	1.0	1
305707.0454999997	0.26	1.0	1
306854.0071999997	0.29	0.8	1
308002.5755999997	0.33	0.6	1
309153.8173999997	0.32	1.0	1
310307.1991999997	0.32	0.8	1
311463.2543999997	0.27	1.0	1
312620.3829999997	0.36	0.4	1
313779.91829999967	0.31	0.9	1
314942.1269999997	0.32	1.0	1
316106.47569999966	0.34	0.8	1
317272.96439999965	0.38	0.8	1
318442.12649999966	0.29	1.0	1
319613.96199999965	0.33	1.0	1
320788.47089999967	0.31	1.0	1
321965.3864999997	0.37	0.9	1
323144.7087999997	0.32	0.9	1
324326.7044999997	0.31	1.0	1
325511.3735999997	0.33	1.0	1
326697.9160999997	0.3	0.7	1
327887.1319999997	0.32	1.0	1
329079.0212999997	0.38	1.0	1
330271.98399999965	0.39	0.4	1
331467.3533999997	0.34	0.9	1
332665.1294999997	0.29	0.9	1
333865.04559999966	0.36	0.8	1
335065.5016999997	0.47	0.2	1
336268.63119999965	0.27	1.0	1
337474.1673999996	0.32	0.9	1
338682.37699999963	0.33	1.0	1
339892.9932999996	0.29	0.9	1
341106.0162999996	0.37	0.9	1
342321.1792999996	0.38	0.8	1
343538.7489999996	0.3	0.9	1
344757.9253999996	0.34	0.6	1
345979.7751999996	0.3	1.0	1
347204.2983999996	0.31	1.0	1
348430.96159999963	0.38	0.8	1
349660.2981999996	0.28	1.0	1
350890.7081999996	0.4	0.4	1
352123.5248999996	0.32	0.9	1
353358.4815999996	0.33	0.8	1
354595.84499999956	0.23	0.9	1
355834.81509999954	0.3	0.6	1
357075.92519999953	0.36	0.8	1
358319.70869999955	0.36	1.0	1
359565.6321999995	0.31	0.8	1
360812.8956999995	0.33	0.5	1
362061.49919999955	0.34	0.5	1
363312.24269999954	0.46	0.8	1
364565.3928999995	0.32	0.9	1
365820.1497999995	0.29	0.6	1
367075.7133999995	0.45	0.3	1
368333.4169999995	0.29	0.8	1
369593.5272999995	0.3	0.9	1
370856.3109999995	0.25	1.0	1
372121.50139999954	0.31	0.9	1
373388.03179999953	0.31	0.5	1
374657.23559999955	0.32	1.0	1
375928.84609999956	0.44	0.9	1
377203.12999999954	0.34	1.0	1
378479.55389999953	0.33	0.8	1
379757.31779999955	0.33	0.5	1
381037.2216999995	0.38	0.8	1
382319.53229999956	0.31	0.9	1
383604.51629999955	0.31	1.0	1
384890.8402999996	0.32	0.5	1
386178.2376999996	0.3	0.4	1
387468.0417999996	0.31	0.9	1
388759.9858999996	0.41	0.8	1
390053.2699999996	0.38	0.5	1
391348.4274999996	0.34	0.7	1
392646.2583999996	0.32	1.0	1
393946.2292999996	0.37	0.8	1
395246.7401999996	0.37	0.2	1
396549.6577999996	0.3	0.9	1
397854.98209999956	0.34	0.9	1
399162.44639999955	0.32	0.8	1
400472.31739999953	0.38	0.9	1
401784.06179999956	0.3	0.7	1
403097.94619999954	0.35	0.8	1
404414.50399999955	0.33	1.0	1
405732.13519999955	0.41	0.4	1
407051.90639999957	0.4	0.8	1
408374.35099999956	0.3	1.0	1
409698.93559999956	0.31	0.8	1
411026.19359999953	0.32	1.0	1
412354.52499999956	0.44	0.4	1
413685.52979999955	0.33	1.0	1
415018.14129999955	0.37	0.6	1
416353.4261999996	0.31	1.0	1
417690.0510999996	0.31	0.5	1
419028.8159999996	0.37	0.8	1
420369.9875999996	0.3	0.9	1
421713.5658999996	0.32	0.9	1
423059.8175999996	0.29	1.0	1
424408.4759999996	0.34	0.9	1
425757.40779999964	0.66	0.1	1
427108.4795999996	0.4	0.8	1
428462.2247999996	0.27	1.0	1
429818.6433999996	0.35	1.0	1
431177.4686999996	0.32	0.9	1
432538.70069999964	0.35	0.9	1
433901.53939999966	0.32	0.6	1
435266.51809999964	0.33	0.8	1
436633.63679999963	0.35	0.8	1
438003.1621999996	0.4	0.9	1
439374.56099999964	0.39	0.7	1
440748.63319999963	0.31	1.0	1
442124.5787999996	0.3	0.7	1
443502.6643999996	0.35	0.8	1
444883.1566999996	0.34	0.9	1
446266.3223999996	0.26	1.0	1
447650.8280999996	0.35	0.5	1
449038.0071999996	0.3	1.0	1
450427.0596999996	0.34	0.7	1
451818.51889999956	0.32	0.9	1
453212.65149999957	0.27	1.0	1
454609.45749999955	0.29	1.0	1
456008.93689999956	0.33	1.0	1
457410.5562999996	0.41	0.8	1
458814.5823999996	0.26	0.9	1
460220.2151999996	0.32	0.6	1
461627.72139999963	0.36	0.7	1
463037.9009999996	0.31	1.0	1
464450.7539999996	0.31	1.0	1
465866.0136999996	0.32	0.9	1
467283.6800999996	0.31	0.9	1
468704.0198999996	0.36	1.0	1
470127.0330999996	0.28	1.0	1
471552.4529999996	0.36	0.9	1
472980.01289999956	0.33	0.8	1
474409.97949999955	0.33	0.9	1
475842.61949999956	0.34	1.0	1
477277.93289999955	0.29	1.0	1
478715.6529999995	0.33	0.9	1
480155.24649999954	0.31	0.7	1
481597.24669999955	0.35	0.9	1
483041.92029999953	0.31	1.0	1
484488.2005999995	0.26	0.6	1
485937.1542999995	0.48	1.0	1
487388.24799999956	0.37	0.8	1
488842.01509999955	0.28	1.0	1
490298.4555999996	0.31	1.0	1
491757.5694999996	0.33	1.0	1
493218.8233999996	0.32	0.8	1
494682.4839999996	0.34	0.9	1
496148.81799999956	0.32	1.0	1
497617.82539999956	0.28	1.0	1
499088.4394999996	0.27	0.6	1
500561.72699999955	0.29	1.0	1
502037.15449999954	0.37	0.8	1
503514.4553999995	0.39	0.7	1
504993.8962999995	0.41	0.8	1
506475.4771999995	0.32	0.8	1
507959.4647999995	0.34	0.9	1
509444.7923999995	0.34	0.5	1
510932.7933999995	0.38	1.0	1
512422.9343999995	0.34	0.8	1
513915.4820999995	0.35	0.9	1
515408.8364999995	0.35	0.3	1
516904.5975999995	0.33	0.9	1
518403.0320999995	0.29	1.0	1
519904.1399999995	0.27	1.0	1
521406.0545999995	0.41	0.3	1
522910.3758999995	0.34	0.9	1
524416.0371999996	0.32	0.5	1
525922.5051999995	0.41	0.3	1
527431.3798999996	0.36	0.9	1
528942.1279999996	0.38	0.7	1
530455.2827999996	0.32	0.9	1
531968.7109999995	0.5	0.1	1
533484.8125999996	0.3	1.0	1
535001.7208999996	0.45	0.3	1
536520.5025999997	0.32	0.7	1
538041.9576999997	0.31	1.0	1
539566.0861999997	0.32	1.0	1
541092.6213999997	0.33	0.9	1
542619.9632999997	0.32	0.3	1
544149.7118999998	0.33	0.9	1
545681.3338999997	0.47	0.7	1
547215.3625999998	0.37	0.9	1
548752.0646999998	0.29	1.0	1
550289.3067999998	0.56	0.2	1
551829.2222999998	0.36	1.0	1
553371.5444999998	0.33	0.9	1
554916.2733999998	0.35	0.9	1
556461.5422999999	0.47	0.2	1
558009.4845999999	0.28	1.0	1
559558.5002999998	0.39	0.4	1
561110.1893999998	0.32	1.0	1
562664.0184999998	0.35	0.8	1
564219.9875999998	0.34	0.8	1
565776.7633999997	0.39	0.3	1
567336.2125999997	0.3	1.0	1
568898.0684999997	0.41	0.9	1
570462.3310999997	0.3	0.9	1
572029.0003999997	0.36	0.9	1
573598.3430999997	0.33	1.0	1
575170.3591999997	0.26	1.0	1
576744.7819999997	0.35	0.9	1
578321.6114999996	0.32	0.9	1
579899.7809999996	0.33	0.5	1
581480.3571999996	0.35	0.9	1
583063.3400999996	0.29	0.9	1
584648.9963999996	0.34	1.0	1
586237.3260999996	0.3	1.0	1
587828.0624999997	0.3	0.9	1
589421.4722999997	0.28	1.0	1
591015.9554999997	0.38	0.4	1
592612.5786999997	0.31	0.8	1
594210.5418999997	0.33	0.5	1
595809.5784999997	0.36	0.4	1
597411.0217999998	0.3	0.9	1
599014.6050999998	0.34	0.8	1
600619.2617999999	0.38	0.4	1
602226.5918999999	0.31	1.0	1
603836.0619999999	0.36	0.8	1
605447.1388	0.31	0.6	1
607059.5556	0.33	0.5	1
608674.6457999999	0.36	1.0	1
610290.276	0.47	0.2	1
611908.5795999999	0.3	1.0	1
613527.9565999999	0.39	0.4	1
615148.4069999999	0.34	0.4	1
616770.4640999999	0.32	0.6	1
618395.1945999998	0.33	1.0	1
620022.5984999998	0.34	1.0	1
621651.3423999998	0.31	0.5	1
623282.2262999999	0.23	0.8	1
624915.5168999998	0.34	0.9	1
626551.4808999998	0.33	1.0	1
628189.0515999999	0.27	0.6	1
629829.0289999999	0.33	0.9	1
631471.6797999998	0.32	1.0	1
633114.8705999998	0.45	0.2	1
634760.2013999998	0.33	0.8	1
636407.6721999998	0.33	0.8	1
638055.9496999998	0.39	0.3	1
639705.3005999997	0.39	0.4	1
641357.3248999998	0.32	1.0	1
643011.4891999997	0.36	0.8	1
644668.3268999998	0.28	1.0	1
646326.5045999998	0.34	0.5	1
647987.3556999997	0.29	1.0	1
649649.8134999997	0.31	0.6	1
651314.9446999996	0.31	1.0	1
652982.2158999996	0.37	0.8	1
654651.8937999996	0.33	0.9	1
656322.6450999996	0.37	0.4	1
657995.8030999997	0.35	0.9	1
659669.7677999997	0.48	0.3	1
661346.4058999997	0.27	1.0	1
663025.7173999996	0.32	1.0	1
664707.1688999996	0.4	0.8	1
666390.7603999996	0.31	0.8	1
668076.7585999996	0.3	0.9	1
669765.1634999996	0.3	0.9	1
671455.7083999995	0.33	0.8	1
673148.9266999995	0.34	1.0	1
674844.8183999995	0.32	1.0	1
676543.3834999995	0.31	1.0	1
678243.5552999995	0.54	0.6	1
679946.4004999995	0.32	1.0	1
681650.8523999995	0.33	0.6	1
683357.7109999995	0.29	0.9	1
685066.9762999995	0.32	0.9	1
686778.6482999995	0.35	0.9	1
688492.9936999995	0.32	1.0	1
690209.7457999996	0.35	0.9	1
691928.9045999995	0.32	0.9	1
693650.7367999995	0.31	1.0	1
695375.2423999995	0.29	1.0	1
697102.1546999995	0.32	0.9	1
698829.8736999995	0.41	0.3	1
700558.1326999995	0.38	0.2	1
702288.7983999995	0.3	0.9	1
704022.1374999995	0.3	1.0	1
705757.8832999995	0.28	0.9	1
707496.3024999995	0.32	1.0	1
709237.1283999996	0.33	0.9	1
710980.0942999995	0.3	0.8	1
712725.7335999996	0.32	1.0	1
714474.0462999996	0.31	1.0	1
716224.7656999995	0.3	0.9	1
717976.8250999996	0.35	0.5	1
719731.5578999995	0.36	1.0	1
721488.9640999995	0.3	1.0	1
