0	0	103000	0.6	10300
1	0	135000	0.6	13500
2	0	337500	0.8	33750
3	0	99000	0.4	9900
4	0	150000	0.8	15000
5	100	103000	0.6	10300
6	100	101000	0.6	10100
7	100	101000	0.6	10100
8	100	101000	0.6	10100
9	100	101000	0.6	10100
10	200	129000	0.6	12900
11	200	95000	0.4	9500
12	200	337500	0.8	33750
13	200	101000	0.6	10100
14	200	103000	0.6	10300
15	300	150000	0.8	15000
16	300	97000	0.4	9700
17	300	129000	0.6	12900
18	300	150000	0.8	15000
19	300	97000	0.4	9700
20	400	150000	0.8	15000
21	400	135000	0.6	13500
22	400	99000	0.4	9900
23	400	95000	0.4	9500
24	400	135000	0.6	13500
25	500	101000	0.6	10100
26	500	97000	0.4	9700
27	500	337500	0.8	33750
28	500	97000	0.4	9700
29	500	337500	0.8	33750
30	600	337500	0.8	33750
31	600	97000	0.4	9700
32	600	135000	0.6	13500
33	600	525000	1.0	52500
34	600	135000	0.6	13500
35	700	95000	0.4	9500
36	700	95000	0.4	9500
37	700	103000	0.6	10300
38	700	103000	0.6	10300
39	700	97000	0.4	9700
40	800	97000	0.4	9700
41	800	99000	0.4	9900
42	800	129000	0.6	12900
43	800	129000	0.6	12900
44	800	103000	0.6	10300
45	900	101000	0.6	10100
46	900	525000	1.0	52500
47	900	97000	0.4	9700
48	900	135000	0.6	13500
49	900	135000	0.6	13500
50	1000	525000	1.0	52500
51	1000	525000	1.0	52500
52	1000	129000	0.6	12900
53	1000	525000	1.0	52500
54	1000	99000	0.4	9900
55	1100	95000	0.4	9500
56	1100	101000	0.6	10100
57	1100	95000	0.4	9500
58	1100	101000	0.6	10100
59	1100	150000	0.8	15000
60	1200	101000	0.6	10100
61	1200	150000	0.8	15000
62	1200	101000	0.6	10100
63	1200	129000	0.6	12900
64	1200	95000	0.4	9500
65	1300	525000	1.0	52500
66	1300	525000	1.0	52500
67	1300	97000	0.4	9700
68	1300	99000	0.4	9900
69	1300	97000	0.4	9700
70	1400	337500	0.8	33750
71	1400	129000	0.6	12900
72	1400	97000	0.4	9700
73	1400	129000	0.6	12900
74	1400	103000	0.6	10300
75	1500	99000	0.4	9900
76	1500	95000	0.4	9500
77	1500	99000	0.4	9900
78	1500	525000	1.0	52500
79	1500	95000	0.4	9500
80	1600	525000	1.0	52500
81	1600	101000	0.6	10100
82	1600	99000	0.4	9900
83	1600	103000	0.6	10300
84	1600	135000	0.6	13500
85	1700	97000	0.4	9700
86	1700	99000	0.4	9900
87	1700	135000	0.6	13500
88	1700	150000	0.8	15000
89	1700	99000	0.4	9900
90	1800	337500	0.8	33750
91	1800	150000	0.8	15000
92	1800	95000	0.4	9500
93	1800	150000	0.8	15000
94	1800	135000	0.6	13500
95	1900	150000	0.8	15000
96	1900	337500	0.8	33750
97	1900	135000	0.6	13500
98	1900	150000	0.8	15000
99	1900	135000	0.6	13500
100	2000	129000	0.6	12900
101	2000	525000	1.0	52500
102	2000	103000	0.6	10300
103	2000	97000	0.4	9700
104	2000	337500	0.8	33750
105	2100	150000	0.8	15000
106	2100	95000	0.4	9500
107	2100	97000	0.4	9700
108	2100	99000	0.4	9900
109	2100	135000	0.6	13500
110	2200	150000	0.8	15000
111	2200	95000	0.4	9500
112	2200	150000	0.8	15000
113	2200	97000	0.4	9700
114	2200	101000	0.6	10100
115	2300	135000	0.6	13500
116	2300	525000	1.0	52500
117	2300	525000	1.0	52500
118	2300	150000	0.8	15000
119	2300	103000	0.6	10300
120	2400	129000	0.6	12900
121	2400	525000	1.0	52500
122	2400	135000	0.6	13500
123	2400	525000	1.0	52500
124	2400	101000	0.6	10100
125	2500	525000	1.0	52500
126	2500	150000	0.8	15000
127	2500	135000	0.6	13500
128	2500	129000	0.6	12900
129	2500	101000	0.6	10100
130	2600	150000	0.8	15000
131	2600	101000	0.6	10100
132	2600	97000	0.4	9700
133	2600	525000	1.0	52500
134	2600	95000	0.4	9500
135	2700	97000	0.4	9700
136	2700	525000	1.0	52500
137	2700	95000	0.4	9500
138	2700	135000	0.6	13500
139	2700	129000	0.6	12900
140	2800	337500	0.8	33750
141	2800	101000	0.6	10100
142	2800	99000	0.4	9900
143	2800	525000	1.0	52500
144	2800	99000	0.4	9900
145	2900	337500	0.8	33750
146	2900	135000	0.6	13500
147	2900	135000	0.6	13500
148	2900	99000	0.4	9900
149	2900	135000	0.6	13500
150	3000	525000	1.0	52500
151	3000	150000	0.8	15000
152	3000	101000	0.6	10100
153	3000	95000	0.4	9500
154	3000	337500	0.8	33750
155	3100	101000	0.6	10100
156	3100	150000	0.8	15000
157	3100	129000	0.6	12900
158	3100	95000	0.4	9500
159	3100	129000	0.6	12900
160	3200	99000	0.4	9900
161	3200	103000	0.6	10300
162	3200	337500	0.8	33750
163	3200	150000	0.8	15000
164	3200	135000	0.6	13500
165	3300	99000	0.4	9900
166	3300	129000	0.6	12900
167	3300	129000	0.6	12900
168	3300	525000	1.0	52500
169	3300	135000	0.6	13500
170	3400	525000	1.0	52500
171	3400	97000	0.4	9700
172	3400	97000	0.4	9700
173	3400	525000	1.0	52500
174	3400	150000	0.8	15000
175	3500	135000	0.6	13500
176	3500	103000	0.6	10300
177	3500	129000	0.6	12900
178	3500	150000	0.8	15000
179	3500	129000	0.6	12900
180	3600	101000	0.6	10100
181	3600	129000	0.6	12900
182	3600	129000	0.6	12900
183	3600	150000	0.8	15000
184	3600	97000	0.4	9700
185	3700	101000	0.6	10100
186	3700	525000	1.0	52500
187	3700	101000	0.6	10100
188	3700	337500	0.8	33750
189	3700	135000	0.6	13500
190	3800	129000	0.6	12900
191	3800	150000	0.8	15000
192	3800	103000	0.6	10300
193	3800	525000	1.0	52500
194	3800	97000	0.4	9700
195	3900	129000	0.6	12900
196	3900	95000	0.4	9500
197	3900	337500	0.8	33750
198	3900	135000	0.6	13500
199	3900	337500	0.8	33750
200	4000	129000	0.6	12900
201	4000	150000	0.8	15000
202	4000	103000	0.6	10300
203	4000	101000	0.6	10100
204	4000	135000	0.6	13500
205	4100	337500	0.8	33750
206	4100	337500	0.8	33750
207	4100	129000	0.6	12900
208	4100	150000	0.8	15000
209	4100	150000	0.8	15000
210	4200	525000	1.0	52500
211	4200	135000	0.6	13500
212	4200	525000	1.0	52500
213	4200	129000	0.6	12900
214	4200	103000	0.6	10300
215	4300	337500	0.8	33750
216	4300	97000	0.4	9700
217	4300	101000	0.6	10100
218	4300	525000	1.0	52500
219	4300	135000	0.6	13500
220	4400	101000	0.6	10100
221	4400	129000	0.6	12900
222	4400	101000	0.6	10100
223	4400	99000	0.4	9900
224	4400	99000	0.4	9900
225	4500	150000	0.8	15000
226	4500	101000	0.6	10100
227	4500	95000	0.4	9500
228	4500	101000	0.6	10100
229	4500	95000	0.4	9500
230	4600	103000	0.6	10300
231	4600	129000	0.6	12900
232	4600	97000	0.4	9700
233	4600	95000	0.4	9500
234	4600	135000	0.6	13500
235	4700	337500	0.8	33750
236	4700	135000	0.6	13500
237	4700	525000	1.0	52500
238	4700	101000	0.6	10100
239	4700	150000	0.8	15000
240	4800	150000	0.8	15000
241	4800	101000	0.6	10100
242	4800	101000	0.6	10100
243	4800	150000	0.8	15000
244	4800	97000	0.4	9700
245	4900	101000	0.6	10100
246	4900	525000	1.0	52500
247	4900	150000	0.8	15000
248	4900	101000	0.6	10100
249	4900	99000	0.4	9900
250	5000	337500	0.8	33750
251	5000	101000	0.6	10100
252	5000	99000	0.4	9900
253	5000	101000	0.6	10100
254	5000	150000	0.8	15000
255	5100	101000	0.6	10100
256	5100	95000	0.4	9500
257	5100	97000	0.4	9700
258	5100	525000	1.0	52500
259	5100	135000	0.6	13500
260	5200	150000	0.8	15000
261	5200	99000	0.4	9900
262	5200	150000	0.8	15000
263	5200	337500	0.8	33750
264	5200	97000	0.4	9700
265	5300	129000	0.6	12900
266	5300	135000	0.6	13500
267	5300	135000	0.6	13500
268	5300	103000	0.6	10300
269	5300	129000	0.6	12900
270	5400	95000	0.4	9500
271	5400	135000	0.6	13500
272	5400	135000	0.6	13500
273	5400	95000	0.4	9500
274	5400	101000	0.6	10100
275	5500	99000	0.4	9900
276	5500	525000	1.0	52500
277	5500	129000	0.6	12900
278	5500	150000	0.8	15000
279	5500	95000	0.4	9500
280	5600	103000	0.6	10300
281	5600	337500	0.8	33750
282	5600	99000	0.4	9900
283	5600	103000	0.6	10300
284	5600	99000	0.4	9900
285	5700	337500	0.8	33750
286	5700	337500	0.8	33750
287	5700	337500	0.8	33750
288	5700	101000	0.6	10100
289	5700	150000	0.8	15000
290	5800	337500	0.8	33750
291	5800	135000	0.6	13500
292	5800	95000	0.4	9500
293	5800	95000	0.4	9500
294	5800	150000	0.8	15000
295	5900	337500	0.8	33750
296	5900	337500	0.8	33750
297	5900	135000	0.6	13500
298	5900	101000	0.6	10100
299	5900	525000	1.0	52500
300	6000	150000	0.8	15000
301	6000	337500	0.8	33750
302	6000	101000	0.6	10100
303	6000	150000	0.8	15000
304	6000	150000	0.8	15000
305	6100	99000	0.4	9900
306	6100	103000	0.6	10300
307	6100	101000	0.6	10100
308	6100	135000	0.6	13500
309	6100	97000	0.4	9700
310	6200	99000	0.4	9900
311	6200	150000	0.8	15000
312	6200	150000	0.8	15000
313	6200	101000	0.6	10100
314	6200	129000	0.6	12900
315	6300	129000	0.6	12900
316	6300	103000	0.6	10300
317	6300	129000	0.6	12900
318	6300	99000	0.4	9900
319	6300	101000	0.6	10100
320	6400	95000	0.4	9500
321	6400	101000	0.6	10100
322	6400	337500	0.8	33750
323	6400	97000	0.4	9700
324	6400	101000	0.6	10100
325	6500	525000	1.0	52500
326	6500	95000	0.4	9500
327	6500	525000	1.0	52500
328	6500	95000	0.4	9500
329	6500	135000	0.6	13500
330	6600	337500	0.8	33750
331	6600	97000	0.4	9700
332	6600	101000	0.6	10100
333	6600	101000	0.6	10100
334	6600	103000	0.6	10300
335	6700	99000	0.4	9900
336	6700	337500	0.8	33750
337	6700	103000	0.6	10300
338	6700	95000	0.4	9500
339	6700	95000	0.4	9500
340	6800	101000	0.6	10100
341	6800	525000	1.0	52500
342	6800	97000	0.4	9700
343	6800	103000	0.6	10300
344	6800	103000	0.6	10300
345	6900	129000	0.6	12900
346	6900	103000	0.6	10300
347	6900	101000	0.6	10100
348	6900	103000	0.6	10300
349	6900	103000	0.6	10300
350	7000	97000	0.4	9700
351	7000	525000	1.0	52500
352	7000	95000	0.4	9500
353	7000	525000	1.0	52500
354	7000	97000	0.4	9700
355	7100	101000	0.6	10100
356	7100	101000	0.6	10100
357	7100	129000	0.6	12900
358	7100	129000	0.6	12900
359	7100	99000	0.4	9900
360	7200	95000	0.4	9500
361	7200	95000	0.4	9500
362	7200	525000	1.0	52500
363	7200	135000	0.6	13500
364	7200	150000	0.8	15000
365	7300	337500	0.8	33750
366	7300	101000	0.6	10100
367	7300	101000	0.6	10100
368	7300	95000	0.4	9500
369	7300	129000	0.6	12900
370	7400	525000	1.0	52500
371	7400	101000	0.6	10100
372	7400	97000	0.4	9700
373	7400	103000	0.6	10300
374	7400	99000	0.4	9900
375	7500	129000	0.6	12900
376	7500	95000	0.4	9500
377	7500	97000	0.4	9700
378	7500	525000	1.0	52500
379	7500	525000	1.0	52500
380	7600	337500	0.8	33750
381	7600	337500	0.8	33750
382	7600	95000	0.4	9500
383	7600	99000	0.4	9900
384	7600	525000	1.0	52500
385	7700	101000	0.6	10100
386	7700	129000	0.6	12900
387	7700	135000	0.6	13500
388	7700	337500	0.8	33750
389	7700	95000	0.4	9500
390	7800	525000	1.0	52500
391	7800	129000	0.6	12900
392	7800	337500	0.8	33750
393	7800	95000	0.4	9500
394	7800	101000	0.6	10100
395	7900	95000	0.4	9500
396	7900	95000	0.4	9500
397	7900	97000	0.4	9700
398	7900	101000	0.6	10100
399	7900	150000	0.8	15000
400	8000	103000	0.6	10300
401	8000	337500	0.8	33750
402	8000	95000	0.4	9500
403	8000	97000	0.4	9700
404	8000	135000	0.6	13500
405	8100	525000	1.0	52500
406	8100	129000	0.6	12900
407	8100	150000	0.8	15000
408	8100	135000	0.6	13500
409	8100	99000	0.4	9900
410	8200	95000	0.4	9500
411	8200	95000	0.4	9500
412	8200	99000	0.4	9900
413	8200	101000	0.6	10100
414	8200	101000	0.6	10100
415	8300	150000	0.8	15000
416	8300	135000	0.6	13500
417	8300	97000	0.4	9700
418	8300	95000	0.4	9500
419	8300	129000	0.6	12900
420	8400	97000	0.4	9700
421	8400	150000	0.8	15000
422	8400	525000	1.0	52500
423	8400	135000	0.6	13500
424	8400	135000	0.6	13500
425	8500	97000	0.4	9700
426	8500	150000	0.8	15000
427	8500	135000	0.6	13500
428	8500	150000	0.8	15000
429	8500	135000	0.6	13500
430	8600	101000	0.6	10100
431	8600	129000	0.6	12900
432	8600	97000	0.4	9700
433	8600	150000	0.8	15000
434	8600	101000	0.6	10100
435	8700	135000	0.6	13500
436	8700	103000	0.6	10300
437	8700	525000	1.0	52500
438	8700	337500	0.8	33750
439	8700	97000	0.4	9700
440	8800	101000	0.6	10100
441	8800	129000	0.6	12900
442	8800	97000	0.4	9700
443	8800	99000	0.4	9900
444	8800	103000	0.6	10300
445	8900	97000	0.4	9700
446	8900	95000	0.4	9500
447	8900	103000	0.6	10300
448	8900	103000	0.6	10300
449	8900	135000	0.6	13500
450	9000	135000	0.6	13500
451	9000	95000	0.4	9500
452	9000	135000	0.6	13500
453	9000	97000	0.4	9700
454	9000	97000	0.4	9700
455	9100	95000	0.4	9500
456	9100	150000	0.8	15000
457	9100	135000	0.6	13500
458	9100	99000	0.4	9900
459	9100	97000	0.4	9700
460	9200	95000	0.4	9500
461	9200	103000	0.6	10300
462	9200	95000	0.4	9500
463	9200	99000	0.4	9900
464	9200	95000	0.4	9500
465	9300	101000	0.6	10100
466	9300	95000	0.4	9500
467	9300	337500	0.8	33750
468	9300	97000	0.4	9700
469	9300	337500	0.8	33750
470	9400	95000	0.4	9500
471	9400	99000	0.4	9900
472	9400	150000	0.8	15000
473	9400	135000	0.6	13500
474	9400	97000	0.4	9700
475	9500	129000	0.6	12900
476	9500	135000	0.6	13500
477	9500	103000	0.6	10300
478	9500	135000	0.6	13500
479	9500	101000	0.6	10100
480	9600	337500	0.8	33750
481	9600	525000	1.0	52500
482	9600	150000	0.8	15000
483	9600	150000	0.8	15000
484	9600	95000	0.4	9500
485	9700	129000	0.6	12900
486	9700	103000	0.6	10300
487	9700	150000	0.8	15000
488	9700	103000	0.6	10300
489	9700	525000	1.0	52500
490	9800	135000	0.6	13500
491	9800	150000	0.8	15000
492	9800	97000	0.4	9700
493	9800	150000	0.8	15000
494	9800	150000	0.8	15000
495	9900	135000	0.6	13500
496	9900	135000	0.6	13500
497	9900	97000	0.4	9700
498	9900	97000	0.4	9700
499	9900	525000	1.0	52500
500	10000	103000	0.6	10300
501	10000	97000	0.4	9700
502	10000	101000	0.6	10100
503	10000	135000	0.6	13500
504	10000	135000	0.6	13500
505	10100	99000	0.4	9900
506	10100	103000	0.6	10300
507	10100	337500	0.8	33750
508	10100	129000	0.6	12900
509	10100	103000	0.6	10300
510	10200	525000	1.0	52500
511	10200	135000	0.6	13500
512	10200	99000	0.4	9900
513	10200	525000	1.0	52500
514	10200	95000	0.4	9500
515	10300	129000	0.6	12900
516	10300	99000	0.4	9900
517	10300	337500	0.8	33750
518	10300	103000	0.6	10300
519	10300	135000	0.6	13500
520	10400	150000	0.8	15000
521	10400	103000	0.6	10300
522	10400	99000	0.4	9900
523	10400	103000	0.6	10300
524	10400	135000	0.6	13500
525	10500	97000	0.4	9700
526	10500	525000	1.0	52500
527	10500	101000	0.6	10100
528	10500	129000	0.6	12900
529	10500	525000	1.0	52500
530	10600	99000	0.4	9900
531	10600	99000	0.4	9900
532	10600	129000	0.6	12900
533	10600	337500	0.8	33750
534	10600	525000	1.0	52500
535	10700	97000	0.4	9700
536	10700	97000	0.4	9700
537	10700	150000	0.8	15000
538	10700	337500	0.8	33750
539	10700	95000	0.4	9500
540	10800	129000	0.6	12900
541	10800	97000	0.4	9700
542	10800	103000	0.6	10300
543	10800	99000	0.4	9900
544	10800	129000	0.6	12900
545	10900	337500	0.8	33750
546	10900	525000	1.0	52500
547	10900	525000	1.0	52500
548	10900	101000	0.6	10100
549	10900	150000	0.8	15000
550	11000	135000	0.6	13500
551	11000	150000	0.8	15000
552	11000	129000	0.6	12900
553	11000	337500	0.8	33750
554	11000	135000	0.6	13500
555	11100	525000	1.0	52500
556	11100	103000	0.6	10300
557	11100	95000	0.4	9500
558	11100	103000	0.6	10300
559	11100	101000	0.6	10100
560	11200	103000	0.6	10300
561	11200	337500	0.8	33750
562	11200	135000	0.6	13500
563	11200	101000	0.6	10100
564	11200	95000	0.4	9500
565	11300	337500	0.8	33750
566	11300	129000	0.6	12900
567	11300	525000	1.0	52500
568	11300	129000	0.6	12900
569	11300	525000	1.0	52500
570	11400	337500	0.8	33750
571	11400	103000	0.6	10300
572	11400	337500	0.8	33750
573	11400	95000	0.4	9500
574	11400	337500	0.8	33750
575	11500	129000	0.6	12900
576	11500	101000	0.6	10100
577	11500	99000	0.4	9900
578	11500	129000	0.6	12900
579	11500	337500	0.8	33750
580	11600	97000	0.4	9700
581	11600	150000	0.8	15000
582	11600	95000	0.4	9500
583	11600	525000	1.0	52500
584	11600	135000	0.6	13500
585	11700	99000	0.4	9900
586	11700	95000	0.4	9500
587	11700	103000	0.6	10300
588	11700	337500	0.8	33750
589	11700	99000	0.4	9900
590	11800	150000	0.8	15000
591	11800	150000	0.8	15000
592	11800	103000	0.6	10300
593	11800	135000	0.6	13500
594	11800	103000	0.6	10300
595	11900	103000	0.6	10300
596	11900	97000	0.4	9700
597	11900	337500	0.8	33750
598	11900	525000	1.0	52500
599	11900	99000	0.4	9900
600	12000	95000	0.4	9500
601	12000	97000	0.4	9700
602	12000	135000	0.6	13500
603	12000	99000	0.4	9900
604	12000	97000	0.4	9700
605	12100	135000	0.6	13500
606	12100	97000	0.4	9700
607	12100	150000	0.8	15000
608	12100	525000	1.0	52500
609	12100	135000	0.6	13500
610	12200	101000	0.6	10100
611	12200	129000	0.6	12900
612	12200	150000	0.8	15000
613	12200	97000	0.4	9700
614	12200	101000	0.6	10100
615	12300	337500	0.8	33750
616	12300	97000	0.4	9700
617	12300	337500	0.8	33750
618	12300	103000	0.6	10300
619	12300	99000	0.4	9900
620	12400	103000	0.6	10300
621	12400	95000	0.4	9500
622	12400	101000	0.6	10100
623	12400	103000	0.6	10300
624	12400	101000	0.6	10100
625	12500	135000	0.6	13500
626	12500	97000	0.4	9700
627	12500	95000	0.4	9500
628	12500	129000	0.6	12900
629	12500	150000	0.8	15000
630	12600	103000	0.6	10300
631	12600	101000	0.6	10100
632	12600	99000	0.4	9900
633	12600	101000	0.6	10100
634	12600	337500	0.8	33750
635	12700	129000	0.6	12900
636	12700	129000	0.6	12900
637	12700	135000	0.6	13500
638	12700	525000	1.0	52500
639	12700	103000	0.6	10300
640	12800	103000	0.6	10300
641	12800	337500	0.8	33750
642	12800	95000	0.4	9500
643	12800	150000	0.8	15000
644	12800	129000	0.6	12900
645	12900	103000	0.6	10300
646	12900	97000	0.4	9700
647	12900	97000	0.4	9700
648	12900	99000	0.4	9900
649	12900	99000	0.4	9900
650	13000	129000	0.6	12900
651	13000	337500	0.8	33750
652	13000	135000	0.6	13500
653	13000	97000	0.4	9700
654	13000	95000	0.4	9500
655	13100	337500	0.8	33750
656	13100	135000	0.6	13500
657	13100	525000	1.0	52500
658	13100	97000	0.4	9700
659	13100	101000	0.6	10100
660	13200	525000	1.0	52500
661	13200	97000	0.4	9700
662	13200	97000	0.4	9700
663	13200	101000	0.6	10100
664	13200	337500	0.8	33750
665	13300	95000	0.4	9500
666	13300	95000	0.4	9500
667	13300	129000	0.6	12900
668	13300	129000	0.6	12900
669	13300	99000	0.4	9900
670	13400	337500	0.8	33750
671	13400	525000	1.0	52500
672	13400	129000	0.6	12900
673	13400	129000	0.6	12900
674	13400	103000	0.6	10300
675	13500	95000	0.4	9500
676	13500	337500	0.8	33750
677	13500	99000	0.4	9900
678	13500	101000	0.6	10100
679	13500	150000	0.8	15000
680	13600	99000	0.4	9900
681	13600	150000	0.8	15000
682	13600	101000	0.6	10100
683	13600	129000	0.6	12900
684	13600	525000	1.0	52500
685	13700	95000	0.4	9500
686	13700	129000	0.6	12900
687	13700	337500	0.8	33750
688	13700	129000	0.6	12900
689	13700	103000	0.6	10300
690	13800	150000	0.8	15000
691	13800	135000	0.6	13500
692	13800	101000	0.6	10100
693	13800	129000	0.6	12900
694	13800	99000	0.4	9900
695	13900	150000	0.8	15000
696	13900	150000	0.8	15000
697	13900	97000	0.4	9700
698	13900	525000	1.0	52500
699	13900	150000	0.8	15000
700	14000	97000	0.4	9700
701	14000	95000	0.4	9500
702	14000	150000	0.8	15000
703	14000	101000	0.6	10100
704	14000	103000	0.6	10300
705	14100	99000	0.4	9900
706	14100	95000	0.4	9500
707	14100	101000	0.6	10100
708	14100	103000	0.6	10300
709	14100	525000	1.0	52500
710	14200	135000	0.6	13500
711	14200	95000	0.4	9500
712	14200	135000	0.6	13500
713	14200	150000	0.8	15000
714	14200	525000	1.0	52500
715	14300	135000	0.6	13500
716	14300	101000	0.6	10100
717	14300	337500	0.8	33750
718	14300	129000	0.6	12900
719	14300	97000	0.4	9700
720	14400	103000	0.6	10300
721	14400	103000	0.6	10300
722	14400	525000	1.0	52500
723	14400	525000	1.0	52500
724	14400	135000	0.6	13500
725	14500	101000	0.6	10100
726	14500	97000	0.4	9700
727	14500	99000	0.4	9900
728	14500	103000	0.6	10300
729	14500	525000	1.0	52500
730	14600	129000	0.6	12900
731	14600	337500	0.8	33750
732	14600	97000	0.4	9700
733	14600	337500	0.8	33750
734	14600	129000	0.6	12900
735	14700	129000	0.6	12900
736	14700	103000	0.6	10300
737	14700	95000	0.4	9500
738	14700	525000	1.0	52500
739	14700	525000	1.0	52500
740	14800	135000	0.6	13500
741	14800	150000	0.8	15000
742	14800	103000	0.6	10300
743	14800	95000	0.4	9500
744	14800	150000	0.8	15000
745	14900	337500	0.8	33750
746	14900	129000	0.6	12900
747	14900	129000	0.6	12900
748	14900	337500	0.8	33750
749	14900	97000	0.4	9700
750	15000	337500	0.8	33750
751	15000	129000	0.6	12900
752	15000	103000	0.6	10300
753	15000	150000	0.8	15000
754	15000	97000	0.4	9700
755	15100	337500	0.8	33750
756	15100	135000	0.6	13500
757	15100	101000	0.6	10100
758	15100	525000	1.0	52500
759	15100	103000	0.6	10300
760	15200	95000	0.4	9500
761	15200	95000	0.4	9500
762	15200	103000	0.6	10300
763	15200	150000	0.8	15000
764	15200	129000	0.6	12900
765	15300	99000	0.4	9900
766	15300	99000	0.4	9900
767	15300	99000	0.4	9900
768	15300	135000	0.6	13500
769	15300	129000	0.6	12900
770	15400	129000	0.6	12900
771	15400	135000	0.6	13500
772	15400	97000	0.4	9700
773	15400	150000	0.8	15000
774	15400	525000	1.0	52500
775	15500	97000	0.4	9700
776	15500	129000	0.6	12900
777	15500	135000	0.6	13500
778	15500	525000	1.0	52500
779	15500	135000	0.6	13500
780	15600	95000	0.4	9500
781	15600	129000	0.6	12900
782	15600	101000	0.6	10100
783	15600	99000	0.4	9900
784	15600	95000	0.4	9500
785	15700	99000	0.4	9900
786	15700	97000	0.4	9700
787	15700	101000	0.6	10100
788	15700	97000	0.4	9700
789	15700	103000	0.6	10300
790	15800	101000	0.6	10100
791	15800	525000	1.0	52500
792	15800	150000	0.8	15000
793	15800	97000	0.4	9700
794	15800	99000	0.4	9900
795	15900	135000	0.6	13500
796	15900	99000	0.4	9900
797	15900	135000	0.6	13500
798	15900	99000	0.4	9900
799	15900	135000	0.6	13500
800	16000	103000	0.6	10300
801	16000	135000	0.6	13500
802	16000	337500	0.8	33750
803	16000	101000	0.6	10100
804	16000	101000	0.6	10100
805	16100	97000	0.4	9700
806	16100	97000	0.4	9700
807	16100	129000	0.6	12900
808	16100	135000	0.6	13500
809	16100	150000	0.8	15000
810	16200	337500	0.8	33750
811	16200	337500	0.8	33750
812	16200	99000	0.4	9900
813	16200	525000	1.0	52500
814	16200	99000	0.4	9900
815	16300	525000	1.0	52500
816	16300	337500	0.8	33750
817	16300	129000	0.6	12900
818	16300	95000	0.4	9500
819	16300	101000	0.6	10100
820	16400	99000	0.4	9900
821	16400	97000	0.4	9700
822	16400	103000	0.6	10300
823	16400	150000	0.8	15000
824	16400	99000	0.4	9900
825	16500	129000	0.6	12900
826	16500	99000	0.4	9900
827	16500	135000	0.6	13500
828	16500	129000	0.6	12900
829	16500	150000	0.8	15000
830	16600	337500	0.8	33750
831	16600	103000	0.6	10300
832	16600	150000	0.8	15000
833	16600	97000	0.4	9700
834	16600	103000	0.6	10300
835	16700	103000	0.6	10300
836	16700	95000	0.4	9500
837	16700	97000	0.4	9700
838	16700	103000	0.6	10300
839	16700	97000	0.4	9700
840	16800	95000	0.4	9500
841	16800	99000	0.4	9900
842	16800	97000	0.4	9700
843	16800	525000	1.0	52500
844	16800	103000	0.6	10300
845	16900	129000	0.6	12900
846	16900	129000	0.6	12900
847	16900	99000	0.4	9900
848	16900	135000	0.6	13500
849	16900	129000	0.6	12900
850	17000	97000	0.4	9700
851	17000	99000	0.4	9900
852	17000	99000	0.4	9900
853	17000	135000	0.6	13500
854	17000	95000	0.4	9500
855	17100	97000	0.4	9700
856	17100	129000	0.6	12900
857	17100	103000	0.6	10300
858	17100	525000	1.0	52500
859	17100	135000	0.6	13500
860	17200	103000	0.6	10300
861	17200	525000	1.0	52500
862	17200	135000	0.6	13500
863	17200	95000	0.4	9500
864	17200	129000	0.6	12900
865	17300	525000	1.0	52500
866	17300	103000	0.6	10300
867	17300	337500	0.8	33750
868	17300	101000	0.6	10100
869	17300	101000	0.6	10100
870	17400	103000	0.6	10300
871	17400	103000	0.6	10300
872	17400	129000	0.6	12900
873	17400	150000	0.8	15000
874	17400	103000	0.6	10300
875	17500	150000	0.8	15000
876	17500	135000	0.6	13500
877	17500	129000	0.6	12900
878	17500	95000	0.4	9500
879	17500	103000	0.6	10300
880	17600	101000	0.6	10100
881	17600	101000	0.6	10100
882	17600	99000	0.4	9900
883	17600	129000	0.6	12900
884	17600	129000	0.6	12900
885	17700	101000	0.6	10100
886	17700	97000	0.4	9700
887	17700	129000	0.6	12900
888	17700	103000	0.6	10300
889	17700	337500	0.8	33750
890	17800	101000	0.6	10100
891	17800	97000	0.4	9700
892	17800	99000	0.4	9900
893	17800	135000	0.6	13500
894	17800	135000	0.6	13500
895	17900	525000	1.0	52500
896	17900	97000	0.4	9700
897	17900	95000	0.4	9500
898	17900	101000	0.6	10100
899	17900	95000	0.4	9500
900	18000	97000	0.4	9700
901	18000	337500	0.8	33750
902	18000	150000	0.8	15000
903	18000	95000	0.4	9500
904	18000	103000	0.6	10300
905	18100	101000	0.6	10100
906	18100	129000	0.6	12900
907	18100	129000	0.6	12900
908	18100	95000	0.4	9500
909	18100	103000	0.6	10300
910	18200	337500	0.8	33750
911	18200	101000	0.6	10100
912	18200	95000	0.4	9500
913	18200	525000	1.0	52500
914	18200	95000	0.4	9500
915	18300	101000	0.6	10100
916	18300	101000	0.6	10100
917	18300	525000	1.0	52500
918	18300	101000	0.6	10100
919	18300	150000	0.8	15000
920	18400	97000	0.4	9700
921	18400	95000	0.4	9500
922	18400	95000	0.4	9500
923	18400	337500	0.8	33750
924	18400	103000	0.6	10300
925	18500	135000	0.6	13500
926	18500	99000	0.4	9900
927	18500	135000	0.6	13500
928	18500	95000	0.4	9500
929	18500	525000	1.0	52500
930	18600	525000	1.0	52500
931	18600	525000	1.0	52500
932	18600	135000	0.6	13500
933	18600	337500	0.8	33750
934	18600	99000	0.4	9900
935	18700	95000	0.4	9500
936	18700	95000	0.4	9500
937	18700	525000	1.0	52500
938	18700	95000	0.4	9500
939	18700	103000	0.6	10300
940	18800	99000	0.4	9900
941	18800	101000	0.6	10100
942	18800	150000	0.8	15000
943	18800	99000	0.4	9900
944	18800	99000	0.4	9900
945	18900	337500	0.8	33750
946	18900	95000	0.4	9500
947	18900	95000	0.4	9500
948	18900	97000	0.4	9700
949	18900	129000	0.6	12900
950	19000	135000	0.6	13500
951	19000	103000	0.6	10300
952	19000	101000	0.6	10100
953	19000	129000	0.6	12900
954	19000	525000	1.0	52500
955	19100	129000	0.6	12900
956	19100	337500	0.8	33750
957	19100	150000	0.8	15000
958	19100	525000	1.0	52500
959	19100	103000	0.6	10300
960	19200	97000	0.4	9700
961	19200	337500	0.8	33750
962	19200	150000	0.8	15000
963	19200	150000	0.8	15000
964	19200	99000	0.4	9900
965	19300	95000	0.4	9500
966	19300	103000	0.6	10300
967	19300	97000	0.4	9700
968	19300	150000	0.8	15000
969	19300	95000	0.4	9500
970	19400	97000	0.4	9700
971	19400	95000	0.4	9500
972	19400	525000	1.0	52500
973	19400	103000	0.6	10300
974	19400	97000	0.4	9700
975	19500	337500	0.8	33750
976	19500	135000	0.6	13500
977	19500	150000	0.8	15000
978	19500	337500	0.8	33750
979	19500	95000	0.4	9500
980	19600	101000	0.6	10100
981	19600	103000	0.6	10300
982	19600	525000	1.0	52500
983	19600	129000	0.6	12900
984	19600	150000	0.8	15000
985	19700	129000	0.6	12900
986	19700	337500	0.8	33750
987	19700	99000	0.4	9900
988	19700	103000	0.6	10300
989	19700	103000	0.6	10300
990	19800	337500	0.8	33750
991	19800	337500	0.8	33750
992	19800	99000	0.4	9900
993	19800	337500	0.8	33750
994	19800	150000	0.8	15000
995	19900	97000	0.4	9700
996	19900	103000	0.6	10300
997	19900	525000	1.0	52500
998	19900	103000	0.6	10300
999	19900	95000	0.4	9500
1000	20000	525000	1.0	52500
1001	20000	97000	0.4	9700
1002	20000	99000	0.4	9900
1003	20000	103000	0.6	10300
1004	20000	525000	1.0	52500
1005	20100	99000	0.4	9900
1006	20100	99000	0.4	9900
1007	20100	101000	0.6	10100
1008	20100	99000	0.4	9900
1009	20100	97000	0.4	9700
1010	20200	95000	0.4	9500
1011	20200	95000	0.4	9500
1012	20200	525000	1.0	52500
1013	20200	95000	0.4	9500
1014	20200	129000	0.6	12900
1015	20300	97000	0.4	9700
1016	20300	135000	0.6	13500
1017	20300	99000	0.4	9900
1018	20300	95000	0.4	9500
1019	20300	99000	0.4	9900
1020	20400	150000	0.8	15000
1021	20400	101000	0.6	10100
1022	20400	129000	0.6	12900
1023	20400	337500	0.8	33750
1024	20400	135000	0.6	13500
1025	20500	99000	0.4	9900
1026	20500	525000	1.0	52500
1027	20500	101000	0.6	10100
1028	20500	525000	1.0	52500
1029	20500	101000	0.6	10100
1030	20600	337500	0.8	33750
1031	20600	150000	0.8	15000
1032	20600	337500	0.8	33750
1033	20600	129000	0.6	12900
1034	20600	150000	0.8	15000
1035	20700	129000	0.6	12900
1036	20700	337500	0.8	33750
1037	20700	337500	0.8	33750
1038	20700	525000	1.0	52500
1039	20700	101000	0.6	10100
1040	20800	101000	0.6	10100
1041	20800	95000	0.4	9500
1042	20800	337500	0.8	33750
1043	20800	101000	0.6	10100
1044	20800	129000	0.6	12900
1045	20900	129000	0.6	12900
1046	20900	101000	0.6	10100
1047	20900	99000	0.4	9900
1048	20900	95000	0.4	9500
1049	20900	103000	0.6	10300
1050	21000	337500	0.8	33750
1051	21000	99000	0.4	9900
1052	21000	103000	0.6	10300
1053	21000	129000	0.6	12900
1054	21000	337500	0.8	33750
1055	21100	525000	1.0	52500
1056	21100	337500	0.8	33750
1057	21100	135000	0.6	13500
1058	21100	525000	1.0	52500
1059	21100	150000	0.8	15000
1060	21200	129000	0.6	12900
1061	21200	135000	0.6	13500
1062	21200	103000	0.6	10300
1063	21200	103000	0.6	10300
1064	21200	95000	0.4	9500
1065	21300	99000	0.4	9900
1066	21300	103000	0.6	10300
1067	21300	150000	0.8	15000
1068	21300	337500	0.8	33750
1069	21300	95000	0.4	9500
1070	21400	103000	0.6	10300
1071	21400	101000	0.6	10100
1072	21400	103000	0.6	10300
1073	21400	337500	0.8	33750
1074	21400	101000	0.6	10100
1075	21500	337500	0.8	33750
1076	21500	103000	0.6	10300
1077	21500	525000	1.0	52500
1078	21500	337500	0.8	33750
1079	21500	337500	0.8	33750
1080	21600	99000	0.4	9900
1081	21600	525000	1.0	52500
1082	21600	337500	0.8	33750
1083	21600	99000	0.4	9900
1084	21600	103000	0.6	10300
1085	21700	103000	0.6	10300
1086	21700	95000	0.4	9500
1087	21700	99000	0.4	9900
1088	21700	135000	0.6	13500
1089	21700	525000	1.0	52500
1090	21800	129000	0.6	12900
1091	21800	337500	0.8	33750
1092	21800	97000	0.4	9700
1093	21800	337500	0.8	33750
1094	21800	135000	0.6	13500
1095	21900	337500	0.8	33750
1096	21900	129000	0.6	12900
1097	21900	129000	0.6	12900
1098	21900	101000	0.6	10100
1099	21900	97000	0.4	9700
1100	22000	97000	0.4	9700
1101	22000	101000	0.6	10100
1102	22000	525000	1.0	52500
1103	22000	101000	0.6	10100
1104	22000	150000	0.8	15000
1105	22100	150000	0.8	15000
1106	22100	525000	1.0	52500
1107	22100	99000	0.4	9900
1108	22100	99000	0.4	9900
1109	22100	97000	0.4	9700
1110	22200	135000	0.6	13500
1111	22200	101000	0.6	10100
1112	22200	129000	0.6	12900
1113	22200	150000	0.8	15000
1114	22200	103000	0.6	10300
1115	22300	150000	0.8	15000
1116	22300	95000	0.4	9500
1117	22300	150000	0.8	15000
1118	22300	150000	0.8	15000
1119	22300	135000	0.6	13500
1120	22400	103000	0.6	10300
1121	22400	129000	0.6	12900
1122	22400	95000	0.4	9500
1123	22400	525000	1.0	52500
1124	22400	97000	0.4	9700
1125	22500	129000	0.6	12900
1126	22500	135000	0.6	13500
1127	22500	103000	0.6	10300
1128	22500	95000	0.4	9500
1129	22500	101000	0.6	10100
1130	22600	101000	0.6	10100
1131	22600	337500	0.8	33750
1132	22600	101000	0.6	10100
1133	22600	525000	1.0	52500
1134	22600	525000	1.0	52500
1135	22700	337500	0.8	33750
1136	22700	135000	0.6	13500
1137	22700	129000	0.6	12900
1138	22700	150000	0.8	15000
1139	22700	97000	0.4	9700
1140	22800	101000	0.6	10100
1141	22800	135000	0.6	13500
1142	22800	101000	0.6	10100
1143	22800	101000	0.6	10100
1144	22800	135000	0.6	13500
1145	22900	129000	0.6	12900
1146	22900	129000	0.6	12900
1147	22900	135000	0.6	13500
1148	22900	150000	0.8	15000
1149	22900	95000	0.4	9500
1150	23000	101000	0.6	10100
1151	23000	337500	0.8	33750
1152	23000	97000	0.4	9700
1153	23000	337500	0.8	33750
1154	23000	97000	0.4	9700
1155	23100	103000	0.6	10300
1156	23100	101000	0.6	10100
1157	23100	337500	0.8	33750
1158	23100	103000	0.6	10300
1159	23100	525000	1.0	52500
1160	23200	95000	0.4	9500
1161	23200	129000	0.6	12900
1162	23200	525000	1.0	52500
1163	23200	103000	0.6	10300
1164	23200	135000	0.6	13500
1165	23300	95000	0.4	9500
1166	23300	129000	0.6	12900
1167	23300	525000	1.0	52500
1168	23300	95000	0.4	9500
1169	23300	103000	0.6	10300
1170	23400	95000	0.4	9500
1171	23400	97000	0.4	9700
1172	23400	97000	0.4	9700
1173	23400	101000	0.6	10100
1174	23400	525000	1.0	52500
1175	23500	95000	0.4	9500
1176	23500	337500	0.8	33750
1177	23500	99000	0.4	9900
1178	23500	99000	0.4	9900
1179	23500	337500	0.8	33750
1180	23600	129000	0.6	12900
1181	23600	129000	0.6	12900
1182	23600	129000	0.6	12900
1183	23600	337500	0.8	33750
1184	23600	525000	1.0	52500
1185	23700	135000	0.6	13500
1186	23700	103000	0.6	10300
1187	23700	99000	0.4	9900
1188	23700	337500	0.8	33750
1189	23700	150000	0.8	15000
1190	23800	337500	0.8	33750
1191	23800	103000	0.6	10300
1192	23800	135000	0.6	13500
1193	23800	150000	0.8	15000
1194	23800	97000	0.4	9700
1195	23900	337500	0.8	33750
1196	23900	95000	0.4	9500
1197	23900	101000	0.6	10100
1198	23900	525000	1.0	52500
1199	23900	101000	0.6	10100
1200	24000	101000	0.6	10100
1201	24000	95000	0.4	9500
1202	24000	525000	1.0	52500
1203	24000	135000	0.6	13500
1204	24000	99000	0.4	9900
1205	24100	95000	0.4	9500
1206	24100	103000	0.6	10300
1207	24100	103000	0.6	10300
1208	24100	99000	0.4	9900
1209	24100	101000	0.6	10100
1210	24200	525000	1.0	52500
1211	24200	99000	0.4	9900
1212	24200	129000	0.6	12900
1213	24200	103000	0.6	10300
1214	24200	525000	1.0	52500
1215	24300	95000	0.4	9500
1216	24300	337500	0.8	33750
1217	24300	97000	0.4	9700
1218	24300	101000	0.6	10100
1219	24300	150000	0.8	15000
1220	24400	129000	0.6	12900
1221	24400	95000	0.4	9500
1222	24400	525000	1.0	52500
1223	24400	525000	1.0	52500
1224	24400	95000	0.4	9500
1225	24500	99000	0.4	9900
1226	24500	135000	0.6	13500
1227	24500	99000	0.4	9900
1228	24500	135000	0.6	13500
1229	24500	103000	0.6	10300
1230	24600	101000	0.6	10100
1231	24600	99000	0.4	9900
1232	24600	97000	0.4	9700
1233	24600	525000	1.0	52500
1234	24600	129000	0.6	12900
1235	24700	150000	0.8	15000
1236	24700	101000	0.6	10100
1237	24700	95000	0.4	9500
1238	24700	103000	0.6	10300
1239	24700	129000	0.6	12900
1240	24800	525000	1.0	52500
1241	24800	99000	0.4	9900
1242	24800	97000	0.4	9700
1243	24800	150000	0.8	15000
1244	24800	99000	0.4	9900
1245	24900	103000	0.6	10300
1246	24900	337500	0.8	33750
1247	24900	150000	0.8	15000
1248	24900	101000	0.6	10100
1249	24900	103000	0.6	10300
1250	25000	525000	1.0	52500
1251	25000	103000	0.6	10300
1252	25000	135000	0.6	13500
1253	25000	525000	1.0	52500
1254	25000	337500	0.8	33750
1255	25100	525000	1.0	52500
1256	25100	97000	0.4	9700
1257	25100	337500	0.8	33750
1258	25100	337500	0.8	33750
1259	25100	525000	1.0	52500
1260	25200	103000	0.6	10300
1261	25200	129000	0.6	12900
1262	25200	525000	1.0	52500
1263	25200	129000	0.6	12900
1264	25200	150000	0.8	15000
1265	25300	135000	0.6	13500
1266	25300	101000	0.6	10100
1267	25300	150000	0.8	15000
1268	25300	101000	0.6	10100
1269	25300	129000	0.6	12900
1270	25400	103000	0.6	10300
1271	25400	97000	0.4	9700
1272	25400	150000	0.8	15000
1273	25400	99000	0.4	9900
1274	25400	337500	0.8	33750
1275	25500	97000	0.4	9700
1276	25500	337500	0.8	33750
1277	25500	99000	0.4	9900
1278	25500	103000	0.6	10300
1279	25500	525000	1.0	52500
1280	25600	97000	0.4	9700
1281	25600	525000	1.0	52500
1282	25600	150000	0.8	15000
1283	25600	103000	0.6	10300
1284	25600	99000	0.4	9900
1285	25700	129000	0.6	12900
1286	25700	97000	0.4	9700
1287	25700	129000	0.6	12900
1288	25700	135000	0.6	13500
1289	25700	101000	0.6	10100
1290	25800	525000	1.0	52500
1291	25800	97000	0.4	9700
1292	25800	99000	0.4	9900
1293	25800	101000	0.6	10100
1294	25800	525000	1.0	52500
1295	25900	150000	0.8	15000
1296	25900	525000	1.0	52500
1297	25900	150000	0.8	15000
1298	25900	337500	0.8	33750
1299	25900	101000	0.6	10100
1300	26000	135000	0.6	13500
1301	26000	95000	0.4	9500
1302	26000	101000	0.6	10100
1303	26000	101000	0.6	10100
1304	26000	135000	0.6	13500
1305	26100	150000	0.8	15000
1306	26100	129000	0.6	12900
1307	26100	101000	0.6	10100
1308	26100	95000	0.4	9500
1309	26100	337500	0.8	33750
1310	26200	97000	0.4	9700
1311	26200	525000	1.0	52500
1312	26200	525000	1.0	52500
1313	26200	95000	0.4	9500
1314	26200	99000	0.4	9900
1315	26300	525000	1.0	52500
1316	26300	337500	0.8	33750
1317	26300	129000	0.6	12900
1318	26300	129000	0.6	12900
1319	26300	337500	0.8	33750
1320	26400	150000	0.8	15000
1321	26400	95000	0.4	9500
1322	26400	150000	0.8	15000
1323	26400	337500	0.8	33750
1324	26400	150000	0.8	15000
1325	26500	129000	0.6	12900
1326	26500	101000	0.6	10100
1327	26500	129000	0.6	12900
1328	26500	129000	0.6	12900
1329	26500	97000	0.4	9700
1330	26600	97000	0.4	9700
1331	26600	525000	1.0	52500
1332	26600	101000	0.6	10100
1333	26600	150000	0.8	15000
1334	26600	129000	0.6	12900
1335	26700	135000	0.6	13500
1336	26700	337500	0.8	33750
1337	26700	95000	0.4	9500
1338	26700	150000	0.8	15000
1339	26700	337500	0.8	33750
1340	26800	97000	0.4	9700
1341	26800	95000	0.4	9500
1342	26800	101000	0.6	10100
1343	26800	150000	0.8	15000
1344	26800	129000	0.6	12900
1345	26900	99000	0.4	9900
1346	26900	135000	0.6	13500
1347	26900	337500	0.8	33750
1348	26900	95000	0.4	9500
1349	26900	95000	0.4	9500
1350	27000	97000	0.4	9700
1351	27000	99000	0.4	9900
1352	27000	525000	1.0	52500
1353	27000	101000	0.6	10100
1354	27000	97000	0.4	9700
1355	27100	129000	0.6	12900
1356	27100	150000	0.8	15000
1357	27100	97000	0.4	9700
1358	27100	95000	0.4	9500
1359	27100	337500	0.8	33750
1360	27200	150000	0.8	15000
1361	27200	135000	0.6	13500
1362	27200	103000	0.6	10300
1363	27200	101000	0.6	10100
1364	27200	135000	0.6	13500
1365	27300	97000	0.4	9700
1366	27300	337500	0.8	33750
1367	27300	525000	1.0	52500
1368	27300	337500	0.8	33750
1369	27300	99000	0.4	9900
1370	27400	97000	0.4	9700
1371	27400	101000	0.6	10100
1372	27400	95000	0.4	9500
1373	27400	95000	0.4	9500
1374	27400	129000	0.6	12900
1375	27500	99000	0.4	9900
1376	27500	103000	0.6	10300
1377	27500	525000	1.0	52500
1378	27500	95000	0.4	9500
1379	27500	525000	1.0	52500
1380	27600	525000	1.0	52500
1381	27600	95000	0.4	9500
1382	27600	103000	0.6	10300
1383	27600	99000	0.4	9900
1384	27600	101000	0.6	10100
1385	27700	525000	1.0	52500
1386	27700	129000	0.6	12900
1387	27700	99000	0.4	9900
1388	27700	337500	0.8	33750
1389	27700	97000	0.4	9700
1390	27800	103000	0.6	10300
1391	27800	337500	0.8	33750
1392	27800	135000	0.6	13500
1393	27800	150000	0.8	15000
1394	27800	525000	1.0	52500
1395	27900	101000	0.6	10100
1396	27900	95000	0.4	9500
1397	27900	99000	0.4	9900
1398	27900	101000	0.6	10100
1399	27900	95000	0.4	9500
1400	28000	150000	0.8	15000
1401	28000	101000	0.6	10100
1402	28000	337500	0.8	33750
1403	28000	129000	0.6	12900
1404	28000	99000	0.4	9900
1405	28100	150000	0.8	15000
1406	28100	95000	0.4	9500
1407	28100	525000	1.0	52500
1408	28100	103000	0.6	10300
1409	28100	150000	0.8	15000
1410	28200	95000	0.4	9500
1411	28200	150000	0.8	15000
1412	28200	129000	0.6	12900
1413	28200	103000	0.6	10300
1414	28200	337500	0.8	33750
1415	28300	95000	0.4	9500
1416	28300	135000	0.6	13500
1417	28300	129000	0.6	12900
1418	28300	135000	0.6	13500
1419	28300	97000	0.4	9700
1420	28400	101000	0.6	10100
1421	28400	337500	0.8	33750
1422	28400	97000	0.4	9700
1423	28400	525000	1.0	52500
1424	28400	101000	0.6	10100
1425	28500	99000	0.4	9900
1426	28500	135000	0.6	13500
1427	28500	97000	0.4	9700
1428	28500	129000	0.6	12900
1429	28500	135000	0.6	13500
1430	28600	150000	0.8	15000
1431	28600	150000	0.8	15000
1432	28600	103000	0.6	10300
1433	28600	525000	1.0	52500
1434	28600	150000	0.8	15000
1435	28700	101000	0.6	10100
1436	28700	95000	0.4	9500
1437	28700	150000	0.8	15000
1438	28700	135000	0.6	13500
1439	28700	99000	0.4	9900
1440	28800	97000	0.4	9700
1441	28800	101000	0.6	10100
1442	28800	525000	1.0	52500
1443	28800	97000	0.4	9700
1444	28800	150000	0.8	15000
1445	28900	99000	0.4	9900
1446	28900	337500	0.8	33750
1447	28900	103000	0.6	10300
1448	28900	103000	0.6	10300
1449	28900	97000	0.4	9700
1450	29000	95000	0.4	9500
1451	29000	103000	0.6	10300
1452	29000	97000	0.4	9700
1453	29000	337500	0.8	33750
1454	29000	135000	0.6	13500
1455	29100	525000	1.0	52500
1456	29100	103000	0.6	10300
1457	29100	150000	0.8	15000
1458	29100	525000	1.0	52500
1459	29100	97000	0.4	9700
1460	29200	337500	0.8	33750
1461	29200	97000	0.4	9700
1462	29200	101000	0.6	10100
1463	29200	99000	0.4	9900
1464	29200	101000	0.6	10100
1465	29300	150000	0.8	15000
1466	29300	525000	1.0	52500
1467	29300	525000	1.0	52500
1468	29300	129000	0.6	12900
1469	29300	101000	0.6	10100
1470	29400	95000	0.4	9500
1471	29400	525000	1.0	52500
1472	29400	103000	0.6	10300
1473	29400	103000	0.6	10300
1474	29400	103000	0.6	10300
1475	29500	525000	1.0	52500
1476	29500	101000	0.6	10100
1477	29500	150000	0.8	15000
1478	29500	101000	0.6	10100
1479	29500	150000	0.8	15000
1480	29600	101000	0.6	10100
1481	29600	99000	0.4	9900
1482	29600	101000	0.6	10100
1483	29600	150000	0.8	15000
1484	29600	97000	0.4	9700
1485	29700	129000	0.6	12900
1486	29700	337500	0.8	33750
1487	29700	135000	0.6	13500
1488	29700	135000	0.6	13500
1489	29700	129000	0.6	12900
1490	29800	103000	0.6	10300
1491	29800	337500	0.8	33750
1492	29800	99000	0.4	9900
1493	29800	101000	0.6	10100
1494	29800	525000	1.0	52500
1495	29900	337500	0.8	33750
1496	29900	99000	0.4	9900
1497	29900	525000	1.0	52500
1498	29900	95000	0.4	9500
1499	29900	101000	0.6	10100
1500	30000	129000	0.6	12900
1501	30000	337500	0.8	33750
1502	30000	150000	0.8	15000
1503	30000	150000	0.8	15000
1504	30000	129000	0.6	12900
1505	30100	97000	0.4	9700
1506	30100	150000	0.8	15000
1507	30100	337500	0.8	33750
1508	30100	95000	0.4	9500
1509	30100	97000	0.4	9700
1510	30200	95000	0.4	9500
1511	30200	135000	0.6	13500
1512	30200	525000	1.0	52500
1513	30200	97000	0.4	9700
1514	30200	99000	0.4	9900
1515	30300	525000	1.0	52500
1516	30300	95000	0.4	9500
1517	30300	337500	0.8	33750
1518	30300	101000	0.6	10100
1519	30300	95000	0.4	9500
1520	30400	95000	0.4	9500
1521	30400	150000	0.8	15000
1522	30400	101000	0.6	10100
1523	30400	101000	0.6	10100
1524	30400	103000	0.6	10300
1525	30500	129000	0.6	12900
1526	30500	101000	0.6	10100
1527	30500	97000	0.4	9700
1528	30500	525000	1.0	52500
1529	30500	97000	0.4	9700
1530	30600	99000	0.4	9900
1531	30600	103000	0.6	10300
1532	30600	99000	0.4	9900
1533	30600	103000	0.6	10300
1534	30600	525000	1.0	52500
1535	30700	337500	0.8	33750
1536	30700	135000	0.6	13500
1537	30700	101000	0.6	10100
1538	30700	95000	0.4	9500
1539	30700	95000	0.4	9500
1540	30800	135000	0.6	13500
1541	30800	129000	0.6	12900
1542	30800	97000	0.4	9700
1543	30800	150000	0.8	15000
1544	30800	101000	0.6	10100
1545	30900	129000	0.6	12900
1546	30900	101000	0.6	10100
1547	30900	99000	0.4	9900
1548	30900	129000	0.6	12900
1549	30900	129000	0.6	12900
1550	31000	95000	0.4	9500
1551	31000	337500	0.8	33750
1552	31000	135000	0.6	13500
1553	31000	337500	0.8	33750
1554	31000	129000	0.6	12900
1555	31100	101000	0.6	10100
1556	31100	97000	0.4	9700
1557	31100	99000	0.4	9900
1558	31100	99000	0.4	9900
1559	31100	101000	0.6	10100
1560	31200	99000	0.4	9900
1561	31200	97000	0.4	9700
1562	31200	101000	0.6	10100
1563	31200	337500	0.8	33750
1564	31200	103000	0.6	10300
1565	31300	525000	1.0	52500
1566	31300	99000	0.4	9900
1567	31300	97000	0.4	9700
1568	31300	95000	0.4	9500
1569	31300	103000	0.6	10300
1570	31400	150000	0.8	15000
1571	31400	103000	0.6	10300
1572	31400	525000	1.0	52500
1573	31400	150000	0.8	15000
1574	31400	337500	0.8	33750
1575	31500	129000	0.6	12900
1576	31500	150000	0.8	15000
1577	31500	95000	0.4	9500
1578	31500	337500	0.8	33750
1579	31500	97000	0.4	9700
1580	31600	150000	0.8	15000
1581	31600	101000	0.6	10100
1582	31600	103000	0.6	10300
1583	31600	103000	0.6	10300
1584	31600	97000	0.4	9700
1585	31700	99000	0.4	9900
1586	31700	150000	0.8	15000
1587	31700	129000	0.6	12900
1588	31700	150000	0.8	15000
1589	31700	150000	0.8	15000
1590	31800	135000	0.6	13500
1591	31800	337500	0.8	33750
1592	31800	95000	0.4	9500
1593	31800	99000	0.4	9900
1594	31800	129000	0.6	12900
1595	31900	101000	0.6	10100
1596	31900	95000	0.4	9500
1597	31900	97000	0.4	9700
1598	31900	97000	0.4	9700
1599	31900	150000	0.8	15000
1600	32000	150000	0.8	15000
1601	32000	95000	0.4	9500
1602	32000	103000	0.6	10300
1603	32000	103000	0.6	10300
1604	32000	129000	0.6	12900
1605	32100	97000	0.4	9700
1606	32100	337500	0.8	33750
1607	32100	101000	0.6	10100
1608	32100	337500	0.8	33750
1609	32100	525000	1.0	52500
1610	32200	95000	0.4	9500
1611	32200	103000	0.6	10300
1612	32200	150000	0.8	15000
1613	32200	337500	0.8	33750
1614	32200	101000	0.6	10100
1615	32300	525000	1.0	52500
1616	32300	101000	0.6	10100
1617	32300	150000	0.8	15000
1618	32300	99000	0.4	9900
1619	32300	525000	1.0	52500
1620	32400	95000	0.4	9500
1621	32400	95000	0.4	9500
1622	32400	97000	0.4	9700
1623	32400	150000	0.8	15000
1624	32400	97000	0.4	9700
1625	32500	135000	0.6	13500
1626	32500	150000	0.8	15000
1627	32500	97000	0.4	9700
1628	32500	525000	1.0	52500
1629	32500	97000	0.4	9700
1630	32600	150000	0.8	15000
1631	32600	95000	0.4	9500
1632	32600	150000	0.8	15000
1633	32600	525000	1.0	52500
1634	32600	97000	0.4	9700
1635	32700	103000	0.6	10300
1636	32700	99000	0.4	9900
1637	32700	95000	0.4	9500
1638	32700	337500	0.8	33750
1639	32700	97000	0.4	9700
1640	32800	150000	0.8	15000
1641	32800	150000	0.8	15000
1642	32800	101000	0.6	10100
1643	32800	337500	0.8	33750
1644	32800	95000	0.4	9500
1645	32900	95000	0.4	9500
1646	32900	525000	1.0	52500
1647	32900	99000	0.4	9900
1648	32900	129000	0.6	12900
1649	32900	337500	0.8	33750
1650	33000	129000	0.6	12900
1651	33000	129000	0.6	12900
1652	33000	525000	1.0	52500
1653	33000	99000	0.4	9900
1654	33000	135000	0.6	13500
1655	33100	150000	0.8	15000
1656	33100	95000	0.4	9500
1657	33100	99000	0.4	9900
1658	33100	150000	0.8	15000
1659	33100	150000	0.8	15000
1660	33200	103000	0.6	10300
1661	33200	135000	0.6	13500
1662	33200	97000	0.4	9700
1663	33200	525000	1.0	52500
1664	33200	101000	0.6	10100
1665	33300	95000	0.4	9500
1666	33300	95000	0.4	9500
1667	33300	99000	0.4	9900
1668	33300	99000	0.4	9900
1669	33300	337500	0.8	33750
1670	33400	99000	0.4	9900
1671	33400	135000	0.6	13500
1672	33400	95000	0.4	9500
1673	33400	525000	1.0	52500
1674	33400	135000	0.6	13500
1675	33500	103000	0.6	10300
1676	33500	525000	1.0	52500
1677	33500	135000	0.6	13500
1678	33500	525000	1.0	52500
1679	33500	525000	1.0	52500
1680	33600	135000	0.6	13500
1681	33600	337500	0.8	33750
1682	33600	99000	0.4	9900
1683	33600	99000	0.4	9900
1684	33600	103000	0.6	10300
1685	33700	337500	0.8	33750
1686	33700	525000	1.0	52500
1687	33700	337500	0.8	33750
1688	33700	101000	0.6	10100
1689	33700	525000	1.0	52500
1690	33800	101000	0.6	10100
1691	33800	135000	0.6	13500
1692	33800	103000	0.6	10300
1693	33800	95000	0.4	9500
1694	33800	150000	0.8	15000
1695	33900	135000	0.6	13500
1696	33900	101000	0.6	10100
1697	33900	97000	0.4	9700
1698	33900	135000	0.6	13500
1699	33900	101000	0.6	10100
1700	34000	129000	0.6	12900
1701	34000	525000	1.0	52500
1702	34000	129000	0.6	12900
1703	34000	103000	0.6	10300
1704	34000	101000	0.6	10100
1705	34100	150000	0.8	15000
1706	34100	337500	0.8	33750
1707	34100	337500	0.8	33750
1708	34100	337500	0.8	33750
1709	34100	525000	1.0	52500
1710	34200	97000	0.4	9700
1711	34200	95000	0.4	9500
1712	34200	101000	0.6	10100
1713	34200	99000	0.4	9900
1714	34200	99000	0.4	9900
1715	34300	337500	0.8	33750
1716	34300	150000	0.8	15000
1717	34300	129000	0.6	12900
1718	34300	99000	0.4	9900
1719	34300	129000	0.6	12900
1720	34400	97000	0.4	9700
1721	34400	103000	0.6	10300
1722	34400	150000	0.8	15000
1723	34400	135000	0.6	13500
1724	34400	150000	0.8	15000
1725	34500	337500	0.8	33750
1726	34500	97000	0.4	9700
1727	34500	525000	1.0	52500
1728	34500	129000	0.6	12900
1729	34500	129000	0.6	12900
1730	34600	97000	0.4	9700
1731	34600	135000	0.6	13500
1732	34600	150000	0.8	15000
1733	34600	99000	0.4	9900
1734	34600	99000	0.4	9900
1735	34700	95000	0.4	9500
1736	34700	95000	0.4	9500
1737	34700	95000	0.4	9500
1738	34700	103000	0.6	10300
1739	34700	103000	0.6	10300
1740	34800	525000	1.0	52500
1741	34800	525000	1.0	52500
1742	34800	525000	1.0	52500
1743	34800	103000	0.6	10300
1744	34800	150000	0.8	15000
1745	34900	525000	1.0	52500
1746	34900	97000	0.4	9700
1747	34900	95000	0.4	9500
1748	34900	103000	0.6	10300
1749	34900	97000	0.4	9700
1750	35000	135000	0.6	13500
1751	35000	129000	0.6	12900
1752	35000	101000	0.6	10100
1753	35000	525000	1.0	52500
1754	35000	525000	1.0	52500
1755	35100	129000	0.6	12900
1756	35100	135000	0.6	13500
1757	35100	101000	0.6	10100
1758	35100	95000	0.4	9500
1759	35100	99000	0.4	9900
1760	35200	97000	0.4	9700
1761	35200	337500	0.8	33750
1762	35200	337500	0.8	33750
1763	35200	150000	0.8	15000
1764	35200	525000	1.0	52500
1765	35300	150000	0.8	15000
1766	35300	95000	0.4	9500
1767	35300	95000	0.4	9500
1768	35300	129000	0.6	12900
1769	35300	150000	0.8	15000
1770	35400	337500	0.8	33750
1771	35400	135000	0.6	13500
1772	35400	129000	0.6	12900
1773	35400	103000	0.6	10300
1774	35400	95000	0.4	9500
1775	35500	150000	0.8	15000
1776	35500	337500	0.8	33750
1777	35500	97000	0.4	9700
1778	35500	525000	1.0	52500
1779	35500	525000	1.0	52500
1780	35600	101000	0.6	10100
1781	35600	103000	0.6	10300
1782	35600	97000	0.4	9700
1783	35600	150000	0.8	15000
1784	35600	99000	0.4	9900
1785	35700	103000	0.6	10300
1786	35700	95000	0.4	9500
1787	35700	101000	0.6	10100
1788	35700	97000	0.4	9700
1789	35700	99000	0.4	9900
1790	35800	525000	1.0	52500
1791	35800	135000	0.6	13500
1792	35800	135000	0.6	13500
1793	35800	337500	0.8	33750
1794	35800	95000	0.4	9500
1795	35900	150000	0.8	15000
1796	35900	99000	0.4	9900
1797	35900	337500	0.8	33750
1798	35900	150000	0.8	15000
1799	35900	97000	0.4	9700
1800	36000	95000	0.4	9500
1801	36000	103000	0.6	10300
1802	36000	525000	1.0	52500
1803	36000	99000	0.4	9900
1804	36000	129000	0.6	12900
1805	36100	97000	0.4	9700
1806	36100	99000	0.4	9900
1807	36100	95000	0.4	9500
1808	36100	97000	0.4	9700
1809	36100	129000	0.6	12900
1810	36200	135000	0.6	13500
1811	36200	101000	0.6	10100
1812	36200	97000	0.4	9700
1813	36200	95000	0.4	9500
1814	36200	150000	0.8	15000
1815	36300	129000	0.6	12900
1816	36300	135000	0.6	13500
1817	36300	95000	0.4	9500
1818	36300	103000	0.6	10300
1819	36300	135000	0.6	13500
1820	36400	337500	0.8	33750
1821	36400	101000	0.6	10100
1822	36400	135000	0.6	13500
1823	36400	337500	0.8	33750
1824	36400	337500	0.8	33750
1825	36500	337500	0.8	33750
1826	36500	337500	0.8	33750
1827	36500	525000	1.0	52500
1828	36500	103000	0.6	10300
1829	36500	97000	0.4	9700
1830	36600	99000	0.4	9900
1831	36600	135000	0.6	13500
1832	36600	99000	0.4	9900
1833	36600	103000	0.6	10300
1834	36600	95000	0.4	9500
1835	36700	150000	0.8	15000
1836	36700	97000	0.4	9700
1837	36700	135000	0.6	13500
1838	36700	129000	0.6	12900
1839	36700	135000	0.6	13500
1840	36800	95000	0.4	9500
1841	36800	150000	0.8	15000
1842	36800	337500	0.8	33750
1843	36800	97000	0.4	9700
1844	36800	135000	0.6	13500
1845	36900	135000	0.6	13500
1846	36900	135000	0.6	13500
1847	36900	129000	0.6	12900
1848	36900	101000	0.6	10100
1849	36900	150000	0.8	15000
1850	37000	129000	0.6	12900
1851	37000	129000	0.6	12900
1852	37000	150000	0.8	15000
1853	37000	103000	0.6	10300
1854	37000	129000	0.6	12900
1855	37100	99000	0.4	9900
1856	37100	97000	0.4	9700
1857	37100	525000	1.0	52500
1858	37100	97000	0.4	9700
1859	37100	135000	0.6	13500
1860	37200	103000	0.6	10300
1861	37200	103000	0.6	10300
1862	37200	103000	0.6	10300
1863	37200	95000	0.4	9500
1864	37200	99000	0.4	9900
1865	37300	150000	0.8	15000
1866	37300	135000	0.6	13500
1867	37300	99000	0.4	9900
1868	37300	101000	0.6	10100
1869	37300	129000	0.6	12900
1870	37400	97000	0.4	9700
1871	37400	95000	0.4	9500
1872	37400	103000	0.6	10300
1873	37400	525000	1.0	52500
1874	37400	150000	0.8	15000
1875	37500	101000	0.6	10100
1876	37500	337500	0.8	33750
1877	37500	99000	0.4	9900
1878	37500	525000	1.0	52500
1879	37500	337500	0.8	33750
1880	37600	95000	0.4	9500
1881	37600	103000	0.6	10300
1882	37600	525000	1.0	52500
1883	37600	97000	0.4	9700
1884	37600	525000	1.0	52500
1885	37700	525000	1.0	52500
1886	37700	150000	0.8	15000
1887	37700	101000	0.6	10100
1888	37700	337500	0.8	33750
1889	37700	337500	0.8	33750
1890	37800	150000	0.8	15000
1891	37800	99000	0.4	9900
1892	37800	95000	0.4	9500
1893	37800	97000	0.4	9700
1894	37800	99000	0.4	9900
1895	37900	95000	0.4	9500
1896	37900	135000	0.6	13500
1897	37900	129000	0.6	12900
1898	37900	337500	0.8	33750
1899	37900	337500	0.8	33750
1900	38000	135000	0.6	13500
1901	38000	97000	0.4	9700
1902	38000	97000	0.4	9700
1903	38000	129000	0.6	12900
1904	38000	150000	0.8	15000
1905	38100	97000	0.4	9700
1906	38100	103000	0.6	10300
1907	38100	525000	1.0	52500
1908	38100	99000	0.4	9900
1909	38100	99000	0.4	9900
1910	38200	99000	0.4	9900
1911	38200	103000	0.6	10300
1912	38200	97000	0.4	9700
1913	38200	103000	0.6	10300
1914	38200	103000	0.6	10300
1915	38300	101000	0.6	10100
1916	38300	150000	0.8	15000
1917	38300	99000	0.4	9900
1918	38300	129000	0.6	12900
1919	38300	150000	0.8	15000
1920	38400	103000	0.6	10300
1921	38400	99000	0.4	9900
1922	38400	129000	0.6	12900
1923	38400	97000	0.4	9700
1924	38400	103000	0.6	10300
1925	38500	129000	0.6	12900
1926	38500	103000	0.6	10300
1927	38500	135000	0.6	13500
1928	38500	101000	0.6	10100
1929	38500	97000	0.4	9700
1930	38600	99000	0.4	9900
1931	38600	103000	0.6	10300
1932	38600	129000	0.6	12900
1933	38600	135000	0.6	13500
1934	38600	525000	1.0	52500
1935	38700	337500	0.8	33750
1936	38700	135000	0.6	13500
1937	38700	337500	0.8	33750
1938	38700	95000	0.4	9500
1939	38700	135000	0.6	13500
1940	38800	129000	0.6	12900
1941	38800	99000	0.4	9900
1942	38800	101000	0.6	10100
1943	38800	525000	1.0	52500
1944	38800	97000	0.4	9700
1945	38900	103000	0.6	10300
1946	38900	525000	1.0	52500
1947	38900	150000	0.8	15000
1948	38900	337500	0.8	33750
1949	38900	103000	0.6	10300
1950	39000	97000	0.4	9700
1951	39000	99000	0.4	9900
1952	39000	101000	0.6	10100
1953	39000	135000	0.6	13500
1954	39000	95000	0.4	9500
1955	39100	129000	0.6	12900
1956	39100	95000	0.4	9500
1957	39100	150000	0.8	15000
1958	39100	337500	0.8	33750
1959	39100	103000	0.6	10300
1960	39200	97000	0.4	9700
1961	39200	135000	0.6	13500
1962	39200	525000	1.0	52500
1963	39200	103000	0.6	10300
1964	39200	337500	0.8	33750
1965	39300	97000	0.4	9700
1966	39300	99000	0.4	9900
1967	39300	129000	0.6	12900
1968	39300	150000	0.8	15000
1969	39300	95000	0.4	9500
1970	39400	97000	0.4	9700
1971	39400	95000	0.4	9500
1972	39400	95000	0.4	9500
1973	39400	337500	0.8	33750
1974	39400	99000	0.4	9900
1975	39500	150000	0.8	15000
1976	39500	337500	0.8	33750
1977	39500	150000	0.8	15000
1978	39500	129000	0.6	12900
1979	39500	129000	0.6	12900
1980	39600	95000	0.4	9500
1981	39600	129000	0.6	12900
1982	39600	135000	0.6	13500
1983	39600	95000	0.4	9500
1984	39600	97000	0.4	9700
1985	39700	525000	1.0	52500
1986	39700	101000	0.6	10100
1987	39700	95000	0.4	9500
1988	39700	97000	0.4	9700
1989	39700	101000	0.6	10100
1990	39800	99000	0.4	9900
1991	39800	101000	0.6	10100
1992	39800	95000	0.4	9500
1993	39800	103000	0.6	10300
1994	39800	525000	1.0	52500
1995	39900	337500	0.8	33750
1996	39900	101000	0.6	10100
1997	39900	150000	0.8	15000
1998	39900	95000	0.4	9500
1999	39900	97000	0.4	9700
