0	0	127000	0.6	12700
1	0	81000	0.4	8100
2	0	135000	0.6	13500
3	0	79000	0.4	7900
4	0	75000	0.4	7500
5	100	79000	0.4	7900
6	100	125000	0.6	12500
7	100	127000	0.6	12700
8	100	123000	0.6	12300
9	100	135000	0.6	13500
10	200	125000	0.6	12500
11	200	83000	0.4	8300
12	200	123000	0.6	12300
13	200	75000	0.4	7500
14	200	83000	0.4	8300
15	300	135000	0.6	13500
16	300	127000	0.6	12700
17	300	81000	0.4	8100
18	300	125000	0.6	12500
19	300	135000	0.6	13500
20	400	75000	0.4	7500
21	400	77000	0.4	7700
22	400	77000	0.4	7700
23	400	81000	0.4	8100
24	400	83000	0.4	8300
25	500	123000	0.6	12300
26	500	129000	0.6	12900
27	500	79000	0.4	7900
28	500	125000	0.6	12500
29	500	83000	0.4	8300
30	600	83000	0.4	8300
31	600	83000	0.4	8300
32	600	77000	0.4	7700
33	600	77000	0.4	7700
34	600	125000	0.6	12500
35	700	125000	0.6	12500
36	700	129000	0.6	12900
37	700	77000	0.4	7700
38	700	125000	0.6	12500
39	700	81000	0.4	8100
40	800	125000	0.6	12500
41	800	83000	0.4	8300
42	800	123000	0.6	12300
43	800	79000	0.4	7900
44	800	81000	0.4	8100
45	900	125000	0.6	12500
46	900	129000	0.6	12900
47	900	129000	0.6	12900
48	900	77000	0.4	7700
49	900	123000	0.6	12300
50	1000	127000	0.6	12700
51	1000	125000	0.6	12500
52	1000	123000	0.6	12300
53	1000	83000	0.4	8300
54	1000	135000	0.6	13500
55	1100	81000	0.4	8100
56	1100	125000	0.6	12500
57	1100	75000	0.4	7500
58	1100	125000	0.6	12500
59	1100	81000	0.4	8100
60	1200	83000	0.4	8300
61	1200	127000	0.6	12700
62	1200	81000	0.4	8100
63	1200	127000	0.6	12700
64	1200	127000	0.6	12700
65	1300	83000	0.4	8300
66	1300	129000	0.6	12900
67	1300	127000	0.6	12700
68	1300	125000	0.6	12500
69	1300	83000	0.4	8300
70	1400	135000	0.6	13500
71	1400	81000	0.4	8100
72	1400	129000	0.6	12900
73	1400	123000	0.6	12300
74	1400	79000	0.4	7900
75	1500	75000	0.4	7500
76	1500	79000	0.4	7900
77	1500	83000	0.4	8300
78	1500	125000	0.6	12500
79	1500	127000	0.6	12700
80	1600	75000	0.4	7500
81	1600	75000	0.4	7500
82	1600	125000	0.6	12500
83	1600	75000	0.4	7500
84	1600	81000	0.4	8100
85	1700	125000	0.6	12500
86	1700	83000	0.4	8300
87	1700	127000	0.6	12700
88	1700	127000	0.6	12700
89	1700	81000	0.4	8100
90	1800	129000	0.6	12900
91	1800	81000	0.4	8100
92	1800	129000	0.6	12900
93	1800	127000	0.6	12700
94	1800	135000	0.6	13500
95	1900	81000	0.4	8100
96	1900	83000	0.4	8300
97	1900	123000	0.6	12300
98	1900	83000	0.4	8300
99	1900	123000	0.6	12300
100	2000	135000	0.6	13500
101	2000	79000	0.4	7900
102	2000	75000	0.4	7500
103	2000	83000	0.4	8300
104	2000	75000	0.4	7500
105	2100	83000	0.4	8300
106	2100	123000	0.6	12300
107	2100	127000	0.6	12700
108	2100	83000	0.4	8300
109	2100	83000	0.4	8300
110	2200	81000	0.4	8100
111	2200	75000	0.4	7500
112	2200	75000	0.4	7500
113	2200	75000	0.4	7500
114	2200	75000	0.4	7500
115	2300	77000	0.4	7700
116	2300	77000	0.4	7700
117	2300	79000	0.4	7900
118	2300	127000	0.6	12700
119	2300	135000	0.6	13500
120	2400	77000	0.4	7700
121	2400	75000	0.4	7500
122	2400	83000	0.4	8300
123	2400	129000	0.6	12900
124	2400	123000	0.6	12300
125	2500	79000	0.4	7900
126	2500	129000	0.6	12900
127	2500	123000	0.6	12300
128	2500	79000	0.4	7900
129	2500	123000	0.6	12300
130	2600	81000	0.4	8100
131	2600	125000	0.6	12500
132	2600	77000	0.4	7700
133	2600	81000	0.4	8100
134	2600	75000	0.4	7500
135	2700	127000	0.6	12700
136	2700	135000	0.6	13500
137	2700	129000	0.6	12900
138	2700	135000	0.6	13500
139	2700	77000	0.4	7700
140	2800	79000	0.4	7900
141	2800	125000	0.6	12500
142	2800	83000	0.4	8300
143	2800	75000	0.4	7500
144	2800	135000	0.6	13500
145	2900	125000	0.6	12500
146	2900	83000	0.4	8300
147	2900	129000	0.6	12900
148	2900	129000	0.6	12900
149	2900	83000	0.4	8300
150	3000	135000	0.6	13500
151	3000	75000	0.4	7500
152	3000	129000	0.6	12900
153	3000	127000	0.6	12700
154	3000	127000	0.6	12700
155	3100	75000	0.4	7500
156	3100	83000	0.4	8300
157	3100	79000	0.4	7900
158	3100	75000	0.4	7500
159	3100	129000	0.6	12900
160	3200	129000	0.6	12900
161	3200	77000	0.4	7700
162	3200	77000	0.4	7700
163	3200	129000	0.6	12900
164	3200	129000	0.6	12900
165	3300	77000	0.4	7700
166	3300	127000	0.6	12700
167	3300	125000	0.6	12500
168	3300	123000	0.6	12300
169	3300	123000	0.6	12300
170	3400	75000	0.4	7500
171	3400	75000	0.4	7500
172	3400	77000	0.4	7700
173	3400	127000	0.6	12700
174	3400	135000	0.6	13500
175	3500	135000	0.6	13500
176	3500	125000	0.6	12500
177	3500	129000	0.6	12900
178	3500	125000	0.6	12500
179	3500	75000	0.4	7500
180	3600	75000	0.4	7500
181	3600	127000	0.6	12700
182	3600	81000	0.4	8100
183	3600	75000	0.4	7500
184	3600	75000	0.4	7500
185	3700	79000	0.4	7900
186	3700	129000	0.6	12900
187	3700	129000	0.6	12900
188	3700	129000	0.6	12900
189	3700	135000	0.6	13500
190	3800	125000	0.6	12500
191	3800	77000	0.4	7700
192	3800	127000	0.6	12700
193	3800	127000	0.6	12700
194	3800	79000	0.4	7900
195	3900	135000	0.6	13500
196	3900	135000	0.6	13500
197	3900	123000	0.6	12300
198	3900	77000	0.4	7700
199	3900	77000	0.4	7700
200	4000	135000	0.6	13500
201	4000	129000	0.6	12900
202	4000	83000	0.4	8300
203	4000	83000	0.4	8300
204	4000	127000	0.6	12700
205	4100	129000	0.6	12900
206	4100	127000	0.6	12700
207	4100	127000	0.6	12700
208	4100	75000	0.4	7500
209	4100	83000	0.4	8300
210	4200	75000	0.4	7500
211	4200	79000	0.4	7900
212	4200	77000	0.4	7700
213	4200	75000	0.4	7500
214	4200	123000	0.6	12300
215	4300	75000	0.4	7500
216	4300	81000	0.4	8100
217	4300	125000	0.6	12500
218	4300	127000	0.6	12700
219	4300	79000	0.4	7900
220	4400	79000	0.4	7900
221	4400	75000	0.4	7500
222	4400	81000	0.4	8100
223	4400	125000	0.6	12500
224	4400	81000	0.4	8100
225	4500	81000	0.4	8100
226	4500	135000	0.6	13500
227	4500	75000	0.4	7500
228	4500	129000	0.6	12900
229	4500	81000	0.4	8100
230	4600	77000	0.4	7700
231	4600	127000	0.6	12700
232	4600	79000	0.4	7900
233	4600	127000	0.6	12700
234	4600	79000	0.4	7900
235	4700	129000	0.6	12900
236	4700	129000	0.6	12900
237	4700	123000	0.6	12300
238	4700	79000	0.4	7900
239	4700	75000	0.4	7500
240	4800	81000	0.4	8100
241	4800	123000	0.6	12300
242	4800	75000	0.4	7500
243	4800	79000	0.4	7900
244	4800	83000	0.4	8300
245	4900	75000	0.4	7500
246	4900	127000	0.6	12700
247	4900	83000	0.4	8300
248	4900	75000	0.4	7500
249	4900	125000	0.6	12500
250	5000	75000	0.4	7500
251	5000	75000	0.4	7500
252	5000	79000	0.4	7900
253	5000	79000	0.4	7900
254	5000	83000	0.4	8300
255	5100	83000	0.4	8300
256	5100	81000	0.4	8100
257	5100	127000	0.6	12700
258	5100	129000	0.6	12900
259	5100	79000	0.4	7900
260	5200	125000	0.6	12500
261	5200	79000	0.4	7900
262	5200	123000	0.6	12300
263	5200	77000	0.4	7700
264	5200	127000	0.6	12700
265	5300	77000	0.4	7700
266	5300	123000	0.6	12300
267	5300	79000	0.4	7900
268	5300	125000	0.6	12500
269	5300	83000	0.4	8300
270	5400	123000	0.6	12300
271	5400	135000	0.6	13500
272	5400	123000	0.6	12300
273	5400	77000	0.4	7700
274	5400	77000	0.4	7700
275	5500	81000	0.4	8100
276	5500	75000	0.4	7500
277	5500	81000	0.4	8100
278	5500	79000	0.4	7900
279	5500	75000	0.4	7500
280	5600	129000	0.6	12900
281	5600	127000	0.6	12700
282	5600	75000	0.4	7500
283	5600	75000	0.4	7500
284	5600	135000	0.6	13500
285	5700	135000	0.6	13500
286	5700	83000	0.4	8300
287	5700	83000	0.4	8300
288	5700	75000	0.4	7500
289	5700	79000	0.4	7900
290	5800	75000	0.4	7500
291	5800	129000	0.6	12900
292	5800	127000	0.6	12700
293	5800	125000	0.6	12500
294	5800	127000	0.6	12700
295	5900	135000	0.6	13500
296	5900	127000	0.6	12700
297	5900	83000	0.4	8300
298	5900	79000	0.4	7900
299	5900	135000	0.6	13500
300	6000	125000	0.6	12500
301	6000	127000	0.6	12700
302	6000	125000	0.6	12500
303	6000	79000	0.4	7900
304	6000	75000	0.4	7500
305	6100	129000	0.6	12900
306	6100	125000	0.6	12500
307	6100	77000	0.4	7700
308	6100	77000	0.4	7700
309	6100	125000	0.6	12500
310	6200	77000	0.4	7700
311	6200	77000	0.4	7700
312	6200	75000	0.4	7500
313	6200	83000	0.4	8300
314	6200	123000	0.6	12300
315	6300	81000	0.4	8100
316	6300	81000	0.4	8100
317	6300	81000	0.4	8100
318	6300	81000	0.4	8100
319	6300	125000	0.6	12500
320	6400	79000	0.4	7900
321	6400	77000	0.4	7700
322	6400	135000	0.6	13500
323	6400	135000	0.6	13500
324	6400	79000	0.4	7900
325	6500	127000	0.6	12700
326	6500	75000	0.4	7500
327	6500	123000	0.6	12300
328	6500	135000	0.6	13500
329	6500	83000	0.4	8300
330	6600	83000	0.4	8300
331	6600	75000	0.4	7500
332	6600	83000	0.4	8300
333	6600	127000	0.6	12700
334	6600	75000	0.4	7500
335	6700	81000	0.4	8100
336	6700	75000	0.4	7500
337	6700	129000	0.6	12900
338	6700	75000	0.4	7500
339	6700	77000	0.4	7700
340	6800	123000	0.6	12300
341	6800	81000	0.4	8100
342	6800	129000	0.6	12900
343	6800	77000	0.4	7700
344	6800	83000	0.4	8300
345	6900	81000	0.4	8100
346	6900	75000	0.4	7500
347	6900	125000	0.6	12500
348	6900	129000	0.6	12900
349	6900	135000	0.6	13500
350	7000	77000	0.4	7700
351	7000	75000	0.4	7500
352	7000	125000	0.6	12500
353	7000	125000	0.6	12500
354	7000	129000	0.6	12900
355	7100	129000	0.6	12900
356	7100	77000	0.4	7700
357	7100	83000	0.4	8300
358	7100	125000	0.6	12500
359	7100	75000	0.4	7500
360	7200	79000	0.4	7900
361	7200	75000	0.4	7500
362	7200	81000	0.4	8100
363	7200	123000	0.6	12300
364	7200	125000	0.6	12500
365	7300	125000	0.6	12500
366	7300	127000	0.6	12700
367	7300	135000	0.6	13500
368	7300	135000	0.6	13500
369	7300	135000	0.6	13500
370	7400	135000	0.6	13500
371	7400	129000	0.6	12900
372	7400	79000	0.4	7900
373	7400	81000	0.4	8100
374	7400	81000	0.4	8100
375	7500	83000	0.4	8300
376	7500	125000	0.6	12500
377	7500	75000	0.4	7500
378	7500	83000	0.4	8300
379	7500	123000	0.6	12300
380	7600	129000	0.6	12900
381	7600	129000	0.6	12900
382	7600	77000	0.4	7700
383	7600	125000	0.6	12500
384	7600	77000	0.4	7700
385	7700	127000	0.6	12700
386	7700	127000	0.6	12700
387	7700	77000	0.4	7700
388	7700	81000	0.4	8100
389	7700	127000	0.6	12700
390	7800	127000	0.6	12700
391	7800	125000	0.6	12500
392	7800	129000	0.6	12900
393	7800	135000	0.6	13500
394	7800	83000	0.4	8300
395	7900	127000	0.6	12700
396	7900	129000	0.6	12900
397	7900	81000	0.4	8100
398	7900	135000	0.6	13500
399	7900	123000	0.6	12300
400	8000	77000	0.4	7700
401	8000	125000	0.6	12500
402	8000	75000	0.4	7500
403	8000	79000	0.4	7900
404	8000	125000	0.6	12500
405	8100	81000	0.4	8100
406	8100	81000	0.4	8100
407	8100	127000	0.6	12700
408	8100	77000	0.4	7700
409	8100	135000	0.6	13500
410	8200	135000	0.6	13500
411	8200	135000	0.6	13500
412	8200	79000	0.4	7900
413	8200	125000	0.6	12500
414	8200	125000	0.6	12500
415	8300	75000	0.4	7500
416	8300	83000	0.4	8300
417	8300	125000	0.6	12500
418	8300	83000	0.4	8300
419	8300	123000	0.6	12300
420	8400	79000	0.4	7900
421	8400	75000	0.4	7500
422	8400	129000	0.6	12900
423	8400	79000	0.4	7900
424	8400	79000	0.4	7900
425	8500	75000	0.4	7500
426	8500	83000	0.4	8300
427	8500	75000	0.4	7500
428	8500	75000	0.4	7500
429	8500	127000	0.6	12700
430	8600	77000	0.4	7700
431	8600	129000	0.6	12900
432	8600	125000	0.6	12500
433	8600	127000	0.6	12700
434	8600	129000	0.6	12900
435	8700	81000	0.4	8100
436	8700	83000	0.4	8300
437	8700	123000	0.6	12300
438	8700	81000	0.4	8100
439	8700	127000	0.6	12700
440	8800	129000	0.6	12900
441	8800	123000	0.6	12300
442	8800	79000	0.4	7900
443	8800	123000	0.6	12300
444	8800	83000	0.4	8300
445	8900	75000	0.4	7500
446	8900	77000	0.4	7700
447	8900	135000	0.6	13500
448	8900	81000	0.4	8100
449	8900	77000	0.4	7700
450	9000	129000	0.6	12900
451	9000	123000	0.6	12300
452	9000	77000	0.4	7700
453	9000	123000	0.6	12300
454	9000	83000	0.4	8300
455	9100	129000	0.6	12900
456	9100	135000	0.6	13500
457	9100	83000	0.4	8300
458	9100	135000	0.6	13500
459	9100	127000	0.6	12700
460	9200	75000	0.4	7500
461	9200	81000	0.4	8100
462	9200	79000	0.4	7900
463	9200	77000	0.4	7700
464	9200	77000	0.4	7700
465	9300	75000	0.4	7500
466	9300	129000	0.6	12900
467	9300	81000	0.4	8100
468	9300	79000	0.4	7900
469	9300	123000	0.6	12300
470	9400	81000	0.4	8100
471	9400	75000	0.4	7500
472	9400	77000	0.4	7700
473	9400	83000	0.4	8300
474	9400	135000	0.6	13500
475	9500	127000	0.6	12700
476	9500	135000	0.6	13500
477	9500	123000	0.6	12300
478	9500	81000	0.4	8100
479	9500	79000	0.4	7900
480	9600	129000	0.6	12900
481	9600	127000	0.6	12700
482	9600	83000	0.4	8300
483	9600	129000	0.6	12900
484	9600	81000	0.4	8100
485	9700	125000	0.6	12500
486	9700	81000	0.4	8100
487	9700	75000	0.4	7500
488	9700	129000	0.6	12900
489	9700	79000	0.4	7900
490	9800	129000	0.6	12900
491	9800	125000	0.6	12500
492	9800	81000	0.4	8100
493	9800	129000	0.6	12900
494	9800	125000	0.6	12500
495	9900	125000	0.6	12500
496	9900	77000	0.4	7700
497	9900	79000	0.4	7900
498	9900	127000	0.6	12700
499	9900	77000	0.4	7700
500	10000	123000	0.6	12300
501	10000	123000	0.6	12300
502	10000	129000	0.6	12900
503	10000	77000	0.4	7700
504	10000	77000	0.4	7700
505	10100	79000	0.4	7900
506	10100	135000	0.6	13500
507	10100	127000	0.6	12700
508	10100	77000	0.4	7700
509	10100	125000	0.6	12500
510	10200	77000	0.4	7700
511	10200	129000	0.6	12900
512	10200	125000	0.6	12500
513	10200	81000	0.4	8100
514	10200	79000	0.4	7900
515	10300	81000	0.4	8100
516	10300	77000	0.4	7700
517	10300	123000	0.6	12300
518	10300	127000	0.6	12700
519	10300	135000	0.6	13500
520	10400	81000	0.4	8100
521	10400	129000	0.6	12900
522	10400	135000	0.6	13500
523	10400	129000	0.6	12900
524	10400	129000	0.6	12900
525	10500	129000	0.6	12900
526	10500	125000	0.6	12500
527	10500	123000	0.6	12300
528	10500	125000	0.6	12500
529	10500	127000	0.6	12700
530	10600	83000	0.4	8300
531	10600	129000	0.6	12900
532	10600	125000	0.6	12500
533	10600	75000	0.4	7500
534	10600	83000	0.4	8300
535	10700	129000	0.6	12900
536	10700	127000	0.6	12700
537	10700	125000	0.6	12500
538	10700	79000	0.4	7900
539	10700	129000	0.6	12900
540	10800	135000	0.6	13500
541	10800	75000	0.4	7500
542	10800	135000	0.6	13500
543	10800	123000	0.6	12300
544	10800	77000	0.4	7700
545	10900	129000	0.6	12900
546	10900	83000	0.4	8300
547	10900	135000	0.6	13500
548	10900	129000	0.6	12900
549	10900	79000	0.4	7900
550	11000	125000	0.6	12500
551	11000	125000	0.6	12500
552	11000	77000	0.4	7700
553	11000	135000	0.6	13500
554	11000	127000	0.6	12700
555	11100	81000	0.4	8100
556	11100	127000	0.6	12700
557	11100	135000	0.6	13500
558	11100	79000	0.4	7900
559	11100	129000	0.6	12900
560	11200	79000	0.4	7900
561	11200	81000	0.4	8100
562	11200	129000	0.6	12900
563	11200	75000	0.4	7500
564	11200	129000	0.6	12900
565	11300	123000	0.6	12300
566	11300	83000	0.4	8300
567	11300	127000	0.6	12700
568	11300	123000	0.6	12300
569	11300	127000	0.6	12700
570	11400	125000	0.6	12500
571	11400	81000	0.4	8100
572	11400	123000	0.6	12300
573	11400	129000	0.6	12900
574	11400	123000	0.6	12300
575	11500	123000	0.6	12300
576	11500	127000	0.6	12700
577	11500	83000	0.4	8300
578	11500	77000	0.4	7700
579	11500	75000	0.4	7500
580	11600	75000	0.4	7500
581	11600	75000	0.4	7500
582	11600	83000	0.4	8300
583	11600	135000	0.6	13500
584	11600	125000	0.6	12500
585	11700	83000	0.4	8300
586	11700	83000	0.4	8300
587	11700	81000	0.4	8100
588	11700	125000	0.6	12500
589	11700	135000	0.6	13500
590	11800	127000	0.6	12700
591	11800	135000	0.6	13500
592	11800	123000	0.6	12300
593	11800	123000	0.6	12300
594	11800	129000	0.6	12900
595	11900	135000	0.6	13500
596	11900	79000	0.4	7900
597	11900	127000	0.6	12700
598	11900	81000	0.4	8100
599	11900	83000	0.4	8300
600	12000	135000	0.6	13500
601	12000	127000	0.6	12700
602	12000	125000	0.6	12500
603	12000	123000	0.6	12300
604	12000	75000	0.4	7500
605	12100	123000	0.6	12300
606	12100	135000	0.6	13500
607	12100	75000	0.4	7500
608	12100	125000	0.6	12500
609	12100	77000	0.4	7700
610	12200	123000	0.6	12300
611	12200	75000	0.4	7500
612	12200	135000	0.6	13500
613	12200	77000	0.4	7700
614	12200	75000	0.4	7500
615	12300	75000	0.4	7500
616	12300	123000	0.6	12300
617	12300	83000	0.4	8300
618	12300	75000	0.4	7500
619	12300	135000	0.6	13500
620	12400	75000	0.4	7500
621	12400	83000	0.4	8300
622	12400	81000	0.4	8100
623	12400	129000	0.6	12900
624	12400	83000	0.4	8300
625	12500	123000	0.6	12300
626	12500	129000	0.6	12900
627	12500	77000	0.4	7700
628	12500	127000	0.6	12700
629	12500	135000	0.6	13500
630	12600	75000	0.4	7500
631	12600	123000	0.6	12300
632	12600	77000	0.4	7700
633	12600	125000	0.6	12500
634	12600	123000	0.6	12300
635	12700	123000	0.6	12300
636	12700	129000	0.6	12900
637	12700	81000	0.4	8100
638	12700	129000	0.6	12900
639	12700	79000	0.4	7900
640	12800	123000	0.6	12300
641	12800	75000	0.4	7500
642	12800	75000	0.4	7500
643	12800	83000	0.4	8300
644	12800	81000	0.4	8100
645	12900	125000	0.6	12500
646	12900	123000	0.6	12300
647	12900	123000	0.6	12300
648	12900	127000	0.6	12700
649	12900	123000	0.6	12300
650	13000	129000	0.6	12900
651	13000	83000	0.4	8300
652	13000	79000	0.4	7900
653	13000	125000	0.6	12500
654	13000	135000	0.6	13500
655	13100	83000	0.4	8300
656	13100	129000	0.6	12900
657	13100	125000	0.6	12500
658	13100	123000	0.6	12300
659	13100	123000	0.6	12300
660	13200	79000	0.4	7900
661	13200	81000	0.4	8100
662	13200	77000	0.4	7700
663	13200	77000	0.4	7700
664	13200	123000	0.6	12300
665	13300	125000	0.6	12500
666	13300	129000	0.6	12900
667	13300	79000	0.4	7900
668	13300	75000	0.4	7500
669	13300	127000	0.6	12700
670	13400	135000	0.6	13500
671	13400	125000	0.6	12500
672	13400	75000	0.4	7500
673	13400	129000	0.6	12900
674	13400	125000	0.6	12500
675	13500	135000	0.6	13500
676	13500	123000	0.6	12300
677	13500	83000	0.4	8300
678	13500	81000	0.4	8100
679	13500	77000	0.4	7700
680	13600	83000	0.4	8300
681	13600	79000	0.4	7900
682	13600	79000	0.4	7900
683	13600	135000	0.6	13500
684	13600	83000	0.4	8300
685	13700	83000	0.4	8300
686	13700	77000	0.4	7700
687	13700	129000	0.6	12900
688	13700	75000	0.4	7500
689	13700	77000	0.4	7700
690	13800	79000	0.4	7900
691	13800	135000	0.6	13500
692	13800	79000	0.4	7900
693	13800	123000	0.6	12300
694	13800	125000	0.6	12500
695	13900	83000	0.4	8300
696	13900	127000	0.6	12700
697	13900	81000	0.4	8100
698	13900	123000	0.6	12300
699	13900	135000	0.6	13500
700	14000	127000	0.6	12700
701	14000	129000	0.6	12900
702	14000	125000	0.6	12500
703	14000	135000	0.6	13500
704	14000	125000	0.6	12500
705	14100	127000	0.6	12700
706	14100	135000	0.6	13500
707	14100	75000	0.4	7500
708	14100	125000	0.6	12500
709	14100	83000	0.4	8300
710	14200	135000	0.6	13500
711	14200	129000	0.6	12900
712	14200	81000	0.4	8100
713	14200	135000	0.6	13500
714	14200	127000	0.6	12700
715	14300	83000	0.4	8300
716	14300	75000	0.4	7500
717	14300	75000	0.4	7500
718	14300	123000	0.6	12300
719	14300	123000	0.6	12300
720	14400	129000	0.6	12900
721	14400	127000	0.6	12700
722	14400	125000	0.6	12500
723	14400	75000	0.4	7500
724	14400	83000	0.4	8300
725	14500	127000	0.6	12700
726	14500	77000	0.4	7700
727	14500	135000	0.6	13500
728	14500	79000	0.4	7900
729	14500	125000	0.6	12500
730	14600	123000	0.6	12300
731	14600	135000	0.6	13500
732	14600	81000	0.4	8100
733	14600	79000	0.4	7900
734	14600	77000	0.4	7700
735	14700	123000	0.6	12300
736	14700	135000	0.6	13500
737	14700	123000	0.6	12300
738	14700	125000	0.6	12500
739	14700	83000	0.4	8300
740	14800	135000	0.6	13500
741	14800	127000	0.6	12700
742	14800	127000	0.6	12700
743	14800	83000	0.4	8300
744	14800	77000	0.4	7700
745	14900	79000	0.4	7900
746	14900	77000	0.4	7700
747	14900	135000	0.6	13500
748	14900	135000	0.6	13500
749	14900	79000	0.4	7900
750	15000	123000	0.6	12300
751	15000	81000	0.4	8100
752	15000	135000	0.6	13500
753	15000	129000	0.6	12900
754	15000	77000	0.4	7700
755	15100	127000	0.6	12700
756	15100	83000	0.4	8300
757	15100	75000	0.4	7500
758	15100	83000	0.4	8300
759	15100	75000	0.4	7500
760	15200	123000	0.6	12300
761	15200	123000	0.6	12300
762	15200	127000	0.6	12700
763	15200	127000	0.6	12700
764	15200	79000	0.4	7900
765	15300	125000	0.6	12500
766	15300	123000	0.6	12300
767	15300	125000	0.6	12500
768	15300	77000	0.4	7700
769	15300	123000	0.6	12300
770	15400	83000	0.4	8300
771	15400	83000	0.4	8300
772	15400	77000	0.4	7700
773	15400	123000	0.6	12300
774	15400	83000	0.4	8300
775	15500	127000	0.6	12700
776	15500	75000	0.4	7500
777	15500	135000	0.6	13500
778	15500	135000	0.6	13500
779	15500	81000	0.4	8100
780	15600	129000	0.6	12900
781	15600	75000	0.4	7500
782	15600	135000	0.6	13500
783	15600	127000	0.6	12700
784	15600	75000	0.4	7500
785	15700	125000	0.6	12500
786	15700	129000	0.6	12900
787	15700	125000	0.6	12500
788	15700	77000	0.4	7700
789	15700	125000	0.6	12500
790	15800	79000	0.4	7900
791	15800	127000	0.6	12700
792	15800	135000	0.6	13500
793	15800	83000	0.4	8300
794	15800	79000	0.4	7900
795	15900	75000	0.4	7500
796	15900	125000	0.6	12500
797	15900	75000	0.4	7500
798	15900	81000	0.4	8100
799	15900	79000	0.4	7900
800	16000	75000	0.4	7500
801	16000	75000	0.4	7500
802	16000	127000	0.6	12700
803	16000	83000	0.4	8300
804	16000	123000	0.6	12300
805	16100	135000	0.6	13500
806	16100	79000	0.4	7900
807	16100	81000	0.4	8100
808	16100	135000	0.6	13500
809	16100	135000	0.6	13500
810	16200	127000	0.6	12700
811	16200	129000	0.6	12900
812	16200	75000	0.4	7500
813	16200	127000	0.6	12700
814	16200	83000	0.4	8300
815	16300	81000	0.4	8100
816	16300	77000	0.4	7700
817	16300	83000	0.4	8300
818	16300	75000	0.4	7500
819	16300	129000	0.6	12900
820	16400	135000	0.6	13500
821	16400	77000	0.4	7700
822	16400	123000	0.6	12300
823	16400	123000	0.6	12300
824	16400	129000	0.6	12900
825	16500	135000	0.6	13500
826	16500	77000	0.4	7700
827	16500	135000	0.6	13500
828	16500	135000	0.6	13500
829	16500	135000	0.6	13500
830	16600	129000	0.6	12900
831	16600	129000	0.6	12900
832	16600	79000	0.4	7900
833	16600	83000	0.4	8300
834	16600	83000	0.4	8300
835	16700	79000	0.4	7900
836	16700	75000	0.4	7500
837	16700	83000	0.4	8300
838	16700	129000	0.6	12900
839	16700	123000	0.6	12300
840	16800	125000	0.6	12500
841	16800	127000	0.6	12700
842	16800	123000	0.6	12300
843	16800	129000	0.6	12900
844	16800	77000	0.4	7700
845	16900	79000	0.4	7900
846	16900	135000	0.6	13500
847	16900	125000	0.6	12500
848	16900	83000	0.4	8300
849	16900	127000	0.6	12700
850	17000	79000	0.4	7900
851	17000	79000	0.4	7900
852	17000	75000	0.4	7500
853	17000	129000	0.6	12900
854	17000	125000	0.6	12500
855	17100	83000	0.4	8300
856	17100	135000	0.6	13500
857	17100	83000	0.4	8300
858	17100	135000	0.6	13500
859	17100	75000	0.4	7500
860	17200	129000	0.6	12900
861	17200	123000	0.6	12300
862	17200	127000	0.6	12700
863	17200	127000	0.6	12700
864	17200	125000	0.6	12500
865	17300	125000	0.6	12500
866	17300	75000	0.4	7500
867	17300	83000	0.4	8300
868	17300	129000	0.6	12900
869	17300	79000	0.4	7900
870	17400	83000	0.4	8300
871	17400	83000	0.4	8300
872	17400	125000	0.6	12500
873	17400	75000	0.4	7500
874	17400	83000	0.4	8300
875	17500	83000	0.4	8300
876	17500	79000	0.4	7900
877	17500	81000	0.4	8100
878	17500	127000	0.6	12700
879	17500	83000	0.4	8300
880	17600	123000	0.6	12300
881	17600	125000	0.6	12500
882	17600	135000	0.6	13500
883	17600	83000	0.4	8300
884	17600	83000	0.4	8300
885	17700	81000	0.4	8100
886	17700	75000	0.4	7500
887	17700	77000	0.4	7700
888	17700	83000	0.4	8300
889	17700	81000	0.4	8100
890	17800	135000	0.6	13500
891	17800	135000	0.6	13500
892	17800	77000	0.4	7700
893	17800	129000	0.6	12900
894	17800	77000	0.4	7700
895	17900	79000	0.4	7900
896	17900	125000	0.6	12500
897	17900	129000	0.6	12900
898	17900	81000	0.4	8100
899	17900	129000	0.6	12900
900	18000	79000	0.4	7900
901	18000	127000	0.6	12700
902	18000	75000	0.4	7500
903	18000	81000	0.4	8100
904	18000	81000	0.4	8100
905	18100	83000	0.4	8300
906	18100	79000	0.4	7900
907	18100	125000	0.6	12500
908	18100	75000	0.4	7500
909	18100	77000	0.4	7700
910	18200	135000	0.6	13500
911	18200	123000	0.6	12300
912	18200	77000	0.4	7700
913	18200	127000	0.6	12700
914	18200	81000	0.4	8100
915	18300	75000	0.4	7500
916	18300	135000	0.6	13500
917	18300	77000	0.4	7700
918	18300	135000	0.6	13500
919	18300	81000	0.4	8100
920	18400	125000	0.6	12500
921	18400	77000	0.4	7700
922	18400	123000	0.6	12300
923	18400	123000	0.6	12300
924	18400	129000	0.6	12900
925	18500	135000	0.6	13500
926	18500	81000	0.4	8100
927	18500	83000	0.4	8300
928	18500	75000	0.4	7500
929	18500	129000	0.6	12900
930	18600	135000	0.6	13500
931	18600	125000	0.6	12500
932	18600	129000	0.6	12900
933	18600	135000	0.6	13500
934	18600	81000	0.4	8100
935	18700	135000	0.6	13500
936	18700	125000	0.6	12500
937	18700	125000	0.6	12500
938	18700	83000	0.4	8300
939	18700	123000	0.6	12300
940	18800	75000	0.4	7500
941	18800	125000	0.6	12500
942	18800	81000	0.4	8100
943	18800	123000	0.6	12300
944	18800	125000	0.6	12500
945	18900	127000	0.6	12700
946	18900	77000	0.4	7700
947	18900	125000	0.6	12500
948	18900	135000	0.6	13500
949	18900	125000	0.6	12500
950	19000	123000	0.6	12300
951	19000	135000	0.6	13500
952	19000	127000	0.6	12700
953	19000	83000	0.4	8300
954	19000	75000	0.4	7500
955	19100	77000	0.4	7700
956	19100	129000	0.6	12900
957	19100	83000	0.4	8300
958	19100	129000	0.6	12900
959	19100	79000	0.4	7900
960	19200	75000	0.4	7500
961	19200	125000	0.6	12500
962	19200	125000	0.6	12500
963	19200	81000	0.4	8100
964	19200	135000	0.6	13500
965	19300	77000	0.4	7700
966	19300	83000	0.4	8300
967	19300	79000	0.4	7900
968	19300	79000	0.4	7900
969	19300	129000	0.6	12900
970	19400	81000	0.4	8100
971	19400	75000	0.4	7500
972	19400	125000	0.6	12500
973	19400	75000	0.4	7500
974	19400	127000	0.6	12700
975	19500	125000	0.6	12500
976	19500	135000	0.6	13500
977	19500	81000	0.4	8100
978	19500	77000	0.4	7700
979	19500	79000	0.4	7900
980	19600	77000	0.4	7700
981	19600	129000	0.6	12900
982	19600	81000	0.4	8100
983	19600	125000	0.6	12500
984	19600	77000	0.4	7700
985	19700	79000	0.4	7900
986	19700	83000	0.4	8300
987	19700	83000	0.4	8300
988	19700	75000	0.4	7500
989	19700	77000	0.4	7700
990	19800	123000	0.6	12300
991	19800	77000	0.4	7700
992	19800	79000	0.4	7900
993	19800	135000	0.6	13500
994	19800	125000	0.6	12500
995	19900	75000	0.4	7500
996	19900	79000	0.4	7900
997	19900	83000	0.4	8300
998	19900	135000	0.6	13500
999	19900	135000	0.6	13500
1000	20000	77000	0.4	7700
1001	20000	77000	0.4	7700
1002	20000	123000	0.6	12300
1003	20000	127000	0.6	12700
1004	20000	81000	0.4	8100
1005	20100	79000	0.4	7900
1006	20100	129000	0.6	12900
1007	20100	127000	0.6	12700
1008	20100	129000	0.6	12900
1009	20100	83000	0.4	8300
1010	20200	75000	0.4	7500
1011	20200	83000	0.4	8300
1012	20200	81000	0.4	8100
1013	20200	135000	0.6	13500
1014	20200	123000	0.6	12300
1015	20300	83000	0.4	8300
1016	20300	81000	0.4	8100
1017	20300	125000	0.6	12500
1018	20300	127000	0.6	12700
1019	20300	75000	0.4	7500
1020	20400	77000	0.4	7700
1021	20400	77000	0.4	7700
1022	20400	123000	0.6	12300
1023	20400	123000	0.6	12300
1024	20400	83000	0.4	8300
1025	20500	81000	0.4	8100
1026	20500	135000	0.6	13500
1027	20500	135000	0.6	13500
1028	20500	129000	0.6	12900
1029	20500	125000	0.6	12500
1030	20600	129000	0.6	12900
1031	20600	125000	0.6	12500
1032	20600	75000	0.4	7500
1033	20600	129000	0.6	12900
1034	20600	75000	0.4	7500
1035	20700	79000	0.4	7900
1036	20700	75000	0.4	7500
1037	20700	125000	0.6	12500
1038	20700	75000	0.4	7500
1039	20700	79000	0.4	7900
1040	20800	83000	0.4	8300
1041	20800	83000	0.4	8300
1042	20800	135000	0.6	13500
1043	20800	123000	0.6	12300
1044	20800	83000	0.4	8300
1045	20900	135000	0.6	13500
1046	20900	81000	0.4	8100
1047	20900	79000	0.4	7900
1048	20900	77000	0.4	7700
1049	20900	77000	0.4	7700
1050	21000	125000	0.6	12500
1051	21000	135000	0.6	13500
1052	21000	129000	0.6	12900
1053	21000	81000	0.4	8100
1054	21000	77000	0.4	7700
1055	21100	123000	0.6	12300
1056	21100	127000	0.6	12700
1057	21100	129000	0.6	12900
1058	21100	75000	0.4	7500
1059	21100	129000	0.6	12900
1060	21200	77000	0.4	7700
1061	21200	79000	0.4	7900
1062	21200	129000	0.6	12900
1063	21200	79000	0.4	7900
1064	21200	75000	0.4	7500
1065	21300	83000	0.4	8300
1066	21300	75000	0.4	7500
1067	21300	79000	0.4	7900
1068	21300	135000	0.6	13500
1069	21300	123000	0.6	12300
1070	21400	127000	0.6	12700
1071	21400	81000	0.4	8100
1072	21400	75000	0.4	7500
1073	21400	123000	0.6	12300
1074	21400	125000	0.6	12500
1075	21500	135000	0.6	13500
1076	21500	135000	0.6	13500
1077	21500	123000	0.6	12300
1078	21500	135000	0.6	13500
1079	21500	77000	0.4	7700
1080	21600	127000	0.6	12700
1081	21600	125000	0.6	12500
1082	21600	77000	0.4	7700
1083	21600	127000	0.6	12700
1084	21600	77000	0.4	7700
1085	21700	75000	0.4	7500
1086	21700	79000	0.4	7900
1087	21700	129000	0.6	12900
1088	21700	79000	0.4	7900
1089	21700	81000	0.4	8100
1090	21800	83000	0.4	8300
1091	21800	79000	0.4	7900
1092	21800	129000	0.6	12900
1093	21800	83000	0.4	8300
1094	21800	127000	0.6	12700
1095	21900	123000	0.6	12300
1096	21900	135000	0.6	13500
1097	21900	129000	0.6	12900
1098	21900	77000	0.4	7700
1099	21900	83000	0.4	8300
1100	22000	127000	0.6	12700
1101	22000	125000	0.6	12500
1102	22000	129000	0.6	12900
1103	22000	129000	0.6	12900
1104	22000	79000	0.4	7900
1105	22100	127000	0.6	12700
1106	22100	79000	0.4	7900
1107	22100	75000	0.4	7500
1108	22100	81000	0.4	8100
1109	22100	79000	0.4	7900
1110	22200	123000	0.6	12300
1111	22200	75000	0.4	7500
1112	22200	135000	0.6	13500
1113	22200	75000	0.4	7500
1114	22200	135000	0.6	13500
1115	22300	79000	0.4	7900
1116	22300	123000	0.6	12300
1117	22300	135000	0.6	13500
1118	22300	81000	0.4	8100
1119	22300	77000	0.4	7700
1120	22400	83000	0.4	8300
1121	22400	79000	0.4	7900
1122	22400	125000	0.6	12500
1123	22400	135000	0.6	13500
1124	22400	81000	0.4	8100
1125	22500	129000	0.6	12900
1126	22500	123000	0.6	12300
1127	22500	77000	0.4	7700
1128	22500	123000	0.6	12300
1129	22500	77000	0.4	7700
1130	22600	123000	0.6	12300
1131	22600	77000	0.4	7700
1132	22600	125000	0.6	12500
1133	22600	129000	0.6	12900
1134	22600	79000	0.4	7900
1135	22700	127000	0.6	12700
1136	22700	127000	0.6	12700
1137	22700	127000	0.6	12700
1138	22700	129000	0.6	12900
1139	22700	81000	0.4	8100
1140	22800	77000	0.4	7700
1141	22800	123000	0.6	12300
1142	22800	125000	0.6	12500
1143	22800	127000	0.6	12700
1144	22800	125000	0.6	12500
1145	22900	129000	0.6	12900
1146	22900	77000	0.4	7700
1147	22900	77000	0.4	7700
1148	22900	123000	0.6	12300
1149	22900	79000	0.4	7900
1150	23000	135000	0.6	13500
1151	23000	77000	0.4	7700
1152	23000	125000	0.6	12500
1153	23000	135000	0.6	13500
1154	23000	125000	0.6	12500
1155	23100	135000	0.6	13500
1156	23100	75000	0.4	7500
1157	23100	135000	0.6	13500
1158	23100	81000	0.4	8100
1159	23100	127000	0.6	12700
1160	23200	135000	0.6	13500
1161	23200	135000	0.6	13500
1162	23200	79000	0.4	7900
1163	23200	79000	0.4	7900
1164	23200	129000	0.6	12900
1165	23300	125000	0.6	12500
1166	23300	135000	0.6	13500
1167	23300	135000	0.6	13500
1168	23300	83000	0.4	8300
1169	23300	123000	0.6	12300
1170	23400	79000	0.4	7900
1171	23400	77000	0.4	7700
1172	23400	123000	0.6	12300
1173	23400	75000	0.4	7500
1174	23400	129000	0.6	12900
1175	23500	79000	0.4	7900
1176	23500	135000	0.6	13500
1177	23500	125000	0.6	12500
1178	23500	75000	0.4	7500
1179	23500	127000	0.6	12700
1180	23600	79000	0.4	7900
1181	23600	77000	0.4	7700
1182	23600	75000	0.4	7500
1183	23600	127000	0.6	12700
1184	23600	129000	0.6	12900
1185	23700	81000	0.4	8100
1186	23700	83000	0.4	8300
1187	23700	135000	0.6	13500
1188	23700	127000	0.6	12700
1189	23700	135000	0.6	13500
1190	23800	81000	0.4	8100
1191	23800	77000	0.4	7700
1192	23800	125000	0.6	12500
1193	23800	129000	0.6	12900
1194	23800	79000	0.4	7900
1195	23900	81000	0.4	8100
1196	23900	125000	0.6	12500
1197	23900	127000	0.6	12700
1198	23900	83000	0.4	8300
1199	23900	79000	0.4	7900
1200	24000	125000	0.6	12500
1201	24000	79000	0.4	7900
1202	24000	83000	0.4	8300
1203	24000	83000	0.4	8300
1204	24000	83000	0.4	8300
1205	24100	75000	0.4	7500
1206	24100	123000	0.6	12300
1207	24100	81000	0.4	8100
1208	24100	81000	0.4	8100
1209	24100	77000	0.4	7700
1210	24200	79000	0.4	7900
1211	24200	81000	0.4	8100
1212	24200	135000	0.6	13500
1213	24200	129000	0.6	12900
1214	24200	79000	0.4	7900
1215	24300	127000	0.6	12700
1216	24300	123000	0.6	12300
1217	24300	77000	0.4	7700
1218	24300	79000	0.4	7900
1219	24300	127000	0.6	12700
1220	24400	123000	0.6	12300
1221	24400	79000	0.4	7900
1222	24400	125000	0.6	12500
1223	24400	125000	0.6	12500
1224	24400	79000	0.4	7900
1225	24500	135000	0.6	13500
1226	24500	75000	0.4	7500
1227	24500	83000	0.4	8300
1228	24500	129000	0.6	12900
1229	24500	123000	0.6	12300
1230	24600	75000	0.4	7500
1231	24600	75000	0.4	7500
1232	24600	123000	0.6	12300
1233	24600	125000	0.6	12500
1234	24600	129000	0.6	12900
1235	24700	79000	0.4	7900
1236	24700	129000	0.6	12900
1237	24700	83000	0.4	8300
1238	24700	83000	0.4	8300
1239	24700	127000	0.6	12700
1240	24800	129000	0.6	12900
1241	24800	83000	0.4	8300
1242	24800	81000	0.4	8100
1243	24800	83000	0.4	8300
1244	24800	127000	0.6	12700
1245	24900	81000	0.4	8100
1246	24900	83000	0.4	8300
1247	24900	77000	0.4	7700
1248	24900	77000	0.4	7700
1249	24900	125000	0.6	12500
1250	25000	77000	0.4	7700
1251	25000	129000	0.6	12900
1252	25000	77000	0.4	7700
1253	25000	81000	0.4	8100
1254	25000	83000	0.4	8300
1255	25100	79000	0.4	7900
1256	25100	81000	0.4	8100
1257	25100	77000	0.4	7700
1258	25100	129000	0.6	12900
1259	25100	77000	0.4	7700
1260	25200	135000	0.6	13500
1261	25200	127000	0.6	12700
1262	25200	125000	0.6	12500
1263	25200	83000	0.4	8300
1264	25200	79000	0.4	7900
1265	25300	129000	0.6	12900
1266	25300	83000	0.4	8300
1267	25300	81000	0.4	8100
1268	25300	135000	0.6	13500
1269	25300	77000	0.4	7700
1270	25400	81000	0.4	8100
1271	25400	129000	0.6	12900
1272	25400	123000	0.6	12300
1273	25400	135000	0.6	13500
1274	25400	127000	0.6	12700
1275	25500	135000	0.6	13500
1276	25500	125000	0.6	12500
1277	25500	127000	0.6	12700
1278	25500	127000	0.6	12700
1279	25500	81000	0.4	8100
1280	25600	125000	0.6	12500
1281	25600	129000	0.6	12900
1282	25600	81000	0.4	8100
1283	25600	79000	0.4	7900
1284	25600	135000	0.6	13500
1285	25700	135000	0.6	13500
1286	25700	129000	0.6	12900
1287	25700	79000	0.4	7900
1288	25700	127000	0.6	12700
1289	25700	129000	0.6	12900
1290	25800	123000	0.6	12300
1291	25800	81000	0.4	8100
1292	25800	77000	0.4	7700
1293	25800	83000	0.4	8300
1294	25800	127000	0.6	12700
1295	25900	135000	0.6	13500
1296	25900	77000	0.4	7700
1297	25900	77000	0.4	7700
1298	25900	77000	0.4	7700
1299	25900	129000	0.6	12900
1300	26000	77000	0.4	7700
1301	26000	135000	0.6	13500
1302	26000	127000	0.6	12700
1303	26000	77000	0.4	7700
1304	26000	127000	0.6	12700
1305	26100	75000	0.4	7500
1306	26100	79000	0.4	7900
1307	26100	135000	0.6	13500
1308	26100	125000	0.6	12500
1309	26100	125000	0.6	12500
1310	26200	129000	0.6	12900
1311	26200	127000	0.6	12700
1312	26200	75000	0.4	7500
1313	26200	83000	0.4	8300
1314	26200	77000	0.4	7700
1315	26300	127000	0.6	12700
1316	26300	75000	0.4	7500
1317	26300	75000	0.4	7500
1318	26300	77000	0.4	7700
1319	26300	127000	0.6	12700
1320	26400	81000	0.4	8100
1321	26400	135000	0.6	13500
1322	26400	125000	0.6	12500
1323	26400	79000	0.4	7900
1324	26400	83000	0.4	8300
1325	26500	123000	0.6	12300
1326	26500	81000	0.4	8100
1327	26500	129000	0.6	12900
1328	26500	135000	0.6	13500
1329	26500	81000	0.4	8100
1330	26600	75000	0.4	7500
1331	26600	123000	0.6	12300
1332	26600	81000	0.4	8100
1333	26600	123000	0.6	12300
1334	26600	75000	0.4	7500
1335	26700	135000	0.6	13500
1336	26700	77000	0.4	7700
1337	26700	123000	0.6	12300
1338	26700	79000	0.4	7900
1339	26700	83000	0.4	8300
1340	26800	77000	0.4	7700
1341	26800	125000	0.6	12500
1342	26800	135000	0.6	13500
1343	26800	125000	0.6	12500
1344	26800	135000	0.6	13500
1345	26900	135000	0.6	13500
1346	26900	135000	0.6	13500
1347	26900	77000	0.4	7700
1348	26900	83000	0.4	8300
1349	26900	79000	0.4	7900
1350	27000	135000	0.6	13500
1351	27000	125000	0.6	12500
1352	27000	81000	0.4	8100
1353	27000	129000	0.6	12900
1354	27000	79000	0.4	7900
1355	27100	129000	0.6	12900
1356	27100	125000	0.6	12500
1357	27100	135000	0.6	13500
1358	27100	125000	0.6	12500
1359	27100	81000	0.4	8100
1360	27200	79000	0.4	7900
1361	27200	83000	0.4	8300
1362	27200	83000	0.4	8300
1363	27200	75000	0.4	7500
1364	27200	127000	0.6	12700
1365	27300	83000	0.4	8300
1366	27300	75000	0.4	7500
1367	27300	75000	0.4	7500
1368	27300	123000	0.6	12300
1369	27300	135000	0.6	13500
1370	27400	79000	0.4	7900
1371	27400	79000	0.4	7900
1372	27400	79000	0.4	7900
1373	27400	81000	0.4	8100
1374	27400	77000	0.4	7700
1375	27500	75000	0.4	7500
1376	27500	79000	0.4	7900
1377	27500	135000	0.6	13500
1378	27500	123000	0.6	12300
1379	27500	77000	0.4	7700
1380	27600	81000	0.4	8100
1381	27600	83000	0.4	8300
1382	27600	79000	0.4	7900
1383	27600	79000	0.4	7900
1384	27600	77000	0.4	7700
1385	27700	127000	0.6	12700
1386	27700	77000	0.4	7700
1387	27700	79000	0.4	7900
1388	27700	83000	0.4	8300
1389	27700	125000	0.6	12500
1390	27800	77000	0.4	7700
1391	27800	129000	0.6	12900
1392	27800	83000	0.4	8300
1393	27800	75000	0.4	7500
1394	27800	127000	0.6	12700
1395	27900	75000	0.4	7500
1396	27900	125000	0.6	12500
1397	27900	79000	0.4	7900
1398	27900	127000	0.6	12700
1399	27900	127000	0.6	12700
1400	28000	79000	0.4	7900
1401	28000	83000	0.4	8300
1402	28000	79000	0.4	7900
1403	28000	129000	0.6	12900
1404	28000	83000	0.4	8300
1405	28100	129000	0.6	12900
1406	28100	83000	0.4	8300
1407	28100	123000	0.6	12300
1408	28100	129000	0.6	12900
1409	28100	125000	0.6	12500
1410	28200	77000	0.4	7700
1411	28200	77000	0.4	7700
1412	28200	123000	0.6	12300
1413	28200	129000	0.6	12900
1414	28200	79000	0.4	7900
1415	28300	79000	0.4	7900
1416	28300	83000	0.4	8300
1417	28300	123000	0.6	12300
1418	28300	129000	0.6	12900
1419	28300	127000	0.6	12700
1420	28400	75000	0.4	7500
1421	28400	79000	0.4	7900
1422	28400	77000	0.4	7700
1423	28400	75000	0.4	7500
1424	28400	83000	0.4	8300
1425	28500	75000	0.4	7500
1426	28500	81000	0.4	8100
1427	28500	125000	0.6	12500
1428	28500	123000	0.6	12300
1429	28500	123000	0.6	12300
1430	28600	123000	0.6	12300
1431	28600	123000	0.6	12300
1432	28600	135000	0.6	13500
1433	28600	135000	0.6	13500
1434	28600	77000	0.4	7700
1435	28700	77000	0.4	7700
1436	28700	129000	0.6	12900
1437	28700	129000	0.6	12900
1438	28700	83000	0.4	8300
1439	28700	81000	0.4	8100
1440	28800	75000	0.4	7500
1441	28800	135000	0.6	13500
1442	28800	125000	0.6	12500
1443	28800	129000	0.6	12900
1444	28800	79000	0.4	7900
1445	28900	125000	0.6	12500
1446	28900	83000	0.4	8300
1447	28900	135000	0.6	13500
1448	28900	81000	0.4	8100
1449	28900	75000	0.4	7500
1450	29000	127000	0.6	12700
1451	29000	135000	0.6	13500
1452	29000	75000	0.4	7500
1453	29000	83000	0.4	8300
1454	29000	75000	0.4	7500
1455	29100	125000	0.6	12500
1456	29100	83000	0.4	8300
1457	29100	123000	0.6	12300
1458	29100	81000	0.4	8100
1459	29100	125000	0.6	12500
1460	29200	123000	0.6	12300
1461	29200	75000	0.4	7500
1462	29200	79000	0.4	7900
1463	29200	123000	0.6	12300
1464	29200	135000	0.6	13500
1465	29300	81000	0.4	8100
1466	29300	135000	0.6	13500
1467	29300	75000	0.4	7500
1468	29300	79000	0.4	7900
1469	29300	127000	0.6	12700
1470	29400	123000	0.6	12300
1471	29400	123000	0.6	12300
1472	29400	75000	0.4	7500
1473	29400	79000	0.4	7900
1474	29400	129000	0.6	12900
1475	29500	123000	0.6	12300
1476	29500	123000	0.6	12300
1477	29500	125000	0.6	12500
1478	29500	127000	0.6	12700
1479	29500	75000	0.4	7500
1480	29600	125000	0.6	12500
1481	29600	125000	0.6	12500
1482	29600	125000	0.6	12500
1483	29600	79000	0.4	7900
1484	29600	83000	0.4	8300
1485	29700	79000	0.4	7900
1486	29700	123000	0.6	12300
1487	29700	83000	0.4	8300
1488	29700	123000	0.6	12300
1489	29700	75000	0.4	7500
1490	29800	77000	0.4	7700
1491	29800	125000	0.6	12500
1492	29800	123000	0.6	12300
1493	29800	127000	0.6	12700
1494	29800	77000	0.4	7700
1495	29900	79000	0.4	7900
1496	29900	77000	0.4	7700
1497	29900	75000	0.4	7500
1498	29900	75000	0.4	7500
1499	29900	123000	0.6	12300
1500	30000	129000	0.6	12900
1501	30000	79000	0.4	7900
1502	30000	77000	0.4	7700
1503	30000	127000	0.6	12700
1504	30000	123000	0.6	12300
1505	30100	135000	0.6	13500
1506	30100	127000	0.6	12700
1507	30100	75000	0.4	7500
1508	30100	75000	0.4	7500
1509	30100	135000	0.6	13500
1510	30200	83000	0.4	8300
1511	30200	129000	0.6	12900
1512	30200	123000	0.6	12300
1513	30200	79000	0.4	7900
1514	30200	135000	0.6	13500
1515	30300	83000	0.4	8300
1516	30300	77000	0.4	7700
1517	30300	79000	0.4	7900
1518	30300	123000	0.6	12300
1519	30300	127000	0.6	12700
1520	30400	129000	0.6	12900
1521	30400	83000	0.4	8300
1522	30400	75000	0.4	7500
1523	30400	129000	0.6	12900
1524	30400	129000	0.6	12900
1525	30500	125000	0.6	12500
1526	30500	81000	0.4	8100
1527	30500	81000	0.4	8100
1528	30500	127000	0.6	12700
1529	30500	135000	0.6	13500
1530	30600	75000	0.4	7500
1531	30600	125000	0.6	12500
1532	30600	75000	0.4	7500
1533	30600	129000	0.6	12900
1534	30600	129000	0.6	12900
1535	30700	135000	0.6	13500
1536	30700	81000	0.4	8100
1537	30700	135000	0.6	13500
1538	30700	83000	0.4	8300
1539	30700	125000	0.6	12500
1540	30800	75000	0.4	7500
1541	30800	83000	0.4	8300
1542	30800	125000	0.6	12500
1543	30800	79000	0.4	7900
1544	30800	129000	0.6	12900
1545	30900	127000	0.6	12700
1546	30900	129000	0.6	12900
1547	30900	125000	0.6	12500
1548	30900	75000	0.4	7500
1549	30900	135000	0.6	13500
1550	31000	127000	0.6	12700
1551	31000	77000	0.4	7700
1552	31000	135000	0.6	13500
1553	31000	127000	0.6	12700
1554	31000	75000	0.4	7500
1555	31100	127000	0.6	12700
1556	31100	75000	0.4	7500
1557	31100	77000	0.4	7700
1558	31100	81000	0.4	8100
1559	31100	81000	0.4	8100
1560	31200	129000	0.6	12900
1561	31200	75000	0.4	7500
1562	31200	123000	0.6	12300
1563	31200	75000	0.4	7500
1564	31200	129000	0.6	12900
1565	31300	79000	0.4	7900
1566	31300	75000	0.4	7500
1567	31300	75000	0.4	7500
1568	31300	129000	0.6	12900
1569	31300	123000	0.6	12300
1570	31400	129000	0.6	12900
1571	31400	129000	0.6	12900
1572	31400	125000	0.6	12500
1573	31400	135000	0.6	13500
1574	31400	123000	0.6	12300
1575	31500	127000	0.6	12700
1576	31500	129000	0.6	12900
1577	31500	135000	0.6	13500
1578	31500	127000	0.6	12700
1579	31500	83000	0.4	8300
1580	31600	135000	0.6	13500
1581	31600	81000	0.4	8100
1582	31600	123000	0.6	12300
1583	31600	127000	0.6	12700
1584	31600	77000	0.4	7700
1585	31700	125000	0.6	12500
1586	31700	123000	0.6	12300
1587	31700	83000	0.4	8300
1588	31700	75000	0.4	7500
1589	31700	135000	0.6	13500
1590	31800	77000	0.4	7700
1591	31800	135000	0.6	13500
1592	31800	81000	0.4	8100
1593	31800	123000	0.6	12300
1594	31800	83000	0.4	8300
1595	31900	125000	0.6	12500
1596	31900	127000	0.6	12700
1597	31900	123000	0.6	12300
1598	31900	123000	0.6	12300
1599	31900	81000	0.4	8100
1600	32000	125000	0.6	12500
1601	32000	129000	0.6	12900
1602	32000	123000	0.6	12300
1603	32000	127000	0.6	12700
1604	32000	129000	0.6	12900
1605	32100	75000	0.4	7500
1606	32100	77000	0.4	7700
1607	32100	123000	0.6	12300
1608	32100	81000	0.4	8100
1609	32100	83000	0.4	8300
1610	32200	123000	0.6	12300
1611	32200	75000	0.4	7500
1612	32200	79000	0.4	7900
1613	32200	83000	0.4	8300
1614	32200	79000	0.4	7900
1615	32300	129000	0.6	12900
1616	32300	125000	0.6	12500
1617	32300	123000	0.6	12300
1618	32300	123000	0.6	12300
1619	32300	127000	0.6	12700
1620	32400	123000	0.6	12300
1621	32400	127000	0.6	12700
1622	32400	127000	0.6	12700
1623	32400	79000	0.4	7900
1624	32400	77000	0.4	7700
1625	32500	75000	0.4	7500
1626	32500	135000	0.6	13500
1627	32500	83000	0.4	8300
1628	32500	127000	0.6	12700
1629	32500	75000	0.4	7500
1630	32600	127000	0.6	12700
1631	32600	81000	0.4	8100
1632	32600	75000	0.4	7500
1633	32600	75000	0.4	7500
1634	32600	129000	0.6	12900
1635	32700	75000	0.4	7500
1636	32700	77000	0.4	7700
1637	32700	127000	0.6	12700
1638	32700	75000	0.4	7500
1639	32700	123000	0.6	12300
1640	32800	81000	0.4	8100
1641	32800	79000	0.4	7900
1642	32800	81000	0.4	8100
1643	32800	79000	0.4	7900
1644	32800	77000	0.4	7700
1645	32900	83000	0.4	8300
1646	32900	79000	0.4	7900
1647	32900	83000	0.4	8300
1648	32900	135000	0.6	13500
1649	32900	77000	0.4	7700
1650	33000	79000	0.4	7900
1651	33000	79000	0.4	7900
1652	33000	83000	0.4	8300
1653	33000	75000	0.4	7500
1654	33000	81000	0.4	8100
1655	33100	127000	0.6	12700
1656	33100	125000	0.6	12500
1657	33100	79000	0.4	7900
1658	33100	123000	0.6	12300
1659	33100	79000	0.4	7900
1660	33200	83000	0.4	8300
1661	33200	127000	0.6	12700
1662	33200	123000	0.6	12300
1663	33200	81000	0.4	8100
1664	33200	83000	0.4	8300
1665	33300	79000	0.4	7900
1666	33300	79000	0.4	7900
1667	33300	135000	0.6	13500
1668	33300	79000	0.4	7900
1669	33300	129000	0.6	12900
1670	33400	75000	0.4	7500
1671	33400	125000	0.6	12500
1672	33400	75000	0.4	7500
1673	33400	127000	0.6	12700
1674	33400	135000	0.6	13500
1675	33500	83000	0.4	8300
1676	33500	125000	0.6	12500
1677	33500	125000	0.6	12500
1678	33500	135000	0.6	13500
1679	33500	75000	0.4	7500
1680	33600	135000	0.6	13500
1681	33600	81000	0.4	8100
1682	33600	135000	0.6	13500
1683	33600	127000	0.6	12700
1684	33600	129000	0.6	12900
1685	33700	81000	0.4	8100
1686	33700	125000	0.6	12500
1687	33700	81000	0.4	8100
1688	33700	135000	0.6	13500
1689	33700	83000	0.4	8300
1690	33800	127000	0.6	12700
1691	33800	77000	0.4	7700
1692	33800	127000	0.6	12700
1693	33800	129000	0.6	12900
1694	33800	135000	0.6	13500
1695	33900	127000	0.6	12700
1696	33900	75000	0.4	7500
1697	33900	127000	0.6	12700
1698	33900	123000	0.6	12300
1699	33900	81000	0.4	8100
1700	34000	83000	0.4	8300
1701	34000	75000	0.4	7500
1702	34000	81000	0.4	8100
1703	34000	123000	0.6	12300
1704	34000	77000	0.4	7700
1705	34100	77000	0.4	7700
1706	34100	123000	0.6	12300
1707	34100	81000	0.4	8100
1708	34100	77000	0.4	7700
1709	34100	125000	0.6	12500
1710	34200	135000	0.6	13500
1711	34200	75000	0.4	7500
1712	34200	123000	0.6	12300
1713	34200	123000	0.6	12300
1714	34200	81000	0.4	8100
1715	34300	129000	0.6	12900
1716	34300	79000	0.4	7900
1717	34300	81000	0.4	8100
1718	34300	83000	0.4	8300
1719	34300	123000	0.6	12300
1720	34400	79000	0.4	7900
1721	34400	125000	0.6	12500
1722	34400	83000	0.4	8300
1723	34400	83000	0.4	8300
1724	34400	77000	0.4	7700
1725	34500	123000	0.6	12300
1726	34500	127000	0.6	12700
1727	34500	123000	0.6	12300
1728	34500	83000	0.4	8300
1729	34500	123000	0.6	12300
1730	34600	129000	0.6	12900
1731	34600	81000	0.4	8100
1732	34600	77000	0.4	7700
1733	34600	127000	0.6	12700
1734	34600	123000	0.6	12300
1735	34700	125000	0.6	12500
1736	34700	77000	0.4	7700
1737	34700	125000	0.6	12500
1738	34700	123000	0.6	12300
1739	34700	127000	0.6	12700
1740	34800	75000	0.4	7500
1741	34800	83000	0.4	8300
1742	34800	79000	0.4	7900
1743	34800	75000	0.4	7500
1744	34800	125000	0.6	12500
1745	34900	83000	0.4	8300
1746	34900	125000	0.6	12500
1747	34900	77000	0.4	7700
1748	34900	127000	0.6	12700
1749	34900	75000	0.4	7500
1750	35000	81000	0.4	8100
1751	35000	127000	0.6	12700
1752	35000	125000	0.6	12500
1753	35000	123000	0.6	12300
1754	35000	81000	0.4	8100
1755	35100	75000	0.4	7500
1756	35100	83000	0.4	8300
1757	35100	79000	0.4	7900
1758	35100	129000	0.6	12900
1759	35100	135000	0.6	13500
1760	35200	83000	0.4	8300
1761	35200	127000	0.6	12700
1762	35200	83000	0.4	8300
1763	35200	81000	0.4	8100
1764	35200	75000	0.4	7500
1765	35300	123000	0.6	12300
1766	35300	79000	0.4	7900
1767	35300	75000	0.4	7500
1768	35300	129000	0.6	12900
1769	35300	83000	0.4	8300
1770	35400	125000	0.6	12500
1771	35400	125000	0.6	12500
1772	35400	79000	0.4	7900
1773	35400	83000	0.4	8300
1774	35400	77000	0.4	7700
1775	35500	135000	0.6	13500
1776	35500	75000	0.4	7500
1777	35500	129000	0.6	12900
1778	35500	75000	0.4	7500
1779	35500	75000	0.4	7500
1780	35600	123000	0.6	12300
1781	35600	75000	0.4	7500
1782	35600	75000	0.4	7500
1783	35600	135000	0.6	13500
1784	35600	123000	0.6	12300
1785	35700	83000	0.4	8300
1786	35700	125000	0.6	12500
1787	35700	75000	0.4	7500
1788	35700	79000	0.4	7900
1789	35700	83000	0.4	8300
1790	35800	127000	0.6	12700
1791	35800	125000	0.6	12500
1792	35800	77000	0.4	7700
1793	35800	129000	0.6	12900
1794	35800	79000	0.4	7900
1795	35900	79000	0.4	7900
1796	35900	125000	0.6	12500
1797	35900	75000	0.4	7500
1798	35900	123000	0.6	12300
1799	35900	77000	0.4	7700
1800	36000	127000	0.6	12700
1801	36000	83000	0.4	8300
1802	36000	135000	0.6	13500
1803	36000	125000	0.6	12500
1804	36000	123000	0.6	12300
1805	36100	81000	0.4	8100
1806	36100	79000	0.4	7900
1807	36100	125000	0.6	12500
1808	36100	81000	0.4	8100
1809	36100	125000	0.6	12500
1810	36200	79000	0.4	7900
1811	36200	83000	0.4	8300
1812	36200	135000	0.6	13500
1813	36200	135000	0.6	13500
1814	36200	75000	0.4	7500
1815	36300	125000	0.6	12500
1816	36300	129000	0.6	12900
1817	36300	135000	0.6	13500
1818	36300	123000	0.6	12300
1819	36300	83000	0.4	8300
1820	36400	81000	0.4	8100
1821	36400	79000	0.4	7900
1822	36400	125000	0.6	12500
1823	36400	77000	0.4	7700
1824	36400	125000	0.6	12500
1825	36500	123000	0.6	12300
1826	36500	79000	0.4	7900
1827	36500	81000	0.4	8100
1828	36500	77000	0.4	7700
1829	36500	79000	0.4	7900
1830	36600	83000	0.4	8300
1831	36600	127000	0.6	12700
1832	36600	123000	0.6	12300
1833	36600	81000	0.4	8100
1834	36600	129000	0.6	12900
1835	36700	81000	0.4	8100
1836	36700	127000	0.6	12700
1837	36700	83000	0.4	8300
1838	36700	123000	0.6	12300
1839	36700	127000	0.6	12700
1840	36800	81000	0.4	8100
1841	36800	79000	0.4	7900
1842	36800	127000	0.6	12700
1843	36800	77000	0.4	7700
1844	36800	125000	0.6	12500
1845	36900	79000	0.4	7900
1846	36900	75000	0.4	7500
1847	36900	75000	0.4	7500
1848	36900	127000	0.6	12700
1849	36900	77000	0.4	7700
1850	37000	129000	0.6	12900
1851	37000	135000	0.6	13500
1852	37000	83000	0.4	8300
1853	37000	77000	0.4	7700
1854	37000	79000	0.4	7900
1855	37100	129000	0.6	12900
1856	37100	127000	0.6	12700
1857	37100	79000	0.4	7900
1858	37100	75000	0.4	7500
1859	37100	123000	0.6	12300
1860	37200	127000	0.6	12700
1861	37200	135000	0.6	13500
1862	37200	129000	0.6	12900
1863	37200	77000	0.4	7700
1864	37200	83000	0.4	8300
1865	37300	83000	0.4	8300
1866	37300	83000	0.4	8300
1867	37300	79000	0.4	7900
1868	37300	127000	0.6	12700
1869	37300	129000	0.6	12900
1870	37400	81000	0.4	8100
1871	37400	129000	0.6	12900
1872	37400	135000	0.6	13500
1873	37400	135000	0.6	13500
1874	37400	83000	0.4	8300
1875	37500	81000	0.4	8100
1876	37500	129000	0.6	12900
1877	37500	125000	0.6	12500
1878	37500	127000	0.6	12700
1879	37500	123000	0.6	12300
1880	37600	77000	0.4	7700
1881	37600	81000	0.4	8100
1882	37600	129000	0.6	12900
1883	37600	79000	0.4	7900
1884	37600	83000	0.4	8300
1885	37700	129000	0.6	12900
1886	37700	135000	0.6	13500
1887	37700	127000	0.6	12700
1888	37700	75000	0.4	7500
1889	37700	77000	0.4	7700
1890	37800	125000	0.6	12500
1891	37800	129000	0.6	12900
1892	37800	125000	0.6	12500
1893	37800	83000	0.4	8300
1894	37800	125000	0.6	12500
1895	37900	75000	0.4	7500
1896	37900	75000	0.4	7500
1897	37900	123000	0.6	12300
1898	37900	123000	0.6	12300
1899	37900	75000	0.4	7500
1900	38000	81000	0.4	8100
1901	38000	127000	0.6	12700
1902	38000	81000	0.4	8100
1903	38000	127000	0.6	12700
1904	38000	129000	0.6	12900
1905	38100	75000	0.4	7500
1906	38100	79000	0.4	7900
1907	38100	135000	0.6	13500
1908	38100	75000	0.4	7500
1909	38100	125000	0.6	12500
1910	38200	81000	0.4	8100
1911	38200	123000	0.6	12300
1912	38200	77000	0.4	7700
1913	38200	127000	0.6	12700
1914	38200	83000	0.4	8300
1915	38300	123000	0.6	12300
1916	38300	135000	0.6	13500
1917	38300	81000	0.4	8100
1918	38300	125000	0.6	12500
1919	38300	77000	0.4	7700
1920	38400	81000	0.4	8100
1921	38400	83000	0.4	8300
1922	38400	125000	0.6	12500
1923	38400	127000	0.6	12700
1924	38400	81000	0.4	8100
1925	38500	129000	0.6	12900
1926	38500	79000	0.4	7900
1927	38500	79000	0.4	7900
1928	38500	123000	0.6	12300
1929	38500	77000	0.4	7700
1930	38600	127000	0.6	12700
1931	38600	135000	0.6	13500
1932	38600	83000	0.4	8300
1933	38600	75000	0.4	7500
1934	38600	135000	0.6	13500
1935	38700	79000	0.4	7900
1936	38700	75000	0.4	7500
1937	38700	79000	0.4	7900
1938	38700	135000	0.6	13500
1939	38700	77000	0.4	7700
1940	38800	81000	0.4	8100
1941	38800	125000	0.6	12500
1942	38800	127000	0.6	12700
1943	38800	79000	0.4	7900
1944	38800	81000	0.4	8100
1945	38900	135000	0.6	13500
1946	38900	79000	0.4	7900
1947	38900	125000	0.6	12500
1948	38900	81000	0.4	8100
1949	38900	79000	0.4	7900
1950	39000	77000	0.4	7700
1951	39000	79000	0.4	7900
1952	39000	135000	0.6	13500
1953	39000	123000	0.6	12300
1954	39000	75000	0.4	7500
1955	39100	135000	0.6	13500
1956	39100	79000	0.4	7900
1957	39100	129000	0.6	12900
1958	39100	135000	0.6	13500
1959	39100	83000	0.4	8300
1960	39200	75000	0.4	7500
1961	39200	79000	0.4	7900
1962	39200	75000	0.4	7500
1963	39200	135000	0.6	13500
1964	39200	81000	0.4	8100
1965	39300	81000	0.4	8100
1966	39300	123000	0.6	12300
1967	39300	77000	0.4	7700
1968	39300	135000	0.6	13500
1969	39300	79000	0.4	7900
1970	39400	81000	0.4	8100
1971	39400	129000	0.6	12900
1972	39400	125000	0.6	12500
1973	39400	77000	0.4	7700
1974	39400	79000	0.4	7900
1975	39500	83000	0.4	8300
1976	39500	127000	0.6	12700
1977	39500	79000	0.4	7900
1978	39500	79000	0.4	7900
1979	39500	125000	0.6	12500
1980	39600	123000	0.6	12300
1981	39600	83000	0.4	8300
1982	39600	125000	0.6	12500
1983	39600	77000	0.4	7700
1984	39600	135000	0.6	13500
1985	39700	75000	0.4	7500
1986	39700	129000	0.6	12900
1987	39700	125000	0.6	12500
1988	39700	83000	0.4	8300
1989	39700	79000	0.4	7900
1990	39800	135000	0.6	13500
1991	39800	81000	0.4	8100
1992	39800	75000	0.4	7500
1993	39800	125000	0.6	12500
1994	39800	123000	0.6	12300
1995	39900	127000	0.6	12700
1996	39900	77000	0.4	7700
1997	39900	81000	0.4	8100
1998	39900	129000	0.6	12900
1999	39900	123000	0.6	12300
