0	0	115000	0.6	11500
1	0	117000	0.6	11700
2	0	117000	0.6	11700
3	0	115000	0.6	11500
4	0	115000	0.6	11500
5	100	109000	0.6	10900
6	100	115000	0.6	11500
7	100	89000	0.4	8900
8	100	111000	0.6	11100
9	100	87000	0.4	8700
10	200	113000	0.6	11300
11	200	111000	0.6	11100
12	200	87000	0.4	8700
13	200	91000	0.4	9100
14	200	85000	0.4	8500
15	300	89000	0.4	8900
16	300	109000	0.6	10900
17	300	91000	0.4	9100
18	300	113000	0.6	11300
19	300	111000	0.6	11100
20	400	89000	0.4	8900
21	400	85000	0.4	8500
22	400	111000	0.6	11100
23	400	91000	0.4	9100
24	400	85000	0.4	8500
25	500	115000	0.6	11500
26	500	111000	0.6	11100
27	500	93000	0.4	9300
28	500	89000	0.4	8900
29	500	89000	0.4	8900
30	600	115000	0.6	11500
31	600	109000	0.6	10900
32	600	87000	0.4	8700
33	600	111000	0.6	11100
34	600	87000	0.4	8700
35	700	85000	0.4	8500
36	700	115000	0.6	11500
37	700	93000	0.4	9300
38	700	109000	0.6	10900
39	700	117000	0.6	11700
40	800	85000	0.4	8500
41	800	87000	0.4	8700
42	800	115000	0.6	11500
43	800	93000	0.4	9300
44	800	109000	0.6	10900
45	900	117000	0.6	11700
46	900	113000	0.6	11300
47	900	91000	0.4	9100
48	900	117000	0.6	11700
49	900	111000	0.6	11100
50	1000	93000	0.4	9300
51	1000	91000	0.4	9100
52	1000	85000	0.4	8500
53	1000	109000	0.6	10900
54	1000	87000	0.4	8700
55	1100	87000	0.4	8700
56	1100	115000	0.6	11500
57	1100	85000	0.4	8500
58	1100	89000	0.4	8900
59	1100	93000	0.4	9300
60	1200	111000	0.6	11100
61	1200	91000	0.4	9100
62	1200	87000	0.4	8700
63	1200	117000	0.6	11700
64	1200	113000	0.6	11300
65	1300	115000	0.6	11500
66	1300	93000	0.4	9300
67	1300	117000	0.6	11700
68	1300	113000	0.6	11300
69	1300	113000	0.6	11300
70	1400	109000	0.6	10900
71	1400	113000	0.6	11300
72	1400	109000	0.6	10900
73	1400	115000	0.6	11500
74	1400	89000	0.4	8900
75	1500	117000	0.6	11700
76	1500	113000	0.6	11300
77	1500	93000	0.4	9300
78	1500	93000	0.4	9300
79	1500	115000	0.6	11500
80	1600	115000	0.6	11500
81	1600	109000	0.6	10900
82	1600	91000	0.4	9100
83	1600	113000	0.6	11300
84	1600	87000	0.4	8700
85	1700	91000	0.4	9100
86	1700	115000	0.6	11500
87	1700	93000	0.4	9300
88	1700	111000	0.6	11100
89	1700	115000	0.6	11500
90	1800	89000	0.4	8900
91	1800	109000	0.6	10900
92	1800	115000	0.6	11500
93	1800	93000	0.4	9300
94	1800	89000	0.4	8900
95	1900	109000	0.6	10900
96	1900	113000	0.6	11300
97	1900	89000	0.4	8900
98	1900	85000	0.4	8500
99	1900	117000	0.6	11700
100	2000	89000	0.4	8900
101	2000	109000	0.6	10900
102	2000	113000	0.6	11300
103	2000	85000	0.4	8500
104	2000	109000	0.6	10900
105	2100	89000	0.4	8900
106	2100	93000	0.4	9300
107	2100	93000	0.4	9300
108	2100	93000	0.4	9300
109	2100	93000	0.4	9300
110	2200	113000	0.6	11300
111	2200	89000	0.4	8900
112	2200	109000	0.6	10900
113	2200	87000	0.4	8700
114	2200	89000	0.4	8900
115	2300	89000	0.4	8900
116	2300	109000	0.6	10900
117	2300	109000	0.6	10900
118	2300	111000	0.6	11100
119	2300	93000	0.4	9300
120	2400	109000	0.6	10900
121	2400	113000	0.6	11300
122	2400	109000	0.6	10900
123	2400	117000	0.6	11700
124	2400	115000	0.6	11500
125	2500	113000	0.6	11300
126	2500	117000	0.6	11700
127	2500	85000	0.4	8500
128	2500	113000	0.6	11300
129	2500	111000	0.6	11100
130	2600	109000	0.6	10900
131	2600	91000	0.4	9100
132	2600	117000	0.6	11700
133	2600	91000	0.4	9100
134	2600	87000	0.4	8700
135	2700	89000	0.4	8900
136	2700	91000	0.4	9100
137	2700	93000	0.4	9300
138	2700	93000	0.4	9300
139	2700	89000	0.4	8900
140	2800	87000	0.4	8700
141	2800	87000	0.4	8700
142	2800	91000	0.4	9100
143	2800	87000	0.4	8700
144	2800	115000	0.6	11500
145	2900	117000	0.6	11700
146	2900	115000	0.6	11500
147	2900	111000	0.6	11100
148	2900	109000	0.6	10900
149	2900	109000	0.6	10900
150	3000	113000	0.6	11300
151	3000	93000	0.4	9300
152	3000	89000	0.4	8900
153	3000	115000	0.6	11500
154	3000	85000	0.4	8500
155	3100	115000	0.6	11500
156	3100	85000	0.4	8500
157	3100	87000	0.4	8700
158	3100	113000	0.6	11300
159	3100	93000	0.4	9300
160	3200	91000	0.4	9100
161	3200	85000	0.4	8500
162	3200	109000	0.6	10900
163	3200	93000	0.4	9300
164	3200	113000	0.6	11300
165	3300	117000	0.6	11700
166	3300	85000	0.4	8500
167	3300	111000	0.6	11100
168	3300	85000	0.4	8500
169	3300	87000	0.4	8700
170	3400	91000	0.4	9100
171	3400	109000	0.6	10900
172	3400	115000	0.6	11500
173	3400	115000	0.6	11500
174	3400	87000	0.4	8700
175	3500	93000	0.4	9300
176	3500	115000	0.6	11500
177	3500	117000	0.6	11700
178	3500	109000	0.6	10900
179	3500	109000	0.6	10900
180	3600	91000	0.4	9100
181	3600	87000	0.4	8700
182	3600	115000	0.6	11500
183	3600	109000	0.6	10900
184	3600	115000	0.6	11500
185	3700	91000	0.4	9100
186	3700	115000	0.6	11500
187	3700	93000	0.4	9300
188	3700	93000	0.4	9300
189	3700	85000	0.4	8500
190	3800	87000	0.4	8700
191	3800	117000	0.6	11700
192	3800	115000	0.6	11500
193	3800	113000	0.6	11300
194	3800	117000	0.6	11700
195	3900	89000	0.4	8900
196	3900	93000	0.4	9300
197	3900	85000	0.4	8500
198	3900	109000	0.6	10900
199	3900	109000	0.6	10900
200	4000	87000	0.4	8700
201	4000	85000	0.4	8500
202	4000	111000	0.6	11100
203	4000	109000	0.6	10900
204	4000	115000	0.6	11500
205	4100	93000	0.4	9300
206	4100	113000	0.6	11300
207	4100	115000	0.6	11500
208	4100	109000	0.6	10900
209	4100	117000	0.6	11700
210	4200	93000	0.4	9300
211	4200	109000	0.6	10900
212	4200	115000	0.6	11500
213	4200	111000	0.6	11100
214	4200	93000	0.4	9300
215	4300	93000	0.4	9300
216	4300	113000	0.6	11300
217	4300	115000	0.6	11500
218	4300	115000	0.6	11500
219	4300	91000	0.4	9100
220	4400	113000	0.6	11300
221	4400	89000	0.4	8900
222	4400	91000	0.4	9100
223	4400	115000	0.6	11500
224	4400	115000	0.6	11500
225	4500	111000	0.6	11100
226	4500	91000	0.4	9100
227	4500	85000	0.4	8500
228	4500	85000	0.4	8500
229	4500	91000	0.4	9100
230	4600	117000	0.6	11700
231	4600	115000	0.6	11500
232	4600	91000	0.4	9100
233	4600	115000	0.6	11500
234	4600	115000	0.6	11500
235	4700	113000	0.6	11300
236	4700	91000	0.4	9100
237	4700	115000	0.6	11500
238	4700	113000	0.6	11300
239	4700	87000	0.4	8700
240	4800	111000	0.6	11100
241	4800	113000	0.6	11300
242	4800	113000	0.6	11300
243	4800	93000	0.4	9300
244	4800	93000	0.4	9300
245	4900	111000	0.6	11100
246	4900	115000	0.6	11500
247	4900	93000	0.4	9300
248	4900	91000	0.4	9100
249	4900	89000	0.4	8900
250	5000	109000	0.6	10900
251	5000	89000	0.4	8900
252	5000	89000	0.4	8900
253	5000	87000	0.4	8700
254	5000	109000	0.6	10900
255	5100	109000	0.6	10900
256	5100	93000	0.4	9300
257	5100	93000	0.4	9300
258	5100	87000	0.4	8700
259	5100	91000	0.4	9100
260	5200	93000	0.4	9300
261	5200	117000	0.6	11700
262	5200	85000	0.4	8500
263	5200	87000	0.4	8700
264	5200	93000	0.4	9300
265	5300	93000	0.4	9300
266	5300	91000	0.4	9100
267	5300	113000	0.6	11300
268	5300	115000	0.6	11500
269	5300	111000	0.6	11100
270	5400	115000	0.6	11500
271	5400	113000	0.6	11300
272	5400	117000	0.6	11700
273	5400	111000	0.6	11100
274	5400	85000	0.4	8500
275	5500	109000	0.6	10900
276	5500	91000	0.4	9100
277	5500	93000	0.4	9300
278	5500	89000	0.4	8900
279	5500	91000	0.4	9100
280	5600	117000	0.6	11700
281	5600	89000	0.4	8900
282	5600	93000	0.4	9300
283	5600	91000	0.4	9100
284	5600	111000	0.6	11100
285	5700	111000	0.6	11100
286	5700	109000	0.6	10900
287	5700	85000	0.4	8500
288	5700	85000	0.4	8500
289	5700	87000	0.4	8700
290	5800	109000	0.6	10900
291	5800	109000	0.6	10900
292	5800	89000	0.4	8900
293	5800	109000	0.6	10900
294	5800	113000	0.6	11300
295	5900	91000	0.4	9100
296	5900	115000	0.6	11500
297	5900	89000	0.4	8900
298	5900	109000	0.6	10900
299	5900	113000	0.6	11300
300	6000	85000	0.4	8500
301	6000	109000	0.6	10900
302	6000	87000	0.4	8700
303	6000	111000	0.6	11100
304	6000	93000	0.4	9300
305	6100	113000	0.6	11300
306	6100	85000	0.4	8500
307	6100	115000	0.6	11500
308	6100	93000	0.4	9300
309	6100	115000	0.6	11500
310	6200	117000	0.6	11700
311	6200	93000	0.4	9300
312	6200	91000	0.4	9100
313	6200	87000	0.4	8700
314	6200	109000	0.6	10900
315	6300	85000	0.4	8500
316	6300	109000	0.6	10900
317	6300	89000	0.4	8900
318	6300	93000	0.4	9300
319	6300	91000	0.4	9100
320	6400	115000	0.6	11500
321	6400	87000	0.4	8700
322	6400	87000	0.4	8700
323	6400	87000	0.4	8700
324	6400	111000	0.6	11100
325	6500	113000	0.6	11300
326	6500	91000	0.4	9100
327	6500	89000	0.4	8900
328	6500	113000	0.6	11300
329	6500	85000	0.4	8500
330	6600	89000	0.4	8900
331	6600	115000	0.6	11500
332	6600	109000	0.6	10900
333	6600	91000	0.4	9100
334	6600	93000	0.4	9300
335	6700	113000	0.6	11300
336	6700	113000	0.6	11300
337	6700	91000	0.4	9100
338	6700	113000	0.6	11300
339	6700	111000	0.6	11100
340	6800	89000	0.4	8900
341	6800	87000	0.4	8700
342	6800	91000	0.4	9100
343	6800	85000	0.4	8500
344	6800	113000	0.6	11300
345	6900	109000	0.6	10900
346	6900	111000	0.6	11100
347	6900	113000	0.6	11300
348	6900	93000	0.4	9300
349	6900	117000	0.6	11700
350	7000	89000	0.4	8900
351	7000	85000	0.4	8500
352	7000	87000	0.4	8700
353	7000	85000	0.4	8500
354	7000	85000	0.4	8500
355	7100	91000	0.4	9100
356	7100	87000	0.4	8700
357	7100	113000	0.6	11300
358	7100	113000	0.6	11300
359	7100	113000	0.6	11300
360	7200	109000	0.6	10900
361	7200	87000	0.4	8700
362	7200	115000	0.6	11500
363	7200	85000	0.4	8500
364	7200	89000	0.4	8900
365	7300	117000	0.6	11700
366	7300	93000	0.4	9300
367	7300	109000	0.6	10900
368	7300	91000	0.4	9100
369	7300	117000	0.6	11700
370	7400	89000	0.4	8900
371	7400	89000	0.4	8900
372	7400	109000	0.6	10900
373	7400	93000	0.4	9300
374	7400	87000	0.4	8700
375	7500	85000	0.4	8500
376	7500	113000	0.6	11300
377	7500	113000	0.6	11300
378	7500	113000	0.6	11300
379	7500	109000	0.6	10900
380	7600	85000	0.4	8500
381	7600	87000	0.4	8700
382	7600	85000	0.4	8500
383	7600	113000	0.6	11300
384	7600	117000	0.6	11700
385	7700	93000	0.4	9300
386	7700	93000	0.4	9300
387	7700	109000	0.6	10900
388	7700	111000	0.6	11100
389	7700	91000	0.4	9100
390	7800	109000	0.6	10900
391	7800	87000	0.4	8700
392	7800	115000	0.6	11500
393	7800	93000	0.4	9300
394	7800	91000	0.4	9100
395	7900	85000	0.4	8500
396	7900	117000	0.6	11700
397	7900	113000	0.6	11300
398	7900	113000	0.6	11300
399	7900	87000	0.4	8700
400	8000	117000	0.6	11700
401	8000	91000	0.4	9100
402	8000	115000	0.6	11500
403	8000	93000	0.4	9300
404	8000	109000	0.6	10900
405	8100	85000	0.4	8500
406	8100	93000	0.4	9300
407	8100	89000	0.4	8900
408	8100	91000	0.4	9100
409	8100	93000	0.4	9300
410	8200	91000	0.4	9100
411	8200	87000	0.4	8700
412	8200	111000	0.6	11100
413	8200	89000	0.4	8900
414	8200	93000	0.4	9300
415	8300	87000	0.4	8700
416	8300	89000	0.4	8900
417	8300	117000	0.6	11700
418	8300	111000	0.6	11100
419	8300	89000	0.4	8900
420	8400	115000	0.6	11500
421	8400	89000	0.4	8900
422	8400	85000	0.4	8500
423	8400	113000	0.6	11300
424	8400	91000	0.4	9100
425	8500	111000	0.6	11100
426	8500	85000	0.4	8500
427	8500	111000	0.6	11100
428	8500	111000	0.6	11100
429	8500	113000	0.6	11300
430	8600	93000	0.4	9300
431	8600	85000	0.4	8500
432	8600	93000	0.4	9300
433	8600	115000	0.6	11500
434	8600	93000	0.4	9300
435	8700	109000	0.6	10900
436	8700	111000	0.6	11100
437	8700	89000	0.4	8900
438	8700	109000	0.6	10900
439	8700	89000	0.4	8900
440	8800	87000	0.4	8700
441	8800	111000	0.6	11100
442	8800	109000	0.6	10900
443	8800	85000	0.4	8500
444	8800	91000	0.4	9100
445	8900	117000	0.6	11700
446	8900	109000	0.6	10900
447	8900	111000	0.6	11100
448	8900	85000	0.4	8500
449	8900	109000	0.6	10900
450	9000	115000	0.6	11500
451	9000	87000	0.4	8700
452	9000	113000	0.6	11300
453	9000	109000	0.6	10900
454	9000	111000	0.6	11100
455	9100	109000	0.6	10900
456	9100	91000	0.4	9100
457	9100	91000	0.4	9100
458	9100	89000	0.4	8900
459	9100	113000	0.6	11300
460	9200	117000	0.6	11700
461	9200	89000	0.4	8900
462	9200	111000	0.6	11100
463	9200	89000	0.4	8900
464	9200	93000	0.4	9300
465	9300	85000	0.4	8500
466	9300	117000	0.6	11700
467	9300	115000	0.6	11500
468	9300	115000	0.6	11500
469	9300	91000	0.4	9100
470	9400	93000	0.4	9300
471	9400	87000	0.4	8700
472	9400	91000	0.4	9100
473	9400	117000	0.6	11700
474	9400	85000	0.4	8500
475	9500	93000	0.4	9300
476	9500	87000	0.4	8700
477	9500	87000	0.4	8700
478	9500	87000	0.4	8700
479	9500	93000	0.4	9300
480	9600	109000	0.6	10900
481	9600	117000	0.6	11700
482	9600	91000	0.4	9100
483	9600	111000	0.6	11100
484	9600	85000	0.4	8500
485	9700	117000	0.6	11700
486	9700	115000	0.6	11500
487	9700	109000	0.6	10900
488	9700	111000	0.6	11100
489	9700	111000	0.6	11100
490	9800	117000	0.6	11700
491	9800	89000	0.4	8900
492	9800	87000	0.4	8700
493	9800	85000	0.4	8500
494	9800	115000	0.6	11500
495	9900	93000	0.4	9300
496	9900	117000	0.6	11700
497	9900	111000	0.6	11100
498	9900	87000	0.4	8700
499	9900	109000	0.6	10900
500	10000	85000	0.4	8500
501	10000	87000	0.4	8700
502	10000	109000	0.6	10900
503	10000	111000	0.6	11100
504	10000	111000	0.6	11100
505	10100	111000	0.6	11100
506	10100	115000	0.6	11500
507	10100	117000	0.6	11700
508	10100	111000	0.6	11100
509	10100	87000	0.4	8700
510	10200	111000	0.6	11100
511	10200	89000	0.4	8900
512	10200	87000	0.4	8700
513	10200	89000	0.4	8900
514	10200	111000	0.6	11100
515	10300	111000	0.6	11100
516	10300	117000	0.6	11700
517	10300	113000	0.6	11300
518	10300	87000	0.4	8700
519	10300	115000	0.6	11500
520	10400	93000	0.4	9300
521	10400	93000	0.4	9300
522	10400	109000	0.6	10900
523	10400	87000	0.4	8700
524	10400	93000	0.4	9300
525	10500	115000	0.6	11500
526	10500	109000	0.6	10900
527	10500	93000	0.4	9300
528	10500	115000	0.6	11500
529	10500	117000	0.6	11700
530	10600	91000	0.4	9100
531	10600	115000	0.6	11500
532	10600	109000	0.6	10900
533	10600	109000	0.6	10900
534	10600	85000	0.4	8500
535	10700	115000	0.6	11500
536	10700	111000	0.6	11100
537	10700	117000	0.6	11700
538	10700	111000	0.6	11100
539	10700	109000	0.6	10900
540	10800	85000	0.4	8500
541	10800	91000	0.4	9100
542	10800	109000	0.6	10900
543	10800	85000	0.4	8500
544	10800	111000	0.6	11100
545	10900	93000	0.4	9300
546	10900	93000	0.4	9300
547	10900	113000	0.6	11300
548	10900	109000	0.6	10900
549	10900	109000	0.6	10900
550	11000	117000	0.6	11700
551	11000	87000	0.4	8700
552	11000	111000	0.6	11100
553	11000	93000	0.4	9300
554	11000	85000	0.4	8500
555	11100	85000	0.4	8500
556	11100	113000	0.6	11300
557	11100	109000	0.6	10900
558	11100	89000	0.4	8900
559	11100	113000	0.6	11300
560	11200	85000	0.4	8500
561	11200	111000	0.6	11100
562	11200	91000	0.4	9100
563	11200	91000	0.4	9100
564	11200	117000	0.6	11700
565	11300	85000	0.4	8500
566	11300	93000	0.4	9300
567	11300	117000	0.6	11700
568	11300	111000	0.6	11100
569	11300	113000	0.6	11300
570	11400	91000	0.4	9100
571	11400	89000	0.4	8900
572	11400	111000	0.6	11100
573	11400	117000	0.6	11700
574	11400	109000	0.6	10900
575	11500	89000	0.4	8900
576	11500	89000	0.4	8900
577	11500	91000	0.4	9100
578	11500	91000	0.4	9100
579	11500	93000	0.4	9300
580	11600	113000	0.6	11300
581	11600	113000	0.6	11300
582	11600	87000	0.4	8700
583	11600	115000	0.6	11500
584	11600	85000	0.4	8500
585	11700	115000	0.6	11500
586	11700	111000	0.6	11100
587	11700	91000	0.4	9100
588	11700	113000	0.6	11300
589	11700	85000	0.4	8500
590	11800	111000	0.6	11100
591	11800	91000	0.4	9100
592	11800	85000	0.4	8500
593	11800	117000	0.6	11700
594	11800	117000	0.6	11700
595	11900	115000	0.6	11500
596	11900	87000	0.4	8700
597	11900	85000	0.4	8500
598	11900	109000	0.6	10900
599	11900	113000	0.6	11300
600	12000	91000	0.4	9100
601	12000	113000	0.6	11300
602	12000	115000	0.6	11500
603	12000	117000	0.6	11700
604	12000	115000	0.6	11500
605	12100	117000	0.6	11700
606	12100	111000	0.6	11100
607	12100	109000	0.6	10900
608	12100	115000	0.6	11500
609	12100	85000	0.4	8500
610	12200	111000	0.6	11100
611	12200	113000	0.6	11300
612	12200	111000	0.6	11100
613	12200	113000	0.6	11300
614	12200	87000	0.4	8700
615	12300	109000	0.6	10900
616	12300	115000	0.6	11500
617	12300	93000	0.4	9300
618	12300	89000	0.4	8900
619	12300	85000	0.4	8500
620	12400	87000	0.4	8700
621	12400	85000	0.4	8500
622	12400	115000	0.6	11500
623	12400	113000	0.6	11300
624	12400	113000	0.6	11300
625	12500	111000	0.6	11100
626	12500	111000	0.6	11100
627	12500	109000	0.6	10900
628	12500	93000	0.4	9300
629	12500	113000	0.6	11300
630	12600	89000	0.4	8900
631	12600	91000	0.4	9100
632	12600	85000	0.4	8500
633	12600	109000	0.6	10900
634	12600	91000	0.4	9100
635	12700	91000	0.4	9100
636	12700	117000	0.6	11700
637	12700	89000	0.4	8900
638	12700	91000	0.4	9100
639	12700	117000	0.6	11700
640	12800	109000	0.6	10900
641	12800	91000	0.4	9100
642	12800	89000	0.4	8900
643	12800	89000	0.4	8900
644	12800	109000	0.6	10900
645	12900	91000	0.4	9100
646	12900	109000	0.6	10900
647	12900	109000	0.6	10900
648	12900	91000	0.4	9100
649	12900	111000	0.6	11100
650	13000	111000	0.6	11100
651	13000	109000	0.6	10900
652	13000	111000	0.6	11100
653	13000	89000	0.4	8900
654	13000	109000	0.6	10900
655	13100	115000	0.6	11500
656	13100	89000	0.4	8900
657	13100	111000	0.6	11100
658	13100	91000	0.4	9100
659	13100	87000	0.4	8700
660	13200	117000	0.6	11700
661	13200	91000	0.4	9100
662	13200	113000	0.6	11300
663	13200	117000	0.6	11700
664	13200	111000	0.6	11100
665	13300	89000	0.4	8900
666	13300	89000	0.4	8900
667	13300	109000	0.6	10900
668	13300	89000	0.4	8900
669	13300	115000	0.6	11500
670	13400	93000	0.4	9300
671	13400	117000	0.6	11700
672	13400	115000	0.6	11500
673	13400	115000	0.6	11500
674	13400	109000	0.6	10900
675	13500	117000	0.6	11700
676	13500	115000	0.6	11500
677	13500	91000	0.4	9100
678	13500	115000	0.6	11500
679	13500	85000	0.4	8500
680	13600	89000	0.4	8900
681	13600	91000	0.4	9100
682	13600	91000	0.4	9100
683	13600	117000	0.6	11700
684	13600	111000	0.6	11100
685	13700	89000	0.4	8900
686	13700	109000	0.6	10900
687	13700	109000	0.6	10900
688	13700	91000	0.4	9100
689	13700	87000	0.4	8700
690	13800	109000	0.6	10900
691	13800	117000	0.6	11700
692	13800	113000	0.6	11300
693	13800	93000	0.4	9300
694	13800	111000	0.6	11100
695	13900	85000	0.4	8500
696	13900	91000	0.4	9100
697	13900	93000	0.4	9300
698	13900	115000	0.6	11500
699	13900	115000	0.6	11500
700	14000	89000	0.4	8900
701	14000	89000	0.4	8900
702	14000	89000	0.4	8900
703	14000	85000	0.4	8500
704	14000	115000	0.6	11500
705	14100	111000	0.6	11100
706	14100	113000	0.6	11300
707	14100	113000	0.6	11300
708	14100	93000	0.4	9300
709	14100	89000	0.4	8900
710	14200	109000	0.6	10900
711	14200	93000	0.4	9300
712	14200	87000	0.4	8700
713	14200	85000	0.4	8500
714	14200	89000	0.4	8900
715	14300	109000	0.6	10900
716	14300	109000	0.6	10900
717	14300	87000	0.4	8700
718	14300	85000	0.4	8500
719	14300	85000	0.4	8500
720	14400	85000	0.4	8500
721	14400	115000	0.6	11500
722	14400	91000	0.4	9100
723	14400	115000	0.6	11500
724	14400	85000	0.4	8500
725	14500	91000	0.4	9100
726	14500	117000	0.6	11700
727	14500	117000	0.6	11700
728	14500	117000	0.6	11700
729	14500	117000	0.6	11700
730	14600	91000	0.4	9100
731	14600	115000	0.6	11500
732	14600	87000	0.4	8700
733	14600	115000	0.6	11500
734	14600	91000	0.4	9100
735	14700	109000	0.6	10900
736	14700	85000	0.4	8500
737	14700	91000	0.4	9100
738	14700	87000	0.4	8700
739	14700	115000	0.6	11500
740	14800	87000	0.4	8700
741	14800	117000	0.6	11700
742	14800	113000	0.6	11300
743	14800	87000	0.4	8700
744	14800	113000	0.6	11300
745	14900	93000	0.4	9300
746	14900	115000	0.6	11500
747	14900	91000	0.4	9100
748	14900	111000	0.6	11100
749	14900	89000	0.4	8900
750	15000	115000	0.6	11500
751	15000	117000	0.6	11700
752	15000	85000	0.4	8500
753	15000	117000	0.6	11700
754	15000	109000	0.6	10900
755	15100	87000	0.4	8700
756	15100	89000	0.4	8900
757	15100	115000	0.6	11500
758	15100	117000	0.6	11700
759	15100	87000	0.4	8700
760	15200	115000	0.6	11500
761	15200	91000	0.4	9100
762	15200	113000	0.6	11300
763	15200	117000	0.6	11700
764	15200	85000	0.4	8500
765	15300	91000	0.4	9100
766	15300	91000	0.4	9100
767	15300	91000	0.4	9100
768	15300	117000	0.6	11700
769	15300	85000	0.4	8500
770	15400	91000	0.4	9100
771	15400	91000	0.4	9100
772	15400	89000	0.4	8900
773	15400	91000	0.4	9100
774	15400	91000	0.4	9100
775	15500	111000	0.6	11100
776	15500	89000	0.4	8900
777	15500	117000	0.6	11700
778	15500	113000	0.6	11300
779	15500	109000	0.6	10900
780	15600	89000	0.4	8900
781	15600	111000	0.6	11100
782	15600	93000	0.4	9300
783	15600	111000	0.6	11100
784	15600	111000	0.6	11100
785	15700	117000	0.6	11700
786	15700	89000	0.4	8900
787	15700	109000	0.6	10900
788	15700	111000	0.6	11100
789	15700	115000	0.6	11500
790	15800	109000	0.6	10900
791	15800	87000	0.4	8700
792	15800	109000	0.6	10900
793	15800	85000	0.4	8500
794	15800	91000	0.4	9100
795	15900	117000	0.6	11700
796	15900	87000	0.4	8700
797	15900	111000	0.6	11100
798	15900	87000	0.4	8700
799	15900	87000	0.4	8700
800	16000	87000	0.4	8700
801	16000	109000	0.6	10900
802	16000	91000	0.4	9100
803	16000	87000	0.4	8700
804	16000	111000	0.6	11100
805	16100	85000	0.4	8500
806	16100	113000	0.6	11300
807	16100	117000	0.6	11700
808	16100	109000	0.6	10900
809	16100	91000	0.4	9100
810	16200	89000	0.4	8900
811	16200	111000	0.6	11100
812	16200	91000	0.4	9100
813	16200	87000	0.4	8700
814	16200	113000	0.6	11300
815	16300	115000	0.6	11500
816	16300	89000	0.4	8900
817	16300	87000	0.4	8700
818	16300	89000	0.4	8900
819	16300	91000	0.4	9100
820	16400	87000	0.4	8700
821	16400	87000	0.4	8700
822	16400	113000	0.6	11300
823	16400	117000	0.6	11700
824	16400	85000	0.4	8500
825	16500	87000	0.4	8700
826	16500	113000	0.6	11300
827	16500	117000	0.6	11700
828	16500	115000	0.6	11500
829	16500	89000	0.4	8900
830	16600	93000	0.4	9300
831	16600	109000	0.6	10900
832	16600	113000	0.6	11300
833	16600	91000	0.4	9100
834	16600	109000	0.6	10900
835	16700	117000	0.6	11700
836	16700	117000	0.6	11700
837	16700	89000	0.4	8900
838	16700	93000	0.4	9300
839	16700	115000	0.6	11500
840	16800	117000	0.6	11700
841	16800	117000	0.6	11700
842	16800	87000	0.4	8700
843	16800	85000	0.4	8500
844	16800	113000	0.6	11300
845	16900	85000	0.4	8500
846	16900	113000	0.6	11300
847	16900	115000	0.6	11500
848	16900	109000	0.6	10900
849	16900	85000	0.4	8500
850	17000	109000	0.6	10900
851	17000	87000	0.4	8700
852	17000	85000	0.4	8500
853	17000	113000	0.6	11300
854	17000	109000	0.6	10900
855	17100	89000	0.4	8900
856	17100	85000	0.4	8500
857	17100	93000	0.4	9300
858	17100	109000	0.6	10900
859	17100	111000	0.6	11100
860	17200	87000	0.4	8700
861	17200	93000	0.4	9300
862	17200	89000	0.4	8900
863	17200	117000	0.6	11700
864	17200	113000	0.6	11300
865	17300	91000	0.4	9100
866	17300	93000	0.4	9300
867	17300	109000	0.6	10900
868	17300	113000	0.6	11300
869	17300	87000	0.4	8700
870	17400	117000	0.6	11700
871	17400	91000	0.4	9100
872	17400	89000	0.4	8900
873	17400	87000	0.4	8700
874	17400	115000	0.6	11500
875	17500	93000	0.4	9300
876	17500	93000	0.4	9300
877	17500	89000	0.4	8900
878	17500	89000	0.4	8900
879	17500	109000	0.6	10900
880	17600	113000	0.6	11300
881	17600	87000	0.4	8700
882	17600	93000	0.4	9300
883	17600	93000	0.4	9300
884	17600	87000	0.4	8700
885	17700	87000	0.4	8700
886	17700	117000	0.6	11700
887	17700	117000	0.6	11700
888	17700	85000	0.4	8500
889	17700	115000	0.6	11500
890	17800	111000	0.6	11100
891	17800	113000	0.6	11300
892	17800	111000	0.6	11100
893	17800	111000	0.6	11100
894	17800	111000	0.6	11100
895	17900	113000	0.6	11300
896	17900	111000	0.6	11100
897	17900	117000	0.6	11700
898	17900	109000	0.6	10900
899	17900	89000	0.4	8900
900	18000	89000	0.4	8900
901	18000	117000	0.6	11700
902	18000	111000	0.6	11100
903	18000	85000	0.4	8500
904	18000	89000	0.4	8900
905	18100	113000	0.6	11300
906	18100	111000	0.6	11100
907	18100	89000	0.4	8900
908	18100	111000	0.6	11100
909	18100	93000	0.4	9300
910	18200	89000	0.4	8900
911	18200	115000	0.6	11500
912	18200	115000	0.6	11500
913	18200	115000	0.6	11500
914	18200	87000	0.4	8700
915	18300	115000	0.6	11500
916	18300	89000	0.4	8900
917	18300	89000	0.4	8900
918	18300	117000	0.6	11700
919	18300	115000	0.6	11500
920	18400	93000	0.4	9300
921	18400	85000	0.4	8500
922	18400	113000	0.6	11300
923	18400	93000	0.4	9300
924	18400	91000	0.4	9100
925	18500	91000	0.4	9100
926	18500	87000	0.4	8700
927	18500	115000	0.6	11500
928	18500	85000	0.4	8500
929	18500	115000	0.6	11500
930	18600	85000	0.4	8500
931	18600	91000	0.4	9100
932	18600	91000	0.4	9100
933	18600	87000	0.4	8700
934	18600	109000	0.6	10900
935	18700	115000	0.6	11500
936	18700	93000	0.4	9300
937	18700	89000	0.4	8900
938	18700	93000	0.4	9300
939	18700	111000	0.6	11100
940	18800	115000	0.6	11500
941	18800	91000	0.4	9100
942	18800	117000	0.6	11700
943	18800	89000	0.4	8900
944	18800	91000	0.4	9100
945	18900	91000	0.4	9100
946	18900	111000	0.6	11100
947	18900	113000	0.6	11300
948	18900	115000	0.6	11500
949	18900	89000	0.4	8900
950	19000	111000	0.6	11100
951	19000	109000	0.6	10900
952	19000	91000	0.4	9100
953	19000	109000	0.6	10900
954	19000	117000	0.6	11700
955	19100	111000	0.6	11100
956	19100	111000	0.6	11100
957	19100	109000	0.6	10900
958	19100	117000	0.6	11700
959	19100	115000	0.6	11500
960	19200	91000	0.4	9100
961	19200	117000	0.6	11700
962	19200	109000	0.6	10900
963	19200	93000	0.4	9300
964	19200	85000	0.4	8500
965	19300	89000	0.4	8900
966	19300	109000	0.6	10900
967	19300	93000	0.4	9300
968	19300	85000	0.4	8500
969	19300	109000	0.6	10900
970	19400	93000	0.4	9300
971	19400	109000	0.6	10900
972	19400	115000	0.6	11500
973	19400	109000	0.6	10900
974	19400	109000	0.6	10900
975	19500	85000	0.4	8500
976	19500	93000	0.4	9300
977	19500	85000	0.4	8500
978	19500	117000	0.6	11700
979	19500	89000	0.4	8900
980	19600	89000	0.4	8900
981	19600	87000	0.4	8700
982	19600	85000	0.4	8500
983	19600	93000	0.4	9300
984	19600	89000	0.4	8900
985	19700	109000	0.6	10900
986	19700	115000	0.6	11500
987	19700	109000	0.6	10900
988	19700	87000	0.4	8700
989	19700	115000	0.6	11500
990	19800	91000	0.4	9100
991	19800	87000	0.4	8700
992	19800	87000	0.4	8700
993	19800	117000	0.6	11700
994	19800	113000	0.6	11300
995	19900	111000	0.6	11100
996	19900	87000	0.4	8700
997	19900	117000	0.6	11700
998	19900	85000	0.4	8500
999	19900	117000	0.6	11700
1000	20000	113000	0.6	11300
1001	20000	109000	0.6	10900
1002	20000	87000	0.4	8700
1003	20000	85000	0.4	8500
1004	20000	93000	0.4	9300
1005	20100	113000	0.6	11300
1006	20100	91000	0.4	9100
1007	20100	87000	0.4	8700
1008	20100	89000	0.4	8900
1009	20100	85000	0.4	8500
1010	20200	87000	0.4	8700
1011	20200	113000	0.6	11300
1012	20200	91000	0.4	9100
1013	20200	91000	0.4	9100
1014	20200	93000	0.4	9300
1015	20300	117000	0.6	11700
1016	20300	93000	0.4	9300
1017	20300	85000	0.4	8500
1018	20300	85000	0.4	8500
1019	20300	87000	0.4	8700
1020	20400	85000	0.4	8500
1021	20400	91000	0.4	9100
1022	20400	115000	0.6	11500
1023	20400	113000	0.6	11300
1024	20400	87000	0.4	8700
1025	20500	87000	0.4	8700
1026	20500	89000	0.4	8900
1027	20500	87000	0.4	8700
1028	20500	85000	0.4	8500
1029	20500	111000	0.6	11100
1030	20600	113000	0.6	11300
1031	20600	113000	0.6	11300
1032	20600	109000	0.6	10900
1033	20600	85000	0.4	8500
1034	20600	89000	0.4	8900
1035	20700	115000	0.6	11500
1036	20700	87000	0.4	8700
1037	20700	113000	0.6	11300
1038	20700	111000	0.6	11100
1039	20700	113000	0.6	11300
1040	20800	113000	0.6	11300
1041	20800	109000	0.6	10900
1042	20800	87000	0.4	8700
1043	20800	91000	0.4	9100
1044	20800	91000	0.4	9100
1045	20900	109000	0.6	10900
1046	20900	117000	0.6	11700
1047	20900	115000	0.6	11500
1048	20900	87000	0.4	8700
1049	20900	85000	0.4	8500
1050	21000	85000	0.4	8500
1051	21000	109000	0.6	10900
1052	21000	87000	0.4	8700
1053	21000	113000	0.6	11300
1054	21000	111000	0.6	11100
1055	21100	111000	0.6	11100
1056	21100	91000	0.4	9100
1057	21100	89000	0.4	8900
1058	21100	87000	0.4	8700
1059	21100	87000	0.4	8700
1060	21200	117000	0.6	11700
1061	21200	93000	0.4	9300
1062	21200	109000	0.6	10900
1063	21200	113000	0.6	11300
1064	21200	91000	0.4	9100
1065	21300	117000	0.6	11700
1066	21300	115000	0.6	11500
1067	21300	85000	0.4	8500
1068	21300	93000	0.4	9300
1069	21300	91000	0.4	9100
1070	21400	91000	0.4	9100
1071	21400	85000	0.4	8500
1072	21400	109000	0.6	10900
1073	21400	93000	0.4	9300
1074	21400	87000	0.4	8700
1075	21500	91000	0.4	9100
1076	21500	111000	0.6	11100
1077	21500	115000	0.6	11500
1078	21500	93000	0.4	9300
1079	21500	93000	0.4	9300
1080	21600	87000	0.4	8700
1081	21600	117000	0.6	11700
1082	21600	93000	0.4	9300
1083	21600	113000	0.6	11300
1084	21600	87000	0.4	8700
1085	21700	111000	0.6	11100
1086	21700	89000	0.4	8900
1087	21700	85000	0.4	8500
1088	21700	91000	0.4	9100
1089	21700	113000	0.6	11300
1090	21800	113000	0.6	11300
1091	21800	117000	0.6	11700
1092	21800	115000	0.6	11500
1093	21800	85000	0.4	8500
1094	21800	93000	0.4	9300
1095	21900	117000	0.6	11700
1096	21900	117000	0.6	11700
1097	21900	109000	0.6	10900
1098	21900	93000	0.4	9300
1099	21900	93000	0.4	9300
1100	22000	109000	0.6	10900
1101	22000	113000	0.6	11300
1102	22000	85000	0.4	8500
1103	22000	87000	0.4	8700
1104	22000	113000	0.6	11300
1105	22100	91000	0.4	9100
1106	22100	89000	0.4	8900
1107	22100	117000	0.6	11700
1108	22100	91000	0.4	9100
1109	22100	115000	0.6	11500
1110	22200	89000	0.4	8900
1111	22200	93000	0.4	9300
1112	22200	115000	0.6	11500
1113	22200	89000	0.4	8900
1114	22200	93000	0.4	9300
1115	22300	87000	0.4	8700
1116	22300	109000	0.6	10900
1117	22300	87000	0.4	8700
1118	22300	85000	0.4	8500
1119	22300	89000	0.4	8900
1120	22400	111000	0.6	11100
1121	22400	91000	0.4	9100
1122	22400	117000	0.6	11700
1123	22400	117000	0.6	11700
1124	22400	113000	0.6	11300
1125	22500	113000	0.6	11300
1126	22500	109000	0.6	10900
1127	22500	115000	0.6	11500
1128	22500	115000	0.6	11500
1129	22500	87000	0.4	8700
1130	22600	109000	0.6	10900
1131	22600	91000	0.4	9100
1132	22600	115000	0.6	11500
1133	22600	85000	0.4	8500
1134	22600	117000	0.6	11700
1135	22700	109000	0.6	10900
1136	22700	115000	0.6	11500
1137	22700	85000	0.4	8500
1138	22700	89000	0.4	8900
1139	22700	91000	0.4	9100
1140	22800	115000	0.6	11500
1141	22800	117000	0.6	11700
1142	22800	93000	0.4	9300
1143	22800	111000	0.6	11100
1144	22800	85000	0.4	8500
1145	22900	87000	0.4	8700
1146	22900	117000	0.6	11700
1147	22900	85000	0.4	8500
1148	22900	117000	0.6	11700
1149	22900	91000	0.4	9100
1150	23000	87000	0.4	8700
1151	23000	117000	0.6	11700
1152	23000	117000	0.6	11700
1153	23000	117000	0.6	11700
1154	23000	87000	0.4	8700
1155	23100	87000	0.4	8700
1156	23100	111000	0.6	11100
1157	23100	93000	0.4	9300
1158	23100	117000	0.6	11700
1159	23100	117000	0.6	11700
1160	23200	93000	0.4	9300
1161	23200	87000	0.4	8700
1162	23200	89000	0.4	8900
1163	23200	89000	0.4	8900
1164	23200	87000	0.4	8700
1165	23300	87000	0.4	8700
1166	23300	93000	0.4	9300
1167	23300	115000	0.6	11500
1168	23300	117000	0.6	11700
1169	23300	109000	0.6	10900
1170	23400	109000	0.6	10900
1171	23400	111000	0.6	11100
1172	23400	89000	0.4	8900
1173	23400	113000	0.6	11300
1174	23400	117000	0.6	11700
1175	23500	93000	0.4	9300
1176	23500	113000	0.6	11300
1177	23500	111000	0.6	11100
1178	23500	117000	0.6	11700
1179	23500	109000	0.6	10900
1180	23600	87000	0.4	8700
1181	23600	93000	0.4	9300
1182	23600	87000	0.4	8700
1183	23600	89000	0.4	8900
1184	23600	87000	0.4	8700
1185	23700	109000	0.6	10900
1186	23700	111000	0.6	11100
1187	23700	91000	0.4	9100
1188	23700	117000	0.6	11700
1189	23700	109000	0.6	10900
1190	23800	89000	0.4	8900
1191	23800	113000	0.6	11300
1192	23800	93000	0.4	9300
1193	23800	109000	0.6	10900
1194	23800	111000	0.6	11100
1195	23900	93000	0.4	9300
1196	23900	87000	0.4	8700
1197	23900	89000	0.4	8900
1198	23900	87000	0.4	8700
1199	23900	87000	0.4	8700
1200	24000	87000	0.4	8700
1201	24000	111000	0.6	11100
1202	24000	93000	0.4	9300
1203	24000	87000	0.4	8700
1204	24000	111000	0.6	11100
1205	24100	109000	0.6	10900
1206	24100	113000	0.6	11300
1207	24100	113000	0.6	11300
1208	24100	93000	0.4	9300
1209	24100	87000	0.4	8700
1210	24200	117000	0.6	11700
1211	24200	91000	0.4	9100
1212	24200	115000	0.6	11500
1213	24200	91000	0.4	9100
1214	24200	93000	0.4	9300
1215	24300	85000	0.4	8500
1216	24300	85000	0.4	8500
1217	24300	115000	0.6	11500
1218	24300	87000	0.4	8700
1219	24300	87000	0.4	8700
1220	24400	89000	0.4	8900
1221	24400	109000	0.6	10900
1222	24400	111000	0.6	11100
1223	24400	91000	0.4	9100
1224	24400	85000	0.4	8500
1225	24500	115000	0.6	11500
1226	24500	113000	0.6	11300
1227	24500	111000	0.6	11100
1228	24500	115000	0.6	11500
1229	24500	87000	0.4	8700
1230	24600	109000	0.6	10900
1231	24600	87000	0.4	8700
1232	24600	109000	0.6	10900
1233	24600	111000	0.6	11100
1234	24600	117000	0.6	11700
1235	24700	91000	0.4	9100
1236	24700	85000	0.4	8500
1237	24700	113000	0.6	11300
1238	24700	89000	0.4	8900
1239	24700	89000	0.4	8900
1240	24800	87000	0.4	8700
1241	24800	113000	0.6	11300
1242	24800	113000	0.6	11300
1243	24800	93000	0.4	9300
1244	24800	111000	0.6	11100
1245	24900	89000	0.4	8900
1246	24900	87000	0.4	8700
1247	24900	91000	0.4	9100
1248	24900	93000	0.4	9300
1249	24900	109000	0.6	10900
1250	25000	93000	0.4	9300
1251	25000	85000	0.4	8500
1252	25000	91000	0.4	9100
1253	25000	117000	0.6	11700
1254	25000	111000	0.6	11100
1255	25100	109000	0.6	10900
1256	25100	113000	0.6	11300
1257	25100	91000	0.4	9100
1258	25100	91000	0.4	9100
1259	25100	89000	0.4	8900
1260	25200	89000	0.4	8900
1261	25200	115000	0.6	11500
1262	25200	93000	0.4	9300
1263	25200	115000	0.6	11500
1264	25200	87000	0.4	8700
1265	25300	85000	0.4	8500
1266	25300	111000	0.6	11100
1267	25300	85000	0.4	8500
1268	25300	85000	0.4	8500
1269	25300	115000	0.6	11500
1270	25400	93000	0.4	9300
1271	25400	93000	0.4	9300
1272	25400	115000	0.6	11500
1273	25400	115000	0.6	11500
1274	25400	113000	0.6	11300
1275	25500	117000	0.6	11700
1276	25500	109000	0.6	10900
1277	25500	93000	0.4	9300
1278	25500	113000	0.6	11300
1279	25500	115000	0.6	11500
1280	25600	115000	0.6	11500
1281	25600	117000	0.6	11700
1282	25600	85000	0.4	8500
1283	25600	115000	0.6	11500
1284	25600	85000	0.4	8500
1285	25700	85000	0.4	8500
1286	25700	89000	0.4	8900
1287	25700	91000	0.4	9100
1288	25700	117000	0.6	11700
1289	25700	87000	0.4	8700
1290	25800	113000	0.6	11300
1291	25800	87000	0.4	8700
1292	25800	113000	0.6	11300
1293	25800	113000	0.6	11300
1294	25800	93000	0.4	9300
1295	25900	93000	0.4	9300
1296	25900	115000	0.6	11500
1297	25900	93000	0.4	9300
1298	25900	117000	0.6	11700
1299	25900	113000	0.6	11300
1300	26000	93000	0.4	9300
1301	26000	111000	0.6	11100
1302	26000	91000	0.4	9100
1303	26000	113000	0.6	11300
1304	26000	117000	0.6	11700
1305	26100	113000	0.6	11300
1306	26100	115000	0.6	11500
1307	26100	117000	0.6	11700
1308	26100	113000	0.6	11300
1309	26100	93000	0.4	9300
1310	26200	89000	0.4	8900
1311	26200	91000	0.4	9100
1312	26200	91000	0.4	9100
1313	26200	85000	0.4	8500
1314	26200	85000	0.4	8500
1315	26300	89000	0.4	8900
1316	26300	111000	0.6	11100
1317	26300	113000	0.6	11300
1318	26300	93000	0.4	9300
1319	26300	117000	0.6	11700
1320	26400	89000	0.4	8900
1321	26400	93000	0.4	9300
1322	26400	89000	0.4	8900
1323	26400	115000	0.6	11500
1324	26400	115000	0.6	11500
1325	26500	117000	0.6	11700
1326	26500	89000	0.4	8900
1327	26500	113000	0.6	11300
1328	26500	109000	0.6	10900
1329	26500	89000	0.4	8900
1330	26600	109000	0.6	10900
1331	26600	91000	0.4	9100
1332	26600	89000	0.4	8900
1333	26600	89000	0.4	8900
1334	26600	117000	0.6	11700
1335	26700	89000	0.4	8900
1336	26700	89000	0.4	8900
1337	26700	87000	0.4	8700
1338	26700	89000	0.4	8900
1339	26700	111000	0.6	11100
1340	26800	85000	0.4	8500
1341	26800	117000	0.6	11700
1342	26800	117000	0.6	11700
1343	26800	109000	0.6	10900
1344	26800	109000	0.6	10900
1345	26900	87000	0.4	8700
1346	26900	93000	0.4	9300
1347	26900	89000	0.4	8900
1348	26900	85000	0.4	8500
1349	26900	111000	0.6	11100
1350	27000	113000	0.6	11300
1351	27000	111000	0.6	11100
1352	27000	85000	0.4	8500
1353	27000	115000	0.6	11500
1354	27000	117000	0.6	11700
1355	27100	87000	0.4	8700
1356	27100	109000	0.6	10900
1357	27100	93000	0.4	9300
1358	27100	113000	0.6	11300
1359	27100	85000	0.4	8500
1360	27200	89000	0.4	8900
1361	27200	109000	0.6	10900
1362	27200	91000	0.4	9100
1363	27200	87000	0.4	8700
1364	27200	113000	0.6	11300
1365	27300	111000	0.6	11100
1366	27300	87000	0.4	8700
1367	27300	117000	0.6	11700
1368	27300	93000	0.4	9300
1369	27300	85000	0.4	8500
1370	27400	109000	0.6	10900
1371	27400	111000	0.6	11100
1372	27400	113000	0.6	11300
1373	27400	85000	0.4	8500
1374	27400	85000	0.4	8500
1375	27500	117000	0.6	11700
1376	27500	111000	0.6	11100
1377	27500	91000	0.4	9100
1378	27500	111000	0.6	11100
1379	27500	117000	0.6	11700
1380	27600	113000	0.6	11300
1381	27600	115000	0.6	11500
1382	27600	85000	0.4	8500
1383	27600	85000	0.4	8500
1384	27600	117000	0.6	11700
1385	27700	85000	0.4	8500
1386	27700	111000	0.6	11100
1387	27700	115000	0.6	11500
1388	27700	91000	0.4	9100
1389	27700	87000	0.4	8700
1390	27800	93000	0.4	9300
1391	27800	109000	0.6	10900
1392	27800	113000	0.6	11300
1393	27800	115000	0.6	11500
1394	27800	89000	0.4	8900
1395	27900	85000	0.4	8500
1396	27900	113000	0.6	11300
1397	27900	115000	0.6	11500
1398	27900	117000	0.6	11700
1399	27900	93000	0.4	9300
1400	28000	115000	0.6	11500
1401	28000	85000	0.4	8500
1402	28000	113000	0.6	11300
1403	28000	89000	0.4	8900
1404	28000	85000	0.4	8500
1405	28100	109000	0.6	10900
1406	28100	85000	0.4	8500
1407	28100	109000	0.6	10900
1408	28100	89000	0.4	8900
1409	28100	91000	0.4	9100
1410	28200	87000	0.4	8700
1411	28200	113000	0.6	11300
1412	28200	85000	0.4	8500
1413	28200	113000	0.6	11300
1414	28200	111000	0.6	11100
1415	28300	117000	0.6	11700
1416	28300	93000	0.4	9300
1417	28300	111000	0.6	11100
1418	28300	89000	0.4	8900
1419	28300	93000	0.4	9300
1420	28400	87000	0.4	8700
1421	28400	113000	0.6	11300
1422	28400	89000	0.4	8900
1423	28400	109000	0.6	10900
1424	28400	93000	0.4	9300
1425	28500	115000	0.6	11500
1426	28500	85000	0.4	8500
1427	28500	91000	0.4	9100
1428	28500	85000	0.4	8500
1429	28500	93000	0.4	9300
1430	28600	91000	0.4	9100
1431	28600	89000	0.4	8900
1432	28600	85000	0.4	8500
1433	28600	89000	0.4	8900
1434	28600	113000	0.6	11300
1435	28700	85000	0.4	8500
1436	28700	91000	0.4	9100
1437	28700	85000	0.4	8500
1438	28700	115000	0.6	11500
1439	28700	117000	0.6	11700
1440	28800	91000	0.4	9100
1441	28800	109000	0.6	10900
1442	28800	113000	0.6	11300
1443	28800	93000	0.4	9300
1444	28800	91000	0.4	9100
1445	28900	85000	0.4	8500
1446	28900	91000	0.4	9100
1447	28900	85000	0.4	8500
1448	28900	93000	0.4	9300
1449	28900	85000	0.4	8500
1450	29000	113000	0.6	11300
1451	29000	93000	0.4	9300
1452	29000	117000	0.6	11700
1453	29000	117000	0.6	11700
1454	29000	91000	0.4	9100
1455	29100	91000	0.4	9100
1456	29100	115000	0.6	11500
1457	29100	87000	0.4	8700
1458	29100	91000	0.4	9100
1459	29100	115000	0.6	11500
1460	29200	109000	0.6	10900
1461	29200	111000	0.6	11100
1462	29200	87000	0.4	8700
1463	29200	115000	0.6	11500
1464	29200	85000	0.4	8500
1465	29300	109000	0.6	10900
1466	29300	87000	0.4	8700
1467	29300	111000	0.6	11100
1468	29300	111000	0.6	11100
1469	29300	87000	0.4	8700
1470	29400	111000	0.6	11100
1471	29400	89000	0.4	8900
1472	29400	89000	0.4	8900
1473	29400	115000	0.6	11500
1474	29400	89000	0.4	8900
1475	29500	85000	0.4	8500
1476	29500	91000	0.4	9100
1477	29500	117000	0.6	11700
1478	29500	113000	0.6	11300
1479	29500	113000	0.6	11300
1480	29600	117000	0.6	11700
1481	29600	115000	0.6	11500
1482	29600	93000	0.4	9300
1483	29600	113000	0.6	11300
1484	29600	113000	0.6	11300
1485	29700	93000	0.4	9300
1486	29700	89000	0.4	8900
1487	29700	87000	0.4	8700
1488	29700	117000	0.6	11700
1489	29700	87000	0.4	8700
1490	29800	85000	0.4	8500
1491	29800	111000	0.6	11100
1492	29800	117000	0.6	11700
1493	29800	113000	0.6	11300
1494	29800	115000	0.6	11500
1495	29900	115000	0.6	11500
1496	29900	93000	0.4	9300
1497	29900	93000	0.4	9300
1498	29900	87000	0.4	8700
1499	29900	109000	0.6	10900
1500	30000	115000	0.6	11500
1501	30000	115000	0.6	11500
1502	30000	85000	0.4	8500
1503	30000	115000	0.6	11500
1504	30000	113000	0.6	11300
1505	30100	89000	0.4	8900
1506	30100	113000	0.6	11300
1507	30100	87000	0.4	8700
1508	30100	85000	0.4	8500
1509	30100	115000	0.6	11500
1510	30200	87000	0.4	8700
1511	30200	87000	0.4	8700
1512	30200	113000	0.6	11300
1513	30200	91000	0.4	9100
1514	30200	111000	0.6	11100
1515	30300	109000	0.6	10900
1516	30300	117000	0.6	11700
1517	30300	109000	0.6	10900
1518	30300	115000	0.6	11500
1519	30300	89000	0.4	8900
1520	30400	89000	0.4	8900
1521	30400	117000	0.6	11700
1522	30400	89000	0.4	8900
1523	30400	93000	0.4	9300
1524	30400	91000	0.4	9100
1525	30500	91000	0.4	9100
1526	30500	109000	0.6	10900
1527	30500	115000	0.6	11500
1528	30500	111000	0.6	11100
1529	30500	111000	0.6	11100
1530	30600	93000	0.4	9300
1531	30600	109000	0.6	10900
1532	30600	89000	0.4	8900
1533	30600	89000	0.4	8900
1534	30600	93000	0.4	9300
1535	30700	91000	0.4	9100
1536	30700	117000	0.6	11700
1537	30700	115000	0.6	11500
1538	30700	111000	0.6	11100
1539	30700	85000	0.4	8500
1540	30800	89000	0.4	8900
1541	30800	113000	0.6	11300
1542	30800	109000	0.6	10900
1543	30800	91000	0.4	9100
1544	30800	113000	0.6	11300
1545	30900	85000	0.4	8500
1546	30900	93000	0.4	9300
1547	30900	109000	0.6	10900
1548	30900	113000	0.6	11300
1549	30900	117000	0.6	11700
1550	31000	117000	0.6	11700
1551	31000	85000	0.4	8500
1552	31000	109000	0.6	10900
1553	31000	91000	0.4	9100
1554	31000	115000	0.6	11500
1555	31100	117000	0.6	11700
1556	31100	93000	0.4	9300
1557	31100	115000	0.6	11500
1558	31100	91000	0.4	9100
1559	31100	113000	0.6	11300
1560	31200	89000	0.4	8900
1561	31200	115000	0.6	11500
1562	31200	111000	0.6	11100
1563	31200	93000	0.4	9300
1564	31200	117000	0.6	11700
1565	31300	113000	0.6	11300
1566	31300	91000	0.4	9100
1567	31300	93000	0.4	9300
1568	31300	87000	0.4	8700
1569	31300	93000	0.4	9300
1570	31400	87000	0.4	8700
1571	31400	89000	0.4	8900
1572	31400	117000	0.6	11700
1573	31400	91000	0.4	9100
1574	31400	115000	0.6	11500
1575	31500	93000	0.4	9300
1576	31500	113000	0.6	11300
1577	31500	91000	0.4	9100
1578	31500	91000	0.4	9100
1579	31500	85000	0.4	8500
1580	31600	89000	0.4	8900
1581	31600	91000	0.4	9100
1582	31600	93000	0.4	9300
1583	31600	111000	0.6	11100
1584	31600	113000	0.6	11300
1585	31700	89000	0.4	8900
1586	31700	109000	0.6	10900
1587	31700	115000	0.6	11500
1588	31700	111000	0.6	11100
1589	31700	87000	0.4	8700
1590	31800	111000	0.6	11100
1591	31800	91000	0.4	9100
1592	31800	91000	0.4	9100
1593	31800	93000	0.4	9300
1594	31800	111000	0.6	11100
1595	31900	109000	0.6	10900
1596	31900	91000	0.4	9100
1597	31900	115000	0.6	11500
1598	31900	87000	0.4	8700
1599	31900	117000	0.6	11700
1600	32000	111000	0.6	11100
1601	32000	115000	0.6	11500
1602	32000	113000	0.6	11300
1603	32000	115000	0.6	11500
1604	32000	115000	0.6	11500
1605	32100	111000	0.6	11100
1606	32100	91000	0.4	9100
1607	32100	115000	0.6	11500
1608	32100	87000	0.4	8700
1609	32100	113000	0.6	11300
1610	32200	117000	0.6	11700
1611	32200	117000	0.6	11700
1612	32200	85000	0.4	8500
1613	32200	87000	0.4	8700
1614	32200	89000	0.4	8900
1615	32300	85000	0.4	8500
1616	32300	85000	0.4	8500
1617	32300	91000	0.4	9100
1618	32300	89000	0.4	8900
1619	32300	113000	0.6	11300
1620	32400	85000	0.4	8500
1621	32400	89000	0.4	8900
1622	32400	93000	0.4	9300
1623	32400	85000	0.4	8500
1624	32400	87000	0.4	8700
1625	32500	115000	0.6	11500
1626	32500	87000	0.4	8700
1627	32500	89000	0.4	8900
1628	32500	115000	0.6	11500
1629	32500	115000	0.6	11500
1630	32600	113000	0.6	11300
1631	32600	111000	0.6	11100
1632	32600	109000	0.6	10900
1633	32600	113000	0.6	11300
1634	32600	87000	0.4	8700
1635	32700	111000	0.6	11100
1636	32700	91000	0.4	9100
1637	32700	115000	0.6	11500
1638	32700	93000	0.4	9300
1639	32700	117000	0.6	11700
1640	32800	93000	0.4	9300
1641	32800	93000	0.4	9300
1642	32800	113000	0.6	11300
1643	32800	113000	0.6	11300
1644	32800	89000	0.4	8900
1645	32900	89000	0.4	8900
1646	32900	113000	0.6	11300
1647	32900	91000	0.4	9100
1648	32900	91000	0.4	9100
1649	32900	93000	0.4	9300
1650	33000	117000	0.6	11700
1651	33000	87000	0.4	8700
1652	33000	87000	0.4	8700
1653	33000	117000	0.6	11700
1654	33000	91000	0.4	9100
1655	33100	91000	0.4	9100
1656	33100	85000	0.4	8500
1657	33100	93000	0.4	9300
1658	33100	111000	0.6	11100
1659	33100	111000	0.6	11100
1660	33200	91000	0.4	9100
1661	33200	91000	0.4	9100
1662	33200	109000	0.6	10900
1663	33200	87000	0.4	8700
1664	33200	109000	0.6	10900
1665	33300	113000	0.6	11300
1666	33300	109000	0.6	10900
1667	33300	89000	0.4	8900
1668	33300	109000	0.6	10900
1669	33300	113000	0.6	11300
1670	33400	117000	0.6	11700
1671	33400	91000	0.4	9100
1672	33400	117000	0.6	11700
1673	33400	85000	0.4	8500
1674	33400	111000	0.6	11100
1675	33500	117000	0.6	11700
1676	33500	111000	0.6	11100
1677	33500	91000	0.4	9100
1678	33500	111000	0.6	11100
1679	33500	109000	0.6	10900
1680	33600	91000	0.4	9100
1681	33600	109000	0.6	10900
1682	33600	113000	0.6	11300
1683	33600	87000	0.4	8700
1684	33600	91000	0.4	9100
1685	33700	111000	0.6	11100
1686	33700	91000	0.4	9100
1687	33700	89000	0.4	8900
1688	33700	109000	0.6	10900
1689	33700	89000	0.4	8900
1690	33800	87000	0.4	8700
1691	33800	115000	0.6	11500
1692	33800	93000	0.4	9300
1693	33800	117000	0.6	11700
1694	33800	111000	0.6	11100
1695	33900	117000	0.6	11700
1696	33900	89000	0.4	8900
1697	33900	87000	0.4	8700
1698	33900	85000	0.4	8500
1699	33900	109000	0.6	10900
1700	34000	113000	0.6	11300
1701	34000	115000	0.6	11500
1702	34000	115000	0.6	11500
1703	34000	115000	0.6	11500
1704	34000	117000	0.6	11700
1705	34100	117000	0.6	11700
1706	34100	111000	0.6	11100
1707	34100	115000	0.6	11500
1708	34100	109000	0.6	10900
1709	34100	117000	0.6	11700
1710	34200	109000	0.6	10900
1711	34200	87000	0.4	8700
1712	34200	93000	0.4	9300
1713	34200	109000	0.6	10900
1714	34200	115000	0.6	11500
1715	34300	117000	0.6	11700
1716	34300	113000	0.6	11300
1717	34300	93000	0.4	9300
1718	34300	93000	0.4	9300
1719	34300	89000	0.4	8900
1720	34400	117000	0.6	11700
1721	34400	117000	0.6	11700
1722	34400	117000	0.6	11700
1723	34400	91000	0.4	9100
1724	34400	93000	0.4	9300
1725	34500	115000	0.6	11500
1726	34500	115000	0.6	11500
1727	34500	117000	0.6	11700
1728	34500	85000	0.4	8500
1729	34500	111000	0.6	11100
1730	34600	85000	0.4	8500
1731	34600	117000	0.6	11700
1732	34600	117000	0.6	11700
1733	34600	91000	0.4	9100
1734	34600	111000	0.6	11100
1735	34700	89000	0.4	8900
1736	34700	91000	0.4	9100
1737	34700	89000	0.4	8900
1738	34700	115000	0.6	11500
1739	34700	109000	0.6	10900
1740	34800	85000	0.4	8500
1741	34800	91000	0.4	9100
1742	34800	85000	0.4	8500
1743	34800	113000	0.6	11300
1744	34800	111000	0.6	11100
1745	34900	109000	0.6	10900
1746	34900	115000	0.6	11500
1747	34900	91000	0.4	9100
1748	34900	115000	0.6	11500
1749	34900	115000	0.6	11500
1750	35000	115000	0.6	11500
1751	35000	85000	0.4	8500
1752	35000	91000	0.4	9100
1753	35000	89000	0.4	8900
1754	35000	109000	0.6	10900
1755	35100	111000	0.6	11100
1756	35100	109000	0.6	10900
1757	35100	111000	0.6	11100
1758	35100	87000	0.4	8700
1759	35100	109000	0.6	10900
1760	35200	113000	0.6	11300
1761	35200	109000	0.6	10900
1762	35200	111000	0.6	11100
1763	35200	89000	0.4	8900
1764	35200	89000	0.4	8900
1765	35300	113000	0.6	11300
1766	35300	109000	0.6	10900
1767	35300	117000	0.6	11700
1768	35300	117000	0.6	11700
1769	35300	117000	0.6	11700
1770	35400	113000	0.6	11300
1771	35400	117000	0.6	11700
1772	35400	89000	0.4	8900
1773	35400	89000	0.4	8900
1774	35400	89000	0.4	8900
1775	35500	93000	0.4	9300
1776	35500	111000	0.6	11100
1777	35500	117000	0.6	11700
1778	35500	109000	0.6	10900
1779	35500	115000	0.6	11500
1780	35600	113000	0.6	11300
1781	35600	89000	0.4	8900
1782	35600	117000	0.6	11700
1783	35600	93000	0.4	9300
1784	35600	111000	0.6	11100
1785	35700	109000	0.6	10900
1786	35700	93000	0.4	9300
1787	35700	111000	0.6	11100
1788	35700	109000	0.6	10900
1789	35700	109000	0.6	10900
1790	35800	111000	0.6	11100
1791	35800	85000	0.4	8500
1792	35800	91000	0.4	9100
1793	35800	85000	0.4	8500
1794	35800	89000	0.4	8900
1795	35900	109000	0.6	10900
1796	35900	87000	0.4	8700
1797	35900	113000	0.6	11300
1798	35900	91000	0.4	9100
1799	35900	91000	0.4	9100
1800	36000	93000	0.4	9300
1801	36000	93000	0.4	9300
1802	36000	113000	0.6	11300
1803	36000	91000	0.4	9100
1804	36000	89000	0.4	8900
1805	36100	87000	0.4	8700
1806	36100	109000	0.6	10900
1807	36100	89000	0.4	8900
1808	36100	87000	0.4	8700
1809	36100	109000	0.6	10900
1810	36200	89000	0.4	8900
1811	36200	115000	0.6	11500
1812	36200	91000	0.4	9100
1813	36200	91000	0.4	9100
1814	36200	87000	0.4	8700
1815	36300	93000	0.4	9300
1816	36300	109000	0.6	10900
1817	36300	91000	0.4	9100
1818	36300	113000	0.6	11300
1819	36300	87000	0.4	8700
1820	36400	109000	0.6	10900
1821	36400	85000	0.4	8500
1822	36400	89000	0.4	8900
1823	36400	89000	0.4	8900
1824	36400	111000	0.6	11100
1825	36500	85000	0.4	8500
1826	36500	113000	0.6	11300
1827	36500	89000	0.4	8900
1828	36500	91000	0.4	9100
1829	36500	89000	0.4	8900
1830	36600	117000	0.6	11700
1831	36600	117000	0.6	11700
1832	36600	109000	0.6	10900
1833	36600	117000	0.6	11700
1834	36600	93000	0.4	9300
1835	36700	89000	0.4	8900
1836	36700	91000	0.4	9100
1837	36700	111000	0.6	11100
1838	36700	117000	0.6	11700
1839	36700	113000	0.6	11300
1840	36800	111000	0.6	11100
1841	36800	89000	0.4	8900
1842	36800	91000	0.4	9100
1843	36800	111000	0.6	11100
1844	36800	111000	0.6	11100
1845	36900	87000	0.4	8700
1846	36900	91000	0.4	9100
1847	36900	117000	0.6	11700
1848	36900	85000	0.4	8500
1849	36900	85000	0.4	8500
1850	37000	117000	0.6	11700
1851	37000	111000	0.6	11100
1852	37000	89000	0.4	8900
1853	37000	115000	0.6	11500
1854	37000	89000	0.4	8900
1855	37100	117000	0.6	11700
1856	37100	91000	0.4	9100
1857	37100	89000	0.4	8900
1858	37100	87000	0.4	8700
1859	37100	85000	0.4	8500
1860	37200	115000	0.6	11500
1861	37200	93000	0.4	9300
1862	37200	113000	0.6	11300
1863	37200	109000	0.6	10900
1864	37200	117000	0.6	11700
1865	37300	93000	0.4	9300
1866	37300	115000	0.6	11500
1867	37300	117000	0.6	11700
1868	37300	111000	0.6	11100
1869	37300	85000	0.4	8500
1870	37400	91000	0.4	9100
1871	37400	89000	0.4	8900
1872	37400	111000	0.6	11100
1873	37400	85000	0.4	8500
1874	37400	91000	0.4	9100
1875	37500	91000	0.4	9100
1876	37500	115000	0.6	11500
1877	37500	89000	0.4	8900
1878	37500	111000	0.6	11100
1879	37500	87000	0.4	8700
1880	37600	91000	0.4	9100
1881	37600	111000	0.6	11100
1882	37600	115000	0.6	11500
1883	37600	93000	0.4	9300
1884	37600	87000	0.4	8700
1885	37700	85000	0.4	8500
1886	37700	93000	0.4	9300
1887	37700	113000	0.6	11300
1888	37700	113000	0.6	11300
1889	37700	87000	0.4	8700
1890	37800	117000	0.6	11700
1891	37800	117000	0.6	11700
1892	37800	109000	0.6	10900
1893	37800	113000	0.6	11300
1894	37800	85000	0.4	8500
1895	37900	93000	0.4	9300
1896	37900	115000	0.6	11500
1897	37900	115000	0.6	11500
1898	37900	85000	0.4	8500
1899	37900	117000	0.6	11700
1900	38000	111000	0.6	11100
1901	38000	113000	0.6	11300
1902	38000	87000	0.4	8700
1903	38000	111000	0.6	11100
1904	38000	89000	0.4	8900
1905	38100	85000	0.4	8500
1906	38100	109000	0.6	10900
1907	38100	85000	0.4	8500
1908	38100	113000	0.6	11300
1909	38100	89000	0.4	8900
1910	38200	91000	0.4	9100
1911	38200	85000	0.4	8500
1912	38200	111000	0.6	11100
1913	38200	115000	0.6	11500
1914	38200	111000	0.6	11100
1915	38300	117000	0.6	11700
1916	38300	115000	0.6	11500
1917	38300	111000	0.6	11100
1918	38300	89000	0.4	8900
1919	38300	117000	0.6	11700
1920	38400	89000	0.4	8900
1921	38400	85000	0.4	8500
1922	38400	115000	0.6	11500
1923	38400	111000	0.6	11100
1924	38400	113000	0.6	11300
1925	38500	85000	0.4	8500
1926	38500	91000	0.4	9100
1927	38500	91000	0.4	9100
1928	38500	85000	0.4	8500
1929	38500	115000	0.6	11500
1930	38600	113000	0.6	11300
1931	38600	85000	0.4	8500
1932	38600	109000	0.6	10900
1933	38600	111000	0.6	11100
1934	38600	87000	0.4	8700
1935	38700	93000	0.4	9300
1936	38700	111000	0.6	11100
1937	38700	93000	0.4	9300
1938	38700	115000	0.6	11500
1939	38700	91000	0.4	9100
1940	38800	91000	0.4	9100
1941	38800	89000	0.4	8900
1942	38800	109000	0.6	10900
1943	38800	117000	0.6	11700
1944	38800	111000	0.6	11100
1945	38900	109000	0.6	10900
1946	38900	85000	0.4	8500
1947	38900	115000	0.6	11500
1948	38900	117000	0.6	11700
1949	38900	111000	0.6	11100
1950	39000	91000	0.4	9100
1951	39000	91000	0.4	9100
1952	39000	115000	0.6	11500
1953	39000	93000	0.4	9300
1954	39000	115000	0.6	11500
1955	39100	85000	0.4	8500
1956	39100	89000	0.4	8900
1957	39100	89000	0.4	8900
1958	39100	87000	0.4	8700
1959	39100	91000	0.4	9100
1960	39200	111000	0.6	11100
1961	39200	91000	0.4	9100
1962	39200	111000	0.6	11100
1963	39200	113000	0.6	11300
1964	39200	91000	0.4	9100
1965	39300	117000	0.6	11700
1966	39300	87000	0.4	8700
1967	39300	85000	0.4	8500
1968	39300	87000	0.4	8700
1969	39300	85000	0.4	8500
1970	39400	85000	0.4	8500
1971	39400	91000	0.4	9100
1972	39400	87000	0.4	8700
1973	39400	117000	0.6	11700
1974	39400	111000	0.6	11100
1975	39500	115000	0.6	11500
1976	39500	115000	0.6	11500
1977	39500	113000	0.6	11300
1978	39500	89000	0.4	8900
1979	39500	113000	0.6	11300
1980	39600	111000	0.6	11100
1981	39600	111000	0.6	11100
1982	39600	93000	0.4	9300
1983	39600	85000	0.4	8500
1984	39600	87000	0.4	8700
1985	39700	85000	0.4	8500
1986	39700	85000	0.4	8500
1987	39700	117000	0.6	11700
1988	39700	87000	0.4	8700
1989	39700	89000	0.4	8900
1990	39800	113000	0.6	11300
1991	39800	111000	0.6	11100
1992	39800	113000	0.6	11300
1993	39800	93000	0.4	9300
1994	39800	85000	0.4	8500
1995	39900	89000	0.4	8900
1996	39900	87000	0.4	8700
1997	39900	109000	0.6	10900
1998	39900	113000	0.6	11300
1999	39900	115000	0.6	11500
