0	0	51000	0.2	5100
1	0	107000	0.6	10700
2	0	51000	0.2	5100
3	0	59000	0.4	5900
4	0	59000	0.4	5900
5	100	109000	0.6	10900
6	100	53000	0.2	5300
7	100	109000	0.6	10900
8	100	105000	0.6	10500
9	100	109000	0.6	10900
10	200	55000	0.2	5500
11	200	59000	0.4	5900
12	200	53000	0.2	5300
13	200	53000	0.2	5300
14	200	53000	0.2	5300
15	300	49000	0.2	4900
16	300	53000	0.2	5300
17	300	49000	0.2	4900
18	300	109000	0.6	10900
19	300	107000	0.6	10700
20	400	53000	0.2	5300
21	400	103000	0.6	10300
22	400	109000	0.6	10900
23	400	55000	0.2	5500
24	400	49000	0.2	4900
25	500	105000	0.6	10500
26	500	105000	0.6	10500
27	500	59000	0.4	5900
28	500	59000	0.4	5900
29	500	105000	0.6	10500
30	600	111000	0.6	11100
31	600	105000	0.6	10500
32	600	59000	0.4	5900
33	600	111000	0.6	11100
34	600	109000	0.6	10900
35	700	51000	0.2	5100
36	700	103000	0.6	10300
37	700	55000	0.2	5500
38	700	111000	0.6	11100
39	700	103000	0.6	10300
40	800	49000	0.2	4900
41	800	55000	0.2	5500
42	800	103000	0.6	10300
43	800	107000	0.6	10700
44	800	105000	0.6	10500
45	900	107000	0.6	10700
46	900	111000	0.6	11100
47	900	107000	0.6	10700
48	900	55000	0.2	5500
49	900	105000	0.6	10500
50	1000	107000	0.6	10700
51	1000	49000	0.2	4900
52	1000	109000	0.6	10900
53	1000	103000	0.6	10300
54	1000	59000	0.4	5900
55	1100	55000	0.2	5500
56	1100	55000	0.2	5500
57	1100	109000	0.6	10900
58	1100	55000	0.2	5500
59	1100	109000	0.6	10900
60	1200	103000	0.6	10300
61	1200	51000	0.2	5100
62	1200	103000	0.6	10300
63	1200	59000	0.4	5900
64	1200	55000	0.2	5500
65	1300	107000	0.6	10700
66	1300	53000	0.2	5300
67	1300	53000	0.2	5300
68	1300	111000	0.6	11100
69	1300	59000	0.4	5900
70	1400	59000	0.4	5900
71	1400	49000	0.2	4900
72	1400	107000	0.6	10700
73	1400	105000	0.6	10500
74	1400	55000	0.2	5500
75	1500	59000	0.4	5900
76	1500	111000	0.6	11100
77	1500	109000	0.6	10900
78	1500	111000	0.6	11100
79	1500	53000	0.2	5300
80	1600	111000	0.6	11100
81	1600	51000	0.2	5100
82	1600	105000	0.6	10500
83	1600	103000	0.6	10300
84	1600	103000	0.6	10300
85	1700	55000	0.2	5500
86	1700	51000	0.2	5100
87	1700	53000	0.2	5300
88	1700	53000	0.2	5300
89	1700	107000	0.6	10700
90	1800	51000	0.2	5100
91	1800	59000	0.4	5900
92	1800	107000	0.6	10700
93	1800	105000	0.6	10500
94	1800	51000	0.2	5100
95	1900	107000	0.6	10700
96	1900	59000	0.4	5900
97	1900	55000	0.2	5500
98	1900	55000	0.2	5500
99	1900	107000	0.6	10700
100	2000	53000	0.2	5300
101	2000	49000	0.2	4900
102	2000	55000	0.2	5500
103	2000	53000	0.2	5300
104	2000	107000	0.6	10700
105	2100	55000	0.2	5500
106	2100	103000	0.6	10300
107	2100	105000	0.6	10500
108	2100	103000	0.6	10300
109	2100	51000	0.2	5100
110	2200	107000	0.6	10700
111	2200	55000	0.2	5500
112	2200	103000	0.6	10300
113	2200	55000	0.2	5500
114	2200	109000	0.6	10900
115	2300	111000	0.6	11100
116	2300	49000	0.2	4900
117	2300	103000	0.6	10300
118	2300	109000	0.6	10900
119	2300	55000	0.2	5500
120	2400	49000	0.2	4900
121	2400	109000	0.6	10900
122	2400	103000	0.6	10300
123	2400	55000	0.2	5500
124	2400	105000	0.6	10500
125	2500	111000	0.6	11100
126	2500	55000	0.2	5500
127	2500	109000	0.6	10900
128	2500	105000	0.6	10500
129	2500	55000	0.2	5500
130	2600	107000	0.6	10700
131	2600	111000	0.6	11100
132	2600	105000	0.6	10500
133	2600	51000	0.2	5100
134	2600	51000	0.2	5100
135	2700	111000	0.6	11100
136	2700	111000	0.6	11100
137	2700	51000	0.2	5100
138	2700	111000	0.6	11100
139	2700	103000	0.6	10300
140	2800	49000	0.2	4900
141	2800	55000	0.2	5500
142	2800	51000	0.2	5100
143	2800	107000	0.6	10700
144	2800	111000	0.6	11100
145	2900	49000	0.2	4900
146	2900	109000	0.6	10900
147	2900	109000	0.6	10900
148	2900	55000	0.2	5500
149	2900	51000	0.2	5100
150	3000	109000	0.6	10900
151	3000	59000	0.4	5900
152	3000	109000	0.6	10900
153	3000	109000	0.6	10900
154	3000	111000	0.6	11100
155	3100	55000	0.2	5500
156	3100	55000	0.2	5500
157	3100	107000	0.6	10700
158	3100	55000	0.2	5500
159	3100	55000	0.2	5500
160	3200	105000	0.6	10500
161	3200	105000	0.6	10500
162	3200	55000	0.2	5500
163	3200	105000	0.6	10500
164	3200	109000	0.6	10900
165	3300	59000	0.4	5900
166	3300	55000	0.2	5500
167	3300	103000	0.6	10300
168	3300	109000	0.6	10900
169	3300	49000	0.2	4900
170	3400	103000	0.6	10300
171	3400	51000	0.2	5100
172	3400	103000	0.6	10300
173	3400	105000	0.6	10500
174	3400	51000	0.2	5100
175	3500	105000	0.6	10500
176	3500	109000	0.6	10900
177	3500	53000	0.2	5300
178	3500	109000	0.6	10900
179	3500	103000	0.6	10300
180	3600	111000	0.6	11100
181	3600	49000	0.2	4900
182	3600	53000	0.2	5300
183	3600	103000	0.6	10300
184	3600	105000	0.6	10500
185	3700	55000	0.2	5500
186	3700	59000	0.4	5900
187	3700	51000	0.2	5100
188	3700	53000	0.2	5300
189	3700	59000	0.4	5900
190	3800	103000	0.6	10300
191	3800	53000	0.2	5300
192	3800	59000	0.4	5900
193	3800	53000	0.2	5300
194	3800	111000	0.6	11100
195	3900	109000	0.6	10900
196	3900	51000	0.2	5100
197	3900	51000	0.2	5100
198	3900	107000	0.6	10700
199	3900	59000	0.4	5900
200	4000	111000	0.6	11100
201	4000	55000	0.2	5500
202	4000	109000	0.6	10900
203	4000	107000	0.6	10700
204	4000	55000	0.2	5500
205	4100	103000	0.6	10300
206	4100	111000	0.6	11100
207	4100	103000	0.6	10300
208	4100	105000	0.6	10500
209	4100	109000	0.6	10900
210	4200	51000	0.2	5100
211	4200	109000	0.6	10900
212	4200	107000	0.6	10700
213	4200	105000	0.6	10500
214	4200	105000	0.6	10500
215	4300	55000	0.2	5500
216	4300	107000	0.6	10700
217	4300	53000	0.2	5300
218	4300	109000	0.6	10900
219	4300	105000	0.6	10500
220	4400	51000	0.2	5100
221	4400	105000	0.6	10500
222	4400	107000	0.6	10700
223	4400	51000	0.2	5100
224	4400	109000	0.6	10900
225	4500	105000	0.6	10500
226	4500	53000	0.2	5300
227	4500	51000	0.2	5100
228	4500	103000	0.6	10300
229	4500	55000	0.2	5500
230	4600	53000	0.2	5300
231	4600	49000	0.2	4900
232	4600	49000	0.2	4900
233	4600	59000	0.4	5900
234	4600	103000	0.6	10300
235	4700	107000	0.6	10700
236	4700	49000	0.2	4900
237	4700	107000	0.6	10700
238	4700	107000	0.6	10700
239	4700	53000	0.2	5300
240	4800	105000	0.6	10500
241	4800	55000	0.2	5500
242	4800	51000	0.2	5100
243	4800	109000	0.6	10900
244	4800	107000	0.6	10700
245	4900	53000	0.2	5300
246	4900	111000	0.6	11100
247	4900	49000	0.2	4900
248	4900	55000	0.2	5500
249	4900	109000	0.6	10900
250	5000	107000	0.6	10700
251	5000	51000	0.2	5100
252	5000	105000	0.6	10500
253	5000	103000	0.6	10300
254	5000	55000	0.2	5500
255	5100	109000	0.6	10900
256	5100	109000	0.6	10900
257	5100	55000	0.2	5500
258	5100	53000	0.2	5300
259	5100	107000	0.6	10700
260	5200	49000	0.2	4900
261	5200	109000	0.6	10900
262	5200	53000	0.2	5300
263	5200	103000	0.6	10300
264	5200	107000	0.6	10700
265	5300	51000	0.2	5100
266	5300	105000	0.6	10500
267	5300	59000	0.4	5900
268	5300	103000	0.6	10300
269	5300	103000	0.6	10300
270	5400	105000	0.6	10500
271	5400	111000	0.6	11100
272	5400	103000	0.6	10300
273	5400	49000	0.2	4900
274	5400	107000	0.6	10700
275	5500	51000	0.2	5100
276	5500	107000	0.6	10700
277	5500	103000	0.6	10300
278	5500	107000	0.6	10700
279	5500	51000	0.2	5100
280	5600	111000	0.6	11100
281	5600	109000	0.6	10900
282	5600	53000	0.2	5300
283	5600	105000	0.6	10500
284	5600	59000	0.4	5900
285	5700	53000	0.2	5300
286	5700	103000	0.6	10300
287	5700	55000	0.2	5500
288	5700	103000	0.6	10300
289	5700	111000	0.6	11100
290	5800	49000	0.2	4900
291	5800	111000	0.6	11100
292	5800	55000	0.2	5500
293	5800	53000	0.2	5300
294	5800	49000	0.2	4900
295	5900	107000	0.6	10700
296	5900	55000	0.2	5500
297	5900	59000	0.4	5900
298	5900	111000	0.6	11100
299	5900	59000	0.4	5900
300	6000	53000	0.2	5300
301	6000	103000	0.6	10300
302	6000	103000	0.6	10300
303	6000	111000	0.6	11100
304	6000	51000	0.2	5100
305	6100	107000	0.6	10700
306	6100	59000	0.4	5900
307	6100	49000	0.2	4900
308	6100	59000	0.4	5900
309	6100	105000	0.6	10500
310	6200	109000	0.6	10900
311	6200	53000	0.2	5300
312	6200	53000	0.2	5300
313	6200	53000	0.2	5300
314	6200	103000	0.6	10300
315	6300	53000	0.2	5300
316	6300	59000	0.4	5900
317	6300	59000	0.4	5900
318	6300	109000	0.6	10900
319	6300	107000	0.6	10700
320	6400	49000	0.2	4900
321	6400	49000	0.2	4900
322	6400	105000	0.6	10500
323	6400	53000	0.2	5300
324	6400	53000	0.2	5300
325	6500	109000	0.6	10900
326	6500	109000	0.6	10900
327	6500	55000	0.2	5500
328	6500	55000	0.2	5500
329	6500	103000	0.6	10300
330	6600	51000	0.2	5100
331	6600	51000	0.2	5100
332	6600	55000	0.2	5500
333	6600	55000	0.2	5500
334	6600	105000	0.6	10500
335	6700	109000	0.6	10900
336	6700	49000	0.2	4900
337	6700	49000	0.2	4900
338	6700	109000	0.6	10900
339	6700	53000	0.2	5300
340	6800	49000	0.2	4900
341	6800	59000	0.4	5900
342	6800	49000	0.2	4900
343	6800	59000	0.4	5900
344	6800	53000	0.2	5300
345	6900	59000	0.4	5900
346	6900	111000	0.6	11100
347	6900	51000	0.2	5100
348	6900	59000	0.4	5900
349	6900	55000	0.2	5500
350	7000	107000	0.6	10700
351	7000	51000	0.2	5100
352	7000	107000	0.6	10700
353	7000	109000	0.6	10900
354	7000	49000	0.2	4900
355	7100	51000	0.2	5100
356	7100	55000	0.2	5500
357	7100	51000	0.2	5100
358	7100	55000	0.2	5500
359	7100	109000	0.6	10900
360	7200	59000	0.4	5900
361	7200	59000	0.4	5900
362	7200	109000	0.6	10900
363	7200	107000	0.6	10700
364	7200	107000	0.6	10700
365	7300	53000	0.2	5300
366	7300	49000	0.2	4900
367	7300	59000	0.4	5900
368	7300	107000	0.6	10700
369	7300	105000	0.6	10500
370	7400	107000	0.6	10700
371	7400	53000	0.2	5300
372	7400	49000	0.2	4900
373	7400	105000	0.6	10500
374	7400	105000	0.6	10500
375	7500	55000	0.2	5500
376	7500	111000	0.6	11100
377	7500	103000	0.6	10300
378	7500	55000	0.2	5500
379	7500	49000	0.2	4900
380	7600	51000	0.2	5100
381	7600	105000	0.6	10500
382	7600	53000	0.2	5300
383	7600	49000	0.2	4900
384	7600	49000	0.2	4900
385	7700	109000	0.6	10900
386	7700	103000	0.6	10300
387	7700	59000	0.4	5900
388	7700	51000	0.2	5100
389	7700	49000	0.2	4900
390	7800	103000	0.6	10300
391	7800	103000	0.6	10300
392	7800	111000	0.6	11100
393	7800	103000	0.6	10300
394	7800	51000	0.2	5100
395	7900	49000	0.2	4900
396	7900	103000	0.6	10300
397	7900	109000	0.6	10900
398	7900	107000	0.6	10700
399	7900	53000	0.2	5300
400	8000	49000	0.2	4900
401	8000	53000	0.2	5300
402	8000	49000	0.2	4900
403	8000	103000	0.6	10300
404	8000	59000	0.4	5900
405	8100	55000	0.2	5500
406	8100	59000	0.4	5900
407	8100	107000	0.6	10700
408	8100	111000	0.6	11100
409	8100	49000	0.2	4900
410	8200	55000	0.2	5500
411	8200	109000	0.6	10900
412	8200	53000	0.2	5300
413	8200	59000	0.4	5900
414	8200	109000	0.6	10900
415	8300	51000	0.2	5100
416	8300	111000	0.6	11100
417	8300	53000	0.2	5300
418	8300	51000	0.2	5100
419	8300	103000	0.6	10300
420	8400	59000	0.4	5900
421	8400	111000	0.6	11100
422	8400	109000	0.6	10900
423	8400	51000	0.2	5100
424	8400	55000	0.2	5500
425	8500	111000	0.6	11100
426	8500	107000	0.6	10700
427	8500	51000	0.2	5100
428	8500	49000	0.2	4900
429	8500	49000	0.2	4900
430	8600	55000	0.2	5500
431	8600	59000	0.4	5900
432	8600	109000	0.6	10900
433	8600	55000	0.2	5500
434	8600	109000	0.6	10900
435	8700	109000	0.6	10900
436	8700	53000	0.2	5300
437	8700	105000	0.6	10500
438	8700	55000	0.2	5500
439	8700	55000	0.2	5500
440	8800	53000	0.2	5300
441	8800	103000	0.6	10300
442	8800	49000	0.2	4900
443	8800	111000	0.6	11100
444	8800	59000	0.4	5900
445	8900	55000	0.2	5500
446	8900	51000	0.2	5100
447	8900	49000	0.2	4900
448	8900	109000	0.6	10900
449	8900	59000	0.4	5900
450	9000	105000	0.6	10500
451	9000	51000	0.2	5100
452	9000	109000	0.6	10900
453	9000	105000	0.6	10500
454	9000	51000	0.2	5100
455	9100	103000	0.6	10300
456	9100	51000	0.2	5100
457	9100	103000	0.6	10300
458	9100	103000	0.6	10300
459	9100	51000	0.2	5100
460	9200	105000	0.6	10500
461	9200	111000	0.6	11100
462	9200	105000	0.6	10500
463	9200	55000	0.2	5500
464	9200	109000	0.6	10900
465	9300	109000	0.6	10900
466	9300	107000	0.6	10700
467	9300	103000	0.6	10300
468	9300	105000	0.6	10500
469	9300	103000	0.6	10300
470	9400	55000	0.2	5500
471	9400	59000	0.4	5900
472	9400	109000	0.6	10900
473	9400	109000	0.6	10900
474	9400	49000	0.2	4900
475	9500	107000	0.6	10700
476	9500	49000	0.2	4900
477	9500	105000	0.6	10500
478	9500	59000	0.4	5900
479	9500	53000	0.2	5300
480	9600	49000	0.2	4900
481	9600	51000	0.2	5100
482	9600	107000	0.6	10700
483	9600	105000	0.6	10500
484	9600	107000	0.6	10700
485	9700	111000	0.6	11100
486	9700	107000	0.6	10700
487	9700	107000	0.6	10700
488	9700	109000	0.6	10900
489	9700	103000	0.6	10300
490	9800	59000	0.4	5900
491	9800	107000	0.6	10700
492	9800	111000	0.6	11100
493	9800	111000	0.6	11100
494	9800	53000	0.2	5300
495	9900	105000	0.6	10500
496	9900	103000	0.6	10300
497	9900	111000	0.6	11100
498	9900	53000	0.2	5300
499	9900	51000	0.2	5100
500	10000	51000	0.2	5100
501	10000	55000	0.2	5500
502	10000	111000	0.6	11100
503	10000	51000	0.2	5100
504	10000	53000	0.2	5300
505	10100	107000	0.6	10700
506	10100	105000	0.6	10500
507	10100	109000	0.6	10900
508	10100	59000	0.4	5900
509	10100	49000	0.2	4900
510	10200	59000	0.4	5900
511	10200	109000	0.6	10900
512	10200	55000	0.2	5500
513	10200	111000	0.6	11100
514	10200	105000	0.6	10500
515	10300	105000	0.6	10500
516	10300	111000	0.6	11100
517	10300	105000	0.6	10500
518	10300	53000	0.2	5300
519	10300	55000	0.2	5500
520	10400	53000	0.2	5300
521	10400	55000	0.2	5500
522	10400	109000	0.6	10900
523	10400	107000	0.6	10700
524	10400	111000	0.6	11100
525	10500	49000	0.2	4900
526	10500	103000	0.6	10300
527	10500	109000	0.6	10900
528	10500	53000	0.2	5300
529	10500	53000	0.2	5300
530	10600	109000	0.6	10900
531	10600	111000	0.6	11100
532	10600	59000	0.4	5900
533	10600	51000	0.2	5100
534	10600	107000	0.6	10700
535	10700	109000	0.6	10900
536	10700	53000	0.2	5300
537	10700	49000	0.2	4900
538	10700	53000	0.2	5300
539	10700	109000	0.6	10900
540	10800	49000	0.2	4900
541	10800	49000	0.2	4900
542	10800	53000	0.2	5300
543	10800	49000	0.2	4900
544	10800	55000	0.2	5500
545	10900	53000	0.2	5300
546	10900	105000	0.6	10500
547	10900	105000	0.6	10500
548	10900	103000	0.6	10300
549	10900	107000	0.6	10700
550	11000	109000	0.6	10900
551	11000	55000	0.2	5500
552	11000	107000	0.6	10700
553	11000	107000	0.6	10700
554	11000	103000	0.6	10300
555	11100	51000	0.2	5100
556	11100	49000	0.2	4900
557	11100	103000	0.6	10300
558	11100	105000	0.6	10500
559	11100	59000	0.4	5900
560	11200	51000	0.2	5100
561	11200	49000	0.2	4900
562	11200	53000	0.2	5300
563	11200	59000	0.4	5900
564	11200	51000	0.2	5100
565	11300	49000	0.2	4900
566	11300	59000	0.4	5900
567	11300	105000	0.6	10500
568	11300	109000	0.6	10900
569	11300	51000	0.2	5100
570	11400	51000	0.2	5100
571	11400	49000	0.2	4900
572	11400	109000	0.6	10900
573	11400	49000	0.2	4900
574	11400	103000	0.6	10300
575	11500	105000	0.6	10500
576	11500	59000	0.4	5900
577	11500	105000	0.6	10500
578	11500	107000	0.6	10700
579	11500	53000	0.2	5300
580	11600	103000	0.6	10300
581	11600	49000	0.2	4900
582	11600	111000	0.6	11100
583	11600	105000	0.6	10500
584	11600	103000	0.6	10300
585	11700	105000	0.6	10500
586	11700	49000	0.2	4900
587	11700	105000	0.6	10500
588	11700	107000	0.6	10700
589	11700	109000	0.6	10900
590	11800	55000	0.2	5500
591	11800	111000	0.6	11100
592	11800	53000	0.2	5300
593	11800	103000	0.6	10300
594	11800	55000	0.2	5500
595	11900	53000	0.2	5300
596	11900	107000	0.6	10700
597	11900	103000	0.6	10300
598	11900	111000	0.6	11100
599	11900	55000	0.2	5500
600	12000	55000	0.2	5500
601	12000	55000	0.2	5500
602	12000	111000	0.6	11100
603	12000	111000	0.6	11100
604	12000	103000	0.6	10300
605	12100	59000	0.4	5900
606	12100	105000	0.6	10500
607	12100	53000	0.2	5300
608	12100	103000	0.6	10300
609	12100	51000	0.2	5100
610	12200	59000	0.4	5900
611	12200	53000	0.2	5300
612	12200	51000	0.2	5100
613	12200	109000	0.6	10900
614	12200	55000	0.2	5500
615	12300	53000	0.2	5300
616	12300	105000	0.6	10500
617	12300	111000	0.6	11100
618	12300	103000	0.6	10300
619	12300	103000	0.6	10300
620	12400	111000	0.6	11100
621	12400	103000	0.6	10300
622	12400	105000	0.6	10500
623	12400	59000	0.4	5900
624	12400	111000	0.6	11100
625	12500	111000	0.6	11100
626	12500	51000	0.2	5100
627	12500	51000	0.2	5100
628	12500	105000	0.6	10500
629	12500	109000	0.6	10900
630	12600	51000	0.2	5100
631	12600	59000	0.4	5900
632	12600	55000	0.2	5500
633	12600	105000	0.6	10500
634	12600	49000	0.2	4900
635	12700	109000	0.6	10900
636	12700	103000	0.6	10300
637	12700	55000	0.2	5500
638	12700	105000	0.6	10500
639	12700	107000	0.6	10700
640	12800	111000	0.6	11100
641	12800	111000	0.6	11100
642	12800	109000	0.6	10900
643	12800	53000	0.2	5300
644	12800	55000	0.2	5500
645	12900	51000	0.2	5100
646	12900	107000	0.6	10700
647	12900	55000	0.2	5500
648	12900	49000	0.2	4900
649	12900	103000	0.6	10300
650	13000	105000	0.6	10500
651	13000	105000	0.6	10500
652	13000	103000	0.6	10300
653	13000	109000	0.6	10900
654	13000	105000	0.6	10500
655	13100	111000	0.6	11100
656	13100	53000	0.2	5300
657	13100	109000	0.6	10900
658	13100	49000	0.2	4900
659	13100	109000	0.6	10900
660	13200	51000	0.2	5100
661	13200	59000	0.4	5900
662	13200	103000	0.6	10300
663	13200	51000	0.2	5100
664	13200	53000	0.2	5300
665	13300	109000	0.6	10900
666	13300	111000	0.6	11100
667	13300	55000	0.2	5500
668	13300	109000	0.6	10900
669	13300	111000	0.6	11100
670	13400	55000	0.2	5500
671	13400	105000	0.6	10500
672	13400	49000	0.2	4900
673	13400	55000	0.2	5500
674	13400	55000	0.2	5500
675	13500	49000	0.2	4900
676	13500	55000	0.2	5500
677	13500	55000	0.2	5500
678	13500	109000	0.6	10900
679	13500	103000	0.6	10300
680	13600	103000	0.6	10300
681	13600	109000	0.6	10900
682	13600	49000	0.2	4900
683	13600	55000	0.2	5500
684	13600	111000	0.6	11100
685	13700	103000	0.6	10300
686	13700	51000	0.2	5100
687	13700	59000	0.4	5900
688	13700	55000	0.2	5500
689	13700	53000	0.2	5300
690	13800	49000	0.2	4900
691	13800	51000	0.2	5100
692	13800	107000	0.6	10700
693	13800	111000	0.6	11100
694	13800	103000	0.6	10300
695	13900	55000	0.2	5500
696	13900	107000	0.6	10700
697	13900	109000	0.6	10900
698	13900	105000	0.6	10500
699	13900	49000	0.2	4900
700	14000	105000	0.6	10500
701	14000	109000	0.6	10900
702	14000	109000	0.6	10900
703	14000	59000	0.4	5900
704	14000	59000	0.4	5900
705	14100	49000	0.2	4900
706	14100	111000	0.6	11100
707	14100	107000	0.6	10700
708	14100	111000	0.6	11100
709	14100	51000	0.2	5100
710	14200	111000	0.6	11100
711	14200	107000	0.6	10700
712	14200	103000	0.6	10300
713	14200	109000	0.6	10900
714	14200	103000	0.6	10300
715	14300	107000	0.6	10700
716	14300	105000	0.6	10500
717	14300	103000	0.6	10300
718	14300	49000	0.2	4900
719	14300	107000	0.6	10700
720	14400	49000	0.2	4900
721	14400	53000	0.2	5300
722	14400	51000	0.2	5100
723	14400	55000	0.2	5500
724	14400	49000	0.2	4900
725	14500	111000	0.6	11100
726	14500	103000	0.6	10300
727	14500	103000	0.6	10300
728	14500	49000	0.2	4900
729	14500	103000	0.6	10300
730	14600	111000	0.6	11100
731	14600	49000	0.2	4900
732	14600	105000	0.6	10500
733	14600	55000	0.2	5500
734	14600	105000	0.6	10500
735	14700	59000	0.4	5900
736	14700	51000	0.2	5100
737	14700	49000	0.2	4900
738	14700	105000	0.6	10500
739	14700	51000	0.2	5100
740	14800	107000	0.6	10700
741	14800	111000	0.6	11100
742	14800	53000	0.2	5300
743	14800	109000	0.6	10900
744	14800	55000	0.2	5500
745	14900	107000	0.6	10700
746	14900	53000	0.2	5300
747	14900	49000	0.2	4900
748	14900	109000	0.6	10900
749	14900	55000	0.2	5500
750	15000	109000	0.6	10900
751	15000	107000	0.6	10700
752	15000	53000	0.2	5300
753	15000	55000	0.2	5500
754	15000	49000	0.2	4900
755	15100	55000	0.2	5500
756	15100	59000	0.4	5900
757	15100	51000	0.2	5100
758	15100	51000	0.2	5100
759	15100	111000	0.6	11100
760	15200	111000	0.6	11100
761	15200	105000	0.6	10500
762	15200	111000	0.6	11100
763	15200	103000	0.6	10300
764	15200	49000	0.2	4900
765	15300	51000	0.2	5100
766	15300	103000	0.6	10300
767	15300	51000	0.2	5100
768	15300	105000	0.6	10500
769	15300	111000	0.6	11100
770	15400	111000	0.6	11100
771	15400	103000	0.6	10300
772	15400	103000	0.6	10300
773	15400	55000	0.2	5500
774	15400	105000	0.6	10500
775	15500	111000	0.6	11100
776	15500	51000	0.2	5100
777	15500	59000	0.4	5900
778	15500	53000	0.2	5300
779	15500	59000	0.4	5900
780	15600	55000	0.2	5500
781	15600	55000	0.2	5500
782	15600	51000	0.2	5100
783	15600	59000	0.4	5900
784	15600	55000	0.2	5500
785	15700	59000	0.4	5900
786	15700	107000	0.6	10700
787	15700	49000	0.2	4900
788	15700	109000	0.6	10900
789	15700	103000	0.6	10300
790	15800	111000	0.6	11100
791	15800	103000	0.6	10300
792	15800	55000	0.2	5500
793	15800	51000	0.2	5100
794	15800	105000	0.6	10500
795	15900	53000	0.2	5300
796	15900	111000	0.6	11100
797	15900	105000	0.6	10500
798	15900	53000	0.2	5300
799	15900	105000	0.6	10500
800	16000	53000	0.2	5300
801	16000	53000	0.2	5300
802	16000	105000	0.6	10500
803	16000	51000	0.2	5100
804	16000	55000	0.2	5500
805	16100	51000	0.2	5100
806	16100	49000	0.2	4900
807	16100	49000	0.2	4900
808	16100	49000	0.2	4900
809	16100	49000	0.2	4900
810	16200	111000	0.6	11100
811	16200	107000	0.6	10700
812	16200	103000	0.6	10300
813	16200	55000	0.2	5500
814	16200	107000	0.6	10700
815	16300	107000	0.6	10700
816	16300	111000	0.6	11100
817	16300	59000	0.4	5900
818	16300	53000	0.2	5300
819	16300	103000	0.6	10300
820	16400	109000	0.6	10900
821	16400	105000	0.6	10500
822	16400	53000	0.2	5300
823	16400	59000	0.4	5900
824	16400	109000	0.6	10900
825	16500	105000	0.6	10500
826	16500	107000	0.6	10700
827	16500	51000	0.2	5100
828	16500	49000	0.2	4900
829	16500	107000	0.6	10700
830	16600	103000	0.6	10300
831	16600	49000	0.2	4900
832	16600	59000	0.4	5900
833	16600	111000	0.6	11100
834	16600	51000	0.2	5100
835	16700	51000	0.2	5100
836	16700	111000	0.6	11100
837	16700	53000	0.2	5300
838	16700	55000	0.2	5500
839	16700	109000	0.6	10900
840	16800	55000	0.2	5500
841	16800	105000	0.6	10500
842	16800	59000	0.4	5900
843	16800	51000	0.2	5100
844	16800	59000	0.4	5900
845	16900	111000	0.6	11100
846	16900	53000	0.2	5300
847	16900	111000	0.6	11100
848	16900	111000	0.6	11100
849	16900	111000	0.6	11100
850	17000	55000	0.2	5500
851	17000	103000	0.6	10300
852	17000	103000	0.6	10300
853	17000	53000	0.2	5300
854	17000	107000	0.6	10700
855	17100	49000	0.2	4900
856	17100	49000	0.2	4900
857	17100	53000	0.2	5300
858	17100	51000	0.2	5100
859	17100	107000	0.6	10700
860	17200	103000	0.6	10300
861	17200	109000	0.6	10900
862	17200	53000	0.2	5300
863	17200	107000	0.6	10700
864	17200	55000	0.2	5500
865	17300	59000	0.4	5900
866	17300	111000	0.6	11100
867	17300	109000	0.6	10900
868	17300	107000	0.6	10700
869	17300	105000	0.6	10500
870	17400	111000	0.6	11100
871	17400	59000	0.4	5900
872	17400	49000	0.2	4900
873	17400	103000	0.6	10300
874	17400	103000	0.6	10300
875	17500	107000	0.6	10700
876	17500	51000	0.2	5100
877	17500	59000	0.4	5900
878	17500	53000	0.2	5300
879	17500	111000	0.6	11100
880	17600	105000	0.6	10500
881	17600	59000	0.4	5900
882	17600	103000	0.6	10300
883	17600	103000	0.6	10300
884	17600	53000	0.2	5300
885	17700	51000	0.2	5100
886	17700	59000	0.4	5900
887	17700	53000	0.2	5300
888	17700	109000	0.6	10900
889	17700	51000	0.2	5100
890	17800	111000	0.6	11100
891	17800	59000	0.4	5900
892	17800	107000	0.6	10700
893	17800	107000	0.6	10700
894	17800	55000	0.2	5500
895	17900	51000	0.2	5100
896	17900	51000	0.2	5100
897	17900	109000	0.6	10900
898	17900	103000	0.6	10300
899	17900	59000	0.4	5900
900	18000	51000	0.2	5100
901	18000	55000	0.2	5500
902	18000	59000	0.4	5900
903	18000	111000	0.6	11100
904	18000	55000	0.2	5500
905	18100	51000	0.2	5100
906	18100	51000	0.2	5100
907	18100	59000	0.4	5900
908	18100	109000	0.6	10900
909	18100	109000	0.6	10900
910	18200	53000	0.2	5300
911	18200	105000	0.6	10500
912	18200	59000	0.4	5900
913	18200	53000	0.2	5300
914	18200	109000	0.6	10900
915	18300	105000	0.6	10500
916	18300	111000	0.6	11100
917	18300	109000	0.6	10900
918	18300	49000	0.2	4900
919	18300	107000	0.6	10700
920	18400	105000	0.6	10500
921	18400	105000	0.6	10500
922	18400	49000	0.2	4900
923	18400	107000	0.6	10700
924	18400	59000	0.4	5900
925	18500	55000	0.2	5500
926	18500	55000	0.2	5500
927	18500	105000	0.6	10500
928	18500	55000	0.2	5500
929	18500	105000	0.6	10500
930	18600	53000	0.2	5300
931	18600	53000	0.2	5300
932	18600	105000	0.6	10500
933	18600	109000	0.6	10900
934	18600	107000	0.6	10700
935	18700	109000	0.6	10900
936	18700	103000	0.6	10300
937	18700	109000	0.6	10900
938	18700	109000	0.6	10900
939	18700	51000	0.2	5100
940	18800	59000	0.4	5900
941	18800	59000	0.4	5900
942	18800	53000	0.2	5300
943	18800	109000	0.6	10900
944	18800	109000	0.6	10900
945	18900	53000	0.2	5300
946	18900	53000	0.2	5300
947	18900	109000	0.6	10900
948	18900	111000	0.6	11100
949	18900	107000	0.6	10700
950	19000	59000	0.4	5900
951	19000	105000	0.6	10500
952	19000	105000	0.6	10500
953	19000	53000	0.2	5300
954	19000	59000	0.4	5900
955	19100	103000	0.6	10300
956	19100	109000	0.6	10900
957	19100	55000	0.2	5500
958	19100	51000	0.2	5100
959	19100	109000	0.6	10900
960	19200	51000	0.2	5100
961	19200	107000	0.6	10700
962	19200	107000	0.6	10700
963	19200	107000	0.6	10700
964	19200	107000	0.6	10700
965	19300	49000	0.2	4900
966	19300	107000	0.6	10700
967	19300	103000	0.6	10300
968	19300	111000	0.6	11100
969	19300	55000	0.2	5500
970	19400	105000	0.6	10500
971	19400	107000	0.6	10700
972	19400	111000	0.6	11100
973	19400	111000	0.6	11100
974	19400	59000	0.4	5900
975	19500	109000	0.6	10900
976	19500	55000	0.2	5500
977	19500	107000	0.6	10700
978	19500	105000	0.6	10500
979	19500	53000	0.2	5300
980	19600	51000	0.2	5100
981	19600	109000	0.6	10900
982	19600	53000	0.2	5300
983	19600	51000	0.2	5100
984	19600	51000	0.2	5100
985	19700	103000	0.6	10300
986	19700	105000	0.6	10500
987	19700	59000	0.4	5900
988	19700	51000	0.2	5100
989	19700	109000	0.6	10900
990	19800	49000	0.2	4900
991	19800	107000	0.6	10700
992	19800	55000	0.2	5500
993	19800	111000	0.6	11100
994	19800	103000	0.6	10300
995	19900	51000	0.2	5100
996	19900	49000	0.2	4900
997	19900	109000	0.6	10900
998	19900	111000	0.6	11100
999	19900	55000	0.2	5500
1000	20000	59000	0.4	5900
1001	20000	55000	0.2	5500
1002	20000	103000	0.6	10300
1003	20000	49000	0.2	4900
1004	20000	103000	0.6	10300
1005	20100	55000	0.2	5500
1006	20100	53000	0.2	5300
1007	20100	111000	0.6	11100
1008	20100	107000	0.6	10700
1009	20100	49000	0.2	4900
1010	20200	109000	0.6	10900
1011	20200	107000	0.6	10700
1012	20200	53000	0.2	5300
1013	20200	53000	0.2	5300
1014	20200	109000	0.6	10900
1015	20300	49000	0.2	4900
1016	20300	105000	0.6	10500
1017	20300	53000	0.2	5300
1018	20300	59000	0.4	5900
1019	20300	49000	0.2	4900
1020	20400	55000	0.2	5500
1021	20400	109000	0.6	10900
1022	20400	107000	0.6	10700
1023	20400	51000	0.2	5100
1024	20400	53000	0.2	5300
1025	20500	51000	0.2	5100
1026	20500	59000	0.4	5900
1027	20500	49000	0.2	4900
1028	20500	107000	0.6	10700
1029	20500	53000	0.2	5300
1030	20600	55000	0.2	5500
1031	20600	107000	0.6	10700
1032	20600	103000	0.6	10300
1033	20600	55000	0.2	5500
1034	20600	49000	0.2	4900
1035	20700	105000	0.6	10500
1036	20700	105000	0.6	10500
1037	20700	105000	0.6	10500
1038	20700	55000	0.2	5500
1039	20700	109000	0.6	10900
1040	20800	51000	0.2	5100
1041	20800	53000	0.2	5300
1042	20800	55000	0.2	5500
1043	20800	49000	0.2	4900
1044	20800	55000	0.2	5500
1045	20900	59000	0.4	5900
1046	20900	111000	0.6	11100
1047	20900	49000	0.2	4900
1048	20900	51000	0.2	5100
1049	20900	53000	0.2	5300
1050	21000	111000	0.6	11100
1051	21000	51000	0.2	5100
1052	21000	53000	0.2	5300
1053	21000	49000	0.2	4900
1054	21000	51000	0.2	5100
1055	21100	109000	0.6	10900
1056	21100	51000	0.2	5100
1057	21100	111000	0.6	11100
1058	21100	103000	0.6	10300
1059	21100	103000	0.6	10300
1060	21200	51000	0.2	5100
1061	21200	55000	0.2	5500
1062	21200	105000	0.6	10500
1063	21200	107000	0.6	10700
1064	21200	49000	0.2	4900
1065	21300	105000	0.6	10500
1066	21300	109000	0.6	10900
1067	21300	111000	0.6	11100
1068	21300	105000	0.6	10500
1069	21300	53000	0.2	5300
1070	21400	105000	0.6	10500
1071	21400	53000	0.2	5300
1072	21400	109000	0.6	10900
1073	21400	59000	0.4	5900
1074	21400	107000	0.6	10700
1075	21500	107000	0.6	10700
1076	21500	59000	0.4	5900
1077	21500	51000	0.2	5100
1078	21500	111000	0.6	11100
1079	21500	103000	0.6	10300
1080	21600	105000	0.6	10500
1081	21600	49000	0.2	4900
1082	21600	103000	0.6	10300
1083	21600	51000	0.2	5100
1084	21600	107000	0.6	10700
1085	21700	53000	0.2	5300
1086	21700	55000	0.2	5500
1087	21700	59000	0.4	5900
1088	21700	107000	0.6	10700
1089	21700	111000	0.6	11100
1090	21800	53000	0.2	5300
1091	21800	109000	0.6	10900
1092	21800	51000	0.2	5100
1093	21800	55000	0.2	5500
1094	21800	107000	0.6	10700
1095	21900	55000	0.2	5500
1096	21900	59000	0.4	5900
1097	21900	51000	0.2	5100
1098	21900	109000	0.6	10900
1099	21900	103000	0.6	10300
1100	22000	55000	0.2	5500
1101	22000	103000	0.6	10300
1102	22000	59000	0.4	5900
1103	22000	105000	0.6	10500
1104	22000	51000	0.2	5100
1105	22100	53000	0.2	5300
1106	22100	105000	0.6	10500
1107	22100	49000	0.2	4900
1108	22100	103000	0.6	10300
1109	22100	107000	0.6	10700
1110	22200	111000	0.6	11100
1111	22200	107000	0.6	10700
1112	22200	53000	0.2	5300
1113	22200	109000	0.6	10900
1114	22200	111000	0.6	11100
1115	22300	111000	0.6	11100
1116	22300	109000	0.6	10900
1117	22300	111000	0.6	11100
1118	22300	107000	0.6	10700
1119	22300	103000	0.6	10300
1120	22400	107000	0.6	10700
1121	22400	105000	0.6	10500
1122	22400	105000	0.6	10500
1123	22400	55000	0.2	5500
1124	22400	53000	0.2	5300
1125	22500	103000	0.6	10300
1126	22500	51000	0.2	5100
1127	22500	111000	0.6	11100
1128	22500	59000	0.4	5900
1129	22500	111000	0.6	11100
1130	22600	55000	0.2	5500
1131	22600	107000	0.6	10700
1132	22600	105000	0.6	10500
1133	22600	59000	0.4	5900
1134	22600	49000	0.2	4900
1135	22700	109000	0.6	10900
1136	22700	55000	0.2	5500
1137	22700	105000	0.6	10500
1138	22700	53000	0.2	5300
1139	22700	53000	0.2	5300
1140	22800	59000	0.4	5900
1141	22800	103000	0.6	10300
1142	22800	107000	0.6	10700
1143	22800	53000	0.2	5300
1144	22800	59000	0.4	5900
1145	22900	103000	0.6	10300
1146	22900	107000	0.6	10700
1147	22900	51000	0.2	5100
1148	22900	51000	0.2	5100
1149	22900	51000	0.2	5100
1150	23000	107000	0.6	10700
1151	23000	59000	0.4	5900
1152	23000	103000	0.6	10300
1153	23000	55000	0.2	5500
1154	23000	105000	0.6	10500
1155	23100	49000	0.2	4900
1156	23100	53000	0.2	5300
1157	23100	111000	0.6	11100
1158	23100	51000	0.2	5100
1159	23100	105000	0.6	10500
1160	23200	55000	0.2	5500
1161	23200	103000	0.6	10300
1162	23200	105000	0.6	10500
1163	23200	49000	0.2	4900
1164	23200	49000	0.2	4900
1165	23300	51000	0.2	5100
1166	23300	103000	0.6	10300
1167	23300	107000	0.6	10700
1168	23300	49000	0.2	4900
1169	23300	49000	0.2	4900
1170	23400	111000	0.6	11100
1171	23400	103000	0.6	10300
1172	23400	105000	0.6	10500
1173	23400	105000	0.6	10500
1174	23400	109000	0.6	10900
1175	23500	109000	0.6	10900
1176	23500	105000	0.6	10500
1177	23500	59000	0.4	5900
1178	23500	103000	0.6	10300
1179	23500	59000	0.4	5900
1180	23600	109000	0.6	10900
1181	23600	49000	0.2	4900
1182	23600	53000	0.2	5300
1183	23600	111000	0.6	11100
1184	23600	51000	0.2	5100
1185	23700	103000	0.6	10300
1186	23700	103000	0.6	10300
1187	23700	51000	0.2	5100
1188	23700	105000	0.6	10500
1189	23700	49000	0.2	4900
1190	23800	51000	0.2	5100
1191	23800	55000	0.2	5500
1192	23800	49000	0.2	4900
1193	23800	51000	0.2	5100
1194	23800	109000	0.6	10900
1195	23900	55000	0.2	5500
1196	23900	55000	0.2	5500
1197	23900	53000	0.2	5300
1198	23900	53000	0.2	5300
1199	23900	105000	0.6	10500
1200	24000	111000	0.6	11100
1201	24000	55000	0.2	5500
1202	24000	55000	0.2	5500
1203	24000	49000	0.2	4900
1204	24000	111000	0.6	11100
1205	24100	55000	0.2	5500
1206	24100	55000	0.2	5500
1207	24100	53000	0.2	5300
1208	24100	53000	0.2	5300
1209	24100	53000	0.2	5300
1210	24200	49000	0.2	4900
1211	24200	103000	0.6	10300
1212	24200	109000	0.6	10900
1213	24200	49000	0.2	4900
1214	24200	109000	0.6	10900
1215	24300	55000	0.2	5500
1216	24300	109000	0.6	10900
1217	24300	109000	0.6	10900
1218	24300	51000	0.2	5100
1219	24300	53000	0.2	5300
1220	24400	105000	0.6	10500
1221	24400	53000	0.2	5300
1222	24400	109000	0.6	10900
1223	24400	49000	0.2	4900
1224	24400	53000	0.2	5300
1225	24500	49000	0.2	4900
1226	24500	105000	0.6	10500
1227	24500	59000	0.4	5900
1228	24500	103000	0.6	10300
1229	24500	103000	0.6	10300
1230	24600	103000	0.6	10300
1231	24600	111000	0.6	11100
1232	24600	105000	0.6	10500
1233	24600	107000	0.6	10700
1234	24600	107000	0.6	10700
1235	24700	59000	0.4	5900
1236	24700	109000	0.6	10900
1237	24700	59000	0.4	5900
1238	24700	49000	0.2	4900
1239	24700	55000	0.2	5500
1240	24800	59000	0.4	5900
1241	24800	105000	0.6	10500
1242	24800	59000	0.4	5900
1243	24800	105000	0.6	10500
1244	24800	109000	0.6	10900
1245	24900	103000	0.6	10300
1246	24900	107000	0.6	10700
1247	24900	55000	0.2	5500
1248	24900	109000	0.6	10900
1249	24900	103000	0.6	10300
1250	25000	103000	0.6	10300
1251	25000	107000	0.6	10700
1252	25000	109000	0.6	10900
1253	25000	53000	0.2	5300
1254	25000	111000	0.6	11100
1255	25100	55000	0.2	5500
1256	25100	59000	0.4	5900
1257	25100	105000	0.6	10500
1258	25100	55000	0.2	5500
1259	25100	103000	0.6	10300
1260	25200	103000	0.6	10300
1261	25200	59000	0.4	5900
1262	25200	111000	0.6	11100
1263	25200	55000	0.2	5500
1264	25200	51000	0.2	5100
1265	25300	59000	0.4	5900
1266	25300	53000	0.2	5300
1267	25300	53000	0.2	5300
1268	25300	105000	0.6	10500
1269	25300	105000	0.6	10500
1270	25400	109000	0.6	10900
1271	25400	59000	0.4	5900
1272	25400	55000	0.2	5500
1273	25400	55000	0.2	5500
1274	25400	59000	0.4	5900
1275	25500	53000	0.2	5300
1276	25500	103000	0.6	10300
1277	25500	109000	0.6	10900
1278	25500	49000	0.2	4900
1279	25500	105000	0.6	10500
1280	25600	51000	0.2	5100
1281	25600	105000	0.6	10500
1282	25600	111000	0.6	11100
1283	25600	59000	0.4	5900
1284	25600	103000	0.6	10300
1285	25700	55000	0.2	5500
1286	25700	103000	0.6	10300
1287	25700	53000	0.2	5300
1288	25700	105000	0.6	10500
1289	25700	59000	0.4	5900
1290	25800	109000	0.6	10900
1291	25800	107000	0.6	10700
1292	25800	109000	0.6	10900
1293	25800	55000	0.2	5500
1294	25800	105000	0.6	10500
1295	25900	59000	0.4	5900
1296	25900	49000	0.2	4900
1297	25900	55000	0.2	5500
1298	25900	59000	0.4	5900
1299	25900	103000	0.6	10300
1300	26000	51000	0.2	5100
1301	26000	107000	0.6	10700
1302	26000	103000	0.6	10300
1303	26000	59000	0.4	5900
1304	26000	53000	0.2	5300
1305	26100	109000	0.6	10900
1306	26100	107000	0.6	10700
1307	26100	103000	0.6	10300
1308	26100	103000	0.6	10300
1309	26100	105000	0.6	10500
1310	26200	103000	0.6	10300
1311	26200	109000	0.6	10900
1312	26200	55000	0.2	5500
1313	26200	107000	0.6	10700
1314	26200	105000	0.6	10500
1315	26300	51000	0.2	5100
1316	26300	53000	0.2	5300
1317	26300	109000	0.6	10900
1318	26300	49000	0.2	4900
1319	26300	107000	0.6	10700
1320	26400	53000	0.2	5300
1321	26400	111000	0.6	11100
1322	26400	55000	0.2	5500
1323	26400	109000	0.6	10900
1324	26400	49000	0.2	4900
1325	26500	109000	0.6	10900
1326	26500	53000	0.2	5300
1327	26500	55000	0.2	5500
1328	26500	55000	0.2	5500
1329	26500	51000	0.2	5100
1330	26600	55000	0.2	5500
1331	26600	105000	0.6	10500
1332	26600	109000	0.6	10900
1333	26600	103000	0.6	10300
1334	26600	55000	0.2	5500
1335	26700	105000	0.6	10500
1336	26700	49000	0.2	4900
1337	26700	53000	0.2	5300
1338	26700	55000	0.2	5500
1339	26700	55000	0.2	5500
1340	26800	111000	0.6	11100
1341	26800	107000	0.6	10700
1342	26800	109000	0.6	10900
1343	26800	109000	0.6	10900
1344	26800	111000	0.6	11100
1345	26900	55000	0.2	5500
1346	26900	51000	0.2	5100
1347	26900	55000	0.2	5500
1348	26900	105000	0.6	10500
1349	26900	107000	0.6	10700
1350	27000	59000	0.4	5900
1351	27000	59000	0.4	5900
1352	27000	59000	0.4	5900
1353	27000	105000	0.6	10500
1354	27000	59000	0.4	5900
1355	27100	107000	0.6	10700
1356	27100	105000	0.6	10500
1357	27100	53000	0.2	5300
1358	27100	49000	0.2	4900
1359	27100	59000	0.4	5900
1360	27200	51000	0.2	5100
1361	27200	111000	0.6	11100
1362	27200	49000	0.2	4900
1363	27200	111000	0.6	11100
1364	27200	109000	0.6	10900
1365	27300	49000	0.2	4900
1366	27300	111000	0.6	11100
1367	27300	59000	0.4	5900
1368	27300	109000	0.6	10900
1369	27300	55000	0.2	5500
1370	27400	105000	0.6	10500
1371	27400	51000	0.2	5100
1372	27400	59000	0.4	5900
1373	27400	49000	0.2	4900
1374	27400	55000	0.2	5500
1375	27500	53000	0.2	5300
1376	27500	105000	0.6	10500
1377	27500	51000	0.2	5100
1378	27500	107000	0.6	10700
1379	27500	59000	0.4	5900
1380	27600	55000	0.2	5500
1381	27600	107000	0.6	10700
1382	27600	49000	0.2	4900
1383	27600	107000	0.6	10700
1384	27600	55000	0.2	5500
1385	27700	107000	0.6	10700
1386	27700	59000	0.4	5900
1387	27700	49000	0.2	4900
1388	27700	51000	0.2	5100
1389	27700	51000	0.2	5100
1390	27800	107000	0.6	10700
1391	27800	107000	0.6	10700
1392	27800	103000	0.6	10300
1393	27800	55000	0.2	5500
1394	27800	49000	0.2	4900
1395	27900	51000	0.2	5100
1396	27900	103000	0.6	10300
1397	27900	103000	0.6	10300
1398	27900	103000	0.6	10300
1399	27900	107000	0.6	10700
1400	28000	59000	0.4	5900
1401	28000	55000	0.2	5500
1402	28000	55000	0.2	5500
1403	28000	53000	0.2	5300
1404	28000	59000	0.4	5900
1405	28100	59000	0.4	5900
1406	28100	111000	0.6	11100
1407	28100	53000	0.2	5300
1408	28100	51000	0.2	5100
1409	28100	55000	0.2	5500
1410	28200	49000	0.2	4900
1411	28200	53000	0.2	5300
1412	28200	53000	0.2	5300
1413	28200	49000	0.2	4900
1414	28200	51000	0.2	5100
1415	28300	109000	0.6	10900
1416	28300	111000	0.6	11100
1417	28300	59000	0.4	5900
1418	28300	105000	0.6	10500
1419	28300	107000	0.6	10700
1420	28400	59000	0.4	5900
1421	28400	53000	0.2	5300
1422	28400	59000	0.4	5900
1423	28400	105000	0.6	10500
1424	28400	109000	0.6	10900
1425	28500	111000	0.6	11100
1426	28500	55000	0.2	5500
1427	28500	105000	0.6	10500
1428	28500	107000	0.6	10700
1429	28500	107000	0.6	10700
1430	28600	49000	0.2	4900
1431	28600	53000	0.2	5300
1432	28600	59000	0.4	5900
1433	28600	103000	0.6	10300
1434	28600	105000	0.6	10500
1435	28700	107000	0.6	10700
1436	28700	55000	0.2	5500
1437	28700	55000	0.2	5500
1438	28700	109000	0.6	10900
1439	28700	53000	0.2	5300
1440	28800	49000	0.2	4900
1441	28800	105000	0.6	10500
1442	28800	51000	0.2	5100
1443	28800	107000	0.6	10700
1444	28800	103000	0.6	10300
1445	28900	105000	0.6	10500
1446	28900	109000	0.6	10900
1447	28900	103000	0.6	10300
1448	28900	51000	0.2	5100
1449	28900	55000	0.2	5500
1450	29000	103000	0.6	10300
1451	29000	53000	0.2	5300
1452	29000	111000	0.6	11100
1453	29000	103000	0.6	10300
1454	29000	55000	0.2	5500
1455	29100	105000	0.6	10500
1456	29100	51000	0.2	5100
1457	29100	53000	0.2	5300
1458	29100	107000	0.6	10700
1459	29100	105000	0.6	10500
1460	29200	109000	0.6	10900
1461	29200	105000	0.6	10500
1462	29200	105000	0.6	10500
1463	29200	111000	0.6	11100
1464	29200	49000	0.2	4900
1465	29300	59000	0.4	5900
1466	29300	105000	0.6	10500
1467	29300	107000	0.6	10700
1468	29300	111000	0.6	11100
1469	29300	49000	0.2	4900
1470	29400	53000	0.2	5300
1471	29400	107000	0.6	10700
1472	29400	111000	0.6	11100
1473	29400	109000	0.6	10900
1474	29400	103000	0.6	10300
1475	29500	107000	0.6	10700
1476	29500	105000	0.6	10500
1477	29500	103000	0.6	10300
1478	29500	109000	0.6	10900
1479	29500	103000	0.6	10300
1480	29600	59000	0.4	5900
1481	29600	51000	0.2	5100
1482	29600	103000	0.6	10300
1483	29600	107000	0.6	10700
1484	29600	51000	0.2	5100
1485	29700	111000	0.6	11100
1486	29700	111000	0.6	11100
1487	29700	49000	0.2	4900
1488	29700	53000	0.2	5300
1489	29700	111000	0.6	11100
1490	29800	49000	0.2	4900
1491	29800	109000	0.6	10900
1492	29800	59000	0.4	5900
1493	29800	105000	0.6	10500
1494	29800	105000	0.6	10500
1495	29900	107000	0.6	10700
1496	29900	111000	0.6	11100
1497	29900	109000	0.6	10900
1498	29900	109000	0.6	10900
1499	29900	49000	0.2	4900
1500	30000	49000	0.2	4900
1501	30000	59000	0.4	5900
1502	30000	49000	0.2	4900
1503	30000	59000	0.4	5900
1504	30000	51000	0.2	5100
1505	30100	59000	0.4	5900
1506	30100	109000	0.6	10900
1507	30100	59000	0.4	5900
1508	30100	49000	0.2	4900
1509	30100	49000	0.2	4900
1510	30200	49000	0.2	4900
1511	30200	49000	0.2	4900
1512	30200	109000	0.6	10900
1513	30200	55000	0.2	5500
1514	30200	109000	0.6	10900
1515	30300	103000	0.6	10300
1516	30300	103000	0.6	10300
1517	30300	53000	0.2	5300
1518	30300	107000	0.6	10700
1519	30300	109000	0.6	10900
1520	30400	105000	0.6	10500
1521	30400	51000	0.2	5100
1522	30400	109000	0.6	10900
1523	30400	111000	0.6	11100
1524	30400	105000	0.6	10500
1525	30500	51000	0.2	5100
1526	30500	107000	0.6	10700
1527	30500	51000	0.2	5100
1528	30500	55000	0.2	5500
1529	30500	55000	0.2	5500
1530	30600	107000	0.6	10700
1531	30600	109000	0.6	10900
1532	30600	103000	0.6	10300
1533	30600	107000	0.6	10700
1534	30600	109000	0.6	10900
1535	30700	107000	0.6	10700
1536	30700	51000	0.2	5100
1537	30700	53000	0.2	5300
1538	30700	51000	0.2	5100
1539	30700	107000	0.6	10700
1540	30800	103000	0.6	10300
1541	30800	105000	0.6	10500
1542	30800	103000	0.6	10300
1543	30800	49000	0.2	4900
1544	30800	53000	0.2	5300
1545	30900	109000	0.6	10900
1546	30900	55000	0.2	5500
1547	30900	51000	0.2	5100
1548	30900	107000	0.6	10700
1549	30900	55000	0.2	5500
1550	31000	103000	0.6	10300
1551	31000	111000	0.6	11100
1552	31000	111000	0.6	11100
1553	31000	103000	0.6	10300
1554	31000	55000	0.2	5500
1555	31100	55000	0.2	5500
1556	31100	107000	0.6	10700
1557	31100	59000	0.4	5900
1558	31100	49000	0.2	4900
1559	31100	49000	0.2	4900
1560	31200	107000	0.6	10700
1561	31200	107000	0.6	10700
1562	31200	59000	0.4	5900
1563	31200	51000	0.2	5100
1564	31200	59000	0.4	5900
1565	31300	105000	0.6	10500
1566	31300	59000	0.4	5900
1567	31300	105000	0.6	10500
1568	31300	49000	0.2	4900
1569	31300	55000	0.2	5500
1570	31400	103000	0.6	10300
1571	31400	59000	0.4	5900
1572	31400	53000	0.2	5300
1573	31400	109000	0.6	10900
1574	31400	53000	0.2	5300
1575	31500	55000	0.2	5500
1576	31500	49000	0.2	4900
1577	31500	55000	0.2	5500
1578	31500	107000	0.6	10700
1579	31500	107000	0.6	10700
1580	31600	111000	0.6	11100
1581	31600	105000	0.6	10500
1582	31600	105000	0.6	10500
1583	31600	109000	0.6	10900
1584	31600	49000	0.2	4900
1585	31700	111000	0.6	11100
1586	31700	55000	0.2	5500
1587	31700	53000	0.2	5300
1588	31700	55000	0.2	5500
1589	31700	109000	0.6	10900
1590	31800	55000	0.2	5500
1591	31800	55000	0.2	5500
1592	31800	111000	0.6	11100
1593	31800	49000	0.2	4900
1594	31800	111000	0.6	11100
1595	31900	53000	0.2	5300
1596	31900	51000	0.2	5100
1597	31900	51000	0.2	5100
1598	31900	107000	0.6	10700
1599	31900	109000	0.6	10900
1600	32000	103000	0.6	10300
1601	32000	103000	0.6	10300
1602	32000	103000	0.6	10300
1603	32000	53000	0.2	5300
1604	32000	107000	0.6	10700
1605	32100	59000	0.4	5900
1606	32100	105000	0.6	10500
1607	32100	103000	0.6	10300
1608	32100	55000	0.2	5500
1609	32100	53000	0.2	5300
1610	32200	59000	0.4	5900
1611	32200	109000	0.6	10900
1612	32200	109000	0.6	10900
1613	32200	49000	0.2	4900
1614	32200	51000	0.2	5100
1615	32300	51000	0.2	5100
1616	32300	53000	0.2	5300
1617	32300	111000	0.6	11100
1618	32300	59000	0.4	5900
1619	32300	55000	0.2	5500
1620	32400	59000	0.4	5900
1621	32400	109000	0.6	10900
1622	32400	53000	0.2	5300
1623	32400	105000	0.6	10500
1624	32400	107000	0.6	10700
1625	32500	59000	0.4	5900
1626	32500	49000	0.2	4900
1627	32500	111000	0.6	11100
1628	32500	49000	0.2	4900
1629	32500	105000	0.6	10500
1630	32600	103000	0.6	10300
1631	32600	55000	0.2	5500
1632	32600	107000	0.6	10700
1633	32600	109000	0.6	10900
1634	32600	103000	0.6	10300
1635	32700	55000	0.2	5500
1636	32700	49000	0.2	4900
1637	32700	55000	0.2	5500
1638	32700	111000	0.6	11100
1639	32700	111000	0.6	11100
1640	32800	59000	0.4	5900
1641	32800	103000	0.6	10300
1642	32800	49000	0.2	4900
1643	32800	59000	0.4	5900
1644	32800	49000	0.2	4900
1645	32900	109000	0.6	10900
1646	32900	109000	0.6	10900
1647	32900	105000	0.6	10500
1648	32900	49000	0.2	4900
1649	32900	51000	0.2	5100
1650	33000	105000	0.6	10500
1651	33000	111000	0.6	11100
1652	33000	107000	0.6	10700
1653	33000	109000	0.6	10900
1654	33000	107000	0.6	10700
1655	33100	103000	0.6	10300
1656	33100	51000	0.2	5100
1657	33100	103000	0.6	10300
1658	33100	49000	0.2	4900
1659	33100	51000	0.2	5100
1660	33200	55000	0.2	5500
1661	33200	49000	0.2	4900
1662	33200	109000	0.6	10900
1663	33200	59000	0.4	5900
1664	33200	109000	0.6	10900
1665	33300	55000	0.2	5500
1666	33300	55000	0.2	5500
1667	33300	53000	0.2	5300
1668	33300	105000	0.6	10500
1669	33300	53000	0.2	5300
1670	33400	51000	0.2	5100
1671	33400	109000	0.6	10900
1672	33400	105000	0.6	10500
1673	33400	51000	0.2	5100
1674	33400	53000	0.2	5300
1675	33500	109000	0.6	10900
1676	33500	51000	0.2	5100
1677	33500	49000	0.2	4900
1678	33500	107000	0.6	10700
1679	33500	103000	0.6	10300
1680	33600	55000	0.2	5500
1681	33600	51000	0.2	5100
1682	33600	103000	0.6	10300
1683	33600	49000	0.2	4900
1684	33600	109000	0.6	10900
1685	33700	51000	0.2	5100
1686	33700	107000	0.6	10700
1687	33700	103000	0.6	10300
1688	33700	107000	0.6	10700
1689	33700	107000	0.6	10700
1690	33800	111000	0.6	11100
1691	33800	111000	0.6	11100
1692	33800	109000	0.6	10900
1693	33800	55000	0.2	5500
1694	33800	105000	0.6	10500
1695	33900	107000	0.6	10700
1696	33900	103000	0.6	10300
1697	33900	105000	0.6	10500
1698	33900	59000	0.4	5900
1699	33900	51000	0.2	5100
1700	34000	105000	0.6	10500
1701	34000	59000	0.4	5900
1702	34000	111000	0.6	11100
1703	34000	109000	0.6	10900
1704	34000	53000	0.2	5300
1705	34100	53000	0.2	5300
1706	34100	103000	0.6	10300
1707	34100	55000	0.2	5500
1708	34100	51000	0.2	5100
1709	34100	109000	0.6	10900
1710	34200	55000	0.2	5500
1711	34200	49000	0.2	4900
1712	34200	103000	0.6	10300
1713	34200	107000	0.6	10700
1714	34200	55000	0.2	5500
1715	34300	49000	0.2	4900
1716	34300	53000	0.2	5300
1717	34300	49000	0.2	4900
1718	34300	55000	0.2	5500
1719	34300	55000	0.2	5500
1720	34400	53000	0.2	5300
1721	34400	107000	0.6	10700
1722	34400	59000	0.4	5900
1723	34400	59000	0.4	5900
1724	34400	103000	0.6	10300
1725	34500	55000	0.2	5500
1726	34500	103000	0.6	10300
1727	34500	49000	0.2	4900
1728	34500	109000	0.6	10900
1729	34500	53000	0.2	5300
1730	34600	109000	0.6	10900
1731	34600	109000	0.6	10900
1732	34600	109000	0.6	10900
1733	34600	53000	0.2	5300
1734	34600	59000	0.4	5900
1735	34700	53000	0.2	5300
1736	34700	105000	0.6	10500
1737	34700	51000	0.2	5100
1738	34700	107000	0.6	10700
1739	34700	49000	0.2	4900
1740	34800	53000	0.2	5300
1741	34800	55000	0.2	5500
1742	34800	103000	0.6	10300
1743	34800	103000	0.6	10300
1744	34800	111000	0.6	11100
1745	34900	111000	0.6	11100
1746	34900	109000	0.6	10900
1747	34900	55000	0.2	5500
1748	34900	53000	0.2	5300
1749	34900	111000	0.6	11100
1750	35000	55000	0.2	5500
1751	35000	55000	0.2	5500
1752	35000	55000	0.2	5500
1753	35000	107000	0.6	10700
1754	35000	111000	0.6	11100
1755	35100	103000	0.6	10300
1756	35100	105000	0.6	10500
1757	35100	105000	0.6	10500
1758	35100	103000	0.6	10300
1759	35100	51000	0.2	5100
1760	35200	49000	0.2	4900
1761	35200	49000	0.2	4900
1762	35200	105000	0.6	10500
1763	35200	49000	0.2	4900
1764	35200	55000	0.2	5500
1765	35300	105000	0.6	10500
1766	35300	105000	0.6	10500
1767	35300	107000	0.6	10700
1768	35300	105000	0.6	10500
1769	35300	53000	0.2	5300
1770	35400	111000	0.6	11100
1771	35400	53000	0.2	5300
1772	35400	109000	0.6	10900
1773	35400	111000	0.6	11100
1774	35400	105000	0.6	10500
1775	35500	55000	0.2	5500
1776	35500	107000	0.6	10700
1777	35500	111000	0.6	11100
1778	35500	49000	0.2	4900
1779	35500	51000	0.2	5100
1780	35600	59000	0.4	5900
1781	35600	55000	0.2	5500
1782	35600	107000	0.6	10700
1783	35600	49000	0.2	4900
1784	35600	51000	0.2	5100
1785	35700	49000	0.2	4900
1786	35700	103000	0.6	10300
1787	35700	103000	0.6	10300
1788	35700	51000	0.2	5100
1789	35700	109000	0.6	10900
1790	35800	49000	0.2	4900
1791	35800	51000	0.2	5100
1792	35800	103000	0.6	10300
1793	35800	51000	0.2	5100
1794	35800	53000	0.2	5300
1795	35900	103000	0.6	10300
1796	35900	109000	0.6	10900
1797	35900	105000	0.6	10500
1798	35900	51000	0.2	5100
1799	35900	49000	0.2	4900
1800	36000	53000	0.2	5300
1801	36000	109000	0.6	10900
1802	36000	51000	0.2	5100
1803	36000	111000	0.6	11100
1804	36000	107000	0.6	10700
1805	36100	109000	0.6	10900
1806	36100	111000	0.6	11100
1807	36100	105000	0.6	10500
1808	36100	111000	0.6	11100
1809	36100	49000	0.2	4900
1810	36200	111000	0.6	11100
1811	36200	103000	0.6	10300
1812	36200	53000	0.2	5300
1813	36200	49000	0.2	4900
1814	36200	107000	0.6	10700
1815	36300	103000	0.6	10300
1816	36300	103000	0.6	10300
1817	36300	107000	0.6	10700
1818	36300	53000	0.2	5300
1819	36300	103000	0.6	10300
1820	36400	59000	0.4	5900
1821	36400	49000	0.2	4900
1822	36400	51000	0.2	5100
1823	36400	109000	0.6	10900
1824	36400	107000	0.6	10700
1825	36500	53000	0.2	5300
1826	36500	109000	0.6	10900
1827	36500	105000	0.6	10500
1828	36500	107000	0.6	10700
1829	36500	103000	0.6	10300
1830	36600	109000	0.6	10900
1831	36600	109000	0.6	10900
1832	36600	55000	0.2	5500
1833	36600	109000	0.6	10900
1834	36600	49000	0.2	4900
1835	36700	53000	0.2	5300
1836	36700	51000	0.2	5100
1837	36700	55000	0.2	5500
1838	36700	111000	0.6	11100
1839	36700	107000	0.6	10700
1840	36800	51000	0.2	5100
1841	36800	111000	0.6	11100
1842	36800	49000	0.2	4900
1843	36800	49000	0.2	4900
1844	36800	109000	0.6	10900
1845	36900	109000	0.6	10900
1846	36900	53000	0.2	5300
1847	36900	109000	0.6	10900
1848	36900	49000	0.2	4900
1849	36900	49000	0.2	4900
1850	37000	103000	0.6	10300
1851	37000	55000	0.2	5500
1852	37000	105000	0.6	10500
1853	37000	103000	0.6	10300
1854	37000	55000	0.2	5500
1855	37100	109000	0.6	10900
1856	37100	103000	0.6	10300
1857	37100	109000	0.6	10900
1858	37100	103000	0.6	10300
1859	37100	51000	0.2	5100
1860	37200	111000	0.6	11100
1861	37200	103000	0.6	10300
1862	37200	109000	0.6	10900
1863	37200	53000	0.2	5300
1864	37200	111000	0.6	11100
1865	37300	55000	0.2	5500
1866	37300	111000	0.6	11100
1867	37300	111000	0.6	11100
1868	37300	111000	0.6	11100
1869	37300	53000	0.2	5300
1870	37400	103000	0.6	10300
1871	37400	53000	0.2	5300
1872	37400	111000	0.6	11100
1873	37400	51000	0.2	5100
1874	37400	111000	0.6	11100
1875	37500	59000	0.4	5900
1876	37500	55000	0.2	5500
1877	37500	53000	0.2	5300
1878	37500	59000	0.4	5900
1879	37500	111000	0.6	11100
1880	37600	107000	0.6	10700
1881	37600	111000	0.6	11100
1882	37600	59000	0.4	5900
1883	37600	53000	0.2	5300
1884	37600	55000	0.2	5500
1885	37700	111000	0.6	11100
1886	37700	59000	0.4	5900
1887	37700	53000	0.2	5300
1888	37700	107000	0.6	10700
1889	37700	105000	0.6	10500
1890	37800	55000	0.2	5500
1891	37800	109000	0.6	10900
1892	37800	107000	0.6	10700
1893	37800	111000	0.6	11100
1894	37800	51000	0.2	5100
1895	37900	53000	0.2	5300
1896	37900	109000	0.6	10900
1897	37900	53000	0.2	5300
1898	37900	55000	0.2	5500
1899	37900	107000	0.6	10700
1900	38000	111000	0.6	11100
1901	38000	59000	0.4	5900
1902	38000	109000	0.6	10900
1903	38000	103000	0.6	10300
1904	38000	53000	0.2	5300
1905	38100	55000	0.2	5500
1906	38100	49000	0.2	4900
1907	38100	109000	0.6	10900
1908	38100	55000	0.2	5500
1909	38100	111000	0.6	11100
1910	38200	107000	0.6	10700
1911	38200	53000	0.2	5300
1912	38200	53000	0.2	5300
1913	38200	107000	0.6	10700
1914	38200	55000	0.2	5500
1915	38300	53000	0.2	5300
1916	38300	105000	0.6	10500
1917	38300	103000	0.6	10300
1918	38300	59000	0.4	5900
1919	38300	59000	0.4	5900
1920	38400	109000	0.6	10900
1921	38400	53000	0.2	5300
1922	38400	105000	0.6	10500
1923	38400	105000	0.6	10500
1924	38400	55000	0.2	5500
1925	38500	55000	0.2	5500
1926	38500	49000	0.2	4900
1927	38500	55000	0.2	5500
1928	38500	53000	0.2	5300
1929	38500	111000	0.6	11100
1930	38600	111000	0.6	11100
1931	38600	55000	0.2	5500
1932	38600	103000	0.6	10300
1933	38600	109000	0.6	10900
1934	38600	107000	0.6	10700
1935	38700	49000	0.2	4900
1936	38700	111000	0.6	11100
1937	38700	111000	0.6	11100
1938	38700	53000	0.2	5300
1939	38700	55000	0.2	5500
1940	38800	53000	0.2	5300
1941	38800	51000	0.2	5100
1942	38800	55000	0.2	5500
1943	38800	49000	0.2	4900
1944	38800	107000	0.6	10700
1945	38900	103000	0.6	10300
1946	38900	53000	0.2	5300
1947	38900	53000	0.2	5300
1948	38900	109000	0.6	10900
1949	38900	51000	0.2	5100
1950	39000	59000	0.4	5900
1951	39000	53000	0.2	5300
1952	39000	53000	0.2	5300
1953	39000	55000	0.2	5500
1954	39000	55000	0.2	5500
1955	39100	59000	0.4	5900
1956	39100	103000	0.6	10300
1957	39100	109000	0.6	10900
1958	39100	59000	0.4	5900
1959	39100	51000	0.2	5100
1960	39200	51000	0.2	5100
1961	39200	107000	0.6	10700
1962	39200	59000	0.4	5900
1963	39200	111000	0.6	11100
1964	39200	103000	0.6	10300
1965	39300	53000	0.2	5300
1966	39300	105000	0.6	10500
1967	39300	49000	0.2	4900
1968	39300	105000	0.6	10500
1969	39300	51000	0.2	5100
1970	39400	51000	0.2	5100
1971	39400	55000	0.2	5500
1972	39400	105000	0.6	10500
1973	39400	49000	0.2	4900
1974	39400	59000	0.4	5900
1975	39500	49000	0.2	4900
1976	39500	53000	0.2	5300
1977	39500	49000	0.2	4900
1978	39500	105000	0.6	10500
1979	39500	59000	0.4	5900
1980	39600	103000	0.6	10300
1981	39600	105000	0.6	10500
1982	39600	51000	0.2	5100
1983	39600	105000	0.6	10500
1984	39600	55000	0.2	5500
1985	39700	59000	0.4	5900
1986	39700	109000	0.6	10900
1987	39700	53000	0.2	5300
1988	39700	51000	0.2	5100
1989	39700	109000	0.6	10900
1990	39800	53000	0.2	5300
1991	39800	111000	0.6	11100
1992	39800	53000	0.2	5300
1993	39800	103000	0.6	10300
1994	39800	107000	0.6	10700
1995	39900	55000	0.2	5500
1996	39900	111000	0.6	11100
1997	39900	105000	0.6	10500
1998	39900	107000	0.6	10700
1999	39900	53000	0.2	5300
