0	0	83000	0.4	8300
1	0	111000	0.6	11100
2	0	111000	0.6	11100
3	0	103000	0.6	10300
4	0	103000	0.6	10300
5	100	105000	0.6	10500
6	100	79000	0.4	7900
7	100	77000	0.4	7700
8	100	107000	0.6	10700
9	100	83000	0.4	8300
10	200	83000	0.4	8300
11	200	111000	0.6	11100
12	200	81000	0.4	8100
13	200	81000	0.4	8100
14	200	83000	0.4	8300
15	300	79000	0.4	7900
16	300	111000	0.6	11100
17	300	109000	0.6	10900
18	300	105000	0.6	10500
19	300	83000	0.4	8300
20	400	81000	0.4	8100
21	400	107000	0.6	10700
22	400	111000	0.6	11100
23	400	75000	0.4	7500
24	400	109000	0.6	10900
25	500	75000	0.4	7500
26	500	79000	0.4	7900
27	500	107000	0.6	10700
28	500	103000	0.6	10300
29	500	83000	0.4	8300
30	600	105000	0.6	10500
31	600	111000	0.6	11100
32	600	111000	0.6	11100
33	600	109000	0.6	10900
34	600	77000	0.4	7700
35	700	81000	0.4	8100
36	700	81000	0.4	8100
37	700	75000	0.4	7500
38	700	75000	0.4	7500
39	700	107000	0.6	10700
40	800	109000	0.6	10900
41	800	105000	0.6	10500
42	800	107000	0.6	10700
43	800	79000	0.4	7900
44	800	103000	0.6	10300
45	900	107000	0.6	10700
46	900	79000	0.4	7900
47	900	103000	0.6	10300
48	900	111000	0.6	11100
49	900	81000	0.4	8100
50	1000	83000	0.4	8300
51	1000	75000	0.4	7500
52	1000	75000	0.4	7500
53	1000	81000	0.4	8100
54	1000	105000	0.6	10500
55	1100	109000	0.6	10900
56	1100	105000	0.6	10500
57	1100	105000	0.6	10500
58	1100	107000	0.6	10700
59	1100	77000	0.4	7700
60	1200	83000	0.4	8300
61	1200	105000	0.6	10500
62	1200	109000	0.6	10900
63	1200	77000	0.4	7700
64	1200	105000	0.6	10500
65	1300	107000	0.6	10700
66	1300	107000	0.6	10700
67	1300	103000	0.6	10300
68	1300	77000	0.4	7700
69	1300	75000	0.4	7500
70	1400	81000	0.4	8100
71	1400	83000	0.4	8300
72	1400	81000	0.4	8100
73	1400	105000	0.6	10500
74	1400	111000	0.6	11100
75	1500	75000	0.4	7500
76	1500	107000	0.6	10700
77	1500	77000	0.4	7700
78	1500	75000	0.4	7500
79	1500	77000	0.4	7700
80	1600	77000	0.4	7700
81	1600	79000	0.4	7900
82	1600	109000	0.6	10900
83	1600	111000	0.6	11100
84	1600	75000	0.4	7500
85	1700	81000	0.4	8100
86	1700	79000	0.4	7900
87	1700	75000	0.4	7500
88	1700	81000	0.4	8100
89	1700	83000	0.4	8300
90	1800	79000	0.4	7900
91	1800	79000	0.4	7900
92	1800	109000	0.6	10900
93	1800	75000	0.4	7500
94	1800	109000	0.6	10900
95	1900	83000	0.4	8300
96	1900	105000	0.6	10500
97	1900	83000	0.4	8300
98	1900	81000	0.4	8100
99	1900	75000	0.4	7500
100	2000	105000	0.6	10500
101	2000	75000	0.4	7500
102	2000	107000	0.6	10700
103	2000	103000	0.6	10300
104	2000	109000	0.6	10900
105	2100	81000	0.4	8100
106	2100	105000	0.6	10500
107	2100	77000	0.4	7700
108	2100	75000	0.4	7500
109	2100	107000	0.6	10700
110	2200	109000	0.6	10900
111	2200	109000	0.6	10900
112	2200	77000	0.4	7700
113	2200	77000	0.4	7700
114	2200	109000	0.6	10900
115	2300	83000	0.4	8300
116	2300	103000	0.6	10300
117	2300	79000	0.4	7900
118	2300	105000	0.6	10500
119	2300	79000	0.4	7900
120	2400	105000	0.6	10500
121	2400	79000	0.4	7900
122	2400	81000	0.4	8100
123	2400	75000	0.4	7500
124	2400	105000	0.6	10500
125	2500	107000	0.6	10700
126	2500	77000	0.4	7700
127	2500	107000	0.6	10700
128	2500	83000	0.4	8300
129	2500	109000	0.6	10900
130	2600	109000	0.6	10900
131	2600	77000	0.4	7700
132	2600	81000	0.4	8100
133	2600	81000	0.4	8100
134	2600	105000	0.6	10500
135	2700	107000	0.6	10700
136	2700	105000	0.6	10500
137	2700	109000	0.6	10900
138	2700	83000	0.4	8300
139	2700	83000	0.4	8300
140	2800	107000	0.6	10700
141	2800	77000	0.4	7700
142	2800	103000	0.6	10300
143	2800	83000	0.4	8300
144	2800	75000	0.4	7500
145	2900	75000	0.4	7500
146	2900	81000	0.4	8100
147	2900	111000	0.6	11100
148	2900	79000	0.4	7900
149	2900	81000	0.4	8100
150	3000	83000	0.4	8300
151	3000	103000	0.6	10300
152	3000	79000	0.4	7900
153	3000	109000	0.6	10900
154	3000	83000	0.4	8300
155	3100	81000	0.4	8100
156	3100	111000	0.6	11100
157	3100	103000	0.6	10300
158	3100	75000	0.4	7500
159	3100	111000	0.6	11100
160	3200	79000	0.4	7900
161	3200	79000	0.4	7900
162	3200	81000	0.4	8100
163	3200	107000	0.6	10700
164	3200	81000	0.4	8100
165	3300	109000	0.6	10900
166	3300	107000	0.6	10700
167	3300	109000	0.6	10900
168	3300	83000	0.4	8300
169	3300	109000	0.6	10900
170	3400	81000	0.4	8100
171	3400	105000	0.6	10500
172	3400	107000	0.6	10700
173	3400	77000	0.4	7700
174	3400	79000	0.4	7900
175	3500	83000	0.4	8300
176	3500	109000	0.6	10900
177	3500	81000	0.4	8100
178	3500	79000	0.4	7900
179	3500	79000	0.4	7900
180	3600	79000	0.4	7900
181	3600	81000	0.4	8100
182	3600	75000	0.4	7500
183	3600	75000	0.4	7500
184	3600	109000	0.6	10900
185	3700	103000	0.6	10300
186	3700	77000	0.4	7700
187	3700	111000	0.6	11100
188	3700	75000	0.4	7500
189	3700	109000	0.6	10900
190	3800	83000	0.4	8300
191	3800	103000	0.6	10300
192	3800	81000	0.4	8100
193	3800	83000	0.4	8300
194	3800	103000	0.6	10300
195	3900	79000	0.4	7900
196	3900	79000	0.4	7900
197	3900	77000	0.4	7700
198	3900	109000	0.6	10900
199	3900	75000	0.4	7500
200	4000	83000	0.4	8300
201	4000	81000	0.4	8100
202	4000	83000	0.4	8300
203	4000	111000	0.6	11100
204	4000	109000	0.6	10900
205	4100	111000	0.6	11100
206	4100	79000	0.4	7900
207	4100	103000	0.6	10300
208	4100	111000	0.6	11100
209	4100	111000	0.6	11100
210	4200	77000	0.4	7700
211	4200	83000	0.4	8300
212	4200	107000	0.6	10700
213	4200	83000	0.4	8300
214	4200	105000	0.6	10500
215	4300	79000	0.4	7900
216	4300	81000	0.4	8100
217	4300	111000	0.6	11100
218	4300	103000	0.6	10300
219	4300	75000	0.4	7500
220	4400	77000	0.4	7700
221	4400	75000	0.4	7500
222	4400	83000	0.4	8300
223	4400	109000	0.6	10900
224	4400	81000	0.4	8100
225	4500	83000	0.4	8300
226	4500	109000	0.6	10900
227	4500	77000	0.4	7700
228	4500	79000	0.4	7900
229	4500	105000	0.6	10500
230	4600	105000	0.6	10500
231	4600	103000	0.6	10300
232	4600	111000	0.6	11100
233	4600	109000	0.6	10900
234	4600	79000	0.4	7900
235	4700	111000	0.6	11100
236	4700	107000	0.6	10700
237	4700	109000	0.6	10900
238	4700	83000	0.4	8300
239	4700	75000	0.4	7500
240	4800	77000	0.4	7700
241	4800	83000	0.4	8300
242	4800	77000	0.4	7700
243	4800	109000	0.6	10900
244	4800	111000	0.6	11100
245	4900	111000	0.6	11100
246	4900	105000	0.6	10500
247	4900	107000	0.6	10700
248	4900	107000	0.6	10700
249	4900	111000	0.6	11100
250	5000	83000	0.4	8300
251	5000	107000	0.6	10700
252	5000	103000	0.6	10300
253	5000	107000	0.6	10700
254	5000	75000	0.4	7500
255	5100	105000	0.6	10500
256	5100	105000	0.6	10500
257	5100	103000	0.6	10300
258	5100	103000	0.6	10300
259	5100	75000	0.4	7500
260	5200	75000	0.4	7500
261	5200	109000	0.6	10900
262	5200	81000	0.4	8100
263	5200	79000	0.4	7900
264	5200	75000	0.4	7500
265	5300	103000	0.6	10300
266	5300	105000	0.6	10500
267	5300	77000	0.4	7700
268	5300	103000	0.6	10300
269	5300	79000	0.4	7900
270	5400	83000	0.4	8300
271	5400	105000	0.6	10500
272	5400	79000	0.4	7900
273	5400	111000	0.6	11100
274	5400	79000	0.4	7900
275	5500	75000	0.4	7500
276	5500	109000	0.6	10900
277	5500	107000	0.6	10700
278	5500	105000	0.6	10500
279	5500	83000	0.4	8300
280	5600	111000	0.6	11100
281	5600	81000	0.4	8100
282	5600	75000	0.4	7500
283	5600	105000	0.6	10500
284	5600	109000	0.6	10900
285	5700	105000	0.6	10500
286	5700	79000	0.4	7900
287	5700	103000	0.6	10300
288	5700	79000	0.4	7900
289	5700	111000	0.6	11100
290	5800	83000	0.4	8300
291	5800	103000	0.6	10300
292	5800	79000	0.4	7900
293	5800	109000	0.6	10900
294	5800	111000	0.6	11100
295	5900	81000	0.4	8100
296	5900	83000	0.4	8300
297	5900	107000	0.6	10700
298	5900	83000	0.4	8300
299	5900	83000	0.4	8300
300	6000	83000	0.4	8300
301	6000	105000	0.6	10500
302	6000	79000	0.4	7900
303	6000	111000	0.6	11100
304	6000	103000	0.6	10300
305	6100	105000	0.6	10500
306	6100	111000	0.6	11100
307	6100	77000	0.4	7700
308	6100	103000	0.6	10300
309	6100	103000	0.6	10300
310	6200	81000	0.4	8100
311	6200	83000	0.4	8300
312	6200	105000	0.6	10500
313	6200	105000	0.6	10500
314	6200	83000	0.4	8300
315	6300	75000	0.4	7500
316	6300	103000	0.6	10300
317	6300	75000	0.4	7500
318	6300	81000	0.4	8100
319	6300	109000	0.6	10900
320	6400	75000	0.4	7500
321	6400	105000	0.6	10500
322	6400	107000	0.6	10700
323	6400	79000	0.4	7900
324	6400	81000	0.4	8100
325	6500	77000	0.4	7700
326	6500	107000	0.6	10700
327	6500	77000	0.4	7700
328	6500	103000	0.6	10300
329	6500	111000	0.6	11100
330	6600	81000	0.4	8100
331	6600	109000	0.6	10900
332	6600	75000	0.4	7500
333	6600	111000	0.6	11100
334	6600	109000	0.6	10900
335	6700	107000	0.6	10700
336	6700	77000	0.4	7700
337	6700	107000	0.6	10700
338	6700	75000	0.4	7500
339	6700	81000	0.4	8100
340	6800	111000	0.6	11100
341	6800	109000	0.6	10900
342	6800	103000	0.6	10300
343	6800	81000	0.4	8100
344	6800	103000	0.6	10300
345	6900	83000	0.4	8300
346	6900	111000	0.6	11100
347	6900	103000	0.6	10300
348	6900	77000	0.4	7700
349	6900	103000	0.6	10300
350	7000	81000	0.4	8100
351	7000	111000	0.6	11100
352	7000	105000	0.6	10500
353	7000	77000	0.4	7700
354	7000	105000	0.6	10500
355	7100	111000	0.6	11100
356	7100	105000	0.6	10500
357	7100	81000	0.4	8100
358	7100	109000	0.6	10900
359	7100	109000	0.6	10900
360	7200	79000	0.4	7900
361	7200	111000	0.6	11100
362	7200	107000	0.6	10700
363	7200	75000	0.4	7500
364	7200	81000	0.4	8100
365	7300	81000	0.4	8100
366	7300	111000	0.6	11100
367	7300	81000	0.4	8100
368	7300	81000	0.4	8100
369	7300	75000	0.4	7500
370	7400	107000	0.6	10700
371	7400	83000	0.4	8300
372	7400	79000	0.4	7900
373	7400	83000	0.4	8300
374	7400	83000	0.4	8300
375	7500	107000	0.6	10700
376	7500	83000	0.4	8300
377	7500	75000	0.4	7500
378	7500	83000	0.4	8300
379	7500	111000	0.6	11100
380	7600	103000	0.6	10300
381	7600	75000	0.4	7500
382	7600	109000	0.6	10900
383	7600	83000	0.4	8300
384	7600	103000	0.6	10300
385	7700	109000	0.6	10900
386	7700	111000	0.6	11100
387	7700	103000	0.6	10300
388	7700	107000	0.6	10700
389	7700	77000	0.4	7700
390	7800	75000	0.4	7500
391	7800	77000	0.4	7700
392	7800	109000	0.6	10900
393	7800	103000	0.6	10300
394	7800	109000	0.6	10900
395	7900	103000	0.6	10300
396	7900	103000	0.6	10300
397	7900	109000	0.6	10900
398	7900	111000	0.6	11100
399	7900	81000	0.4	8100
400	8000	81000	0.4	8100
401	8000	81000	0.4	8100
402	8000	81000	0.4	8100
403	8000	75000	0.4	7500
404	8000	83000	0.4	8300
405	8100	79000	0.4	7900
406	8100	81000	0.4	8100
407	8100	77000	0.4	7700
408	8100	77000	0.4	7700
409	8100	105000	0.6	10500
410	8200	77000	0.4	7700
411	8200	81000	0.4	8100
412	8200	107000	0.6	10700
413	8200	105000	0.6	10500
414	8200	105000	0.6	10500
415	8300	103000	0.6	10300
416	8300	79000	0.4	7900
417	8300	83000	0.4	8300
418	8300	105000	0.6	10500
419	8300	103000	0.6	10300
420	8400	81000	0.4	8100
421	8400	81000	0.4	8100
422	8400	75000	0.4	7500
423	8400	107000	0.6	10700
424	8400	109000	0.6	10900
425	8500	107000	0.6	10700
426	8500	81000	0.4	8100
427	8500	107000	0.6	10700
428	8500	111000	0.6	11100
429	8500	83000	0.4	8300
430	8600	103000	0.6	10300
431	8600	83000	0.4	8300
432	8600	111000	0.6	11100
433	8600	109000	0.6	10900
434	8600	111000	0.6	11100
435	8700	109000	0.6	10900
436	8700	75000	0.4	7500
437	8700	75000	0.4	7500
438	8700	103000	0.6	10300
439	8700	79000	0.4	7900
440	8800	111000	0.6	11100
441	8800	103000	0.6	10300
442	8800	109000	0.6	10900
443	8800	79000	0.4	7900
444	8800	77000	0.4	7700
445	8900	75000	0.4	7500
446	8900	111000	0.6	11100
447	8900	75000	0.4	7500
448	8900	107000	0.6	10700
449	8900	81000	0.4	8100
450	9000	105000	0.6	10500
451	9000	111000	0.6	11100
452	9000	103000	0.6	10300
453	9000	75000	0.4	7500
454	9000	83000	0.4	8300
455	9100	103000	0.6	10300
456	9100	77000	0.4	7700
457	9100	105000	0.6	10500
458	9100	81000	0.4	8100
459	9100	103000	0.6	10300
460	9200	103000	0.6	10300
461	9200	81000	0.4	8100
462	9200	79000	0.4	7900
463	9200	79000	0.4	7900
464	9200	75000	0.4	7500
465	9300	109000	0.6	10900
466	9300	77000	0.4	7700
467	9300	109000	0.6	10900
468	9300	83000	0.4	8300
469	9300	109000	0.6	10900
470	9400	109000	0.6	10900
471	9400	75000	0.4	7500
472	9400	109000	0.6	10900
473	9400	75000	0.4	7500
474	9400	79000	0.4	7900
475	9500	83000	0.4	8300
476	9500	105000	0.6	10500
477	9500	81000	0.4	8100
478	9500	107000	0.6	10700
479	9500	81000	0.4	8100
480	9600	105000	0.6	10500
481	9600	75000	0.4	7500
482	9600	81000	0.4	8100
483	9600	105000	0.6	10500
484	9600	81000	0.4	8100
485	9700	81000	0.4	8100
486	9700	105000	0.6	10500
487	9700	111000	0.6	11100
488	9700	79000	0.4	7900
489	9700	103000	0.6	10300
490	9800	77000	0.4	7700
491	9800	109000	0.6	10900
492	9800	109000	0.6	10900
493	9800	111000	0.6	11100
494	9800	77000	0.4	7700
495	9900	83000	0.4	8300
496	9900	79000	0.4	7900
497	9900	81000	0.4	8100
498	9900	111000	0.6	11100
499	9900	109000	0.6	10900
500	10000	83000	0.4	8300
501	10000	79000	0.4	7900
502	10000	77000	0.4	7700
503	10000	77000	0.4	7700
504	10000	111000	0.6	11100
505	10100	83000	0.4	8300
506	10100	109000	0.6	10900
507	10100	75000	0.4	7500
508	10100	111000	0.6	11100
509	10100	79000	0.4	7900
510	10200	83000	0.4	8300
511	10200	77000	0.4	7700
512	10200	105000	0.6	10500
513	10200	107000	0.6	10700
514	10200	107000	0.6	10700
515	10300	105000	0.6	10500
516	10300	107000	0.6	10700
517	10300	79000	0.4	7900
518	10300	79000	0.4	7900
519	10300	77000	0.4	7700
520	10400	81000	0.4	8100
521	10400	81000	0.4	8100
522	10400	109000	0.6	10900
523	10400	105000	0.6	10500
524	10400	111000	0.6	11100
525	10500	75000	0.4	7500
526	10500	81000	0.4	8100
527	10500	75000	0.4	7500
528	10500	81000	0.4	8100
529	10500	111000	0.6	11100
530	10600	75000	0.4	7500
531	10600	105000	0.6	10500
532	10600	103000	0.6	10300
533	10600	111000	0.6	11100
534	10600	105000	0.6	10500
535	10700	77000	0.4	7700
536	10700	75000	0.4	7500
537	10700	77000	0.4	7700
538	10700	75000	0.4	7500
539	10700	75000	0.4	7500
540	10800	81000	0.4	8100
541	10800	83000	0.4	8300
542	10800	111000	0.6	11100
543	10800	103000	0.6	10300
544	10800	109000	0.6	10900
545	10900	107000	0.6	10700
546	10900	81000	0.4	8100
547	10900	105000	0.6	10500
548	10900	111000	0.6	11100
549	10900	103000	0.6	10300
550	11000	109000	0.6	10900
551	11000	81000	0.4	8100
552	11000	111000	0.6	11100
553	11000	83000	0.4	8300
554	11000	109000	0.6	10900
555	11100	109000	0.6	10900
556	11100	105000	0.6	10500
557	11100	81000	0.4	8100
558	11100	79000	0.4	7900
559	11100	79000	0.4	7900
560	11200	77000	0.4	7700
561	11200	83000	0.4	8300
562	11200	83000	0.4	8300
563	11200	81000	0.4	8100
564	11200	83000	0.4	8300
565	11300	81000	0.4	8100
566	11300	83000	0.4	8300
567	11300	77000	0.4	7700
568	11300	79000	0.4	7900
569	11300	79000	0.4	7900
570	11400	107000	0.6	10700
571	11400	107000	0.6	10700
572	11400	79000	0.4	7900
573	11400	103000	0.6	10300
574	11400	103000	0.6	10300
575	11500	107000	0.6	10700
576	11500	107000	0.6	10700
577	11500	111000	0.6	11100
578	11500	81000	0.4	8100
579	11500	79000	0.4	7900
580	11600	107000	0.6	10700
581	11600	81000	0.4	8100
582	11600	107000	0.6	10700
583	11600	75000	0.4	7500
584	11600	109000	0.6	10900
585	11700	109000	0.6	10900
586	11700	81000	0.4	8100
587	11700	109000	0.6	10900
588	11700	77000	0.4	7700
589	11700	105000	0.6	10500
590	11800	105000	0.6	10500
591	11800	109000	0.6	10900
592	11800	111000	0.6	11100
593	11800	111000	0.6	11100
594	11800	81000	0.4	8100
595	11900	105000	0.6	10500
596	11900	79000	0.4	7900
597	11900	83000	0.4	8300
598	11900	111000	0.6	11100
599	11900	77000	0.4	7700
600	12000	77000	0.4	7700
601	12000	109000	0.6	10900
602	12000	105000	0.6	10500
603	12000	111000	0.6	11100
604	12000	105000	0.6	10500
605	12100	103000	0.6	10300
606	12100	109000	0.6	10900
607	12100	109000	0.6	10900
608	12100	81000	0.4	8100
609	12100	109000	0.6	10900
610	12200	109000	0.6	10900
611	12200	79000	0.4	7900
612	12200	111000	0.6	11100
613	12200	103000	0.6	10300
614	12200	105000	0.6	10500
615	12300	75000	0.4	7500
616	12300	105000	0.6	10500
617	12300	77000	0.4	7700
618	12300	81000	0.4	8100
619	12300	111000	0.6	11100
620	12400	77000	0.4	7700
621	12400	105000	0.6	10500
622	12400	83000	0.4	8300
623	12400	77000	0.4	7700
624	12400	107000	0.6	10700
625	12500	77000	0.4	7700
626	12500	103000	0.6	10300
627	12500	105000	0.6	10500
628	12500	79000	0.4	7900
629	12500	111000	0.6	11100
630	12600	83000	0.4	8300
631	12600	107000	0.6	10700
632	12600	111000	0.6	11100
633	12600	79000	0.4	7900
634	12600	81000	0.4	8100
635	12700	107000	0.6	10700
636	12700	79000	0.4	7900
637	12700	79000	0.4	7900
638	12700	75000	0.4	7500
639	12700	107000	0.6	10700
640	12800	111000	0.6	11100
641	12800	77000	0.4	7700
642	12800	77000	0.4	7700
643	12800	79000	0.4	7900
644	12800	79000	0.4	7900
645	12900	81000	0.4	8100
646	12900	103000	0.6	10300
647	12900	83000	0.4	8300
648	12900	107000	0.6	10700
649	12900	109000	0.6	10900
650	13000	77000	0.4	7700
651	13000	109000	0.6	10900
652	13000	79000	0.4	7900
653	13000	81000	0.4	8100
654	13000	105000	0.6	10500
655	13100	105000	0.6	10500
656	13100	75000	0.4	7500
657	13100	111000	0.6	11100
658	13100	83000	0.4	8300
659	13100	111000	0.6	11100
660	13200	105000	0.6	10500
661	13200	77000	0.4	7700
662	13200	79000	0.4	7900
663	13200	79000	0.4	7900
664	13200	105000	0.6	10500
665	13300	79000	0.4	7900
666	13300	75000	0.4	7500
667	13300	107000	0.6	10700
668	13300	103000	0.6	10300
669	13300	107000	0.6	10700
670	13400	109000	0.6	10900
671	13400	111000	0.6	11100
672	13400	81000	0.4	8100
673	13400	111000	0.6	11100
674	13400	103000	0.6	10300
675	13500	107000	0.6	10700
676	13500	111000	0.6	11100
677	13500	103000	0.6	10300
678	13500	105000	0.6	10500
679	13500	81000	0.4	8100
680	13600	83000	0.4	8300
681	13600	77000	0.4	7700
682	13600	109000	0.6	10900
683	13600	75000	0.4	7500
684	13600	105000	0.6	10500
685	13700	79000	0.4	7900
686	13700	109000	0.6	10900
687	13700	77000	0.4	7700
688	13700	103000	0.6	10300
689	13700	75000	0.4	7500
690	13800	81000	0.4	8100
691	13800	77000	0.4	7700
692	13800	109000	0.6	10900
693	13800	109000	0.6	10900
694	13800	103000	0.6	10300
695	13900	77000	0.4	7700
696	13900	105000	0.6	10500
697	13900	111000	0.6	11100
698	13900	111000	0.6	11100
699	13900	107000	0.6	10700
700	14000	109000	0.6	10900
701	14000	105000	0.6	10500
702	14000	109000	0.6	10900
703	14000	75000	0.4	7500
704	14000	103000	0.6	10300
705	14100	79000	0.4	7900
706	14100	81000	0.4	8100
707	14100	83000	0.4	8300
708	14100	81000	0.4	8100
709	14100	111000	0.6	11100
710	14200	83000	0.4	8300
711	14200	83000	0.4	8300
712	14200	111000	0.6	11100
713	14200	79000	0.4	7900
714	14200	111000	0.6	11100
715	14300	107000	0.6	10700
716	14300	83000	0.4	8300
717	14300	103000	0.6	10300
718	14300	111000	0.6	11100
719	14300	77000	0.4	7700
720	14400	81000	0.4	8100
721	14400	75000	0.4	7500
722	14400	107000	0.6	10700
723	14400	77000	0.4	7700
724	14400	77000	0.4	7700
725	14500	103000	0.6	10300
726	14500	105000	0.6	10500
727	14500	103000	0.6	10300
728	14500	103000	0.6	10300
729	14500	111000	0.6	11100
730	14600	103000	0.6	10300
731	14600	111000	0.6	11100
732	14600	77000	0.4	7700
733	14600	77000	0.4	7700
734	14600	103000	0.6	10300
735	14700	111000	0.6	11100
736	14700	107000	0.6	10700
737	14700	77000	0.4	7700
738	14700	107000	0.6	10700
739	14700	105000	0.6	10500
740	14800	109000	0.6	10900
741	14800	81000	0.4	8100
742	14800	75000	0.4	7500
743	14800	75000	0.4	7500
744	14800	105000	0.6	10500
745	14900	81000	0.4	8100
746	14900	83000	0.4	8300
747	14900	105000	0.6	10500
748	14900	109000	0.6	10900
749	14900	111000	0.6	11100
750	15000	75000	0.4	7500
751	15000	103000	0.6	10300
752	15000	105000	0.6	10500
753	15000	77000	0.4	7700
754	15000	79000	0.4	7900
755	15100	107000	0.6	10700
756	15100	77000	0.4	7700
757	15100	103000	0.6	10300
758	15100	103000	0.6	10300
759	15100	107000	0.6	10700
760	15200	75000	0.4	7500
761	15200	77000	0.4	7700
762	15200	79000	0.4	7900
763	15200	75000	0.4	7500
764	15200	109000	0.6	10900
765	15300	79000	0.4	7900
766	15300	111000	0.6	11100
767	15300	75000	0.4	7500
768	15300	103000	0.6	10300
769	15300	107000	0.6	10700
770	15400	77000	0.4	7700
771	15400	103000	0.6	10300
772	15400	111000	0.6	11100
773	15400	107000	0.6	10700
774	15400	75000	0.4	7500
775	15500	111000	0.6	11100
776	15500	81000	0.4	8100
777	15500	75000	0.4	7500
778	15500	109000	0.6	10900
779	15500	111000	0.6	11100
780	15600	75000	0.4	7500
781	15600	77000	0.4	7700
782	15600	105000	0.6	10500
783	15600	111000	0.6	11100
784	15600	105000	0.6	10500
785	15700	79000	0.4	7900
786	15700	79000	0.4	7900
787	15700	77000	0.4	7700
788	15700	107000	0.6	10700
789	15700	103000	0.6	10300
790	15800	77000	0.4	7700
791	15800	109000	0.6	10900
792	15800	81000	0.4	8100
793	15800	81000	0.4	8100
794	15800	79000	0.4	7900
795	15900	75000	0.4	7500
796	15900	111000	0.6	11100
797	15900	83000	0.4	8300
798	15900	81000	0.4	8100
799	15900	79000	0.4	7900
800	16000	77000	0.4	7700
801	16000	79000	0.4	7900
802	16000	79000	0.4	7900
803	16000	75000	0.4	7500
804	16000	81000	0.4	8100
805	16100	103000	0.6	10300
806	16100	103000	0.6	10300
807	16100	83000	0.4	8300
808	16100	103000	0.6	10300
809	16100	105000	0.6	10500
810	16200	81000	0.4	8100
811	16200	83000	0.4	8300
812	16200	109000	0.6	10900
813	16200	79000	0.4	7900
814	16200	79000	0.4	7900
815	16300	75000	0.4	7500
816	16300	111000	0.6	11100
817	16300	109000	0.6	10900
818	16300	105000	0.6	10500
819	16300	77000	0.4	7700
820	16400	111000	0.6	11100
821	16400	111000	0.6	11100
822	16400	105000	0.6	10500
823	16400	77000	0.4	7700
824	16400	109000	0.6	10900
825	16500	75000	0.4	7500
826	16500	109000	0.6	10900
827	16500	79000	0.4	7900
828	16500	81000	0.4	8100
829	16500	77000	0.4	7700
830	16600	81000	0.4	8100
831	16600	81000	0.4	8100
832	16600	83000	0.4	8300
833	16600	75000	0.4	7500
834	16600	83000	0.4	8300
835	16700	105000	0.6	10500
836	16700	109000	0.6	10900
837	16700	105000	0.6	10500
838	16700	111000	0.6	11100
839	16700	103000	0.6	10300
840	16800	107000	0.6	10700
841	16800	77000	0.4	7700
842	16800	83000	0.4	8300
843	16800	103000	0.6	10300
844	16800	79000	0.4	7900
845	16900	75000	0.4	7500
846	16900	75000	0.4	7500
847	16900	105000	0.6	10500
848	16900	77000	0.4	7700
849	16900	105000	0.6	10500
850	17000	105000	0.6	10500
851	17000	81000	0.4	8100
852	17000	77000	0.4	7700
853	17000	77000	0.4	7700
854	17000	103000	0.6	10300
855	17100	83000	0.4	8300
856	17100	109000	0.6	10900
857	17100	77000	0.4	7700
858	17100	77000	0.4	7700
859	17100	105000	0.6	10500
860	17200	79000	0.4	7900
861	17200	77000	0.4	7700
862	17200	77000	0.4	7700
863	17200	107000	0.6	10700
864	17200	103000	0.6	10300
865	17300	77000	0.4	7700
866	17300	75000	0.4	7500
867	17300	79000	0.4	7900
868	17300	81000	0.4	8100
869	17300	107000	0.6	10700
870	17400	109000	0.6	10900
871	17400	111000	0.6	11100
872	17400	109000	0.6	10900
873	17400	83000	0.4	8300
874	17400	75000	0.4	7500
875	17500	77000	0.4	7700
876	17500	81000	0.4	8100
877	17500	109000	0.6	10900
878	17500	105000	0.6	10500
879	17500	111000	0.6	11100
880	17600	105000	0.6	10500
881	17600	77000	0.4	7700
882	17600	81000	0.4	8100
883	17600	111000	0.6	11100
884	17600	103000	0.6	10300
885	17700	81000	0.4	8100
886	17700	109000	0.6	10900
887	17700	103000	0.6	10300
888	17700	81000	0.4	8100
889	17700	105000	0.6	10500
890	17800	111000	0.6	11100
891	17800	103000	0.6	10300
892	17800	107000	0.6	10700
893	17800	109000	0.6	10900
894	17800	83000	0.4	8300
895	17900	105000	0.6	10500
896	17900	77000	0.4	7700
897	17900	75000	0.4	7500
898	17900	105000	0.6	10500
899	17900	77000	0.4	7700
900	18000	77000	0.4	7700
901	18000	83000	0.4	8300
902	18000	79000	0.4	7900
903	18000	109000	0.6	10900
904	18000	75000	0.4	7500
905	18100	105000	0.6	10500
906	18100	83000	0.4	8300
907	18100	107000	0.6	10700
908	18100	111000	0.6	11100
909	18100	81000	0.4	8100
910	18200	107000	0.6	10700
911	18200	107000	0.6	10700
912	18200	75000	0.4	7500
913	18200	109000	0.6	10900
914	18200	75000	0.4	7500
915	18300	107000	0.6	10700
916	18300	83000	0.4	8300
917	18300	109000	0.6	10900
918	18300	105000	0.6	10500
919	18300	103000	0.6	10300
920	18400	81000	0.4	8100
921	18400	111000	0.6	11100
922	18400	79000	0.4	7900
923	18400	75000	0.4	7500
924	18400	77000	0.4	7700
925	18500	79000	0.4	7900
926	18500	103000	0.6	10300
927	18500	111000	0.6	11100
928	18500	81000	0.4	8100
929	18500	83000	0.4	8300
930	18600	111000	0.6	11100
931	18600	109000	0.6	10900
932	18600	79000	0.4	7900
933	18600	79000	0.4	7900
934	18600	105000	0.6	10500
935	18700	109000	0.6	10900
936	18700	109000	0.6	10900
937	18700	111000	0.6	11100
938	18700	105000	0.6	10500
939	18700	81000	0.4	8100
940	18800	77000	0.4	7700
941	18800	109000	0.6	10900
942	18800	103000	0.6	10300
943	18800	109000	0.6	10900
944	18800	83000	0.4	8300
945	18900	75000	0.4	7500
946	18900	109000	0.6	10900
947	18900	79000	0.4	7900
948	18900	107000	0.6	10700
949	18900	103000	0.6	10300
950	19000	79000	0.4	7900
951	19000	81000	0.4	8100
952	19000	77000	0.4	7700
953	19000	81000	0.4	8100
954	19000	109000	0.6	10900
955	19100	109000	0.6	10900
956	19100	107000	0.6	10700
957	19100	111000	0.6	11100
958	19100	81000	0.4	8100
959	19100	109000	0.6	10900
960	19200	103000	0.6	10300
961	19200	103000	0.6	10300
962	19200	107000	0.6	10700
963	19200	81000	0.4	8100
964	19200	81000	0.4	8100
965	19300	111000	0.6	11100
966	19300	81000	0.4	8100
967	19300	79000	0.4	7900
968	19300	107000	0.6	10700
969	19300	103000	0.6	10300
970	19400	77000	0.4	7700
971	19400	105000	0.6	10500
972	19400	111000	0.6	11100
973	19400	79000	0.4	7900
974	19400	111000	0.6	11100
975	19500	77000	0.4	7700
976	19500	107000	0.6	10700
977	19500	103000	0.6	10300
978	19500	105000	0.6	10500
979	19500	77000	0.4	7700
980	19600	103000	0.6	10300
981	19600	81000	0.4	8100
982	19600	103000	0.6	10300
983	19600	107000	0.6	10700
984	19600	109000	0.6	10900
985	19700	109000	0.6	10900
986	19700	103000	0.6	10300
987	19700	105000	0.6	10500
988	19700	81000	0.4	8100
989	19700	109000	0.6	10900
990	19800	111000	0.6	11100
991	19800	107000	0.6	10700
992	19800	111000	0.6	11100
993	19800	107000	0.6	10700
994	19800	81000	0.4	8100
995	19900	81000	0.4	8100
996	19900	79000	0.4	7900
997	19900	105000	0.6	10500
998	19900	109000	0.6	10900
999	19900	103000	0.6	10300
1000	20000	75000	0.4	7500
1001	20000	77000	0.4	7700
1002	20000	75000	0.4	7500
1003	20000	77000	0.4	7700
1004	20000	105000	0.6	10500
1005	20100	107000	0.6	10700
1006	20100	109000	0.6	10900
1007	20100	79000	0.4	7900
1008	20100	77000	0.4	7700
1009	20100	83000	0.4	8300
1010	20200	81000	0.4	8100
1011	20200	79000	0.4	7900
1012	20200	79000	0.4	7900
1013	20200	111000	0.6	11100
1014	20200	81000	0.4	8100
1015	20300	75000	0.4	7500
1016	20300	103000	0.6	10300
1017	20300	79000	0.4	7900
1018	20300	103000	0.6	10300
1019	20300	79000	0.4	7900
1020	20400	79000	0.4	7900
1021	20400	109000	0.6	10900
1022	20400	111000	0.6	11100
1023	20400	105000	0.6	10500
1024	20400	75000	0.4	7500
1025	20500	103000	0.6	10300
1026	20500	105000	0.6	10500
1027	20500	75000	0.4	7500
1028	20500	109000	0.6	10900
1029	20500	109000	0.6	10900
1030	20600	77000	0.4	7700
1031	20600	75000	0.4	7500
1032	20600	83000	0.4	8300
1033	20600	103000	0.6	10300
1034	20600	77000	0.4	7700
1035	20700	75000	0.4	7500
1036	20700	105000	0.6	10500
1037	20700	77000	0.4	7700
1038	20700	81000	0.4	8100
1039	20700	109000	0.6	10900
1040	20800	111000	0.6	11100
1041	20800	79000	0.4	7900
1042	20800	75000	0.4	7500
1043	20800	77000	0.4	7700
1044	20800	103000	0.6	10300
1045	20900	105000	0.6	10500
1046	20900	105000	0.6	10500
1047	20900	111000	0.6	11100
1048	20900	111000	0.6	11100
1049	20900	107000	0.6	10700
1050	21000	103000	0.6	10300
1051	21000	107000	0.6	10700
1052	21000	103000	0.6	10300
1053	21000	109000	0.6	10900
1054	21000	107000	0.6	10700
1055	21100	79000	0.4	7900
1056	21100	103000	0.6	10300
1057	21100	103000	0.6	10300
1058	21100	111000	0.6	11100
1059	21100	77000	0.4	7700
1060	21200	103000	0.6	10300
1061	21200	77000	0.4	7700
1062	21200	111000	0.6	11100
1063	21200	109000	0.6	10900
1064	21200	105000	0.6	10500
1065	21300	77000	0.4	7700
1066	21300	105000	0.6	10500
1067	21300	79000	0.4	7900
1068	21300	77000	0.4	7700
1069	21300	105000	0.6	10500
1070	21400	105000	0.6	10500
1071	21400	77000	0.4	7700
1072	21400	109000	0.6	10900
1073	21400	81000	0.4	8100
1074	21400	77000	0.4	7700
1075	21500	103000	0.6	10300
1076	21500	109000	0.6	10900
1077	21500	79000	0.4	7900
1078	21500	75000	0.4	7500
1079	21500	75000	0.4	7500
1080	21600	105000	0.6	10500
1081	21600	83000	0.4	8300
1082	21600	109000	0.6	10900
1083	21600	81000	0.4	8100
1084	21600	83000	0.4	8300
1085	21700	105000	0.6	10500
1086	21700	107000	0.6	10700
1087	21700	79000	0.4	7900
1088	21700	107000	0.6	10700
1089	21700	111000	0.6	11100
1090	21800	77000	0.4	7700
1091	21800	109000	0.6	10900
1092	21800	109000	0.6	10900
1093	21800	75000	0.4	7500
1094	21800	111000	0.6	11100
1095	21900	79000	0.4	7900
1096	21900	103000	0.6	10300
1097	21900	77000	0.4	7700
1098	21900	79000	0.4	7900
1099	21900	81000	0.4	8100
1100	22000	111000	0.6	11100
1101	22000	81000	0.4	8100
1102	22000	105000	0.6	10500
1103	22000	83000	0.4	8300
1104	22000	107000	0.6	10700
1105	22100	79000	0.4	7900
1106	22100	79000	0.4	7900
1107	22100	77000	0.4	7700
1108	22100	81000	0.4	8100
1109	22100	75000	0.4	7500
1110	22200	107000	0.6	10700
1111	22200	105000	0.6	10500
1112	22200	79000	0.4	7900
1113	22200	105000	0.6	10500
1114	22200	79000	0.4	7900
1115	22300	103000	0.6	10300
1116	22300	79000	0.4	7900
1117	22300	79000	0.4	7900
1118	22300	109000	0.6	10900
1119	22300	81000	0.4	8100
1120	22400	77000	0.4	7700
1121	22400	103000	0.6	10300
1122	22400	77000	0.4	7700
1123	22400	109000	0.6	10900
1124	22400	109000	0.6	10900
1125	22500	107000	0.6	10700
1126	22500	107000	0.6	10700
1127	22500	109000	0.6	10900
1128	22500	107000	0.6	10700
1129	22500	77000	0.4	7700
1130	22600	109000	0.6	10900
1131	22600	75000	0.4	7500
1132	22600	75000	0.4	7500
1133	22600	103000	0.6	10300
1134	22600	111000	0.6	11100
1135	22700	111000	0.6	11100
1136	22700	107000	0.6	10700
1137	22700	77000	0.4	7700
1138	22700	81000	0.4	8100
1139	22700	103000	0.6	10300
1140	22800	105000	0.6	10500
1141	22800	107000	0.6	10700
1142	22800	81000	0.4	8100
1143	22800	79000	0.4	7900
1144	22800	107000	0.6	10700
1145	22900	109000	0.6	10900
1146	22900	77000	0.4	7700
1147	22900	103000	0.6	10300
1148	22900	109000	0.6	10900
1149	22900	103000	0.6	10300
1150	23000	111000	0.6	11100
1151	23000	83000	0.4	8300
1152	23000	111000	0.6	11100
1153	23000	105000	0.6	10500
1154	23000	77000	0.4	7700
1155	23100	83000	0.4	8300
1156	23100	83000	0.4	8300
1157	23100	77000	0.4	7700
1158	23100	75000	0.4	7500
1159	23100	107000	0.6	10700
1160	23200	107000	0.6	10700
1161	23200	111000	0.6	11100
1162	23200	103000	0.6	10300
1163	23200	81000	0.4	8100
1164	23200	105000	0.6	10500
1165	23300	75000	0.4	7500
1166	23300	81000	0.4	8100
1167	23300	75000	0.4	7500
1168	23300	105000	0.6	10500
1169	23300	109000	0.6	10900
1170	23400	105000	0.6	10500
1171	23400	83000	0.4	8300
1172	23400	111000	0.6	11100
1173	23400	107000	0.6	10700
1174	23400	79000	0.4	7900
1175	23500	111000	0.6	11100
1176	23500	103000	0.6	10300
1177	23500	105000	0.6	10500
1178	23500	109000	0.6	10900
1179	23500	111000	0.6	11100
1180	23600	111000	0.6	11100
1181	23600	111000	0.6	11100
1182	23600	103000	0.6	10300
1183	23600	111000	0.6	11100
1184	23600	109000	0.6	10900
1185	23700	77000	0.4	7700
1186	23700	75000	0.4	7500
1187	23700	77000	0.4	7700
1188	23700	79000	0.4	7900
1189	23700	109000	0.6	10900
1190	23800	105000	0.6	10500
1191	23800	103000	0.6	10300
1192	23800	81000	0.4	8100
1193	23800	109000	0.6	10900
1194	23800	79000	0.4	7900
1195	23900	75000	0.4	7500
1196	23900	75000	0.4	7500
1197	23900	107000	0.6	10700
1198	23900	105000	0.6	10500
1199	23900	77000	0.4	7700
1200	24000	77000	0.4	7700
1201	24000	81000	0.4	8100
1202	24000	81000	0.4	8100
1203	24000	83000	0.4	8300
1204	24000	103000	0.6	10300
1205	24100	107000	0.6	10700
1206	24100	107000	0.6	10700
1207	24100	105000	0.6	10500
1208	24100	109000	0.6	10900
1209	24100	83000	0.4	8300
1210	24200	77000	0.4	7700
1211	24200	109000	0.6	10900
1212	24200	109000	0.6	10900
1213	24200	107000	0.6	10700
1214	24200	83000	0.4	8300
1215	24300	75000	0.4	7500
1216	24300	79000	0.4	7900
1217	24300	105000	0.6	10500
1218	24300	77000	0.4	7700
1219	24300	111000	0.6	11100
1220	24400	79000	0.4	7900
1221	24400	103000	0.6	10300
1222	24400	109000	0.6	10900
1223	24400	81000	0.4	8100
1224	24400	77000	0.4	7700
1225	24500	77000	0.4	7700
1226	24500	103000	0.6	10300
1227	24500	111000	0.6	11100
1228	24500	109000	0.6	10900
1229	24500	111000	0.6	11100
1230	24600	105000	0.6	10500
1231	24600	75000	0.4	7500
1232	24600	77000	0.4	7700
1233	24600	109000	0.6	10900
1234	24600	111000	0.6	11100
1235	24700	109000	0.6	10900
1236	24700	107000	0.6	10700
1237	24700	75000	0.4	7500
1238	24700	103000	0.6	10300
1239	24700	105000	0.6	10500
1240	24800	107000	0.6	10700
1241	24800	103000	0.6	10300
1242	24800	103000	0.6	10300
1243	24800	79000	0.4	7900
1244	24800	103000	0.6	10300
1245	24900	77000	0.4	7700
1246	24900	83000	0.4	8300
1247	24900	105000	0.6	10500
1248	24900	77000	0.4	7700
1249	24900	81000	0.4	8100
1250	25000	83000	0.4	8300
1251	25000	105000	0.6	10500
1252	25000	109000	0.6	10900
1253	25000	111000	0.6	11100
1254	25000	109000	0.6	10900
1255	25100	105000	0.6	10500
1256	25100	105000	0.6	10500
1257	25100	75000	0.4	7500
1258	25100	79000	0.4	7900
1259	25100	111000	0.6	11100
1260	25200	81000	0.4	8100
1261	25200	109000	0.6	10900
1262	25200	103000	0.6	10300
1263	25200	83000	0.4	8300
1264	25200	111000	0.6	11100
1265	25300	75000	0.4	7500
1266	25300	81000	0.4	8100
1267	25300	83000	0.4	8300
1268	25300	79000	0.4	7900
1269	25300	107000	0.6	10700
1270	25400	81000	0.4	8100
1271	25400	111000	0.6	11100
1272	25400	105000	0.6	10500
1273	25400	75000	0.4	7500
1274	25400	81000	0.4	8100
1275	25500	103000	0.6	10300
1276	25500	81000	0.4	8100
1277	25500	83000	0.4	8300
1278	25500	111000	0.6	11100
1279	25500	111000	0.6	11100
1280	25600	109000	0.6	10900
1281	25600	107000	0.6	10700
1282	25600	77000	0.4	7700
1283	25600	83000	0.4	8300
1284	25600	111000	0.6	11100
1285	25700	83000	0.4	8300
1286	25700	77000	0.4	7700
1287	25700	83000	0.4	8300
1288	25700	77000	0.4	7700
1289	25700	105000	0.6	10500
1290	25800	79000	0.4	7900
1291	25800	105000	0.6	10500
1292	25800	79000	0.4	7900
1293	25800	107000	0.6	10700
1294	25800	81000	0.4	8100
1295	25900	77000	0.4	7700
1296	25900	111000	0.6	11100
1297	25900	83000	0.4	8300
1298	25900	107000	0.6	10700
1299	25900	79000	0.4	7900
1300	26000	77000	0.4	7700
1301	26000	83000	0.4	8300
1302	26000	107000	0.6	10700
1303	26000	109000	0.6	10900
1304	26000	75000	0.4	7500
1305	26100	109000	0.6	10900
1306	26100	79000	0.4	7900
1307	26100	103000	0.6	10300
1308	26100	105000	0.6	10500
1309	26100	107000	0.6	10700
1310	26200	83000	0.4	8300
1311	26200	83000	0.4	8300
1312	26200	111000	0.6	11100
1313	26200	83000	0.4	8300
1314	26200	79000	0.4	7900
1315	26300	109000	0.6	10900
1316	26300	79000	0.4	7900
1317	26300	77000	0.4	7700
1318	26300	103000	0.6	10300
1319	26300	109000	0.6	10900
1320	26400	75000	0.4	7500
1321	26400	109000	0.6	10900
1322	26400	79000	0.4	7900
1323	26400	77000	0.4	7700
1324	26400	79000	0.4	7900
1325	26500	107000	0.6	10700
1326	26500	79000	0.4	7900
1327	26500	109000	0.6	10900
1328	26500	107000	0.6	10700
1329	26500	81000	0.4	8100
1330	26600	83000	0.4	8300
1331	26600	107000	0.6	10700
1332	26600	107000	0.6	10700
1333	26600	79000	0.4	7900
1334	26600	77000	0.4	7700
1335	26700	111000	0.6	11100
1336	26700	83000	0.4	8300
1337	26700	111000	0.6	11100
1338	26700	83000	0.4	8300
1339	26700	83000	0.4	8300
1340	26800	79000	0.4	7900
1341	26800	111000	0.6	11100
1342	26800	77000	0.4	7700
1343	26800	75000	0.4	7500
1344	26800	111000	0.6	11100
1345	26900	77000	0.4	7700
1346	26900	83000	0.4	8300
1347	26900	77000	0.4	7700
1348	26900	83000	0.4	8300
1349	26900	107000	0.6	10700
1350	27000	75000	0.4	7500
1351	27000	111000	0.6	11100
1352	27000	111000	0.6	11100
1353	27000	79000	0.4	7900
1354	27000	75000	0.4	7500
1355	27100	79000	0.4	7900
1356	27100	109000	0.6	10900
1357	27100	105000	0.6	10500
1358	27100	79000	0.4	7900
1359	27100	77000	0.4	7700
1360	27200	81000	0.4	8100
1361	27200	111000	0.6	11100
1362	27200	79000	0.4	7900
1363	27200	75000	0.4	7500
1364	27200	77000	0.4	7700
1365	27300	79000	0.4	7900
1366	27300	109000	0.6	10900
1367	27300	107000	0.6	10700
1368	27300	103000	0.6	10300
1369	27300	109000	0.6	10900
1370	27400	77000	0.4	7700
1371	27400	81000	0.4	8100
1372	27400	79000	0.4	7900
1373	27400	77000	0.4	7700
1374	27400	75000	0.4	7500
1375	27500	105000	0.6	10500
1376	27500	83000	0.4	8300
1377	27500	107000	0.6	10700
1378	27500	111000	0.6	11100
1379	27500	111000	0.6	11100
1380	27600	75000	0.4	7500
1381	27600	77000	0.4	7700
1382	27600	83000	0.4	8300
1383	27600	77000	0.4	7700
1384	27600	105000	0.6	10500
1385	27700	79000	0.4	7900
1386	27700	75000	0.4	7500
1387	27700	81000	0.4	8100
1388	27700	81000	0.4	8100
1389	27700	83000	0.4	8300
1390	27800	105000	0.6	10500
1391	27800	107000	0.6	10700
1392	27800	79000	0.4	7900
1393	27800	103000	0.6	10300
1394	27800	111000	0.6	11100
1395	27900	107000	0.6	10700
1396	27900	109000	0.6	10900
1397	27900	75000	0.4	7500
1398	27900	83000	0.4	8300
1399	27900	81000	0.4	8100
1400	28000	109000	0.6	10900
1401	28000	79000	0.4	7900
1402	28000	77000	0.4	7700
1403	28000	103000	0.6	10300
1404	28000	107000	0.6	10700
1405	28100	109000	0.6	10900
1406	28100	83000	0.4	8300
1407	28100	109000	0.6	10900
1408	28100	77000	0.4	7700
1409	28100	103000	0.6	10300
1410	28200	75000	0.4	7500
1411	28200	83000	0.4	8300
1412	28200	81000	0.4	8100
1413	28200	107000	0.6	10700
1414	28200	75000	0.4	7500
1415	28300	109000	0.6	10900
1416	28300	83000	0.4	8300
1417	28300	79000	0.4	7900
1418	28300	103000	0.6	10300
1419	28300	103000	0.6	10300
1420	28400	105000	0.6	10500
1421	28400	79000	0.4	7900
1422	28400	109000	0.6	10900
1423	28400	83000	0.4	8300
1424	28400	81000	0.4	8100
1425	28500	75000	0.4	7500
1426	28500	81000	0.4	8100
1427	28500	111000	0.6	11100
1428	28500	83000	0.4	8300
1429	28500	77000	0.4	7700
1430	28600	109000	0.6	10900
1431	28600	107000	0.6	10700
1432	28600	105000	0.6	10500
1433	28600	107000	0.6	10700
1434	28600	79000	0.4	7900
1435	28700	105000	0.6	10500
1436	28700	109000	0.6	10900
1437	28700	81000	0.4	8100
1438	28700	105000	0.6	10500
1439	28700	111000	0.6	11100
1440	28800	103000	0.6	10300
1441	28800	103000	0.6	10300
1442	28800	105000	0.6	10500
1443	28800	103000	0.6	10300
1444	28800	77000	0.4	7700
1445	28900	79000	0.4	7900
1446	28900	107000	0.6	10700
1447	28900	79000	0.4	7900
1448	28900	107000	0.6	10700
1449	28900	105000	0.6	10500
1450	29000	75000	0.4	7500
1451	29000	75000	0.4	7500
1452	29000	75000	0.4	7500
1453	29000	75000	0.4	7500
1454	29000	111000	0.6	11100
1455	29100	105000	0.6	10500
1456	29100	81000	0.4	8100
1457	29100	81000	0.4	8100
1458	29100	105000	0.6	10500
1459	29100	77000	0.4	7700
1460	29200	81000	0.4	8100
1461	29200	105000	0.6	10500
1462	29200	79000	0.4	7900
1463	29200	107000	0.6	10700
1464	29200	105000	0.6	10500
1465	29300	111000	0.6	11100
1466	29300	109000	0.6	10900
1467	29300	77000	0.4	7700
1468	29300	107000	0.6	10700
1469	29300	81000	0.4	8100
1470	29400	75000	0.4	7500
1471	29400	111000	0.6	11100
1472	29400	109000	0.6	10900
1473	29400	83000	0.4	8300
1474	29400	83000	0.4	8300
1475	29500	105000	0.6	10500
1476	29500	103000	0.6	10300
1477	29500	77000	0.4	7700
1478	29500	103000	0.6	10300
1479	29500	107000	0.6	10700
1480	29600	77000	0.4	7700
1481	29600	79000	0.4	7900
1482	29600	109000	0.6	10900
1483	29600	103000	0.6	10300
1484	29600	83000	0.4	8300
1485	29700	109000	0.6	10900
1486	29700	81000	0.4	8100
1487	29700	77000	0.4	7700
1488	29700	83000	0.4	8300
1489	29700	83000	0.4	8300
1490	29800	103000	0.6	10300
1491	29800	107000	0.6	10700
1492	29800	103000	0.6	10300
1493	29800	75000	0.4	7500
1494	29800	111000	0.6	11100
1495	29900	79000	0.4	7900
1496	29900	79000	0.4	7900
1497	29900	81000	0.4	8100
1498	29900	103000	0.6	10300
1499	29900	103000	0.6	10300
1500	30000	103000	0.6	10300
1501	30000	111000	0.6	11100
1502	30000	111000	0.6	11100
1503	30000	105000	0.6	10500
1504	30000	77000	0.4	7700
1505	30100	77000	0.4	7700
1506	30100	75000	0.4	7500
1507	30100	77000	0.4	7700
1508	30100	109000	0.6	10900
1509	30100	107000	0.6	10700
1510	30200	103000	0.6	10300
1511	30200	109000	0.6	10900
1512	30200	79000	0.4	7900
1513	30200	109000	0.6	10900
1514	30200	109000	0.6	10900
1515	30300	111000	0.6	11100
1516	30300	77000	0.4	7700
1517	30300	105000	0.6	10500
1518	30300	75000	0.4	7500
1519	30300	107000	0.6	10700
1520	30400	105000	0.6	10500
1521	30400	107000	0.6	10700
1522	30400	79000	0.4	7900
1523	30400	77000	0.4	7700
1524	30400	103000	0.6	10300
1525	30500	105000	0.6	10500
1526	30500	81000	0.4	8100
1527	30500	107000	0.6	10700
1528	30500	109000	0.6	10900
1529	30500	105000	0.6	10500
1530	30600	111000	0.6	11100
1531	30600	103000	0.6	10300
1532	30600	79000	0.4	7900
1533	30600	109000	0.6	10900
1534	30600	81000	0.4	8100
1535	30700	103000	0.6	10300
1536	30700	79000	0.4	7900
1537	30700	77000	0.4	7700
1538	30700	103000	0.6	10300
1539	30700	75000	0.4	7500
1540	30800	79000	0.4	7900
1541	30800	77000	0.4	7700
1542	30800	105000	0.6	10500
1543	30800	107000	0.6	10700
1544	30800	83000	0.4	8300
1545	30900	103000	0.6	10300
1546	30900	109000	0.6	10900
1547	30900	77000	0.4	7700
1548	30900	75000	0.4	7500
1549	30900	109000	0.6	10900
1550	31000	77000	0.4	7700
1551	31000	103000	0.6	10300
1552	31000	107000	0.6	10700
1553	31000	79000	0.4	7900
1554	31000	77000	0.4	7700
1555	31100	105000	0.6	10500
1556	31100	83000	0.4	8300
1557	31100	79000	0.4	7900
1558	31100	75000	0.4	7500
1559	31100	77000	0.4	7700
1560	31200	111000	0.6	11100
1561	31200	79000	0.4	7900
1562	31200	107000	0.6	10700
1563	31200	77000	0.4	7700
1564	31200	107000	0.6	10700
1565	31300	107000	0.6	10700
1566	31300	105000	0.6	10500
1567	31300	83000	0.4	8300
1568	31300	107000	0.6	10700
1569	31300	103000	0.6	10300
1570	31400	79000	0.4	7900
1571	31400	81000	0.4	8100
1572	31400	79000	0.4	7900
1573	31400	77000	0.4	7700
1574	31400	107000	0.6	10700
1575	31500	83000	0.4	8300
1576	31500	111000	0.6	11100
1577	31500	111000	0.6	11100
1578	31500	79000	0.4	7900
1579	31500	79000	0.4	7900
1580	31600	103000	0.6	10300
1581	31600	81000	0.4	8100
1582	31600	107000	0.6	10700
1583	31600	81000	0.4	8100
1584	31600	77000	0.4	7700
1585	31700	79000	0.4	7900
1586	31700	79000	0.4	7900
1587	31700	81000	0.4	8100
1588	31700	83000	0.4	8300
1589	31700	83000	0.4	8300
1590	31800	103000	0.6	10300
1591	31800	109000	0.6	10900
1592	31800	111000	0.6	11100
1593	31800	107000	0.6	10700
1594	31800	105000	0.6	10500
1595	31900	105000	0.6	10500
1596	31900	81000	0.4	8100
1597	31900	83000	0.4	8300
1598	31900	77000	0.4	7700
1599	31900	83000	0.4	8300
1600	32000	107000	0.6	10700
1601	32000	79000	0.4	7900
1602	32000	107000	0.6	10700
1603	32000	79000	0.4	7900
1604	32000	77000	0.4	7700
1605	32100	83000	0.4	8300
1606	32100	109000	0.6	10900
1607	32100	109000	0.6	10900
1608	32100	79000	0.4	7900
1609	32100	79000	0.4	7900
1610	32200	107000	0.6	10700
1611	32200	103000	0.6	10300
1612	32200	75000	0.4	7500
1613	32200	79000	0.4	7900
1614	32200	105000	0.6	10500
1615	32300	109000	0.6	10900
1616	32300	111000	0.6	11100
1617	32300	107000	0.6	10700
1618	32300	77000	0.4	7700
1619	32300	79000	0.4	7900
1620	32400	75000	0.4	7500
1621	32400	105000	0.6	10500
1622	32400	81000	0.4	8100
1623	32400	105000	0.6	10500
1624	32400	107000	0.6	10700
1625	32500	77000	0.4	7700
1626	32500	75000	0.4	7500
1627	32500	107000	0.6	10700
1628	32500	107000	0.6	10700
1629	32500	75000	0.4	7500
1630	32600	107000	0.6	10700
1631	32600	109000	0.6	10900
1632	32600	77000	0.4	7700
1633	32600	111000	0.6	11100
1634	32600	81000	0.4	8100
1635	32700	83000	0.4	8300
1636	32700	103000	0.6	10300
1637	32700	111000	0.6	11100
1638	32700	77000	0.4	7700
1639	32700	107000	0.6	10700
1640	32800	111000	0.6	11100
1641	32800	75000	0.4	7500
1642	32800	77000	0.4	7700
1643	32800	77000	0.4	7700
1644	32800	109000	0.6	10900
1645	32900	77000	0.4	7700
1646	32900	79000	0.4	7900
1647	32900	77000	0.4	7700
1648	32900	79000	0.4	7900
1649	32900	109000	0.6	10900
1650	33000	81000	0.4	8100
1651	33000	81000	0.4	8100
1652	33000	75000	0.4	7500
1653	33000	103000	0.6	10300
1654	33000	107000	0.6	10700
1655	33100	111000	0.6	11100
1656	33100	83000	0.4	8300
1657	33100	109000	0.6	10900
1658	33100	111000	0.6	11100
1659	33100	79000	0.4	7900
1660	33200	75000	0.4	7500
1661	33200	109000	0.6	10900
1662	33200	81000	0.4	8100
1663	33200	109000	0.6	10900
1664	33200	79000	0.4	7900
1665	33300	83000	0.4	8300
1666	33300	75000	0.4	7500
1667	33300	111000	0.6	11100
1668	33300	83000	0.4	8300
1669	33300	103000	0.6	10300
1670	33400	105000	0.6	10500
1671	33400	109000	0.6	10900
1672	33400	79000	0.4	7900
1673	33400	79000	0.4	7900
1674	33400	83000	0.4	8300
1675	33500	105000	0.6	10500
1676	33500	107000	0.6	10700
1677	33500	107000	0.6	10700
1678	33500	103000	0.6	10300
1679	33500	77000	0.4	7700
1680	33600	77000	0.4	7700
1681	33600	77000	0.4	7700
1682	33600	75000	0.4	7500
1683	33600	103000	0.6	10300
1684	33600	103000	0.6	10300
1685	33700	75000	0.4	7500
1686	33700	81000	0.4	8100
1687	33700	79000	0.4	7900
1688	33700	81000	0.4	8100
1689	33700	77000	0.4	7700
1690	33800	79000	0.4	7900
1691	33800	83000	0.4	8300
1692	33800	83000	0.4	8300
1693	33800	75000	0.4	7500
1694	33800	105000	0.6	10500
1695	33900	75000	0.4	7500
1696	33900	83000	0.4	8300
1697	33900	81000	0.4	8100
1698	33900	109000	0.6	10900
1699	33900	105000	0.6	10500
1700	34000	107000	0.6	10700
1701	34000	109000	0.6	10900
1702	34000	107000	0.6	10700
1703	34000	103000	0.6	10300
1704	34000	111000	0.6	11100
1705	34100	83000	0.4	8300
1706	34100	83000	0.4	8300
1707	34100	105000	0.6	10500
1708	34100	111000	0.6	11100
1709	34100	105000	0.6	10500
1710	34200	75000	0.4	7500
1711	34200	75000	0.4	7500
1712	34200	111000	0.6	11100
1713	34200	79000	0.4	7900
1714	34200	75000	0.4	7500
1715	34300	109000	0.6	10900
1716	34300	83000	0.4	8300
1717	34300	111000	0.6	11100
1718	34300	107000	0.6	10700
1719	34300	83000	0.4	8300
1720	34400	103000	0.6	10300
1721	34400	81000	0.4	8100
1722	34400	111000	0.6	11100
1723	34400	107000	0.6	10700
1724	34400	79000	0.4	7900
1725	34500	103000	0.6	10300
1726	34500	105000	0.6	10500
1727	34500	75000	0.4	7500
1728	34500	79000	0.4	7900
1729	34500	83000	0.4	8300
1730	34600	111000	0.6	11100
1731	34600	75000	0.4	7500
1732	34600	77000	0.4	7700
1733	34600	83000	0.4	8300
1734	34600	109000	0.6	10900
1735	34700	77000	0.4	7700
1736	34700	103000	0.6	10300
1737	34700	79000	0.4	7900
1738	34700	75000	0.4	7500
1739	34700	105000	0.6	10500
1740	34800	81000	0.4	8100
1741	34800	105000	0.6	10500
1742	34800	81000	0.4	8100
1743	34800	111000	0.6	11100
1744	34800	81000	0.4	8100
1745	34900	77000	0.4	7700
1746	34900	105000	0.6	10500
1747	34900	79000	0.4	7900
1748	34900	75000	0.4	7500
1749	34900	105000	0.6	10500
1750	35000	107000	0.6	10700
1751	35000	81000	0.4	8100
1752	35000	81000	0.4	8100
1753	35000	75000	0.4	7500
1754	35000	79000	0.4	7900
1755	35100	75000	0.4	7500
1756	35100	105000	0.6	10500
1757	35100	83000	0.4	8300
1758	35100	81000	0.4	8100
1759	35100	103000	0.6	10300
1760	35200	83000	0.4	8300
1761	35200	79000	0.4	7900
1762	35200	79000	0.4	7900
1763	35200	109000	0.6	10900
1764	35200	83000	0.4	8300
1765	35300	111000	0.6	11100
1766	35300	79000	0.4	7900
1767	35300	111000	0.6	11100
1768	35300	79000	0.4	7900
1769	35300	107000	0.6	10700
1770	35400	81000	0.4	8100
1771	35400	79000	0.4	7900
1772	35400	105000	0.6	10500
1773	35400	111000	0.6	11100
1774	35400	83000	0.4	8300
1775	35500	77000	0.4	7700
1776	35500	81000	0.4	8100
1777	35500	83000	0.4	8300
1778	35500	103000	0.6	10300
1779	35500	109000	0.6	10900
1780	35600	109000	0.6	10900
1781	35600	111000	0.6	11100
1782	35600	75000	0.4	7500
1783	35600	111000	0.6	11100
1784	35600	105000	0.6	10500
1785	35700	75000	0.4	7500
1786	35700	83000	0.4	8300
1787	35700	103000	0.6	10300
1788	35700	111000	0.6	11100
1789	35700	79000	0.4	7900
1790	35800	79000	0.4	7900
1791	35800	107000	0.6	10700
1792	35800	107000	0.6	10700
1793	35800	109000	0.6	10900
1794	35800	111000	0.6	11100
1795	35900	83000	0.4	8300
1796	35900	107000	0.6	10700
1797	35900	83000	0.4	8300
1798	35900	103000	0.6	10300
1799	35900	81000	0.4	8100
1800	36000	83000	0.4	8300
1801	36000	83000	0.4	8300
1802	36000	109000	0.6	10900
1803	36000	107000	0.6	10700
1804	36000	77000	0.4	7700
1805	36100	81000	0.4	8100
1806	36100	103000	0.6	10300
1807	36100	79000	0.4	7900
1808	36100	103000	0.6	10300
1809	36100	107000	0.6	10700
1810	36200	111000	0.6	11100
1811	36200	81000	0.4	8100
1812	36200	83000	0.4	8300
1813	36200	111000	0.6	11100
1814	36200	105000	0.6	10500
1815	36300	105000	0.6	10500
1816	36300	103000	0.6	10300
1817	36300	79000	0.4	7900
1818	36300	75000	0.4	7500
1819	36300	81000	0.4	8100
1820	36400	109000	0.6	10900
1821	36400	111000	0.6	11100
1822	36400	107000	0.6	10700
1823	36400	103000	0.6	10300
1824	36400	109000	0.6	10900
1825	36500	81000	0.4	8100
1826	36500	109000	0.6	10900
1827	36500	109000	0.6	10900
1828	36500	83000	0.4	8300
1829	36500	105000	0.6	10500
1830	36600	111000	0.6	11100
1831	36600	109000	0.6	10900
1832	36600	107000	0.6	10700
1833	36600	75000	0.4	7500
1834	36600	83000	0.4	8300
1835	36700	107000	0.6	10700
1836	36700	111000	0.6	11100
1837	36700	81000	0.4	8100
1838	36700	103000	0.6	10300
1839	36700	77000	0.4	7700
1840	36800	109000	0.6	10900
1841	36800	103000	0.6	10300
1842	36800	111000	0.6	11100
1843	36800	107000	0.6	10700
1844	36800	81000	0.4	8100
1845	36900	107000	0.6	10700
1846	36900	81000	0.4	8100
1847	36900	79000	0.4	7900
1848	36900	105000	0.6	10500
1849	36900	83000	0.4	8300
1850	37000	105000	0.6	10500
1851	37000	103000	0.6	10300
1852	37000	105000	0.6	10500
1853	37000	77000	0.4	7700
1854	37000	111000	0.6	11100
1855	37100	77000	0.4	7700
1856	37100	103000	0.6	10300
1857	37100	79000	0.4	7900
1858	37100	105000	0.6	10500
1859	37100	103000	0.6	10300
1860	37200	107000	0.6	10700
1861	37200	79000	0.4	7900
1862	37200	81000	0.4	8100
1863	37200	105000	0.6	10500
1864	37200	103000	0.6	10300
1865	37300	81000	0.4	8100
1866	37300	107000	0.6	10700
1867	37300	83000	0.4	8300
1868	37300	105000	0.6	10500
1869	37300	77000	0.4	7700
1870	37400	81000	0.4	8100
1871	37400	103000	0.6	10300
1872	37400	75000	0.4	7500
1873	37400	109000	0.6	10900
1874	37400	83000	0.4	8300
1875	37500	83000	0.4	8300
1876	37500	81000	0.4	8100
1877	37500	83000	0.4	8300
1878	37500	107000	0.6	10700
1879	37500	107000	0.6	10700
1880	37600	83000	0.4	8300
1881	37600	111000	0.6	11100
1882	37600	75000	0.4	7500
1883	37600	111000	0.6	11100
1884	37600	83000	0.4	8300
1885	37700	79000	0.4	7900
1886	37700	103000	0.6	10300
1887	37700	79000	0.4	7900
1888	37700	109000	0.6	10900
1889	37700	79000	0.4	7900
1890	37800	107000	0.6	10700
1891	37800	79000	0.4	7900
1892	37800	109000	0.6	10900
1893	37800	83000	0.4	8300
1894	37800	111000	0.6	11100
1895	37900	105000	0.6	10500
1896	37900	109000	0.6	10900
1897	37900	109000	0.6	10900
1898	37900	77000	0.4	7700
1899	37900	83000	0.4	8300
1900	38000	111000	0.6	11100
1901	38000	83000	0.4	8300
1902	38000	109000	0.6	10900
1903	38000	79000	0.4	7900
1904	38000	81000	0.4	8100
1905	38100	79000	0.4	7900
1906	38100	75000	0.4	7500
1907	38100	79000	0.4	7900
1908	38100	79000	0.4	7900
1909	38100	81000	0.4	8100
1910	38200	111000	0.6	11100
1911	38200	75000	0.4	7500
1912	38200	103000	0.6	10300
1913	38200	83000	0.4	8300
1914	38200	75000	0.4	7500
1915	38300	109000	0.6	10900
1916	38300	111000	0.6	11100
1917	38300	75000	0.4	7500
1918	38300	75000	0.4	7500
1919	38300	81000	0.4	8100
1920	38400	83000	0.4	8300
1921	38400	105000	0.6	10500
1922	38400	109000	0.6	10900
1923	38400	75000	0.4	7500
1924	38400	107000	0.6	10700
1925	38500	81000	0.4	8100
1926	38500	103000	0.6	10300
1927	38500	83000	0.4	8300
1928	38500	77000	0.4	7700
1929	38500	103000	0.6	10300
1930	38600	111000	0.6	11100
1931	38600	77000	0.4	7700
1932	38600	105000	0.6	10500
1933	38600	109000	0.6	10900
1934	38600	81000	0.4	8100
1935	38700	107000	0.6	10700
1936	38700	111000	0.6	11100
1937	38700	103000	0.6	10300
1938	38700	109000	0.6	10900
1939	38700	111000	0.6	11100
1940	38800	81000	0.4	8100
1941	38800	83000	0.4	8300
1942	38800	79000	0.4	7900
1943	38800	75000	0.4	7500
1944	38800	77000	0.4	7700
1945	38900	81000	0.4	8100
1946	38900	109000	0.6	10900
1947	38900	107000	0.6	10700
1948	38900	103000	0.6	10300
1949	38900	105000	0.6	10500
1950	39000	103000	0.6	10300
1951	39000	79000	0.4	7900
1952	39000	81000	0.4	8100
1953	39000	77000	0.4	7700
1954	39000	83000	0.4	8300
1955	39100	109000	0.6	10900
1956	39100	79000	0.4	7900
1957	39100	83000	0.4	8300
1958	39100	75000	0.4	7500
1959	39100	79000	0.4	7900
1960	39200	111000	0.6	11100
1961	39200	111000	0.6	11100
1962	39200	77000	0.4	7700
1963	39200	75000	0.4	7500
1964	39200	75000	0.4	7500
1965	39300	79000	0.4	7900
1966	39300	105000	0.6	10500
1967	39300	103000	0.6	10300
1968	39300	105000	0.6	10500
1969	39300	81000	0.4	8100
1970	39400	109000	0.6	10900
1971	39400	79000	0.4	7900
1972	39400	111000	0.6	11100
1973	39400	77000	0.4	7700
1974	39400	81000	0.4	8100
1975	39500	105000	0.6	10500
1976	39500	81000	0.4	8100
1977	39500	81000	0.4	8100
1978	39500	83000	0.4	8300
1979	39500	105000	0.6	10500
1980	39600	109000	0.6	10900
1981	39600	79000	0.4	7900
1982	39600	75000	0.4	7500
1983	39600	79000	0.4	7900
1984	39600	107000	0.6	10700
1985	39700	81000	0.4	8100
1986	39700	111000	0.6	11100
1987	39700	105000	0.6	10500
1988	39700	103000	0.6	10300
1989	39700	77000	0.4	7700
1990	39800	77000	0.4	7700
1991	39800	111000	0.6	11100
1992	39800	105000	0.6	10500
1993	39800	105000	0.6	10500
1994	39800	109000	0.6	10900
1995	39900	83000	0.4	8300
1996	39900	79000	0.4	7900
1997	39900	77000	0.4	7700
1998	39900	81000	0.4	8100
1999	39900	83000	0.4	8300
